  0.00300842765719069  0.01221680799917900  0.02132712234509605  0.03091132904530153
  0.04128877110952849  0.05260329260998224  0.06425920415244925  0.07636339396949626
  0.08939080282690734  0.10463443276935151  0.11917132890525636  0.13045528909957099
  0.13954379207635909  0.14715208236405705  0.15398568557962702  0.16266022794562210
  0.17244443390493711  0.18191056571132397  0.19354320555417195  0.20979827486213257
  0.22136438379209439  0.23239079608737814  0.24247972380723762  0.25153611286062211
  0.26052385640274689  0.27178187604355153  0.28252349586055886  0.29192615558681817
  0.30275363248694620  0.31493520686296583  0.32862828141575184  0.34062557605494165
  0.35330784369936585  0.36785013304508979  0.38180162284899399  0.39321005080460675
  0.40283519411156443  0.41200113148083706  0.42055694824251538  0.43196377927808394
  0.44836195272289320  0.46656231150895000  0.47935545222885290  0.48804970095587968
  0.49652174620516554  0.50601415302211139  0.51814394614438042  0.53090628406834217
  0.54202147901035980  0.55253270163492363  0.55976361900062777  0.56753889687007086
  0.57706688519170324  0.58744281440275137  0.59867337983416657  0.60965923992301874
  0.62111962370001195  0.63467620278427128  0.65029165112097209  0.66544096797869978
  0.67785622583476313  0.68820946659027127  0.69848542355016219  0.70943963089297335
  0.71936476795949311  0.72774399360547481  0.73533880659912454  0.74191751221521296
  0.74839598175263811  0.75670473925574666  0.76645689245629156  0.77880043550145683
  0.79301473574443526  0.80557543013067190  0.81761603886426193  0.82858645478706872
  0.83773075904308947  0.84680831156726510  0.85588124854029946  0.86417477148553623
  0.87336890981688009  0.88142924492349717  0.88844246920158398  0.89644206033314278
  0.90261811532023839  0.90839281238963032  0.91525670644528179  0.92533864655362030
  0.93764832699332923  0.95191323742823608  0.96702347915260356  0.97580015276004139
  0.98382014236535253  0.98934929896828572  0.99210743324472794  1.00000000000000000
  0.00869098613613782  0.01948552174996578  0.03063357180392240  0.04475765501554696
  0.05792182639266399  0.06705307915513538  0.07553264585212191  0.08486799589549325
  0.09582062351876178  0.10898280056924083  0.12224075955981467  0.13292804528498581
  0.14320927320829957  0.15327135734049141  0.16526873153310231  0.17305448661761733
  0.18029098541600355  0.18717381411917233  0.19459058062451121  0.20264184024525078
  0.21362779927421308  0.22360301781620304  0.23435889402076915  0.24570263093188002
  0.25681006745571899  0.26746693416342887  0.27708670111103534  0.28678182705236127
  0.29640649188859436  0.30720820152869022  0.31995108260731686  0.33157765775559250
  0.34180967511477961  0.35238375517586901  0.36201099972471040  0.36945892737830843
  0.37468884390201262  0.37975576047796245  0.38702937199902077  0.39602286260803182
  0.40097920212093202  0.40792057533114479  0.41814753889726719  0.42892535955028366
  0.44001234524910421  0.44891777060620813  0.46026329864924076  0.47553660549522331
  0.49213153117902642  0.50799121387394186  0.52059494965137998  0.53232172909723996
  0.54426617704730851  0.55666451591221255  0.56889161764320595  0.57840452665973041
  0.58852966953643016  0.59952629728908469  0.60982021898130423  0.61938233476007964
  0.63133069296507860  0.64398375864476143  0.65753192474988897  0.66670956151612992
  0.67461483209100570  0.68279258108691321  0.69125541426027182  0.70117161845176923
  0.71248779601384615  0.72233723411209561  0.73119697313875653  0.73986266688556956
  0.74842821175284868  0.75649006111076633  0.76409448181642670  0.77102170951352000
  0.77885979025827645  0.78740519645610108  0.79629488375237334  0.80515044310003026
  0.81263284073394437  0.82083488222267054  0.83293753571939422  0.84600095924714791
  0.85993228417320622  0.87450659021514210  0.88881182312372442  0.90049237548643546
  0.91055420033560097  0.92080791798934625  0.93102689950228079  0.94283539408124495
  0.95564246507822659  0.96805710674222034  0.98335810838491311  1.00000000000000000
  0.00017987363737120  0.00018591380869008  0.00019077047606024  0.00019562714343041
  0.00020048381080057  0.00020375640014691  0.00020625699600603  0.00020875759186515
  0.00021215315558436  0.00021811138024402  0.00022225546418529  0.00022644082453326
  0.00023086306089324  0.00023424890331393  0.00023682231200739  0.00023935728772815
  0.00024204360884857  0.00024433456402727  0.00024635577694697  0.00024826505595233
  0.00025096109528312  0.00025398629903402  0.00025723426481353  0.00026037735221770
  0.00026350736141659  0.00026684396820690  0.00026943368832678  0.00027178123342366
  0.00027434224342661  0.00027703513732978  0.00027960454501723  0.00028165602895395
  0.00028332837842253  0.00028514559328954  0.00028701952194854  0.00028943899389418
  0.00029170746862209  0.00029373178310138  0.00029606230907331  0.00029905302234389
  0.00030274730461105  0.00030578102763686  0.00030797006749147  0.00030994726675813
  0.00031226130063933  0.00031464494133021  0.00031747568518273  0.00032087788056711
  0.00032483457645588  0.00032911676716631  0.00033338708687687  0.00033805324519549
  0.00034349785194639  0.00034931601031547  0.00035422166839926  0.00035794653227367
  0.00036120248927307  0.00036390337852573  0.00036697170501031  0.00037042164192485
  0.00037501978980048  0.00038013584852648  0.00038432674015959  0.00038783129155452
  0.00039132011621392  0.00039514216884893  0.00039921042856376  0.00040309360674955
  0.00040673112589641  0.00041091214130259  0.00041736675181288  0.00042472835648589
  0.00043277091004607  0.00044178351715514  0.00045075641485857  0.00045848523509270
  0.00046775900963895  0.00047705699941848  0.00048706537730127  0.00050107601092707
  0.00051916055069846  0.00053745352292872  0.00055511870030799  0.00057416140700319
  0.00059680178237955  0.00062192109925628  0.00065389367212173  0.00069258213972019
  0.00073547137557479  0.00079185068915280  0.00085685001512849  0.00094130338164328
  0.00104674221746181  0.00122747190620286  0.00207292630783584  1.00000000000000000
  0.00021531325098415  0.00037552745862616  0.00044038442594765  0.00049972741054924
  0.00055356404300197  0.00060116964537336  0.00064031615113753  0.00067243016227151
  0.00070853544426065  0.00074426602768487  0.00077837635171841  0.00080809851166872
  0.00083662078510304  0.00087303911608705  0.00090614461851055  0.00093076340823472
  0.00094748127596797  0.00096197834282143  0.00097806853245373  0.00100388374455904
  0.00104186771432492  0.00108223934221602  0.00112470942614957  0.00116436650802351
  0.00120229605003994  0.00124386749406297  0.00128282611557371  0.00131961194621239
  0.00135132782103232  0.00138288096923493  0.00141146497824763  0.00144214939827155
  0.00147758685484318  0.00151548059842551  0.00155479030111192  0.00159829702964169
  0.00163679044411979  0.00166708122245820  0.00169688856940301  0.00172879525478142
  0.00176411017498893  0.00179869036149929  0.00183763030338503  0.00188110118917382
  0.00192616683962046  0.00197432679718288  0.00203343298204043  0.00208824699126803
  0.00212258497017202  0.00215696616705266  0.00220234385384711  0.00225721019999660
  0.00232282639637503  0.00240149080348596  0.00249319710864595  0.00260124442636115
  0.00271801518546553  0.00284202162803656  0.00299171431320757  0.00310957293779703
  0.00321342293099095  0.00331439353136135  0.00340836870416502  0.00349674403047440
  0.00364649488212568  0.00378081762911290  0.00390874709309170  0.00402109145747965
  0.00412836831506676  0.00422338700023005  0.00429892047803325  0.00437509199184257
  0.00447370484364990  0.00461892299990233  0.00477241857757753  0.00493584175564423
  0.00513617112470701  0.00536628588436672  0.00562013551349015  0.00589162328833921
  0.00621825988108559  0.00667450577403658  0.00730861959799460  0.00803438418836761
  0.00862672535174722  0.00945627626057772  0.01068568200919894  0.01228653690863356
  0.01428364464333164  0.01711492248346072  0.02039842797917329  0.04027214405944522
  0.13609690430925428  0.36130872672635378  0.74764024791865902  1.00000000000000000
  0.00223202876245658  0.01495746114386306  0.02831272487456723  0.04109814486635628
  0.05430497412828234  0.06830743671715971  0.08106642187879207  0.09420250201793821
  0.10785643957027594  0.11908747293250814  0.12912315124866144  0.13890930077046254
  0.14765695021342040  0.15629778003659633  0.16534739864887529  0.17607226824146094
  0.18872879142276291  0.20176015658860841  0.21228960640708555  0.22261951489171983
  0.23427506687811994  0.24672189232378355  0.25684370921691896  0.26582831800278817
  0.27519220560938035  0.28487251732098684  0.29546444895432616  0.30547828662858983
  0.31533292321030604  0.32566182688466500  0.33596550117197227  0.34801843055984355
  0.36223300014463355  0.38039379606784579  0.39725825114942637  0.41081533328404612
  0.42331313267764759  0.43500325088513536  0.44465464903672086  0.45418178032990070
  0.46381342894425692  0.47505354963243174  0.48768363154234778  0.50138206283803932
  0.51599512948431725  0.53094890888750212  0.54538602470960762  0.55794921595177494
  0.57228294852729489  0.58508444023239781  0.59949015395284633  0.60794164924336880
  0.61756383315034713  0.62599010442643033  0.63405906016838631  0.64251037975401104
  0.65036789422859098  0.65671100281637318  0.66554607330072446  0.67665618881697087
  0.68656015862819575  0.69505587399263302  0.70384914568611257  0.71255880897351243
  0.72139036311533089  0.73000169150799110  0.73938305490626433  0.74891168198337077
  0.75847103333873001  0.76877146235462313  0.77883428154238687  0.78891372821884598
  0.79621228356128615  0.79944408948306855  0.80260128298270250  0.80836830818976291
  0.81718168655967005  0.82869210210931266  0.84021375627455830  0.85122769424008837
  0.86148117269412428  0.87129387240453915  0.88208700333569634  0.89287094219333030
  0.90387354664329700  0.91517613687469457  0.92773668659041575  0.93788745418189201
  0.94737315294037217  0.95496457777957500  0.96275900798842395  0.97120611803093071
  0.97988703850683823  0.98688849693578995  0.99196463084395636  1.00000000000000000
  0.00000756705134511  0.00002360960913198  0.00003297824306097  0.00004228706941171
  0.00005327328788437  0.00006489982757797  0.00007569336519819  0.00008524833942291
  0.00009317583304802  0.00009996846714161  0.00010625408401060  0.00011270505728164
  0.00011893539516362  0.00012479821960165  0.00013059494323096  0.00013714214041851
  0.00014545233567900  0.00015538064098666  0.00016533456817027  0.00017752486020036
  0.00018972607802887  0.00020111425197884  0.00021094207948856  0.00021946092212117
  0.00022782966426673  0.00023570766794857  0.00024380497236752  0.00025157677237031
  0.00026130619533989  0.00026814097929776  0.00027743820885243  0.00028355081341812
  0.00029070654983955  0.00029893145730473  0.00030790051040235  0.00031970293426302
  0.00033379286207733  0.00034650968018563  0.00036148317167149  0.00037836688336462
  0.00039346811347835  0.00040801116951281  0.00042326432148462  0.00044100554529210
  0.00046114148110435  0.00048395360751741  0.00051795718163678  0.00055375125858418
  0.00058658259656714  0.00061871798158582  0.00065085159828139  0.00068272265899906
  0.00071837626175064  0.00075020515588719  0.00078266376433289  0.00081854352600846
  0.00087489193715140  0.00093138413917500  0.00098091084078186  0.00103271428955168
  0.00108906586764056  0.00115228689667350  0.00122758052242186  0.00132361891222478
  0.00144082617237115  0.00157283803962045  0.00171273409634003  0.00184150381176425
  0.00194925000099715  0.00206619853557658  0.00219776451381484  0.00238774443175550
  0.00262170818787098  0.00283912060376093  0.00299022070927009  0.00311241482009827
  0.00327720964730586  0.00345141440549132  0.00362597646455946  0.00387021030157423
  0.00434649656647156  0.00481608170748042  0.00526674723577784  0.00569662636559791
  0.00621678857999660  0.00696854750075076  0.00781772168779591  0.00867812750971367
  0.00977182489654119  0.01086948421630782  0.01232890520083618  0.01374831439865689
  0.01596411707095534  0.09348316435914761  0.43545229274023223  1.00000000000000000
 -0.00000020374180494  0.00000423583535869  0.00000832726448107  0.00001286979170582
  0.00001847802152258  0.00002587953406376  0.00003632226847260  0.00004868738976324
  0.00006300282952717  0.00008366377808401  0.00011239198659761  0.00014019630011440
  0.00016137142541685  0.00018584636479962  0.00021299148616298  0.00025755275044329
  0.00031319750013734  0.00035551538920752  0.00039402256100643  0.00044286127637500
  0.00050216022676101  0.00055960011388747  0.00060433743271719  0.00064522367890610
  0.00068864563729235  0.00073303005917285  0.00076906049280383  0.00080256400402003
  0.00084424817468180  0.00092227176472322  0.00099929587610089  0.00106937087679284
  0.00113894085165897  0.00119680880782689  0.00126650496135136  0.00133291133238035
  0.00138385886113784  0.00142537854570414  0.00148009735294421  0.00155600301984343
  0.00162253260084184  0.00168756892893535  0.00175845602534287  0.00182580196434185
  0.00189555344546249  0.00199117166754118  0.00209861607500468  0.00219657411492849
  0.00228445322879150  0.00237559113434772  0.00246670691278408  0.00255469366467294
  0.00265147376917789  0.00275483786996938  0.00286389965384730  0.00297378298427047
  0.00303976467824863  0.00312297900337217  0.00322391898812181  0.00333146890115959
  0.00346072126663479  0.00362998186213921  0.00379663194770946  0.00393494545159796
  0.00408682447090003  0.00429096015342174  0.00452315708358178  0.00477093051519498
  0.00501793755189520  0.00533854967455896  0.00570194450511684  0.00604099372163572
  0.00632307506776544  0.00652110178887044  0.00671360195543964  0.00683899039319525
  0.00695563795260600  0.00707364973632056  0.00720352734216135  0.00735179193792996
  0.00754320394391940  0.00784166547199997  0.00823835934295273  0.00909910785930018
  0.01002352496461714  0.01108036235065067  0.01231259330415438  0.01360734435169219
  0.01424212633583636  0.01467012967109928  0.01509813300636221  0.06055459598289004
  0.12012039178975824  0.17968618759662644  0.23590554112572926  1.00000000000000000
 -0.00122632198936484  0.00865338794174984  0.01975490772703051  0.03012386822126350
  0.04318497363505813  0.05890351149072905  0.07697871194453379  0.09182897771502598
  0.10289919787602235  0.11515068731247824  0.12792399475139571  0.14091214128916174
  0.15287689460247830  0.16496972789549993  0.17779009295298506  0.19084239686773116
  0.20307677641625119  0.21268259898216918  0.22229937299556457  0.23109426948496214
  0.24148733794754448  0.25316343085491311  0.26470435724784702  0.27522387988625896
  0.28532192993540795  0.29435740352524292  0.30151154580892464  0.30851840938310598
  0.31695753054922088  0.32577144416847020  0.33601731799699813  0.34700909941277808
  0.35752229343593311  0.36785768850888723  0.37874686561383575  0.39171828349728127
  0.40048846114556530  0.40829641297056890  0.41556425781929462  0.42308727671555457
  0.43202795988341752  0.44111130389926356  0.45018829514132946  0.45904271469447616
  0.46677278261105049  0.47371107509740035  0.48053785673968613  0.48724784430319346
  0.49372526144073486  0.50316083308205417  0.51440722449061960  0.52602367282775819
  0.53766408230947316  0.54837034365169046  0.55866740918437274  0.56912971780355515
  0.57925900044534873  0.58695819544117711  0.59447031399992256  0.60188965075299294
  0.60741552984407843  0.61340931008271704  0.61952062044910050  0.62560027864227852
  0.63197371209232922  0.64027628404573411  0.64880689306782957  0.65556906020115702
  0.66340037578677669  0.67217467631909000  0.68401361461230303  0.70024467888018549
  0.71884175433706421  0.73480187009716069  0.74774540818681423  0.75929651338097504
  0.76960646918330822  0.77734068288370262  0.78487893936178177  0.79427641512653502
  0.80448825635201138  0.81432772922402796  0.82652398024246942  0.83877843502447691
  0.84598964243920471  0.85417707689070399  0.86071877461753377  0.86885177038696804
  0.88036305418374960  0.89499636559293538  0.91124238521869116  0.92617235155595479
  0.93793458569977972  0.95093534709913874  0.97029476374080814  1.00000000000000000
 -0.00159416813879935  0.00699402450342115  0.01499507215240452  0.02519343282635716
  0.03097087575546870  0.03717748855814439  0.04608060406424905  0.05832418331020570
  0.07024391391051239  0.08417860836426315  0.09497481570044278  0.10430535877215096
  0.11479901385988396  0.12297254688830390  0.13116521514902729  0.14231004073235934
  0.15612482696111343  0.16928418788089303  0.17784202853916478  0.18545989105898739
  0.19457542277492371  0.20370236064072228  0.21221620519570666  0.22087578258726542
  0.23062750672052576  0.24176330963558651  0.24986625623462347  0.25643551116362101
  0.26335538287340132  0.27226495563683101  0.28222673716998864  0.29329284116112619
  0.30393947603759697  0.31387661429093489  0.32081144156734132  0.32709531265368386
  0.33433354264997933  0.34179729547932913  0.34884475412062499  0.35822714571550779
  0.36954489252548961  0.37942394298070825  0.38894851349366560  0.39818608117447662
  0.40770311367488044  0.41785120471326487  0.42773534290548265  0.43684634955427509
  0.44598457765904487  0.45729909581409428  0.47014328942552824  0.48236413255945937
  0.49489150060131964  0.50719740914053457  0.51695658042251424  0.52754824571637449
  0.53877505907608936  0.54926199205408233  0.56049044387306257  0.57175522878538387
  0.58192790998283495  0.59303039416870051  0.60510080205021233  0.61903189316841556
  0.62840249524085623  0.63744570125463551  0.64746806387706246  0.66096570556081202
  0.67695437170478123  0.68799437103436312  0.69770497474468507  0.70802639689185598
  0.71880835298988921  0.72991192277508021  0.74346216770628104  0.75785696977506511
  0.77276355553509268  0.78749964473138612  0.80271826871101748  0.81799377186872757
  0.83418675682646282  0.85063703921274669  0.86554082566921930  0.87568902094338541
  0.88507899396426959  0.89268588596589316  0.89998559626679631  0.90727919125931444
  0.91879749382127307  0.92991375950122412  0.94386936067558658  0.95892973517872293
  0.97453714255022250  0.98556027076275399  0.99158113209948173  1.00000000000000000
 -0.00108084372787442  0.00655800541105191  0.01587495776025017  0.02297837419588496
  0.03043997098495926  0.03732367960110465  0.04586247486208524  0.05598751431390585
  0.06609250024445744  0.07596069326008247  0.08672713056441927  0.09946190047572707
  0.11459697538359676  0.12849027839847946  0.13975120748453884  0.14933359920423461
  0.15891198010644525  0.16992783738516032  0.18228626480670634  0.19427971990812914
  0.20407614217866066  0.21159326564574413  0.21727977467094270  0.22280561028820708
  0.22759678737664277  0.23272450614987455  0.24017628156683779  0.24879616897391466
  0.25717856822202279  0.26686316689679696  0.27826465384089455  0.29061951206310616
  0.30279112757985494  0.31273367917006123  0.32306198086964683  0.33461800687708582
  0.34774524295430564  0.36176354147614864  0.37499347396716798  0.38846129460126327
  0.40268509546871678  0.41766015643487442  0.43195547120497674  0.44502855116305123
  0.45307795467658396  0.46228228498531321  0.47275466468041716  0.48390542676344828
  0.49731379745632415  0.50742904653020693  0.51746604678298203  0.52925820052970474
  0.54106133873016660  0.54954832875449799  0.55646484599337442  0.56319741527636280
  0.57034250556788368  0.57949546725878931  0.58755379407862318  0.59528257571735121
  0.60442788982419715  0.61960666313741464  0.63399005481742043  0.64305536339201153
  0.65429957835031416  0.66360712889051299  0.67229987040212547  0.68114457287441665
  0.69058160972323490  0.70061843939982726  0.71158682706150955  0.72500170017160293
  0.74053669695998969  0.75548337824341705  0.76950103240056644  0.78313057503410799
  0.79616926367895902  0.80840610404654867  0.81970775154611286  0.83056867471756157
  0.84383535231451989  0.85646886001680256  0.86720275951812309  0.87771619068588658
  0.88729851169007878  0.89857407371681519  0.91038423796506895  0.92188150199938446
  0.93329169640319409  0.94509687489274052  0.95601629774283270  0.96707447793996115
  0.97521831901140799  0.98181393500721448  0.99085194912793240  1.00000000000000000
 -0.00208306646670754  0.00819313203789312  0.02017234672028561  0.03353463186396408
  0.04630944723482087  0.05929404019829079  0.07363425060380367  0.08866280939969512
  0.10182304946796233  0.11053142770635449  0.12093299386093112  0.13363415508964163
  0.14603106887266817  0.15870749303736420  0.17106869377769973  0.18330287857105881
  0.19659033222135636  0.20825718871366242  0.21661652918900337  0.22638713768020308
  0.23711096338118751  0.24832983827396615  0.25870097038883993  0.26898892047399636
  0.28158103328310907  0.29242124948009679  0.30314728685176162  0.31421293579513554
  0.32343087851210656  0.33154908554439483  0.33973663553264932  0.35003126044950605
  0.35830643070820833  0.36606524164364940  0.37453707017913579  0.38413086992732320
  0.39329774773846427  0.40348716369140031  0.41477575699410507  0.42605565378988752
  0.43639244066946081  0.44561716276676949  0.45330600583204939  0.46014057681427994
  0.46678499849576055  0.47508487543096467  0.48664731573531123  0.49914284104750939
  0.51006009579747769  0.51657035053900313  0.52123508653504036  0.52597100662427398
  0.53104268612435879  0.53636231176128002  0.54192071733368163  0.55112734386647577
  0.56497568099109796  0.58036561861842562  0.59658917477166673  0.61081349137715679
  0.62422876469907085  0.63632423382792846  0.64691949299350693  0.65718095771824170
  0.66615256446799320  0.67490721534570619  0.68559031462884634  0.69711620397098917
  0.71390003760448628  0.72566860639115160  0.73558556468853065  0.74502761019957120
  0.75319062888983346  0.76286207312506860  0.77578795309035431  0.78903423573381382
  0.79886704898371719  0.80690538759044472  0.81692285299205536  0.82802697231864630
  0.83967717718515411  0.84992406862500358  0.85852514859759421  0.86745704563586901
  0.87738572262484060  0.89127050767570148  0.90593882828243810  0.91550856486268084
  0.92688393206318920  0.93585851454187163  0.94563141484552238  0.95437438019229659
  0.96398061805790014  0.97628373640250854  0.98788006631714087  1.00000000000000000
 -0.00215819007782960  0.00843537274180830  0.02218214667105549  0.03514076294850321
  0.04600386379984787  0.05613916744269168  0.06646508380110100  0.07815083960821763
  0.09150102888075819  0.10485782602528657  0.11723907852602392  0.12627671731868187
  0.13642560296142164  0.14831393929848755  0.16398675577720501  0.17972179147717682
  0.19381218358232888  0.20209516400081395  0.20852609111875087  0.21457545408395973
  0.22057784923346749  0.22654426844443867  0.23543841759532405  0.24698403660768153
  0.25878960862365263  0.27340514039387614  0.28734552674982161  0.30111641375134907
  0.31551948170239302  0.32789031868027935  0.33576194275533450  0.34347116256208327
  0.35149519663450857  0.35938631252942704  0.36833296437445667  0.38113009722140928
  0.39348595322481322  0.40656683838182206  0.41875458472854032  0.43069930865153500
  0.44209552939222274  0.45377048022615551  0.46777652006894077  0.48069500805273374
  0.49106270015886860  0.49912393062742338  0.50715611075072620  0.51801437955557439
  0.52752207428302400  0.53711462294733436  0.54797434612153040  0.55971194200014163
  0.57134838504620988  0.58149116780715748  0.59209047805638515  0.60480781953639229
  0.61469945452324504  0.62162892243878265  0.62887031656964210  0.63686577438540071
  0.64953253530130273  0.65760701264849952  0.66566135527360637  0.67411314916181975
  0.68364032475672754  0.69642504632013813  0.71260063428597020  0.72684191367226025
  0.74103043687291037  0.75487459487481245  0.76710802693253322  0.77875101977215666
  0.79146966640546701  0.80459151668737183  0.81691910634612164  0.82738858698951478
  0.83362565771646857  0.84096734493560865  0.85010860675286182  0.85808286055756644
  0.86434854564580432  0.87118519658188320  0.87935790722434415  0.89417686297360510
  0.91228724545092854  0.92863727634303928  0.93867514165240762  0.94722651012615666
  0.95483450477740051  0.96236679082686871  0.97058482351008102  0.97745900969611954
  0.98314861170130896  0.98887790600503656  0.99449299914782185  1.00000000000000000
 -0.00149015638460859  0.00690670811564516  0.01703361285302527  0.03195341386645908
  0.04952551358089147  0.06401250024823554  0.07764223237067683  0.09107005930694789
  0.10397371635843053  0.11632269665853948  0.12843344066614931  0.14039324383657847
  0.15194384952155918  0.16372170735857797  0.17535643819731020  0.18727039230898848
  0.19904408402575507  0.20970263424764504  0.21959167667662827  0.22968361837988902
  0.24113027186656419  0.25658338942696562  0.27055723564559958  0.28500589295684992
  0.29554865388142298  0.30486762555036329  0.31390648481612793  0.31992884689906836
  0.32852909368164995  0.33896204597456603  0.34777247398701927  0.35639984616619436
  0.36423115619352930  0.37047486369535759  0.37743074588722608  0.38471157356069469
  0.39268374266806483  0.40315139326045696  0.41629008935092976  0.42881298713570148
  0.43963306178584038  0.44821054428857726  0.45648645487740896  0.46765702234140982
  0.47988149843406047  0.49187137758907828  0.50380052878206727  0.51752604013118508
  0.52960482253338603  0.53662009235249175  0.54305477492431453  0.55332054543817388
  0.56484776547945825  0.57556654277863684  0.58649872847735451  0.59300089272029999
  0.59993225945105944  0.61066656306971434  0.62231828807470346  0.63318483533317393
  0.64193920154965001  0.64926136612376750  0.65626296492307457  0.66314546626063298
  0.67253579696538190  0.68433189363912494  0.69120721021794140  0.70010082720431865
  0.71251337533675596  0.72438221506936540  0.73576825360069975  0.74977944866562318
  0.75996062172620515  0.77140529469381791  0.78393853758221022  0.79499139352043846
  0.80825735389782638  0.82313696973419870  0.83524358192006309  0.84366550788199091
  0.85201925045743387  0.86100019330216659  0.86970639449465426  0.87947739423718518
  0.88799473178450006  0.89631842405360507  0.90468816117618645  0.91444756208283628
  0.92551764246885238  0.93645272053266471  0.94652745533563809  0.95579849682375073
  0.96491377200644246  0.97480225083626448  0.98677185767793918  1.00000000000000000
 -0.00663088402956610  0.02181024970050836  0.04497015662557766  0.06421717098397073
  0.08182462641756877  0.09956421279928802  0.11872387963931214  0.14030661528893898
  0.16072030548507868  0.17248683671638806  0.18102462712694395  0.18946267155093657
  0.19719142590106328  0.20413813699529687  0.21286380963727408  0.22093565059270942
  0.22743398925814873  0.23209761142678095  0.23949707533627693  0.24823416527958544
  0.25712276341909629  0.26525928627117984  0.27293952613553052  0.27897157552840224
  0.28490067364212235  0.29230402531669075  0.30120617854419651  0.30809730517743111
  0.31477397351119024  0.32233719662986110  0.33007111156189273  0.33830792495610618
  0.34581397924695334  0.35358127747948126  0.36081737550111392  0.36773321087896671
  0.37404644043092888  0.37950567769789756  0.38419237550803031  0.38860374263201014
  0.39519661330029432  0.40213354436588411  0.40904133926679570  0.41689411646373314
  0.42557151773531326  0.43422856108107871  0.44352793521062228  0.45295766586796510
  0.46019688396779340  0.46566123218761768  0.47132268685195794  0.47780766437285455
  0.48425825611696866  0.49007960017401220  0.49639379006803458  0.50262242982143901
  0.50849651897312320  0.51470591244267960  0.52127020730460660  0.52810725101842837
  0.53546021981605363  0.54338037787024418  0.55081564864388088  0.55894837057864788
  0.56579919675066936  0.57243925801436002  0.57926928565702374  0.58599799359065619
  0.59263625353314198  0.59905236452484556  0.60621369386062829  0.61684561810611072
  0.62704727609137412  0.63267386769099854  0.63909005333108393  0.64628689210213486
  0.65577258825535290  0.66926109123560829  0.68185496253568278  0.69388717729122606
  0.70439159768801418  0.71524863780284953  0.72892162102718239  0.74472427774609751
  0.75897593897129545  0.77322730794983663  0.78663911262938979  0.79865994791380512
  0.81086209296991396  0.82410285262484340  0.83891836022122945  0.85895298196905123
  0.88170053766017009  0.91181661198432917  0.94938770797077754  1.00000000000000000
 -0.00227034158581340  0.01010432058660088  0.02364278362028433  0.03354451678732549
  0.04265268948832036  0.05020335627882574  0.05918552682203417  0.07023231240190249
  0.08201444821538441  0.09479937727133107  0.10973158571119265  0.12321669199138784
  0.13392708169695114  0.14271897162619604  0.15104954553251840  0.16062074275543387
  0.17173712693942486  0.18397118772248106  0.19448302797388173  0.20089054732128031
  0.20782357302593507  0.21724649897598680  0.22764057496741144  0.23879215585577040
  0.25099898429173484  0.26365662784583893  0.27823317823366600  0.29122365149016016
  0.29921593083090003  0.30678356127698153  0.31384370517103882  0.32129026828282914
  0.33013534220131069  0.34047386715273281  0.34896845019201383  0.35605835136728670
  0.36350749256452508  0.37112597814554377  0.37992121289297837  0.39052750365912053
  0.40206215193720535  0.41493240624370165  0.42799915904638725  0.43996994994611321
  0.45466680472253629  0.47103612548285279  0.48839734345745356  0.50598188148740442
  0.52230750717263941  0.53672521897420911  0.54953847907657094  0.56010613315573110
  0.57289365342188370  0.58626945796134544  0.59880914596930768  0.61029227344915660
  0.62050694374993065  0.63033490773972156  0.63580010428025968  0.64107899490884424
  0.64618396478421503  0.65062674029268630  0.65683422767448096  0.66691677949753048
  0.67980714798163400  0.69365264367386614  0.70557649400177103  0.71454718243521631
  0.72202380745296657  0.72918708665492427  0.73915863664133952  0.74939092004123353
  0.76036579078312250  0.77559027080337628  0.79444793745104436  0.81302084624677629
  0.82537055034767148  0.83745574587132798  0.84678305333558890  0.85450965702852022
  0.86269119505333580  0.87208944420424694  0.88332152967311550  0.89921422503222914
  0.90621511913085551  0.91368475158802875  0.92157559358874053  0.93097102684778277
  0.93921197832676895  0.94762447635310365  0.95686690476290037  0.96515718354626123
  0.97252894651357980  0.97920825414394097  0.98617800036995151  1.00000000000000000
 -0.00707975014549743  0.02495032106791308  0.04672741519834897  0.06469489455864486
  0.08120334227926408  0.09701073323169497  0.11840451778587585  0.13440196939936705
  0.15106490056521515  0.16318571543830340  0.17273178150089205  0.18294231887678911
  0.19497983789198239  0.20704102607356972  0.21946917270664487  0.23189516298580298
  0.24449749593572082  0.25610867302754114  0.26594378384280970  0.27431596869753982
  0.28141163376650269  0.28672702926318927  0.29472250945417006  0.30326528296886579
  0.31253475865427560  0.32212936347730803  0.33163130021188036  0.34230509816685561
  0.35371478400080886  0.36689997425020454  0.37865707236240703  0.38799302895588567
  0.39532269697258110  0.40190997196644690  0.40827967326391812  0.41504546630069972
  0.42548383856046751  0.43700839537180264  0.45056474780338518  0.46235544931664213
  0.47356032041381962  0.48386270746858018  0.49182705804985027  0.50027535609627227
  0.50874796169809811  0.51790950614463926  0.52723946429159985  0.53609335020629667
  0.54343761620542286  0.54927756460080945  0.55440909012457029  0.56009046962840980
  0.56584838937321325  0.57196535253843750  0.57979399662664655  0.58771100031187906
  0.59482599990621998  0.60072410563875833  0.60693244804079660  0.61380051386803525
  0.62176337537698045  0.63058005073067125  0.63927070229230210  0.64839570254277934
  0.65793848312937397  0.66620071821087379  0.67163421556126790  0.67673357591146588
  0.68124077012182760  0.68569536067305525  0.69022378981346699  0.69571585342022868
  0.70109335277197615  0.70630012168021583  0.71419920164427397  0.72533174300646330
  0.73975155562295336  0.75368919848844884  0.76370044139536586  0.77182373016168238
  0.78001575562585768  0.78856020374749114  0.79600914571075576  0.80743558465569387
  0.81944975294339706  0.83173718098725569  0.84354675143836810  0.85574261739998847
  0.86950638907038791  0.88517322458443759  0.90246161725416230  0.92118465181008080
  0.94145780557217218  0.96435938981808356  0.98239698279535337  1.00000000000000000
 -0.00123241294417186  0.00467862801294648  0.01288643027632471  0.02240009168832176
  0.03267638633033534  0.04703620276799317  0.06127655843307789  0.07314491967552755
  0.08376677857774556  0.09475471686593497  0.10810960506307228  0.12371302404180019
  0.13761581788582661  0.15019703714946905  0.16187720719668405  0.17367379699863839
  0.18521630886004756  0.19957611425215055  0.21603969358893998  0.23215720721791736
  0.24601133402649936  0.25855730885525285  0.27071521378902808  0.28057695557364276
  0.28831301024911016  0.29533047385234912  0.30155218096775604  0.30793803425537419
  0.31585903742521310  0.32543168838428543  0.33421070199543190  0.34132841681740594
  0.34806665846139562  0.35490782322911452  0.36198602630649707  0.36929778439942584
  0.37943574232770422  0.38820775547454933  0.39902397508260429  0.41006833890374239
  0.42021769999027414  0.43023007917409650  0.44128955102043110  0.45314799306891779
  0.46555177400170894  0.47776984465223243  0.48857906474255380  0.49779097600033112
  0.50535109849434579  0.51405686132059958  0.52317919983988548  0.53258213816855438
  0.53982413327584211  0.54638941329441026  0.55313946157331118  0.55959838102558845
  0.56742255808272202  0.57523480828132567  0.58582735186861767  0.59954984254785537
  0.61646282527575802  0.63469502047286663  0.65276817931155684  0.66992242857541950
  0.68542853810274662  0.69899107187667742  0.71311116652318318  0.72497972725281323
  0.73587696028493288  0.74524125830618593  0.75559883156124297  0.76681578857323807
  0.77516850307947194  0.78307916576870618  0.78909799018430871  0.79456460946811913
  0.80085020272856200  0.80972350617496169  0.81946480080165263  0.82882949620297375
  0.83767629106838948  0.84605692739299210  0.85442288262046695  0.86380260962842059
  0.87563894813275966  0.88762451152845701  0.89876400248774391  0.91047833878601803
  0.92206359387577475  0.93398139075280251  0.94370074730843012  0.95256827154292656
  0.96255631290090904  0.97250501763318553  0.98325887847939075  1.00000000000000000
 -0.00075580492101967  0.00485630508349249  0.01068796768935821  0.01651071210651700
  0.02324252436097124  0.03231195889621230  0.04457698632524519  0.05671373048579795
  0.06529314095505434  0.07215682638057604  0.08062433770982756  0.08935921632291620
  0.09855153671581192  0.10735889189267193  0.11793461507013425  0.12852196652455697
  0.13558680058129122  0.14366315349865028  0.15217639041004072  0.15946419056636660
  0.16783888612572026  0.17831620918496055  0.19279858895579768  0.20595053513727254
  0.21874458295499130  0.23162874161748126  0.24341336621851084  0.25053919660348251
  0.25675192687063875  0.26222967016426008  0.26586716779908820  0.27090495465456632
  0.27905628336591715  0.28905445768118937  0.30086023078344709  0.31295403880672212
  0.32574347489499333  0.33992251545806029  0.35433401818618460  0.36732232091213163
  0.38081966986845889  0.39371473926412748  0.40639131580440918  0.42050491028305376
  0.43492478403223334  0.45007832638758899  0.46480400461111571  0.47675010676535623
  0.48721629070968769  0.49673228877834996  0.50463882872953070  0.51183186741085795
  0.51896351847068933  0.52690545936751343  0.53560935217305483  0.54684973719179486
  0.56051721624427830  0.57474734322393162  0.58766802677856311  0.59891067557997657
  0.60842703747857252  0.61694494936253330  0.62964564495931374  0.64574941578303047
  0.65598715947468711  0.66495018219847435  0.67488061914389430  0.68434616298740458
  0.69304759180482123  0.70448075998367121  0.71944322221314405  0.73288082066304416
  0.74274970723144862  0.75257505055607066  0.76243930537805671  0.77350700040221965
  0.78394663540856913  0.79390722373121503  0.80459602534035080  0.81521358597658755
  0.82859858431226496  0.84320377899111654  0.85522310831857529  0.86594806477350905
  0.87781145416399087  0.89002762887382081  0.90249070703569978  0.91364220552753739
  0.92385539788874160  0.93410786962816417  0.94219093691756606  0.95084200388064621
  0.96254592262523342  0.97490796497375953  0.98693942408203794  1.00000000000000000
 -0.00013454057623678  0.00397849356627778  0.00562153441982436  0.00650874822459376
  0.00742536711363759  0.00857381221319307  0.00971114163570221  0.01073387221870884
  0.01168571328059260  0.01265568381179652  0.01367653177620549  0.01447451468000344
  0.01514519577342345  0.01582168305276020  0.01669933208505041  0.01753018922966879
  0.01822133363756712  0.01898882798766654  0.01990152768076931  0.02085715657543653
  0.02171492528319318  0.02254333951333503  0.02344896344052592  0.02432342616284174
  0.02522928277679385  0.02617010556611237  0.02697733439472976  0.02774995120833330
  0.02859673398877100  0.02937863681623971  0.03011535194931595  0.03079305370998499
  0.03129083123250042  0.03185014720648838  0.03281006661616744  0.03373633129254775
  0.03470087605758593  0.03568810714300055  0.03620428707055667  0.03697110614384413
  0.03788700377599812  0.03863215461807089  0.03929021605534314  0.03993013868145831
  0.04053248656308237  0.04171047530495131  0.04301796273051865  0.04426502793292489
  0.04515913848781652  0.04614851508251450  0.04713479300063483  0.04808136025928567
  0.04889753511643025  0.04980867316553605  0.05065135073124732  0.05158996147397140
  0.05269673363396542  0.05380171825742458  0.05463995948846869  0.05518131544971527
  0.05558154473229285  0.05616309742963163  0.05687490942479744  0.05871607406138875
  0.06059960712927730  0.06267374184605823  0.06484422048175277  0.06588960273758003
  0.06665273889872100  0.06723797142900424  0.06772711635548230  0.06824383532694635
  0.06884125048122504  0.07006669139360859  0.07168331117279814  0.07315828552156074
  0.07491188296143501  0.07752645041753563  0.08321679621126533  0.09104306119861547
  0.09912290521537467  0.10635692032513307  0.11281534878408735  0.11791620754913001
  0.12156942634643797  0.12520622866102063  0.12882335250548568  0.13054352370300909
  0.13165262994842308  0.13872274655975725  0.15851177402637154  0.17830080149298580
  0.31326572231664140  0.48267251547592294  0.68434923775584056  1.00000000000000000
 -0.00571543523084181  0.02011632902538167  0.03660101800316662  0.04696748313378597
  0.06007205030065652  0.07096369223411372  0.07947172183252590  0.08703525090578300
  0.09535614876137746  0.10626270222771850  0.11944503387618222  0.13169690434211229
  0.14437295335600386  0.15996376476401747  0.17591187853674511  0.19030960428868932
  0.20120169565510368  0.21217751763070083  0.22159352235718804  0.23133149920443727
  0.24125361270990295  0.25138124081833496  0.26208805279596531  0.27238397348398113
  0.28035132520186856  0.28776944972449997  0.29674639663717545  0.30734151168617613
  0.32060664202438099  0.33477776463291126  0.34884086259168995  0.36314065486138519
  0.37713718450312889  0.39189681522010117  0.40371275028526449  0.41387105498545967
  0.42286938573030780  0.43167659145857717  0.44171299420828880  0.45100373697842427
  0.45810704068846458  0.46403105665132055  0.46827621583569856  0.47290854167917473
  0.47919734186673896  0.48599377808336913  0.49368352521821929  0.50460694975557074
  0.51488576660058549  0.52561103204854098  0.53504198011871396  0.54355328198078789
  0.55101439721208056  0.55808063309706135  0.56452376646787095  0.56952348052328361
  0.57442216271710400  0.58399591581450339  0.59805916649558677  0.60857503653602862
  0.61878953259194880  0.63003131764022435  0.63858986028587983  0.64617263610318210
  0.65367083105116752  0.66110023778779725  0.66805229783128195  0.67568207269678049
  0.68323867213365985  0.69015492354006547  0.69770761318412722  0.70757764531096479
  0.71878723207258688  0.73005149844393413  0.74078041413303286  0.75195085710020648
  0.76195637862699417  0.77141586363560910  0.78065896528738765  0.79001144012547542
  0.79992881155512208  0.81329059928077363  0.82979236566989212  0.84449241639354322
  0.85835472793500989  0.87328712732911251  0.88908208048456283  0.90361323551366912
  0.91543655395384727  0.92556643157903562  0.93402183724158927  0.94605596487652865
  0.95978346237086298  0.97240214572792538  0.98608538150803693  1.00000000000000000
  0.59134221288632427  0.87145988037298383  0.90524668247489704  0.92139199916260328
  0.93048444764685756  0.93441904651851693  0.93733638093505123  0.94333827380011204
  0.94771155341062385  0.95060354228893185  0.95268012859383477  0.95457494076356086
  0.95615477710766839  0.95836644899952195  0.96063510353879877  0.96257165253379806
  0.96385427837030535  0.96484551275040276  0.96578804343694746  0.96658079615717740
  0.96751258978462096  0.96842068074804399  0.96942907420912683  0.97047432268718348
  0.97137655115164123  0.97218320774046352  0.97299811623657440  0.97369600041431748
  0.97422971236579814  0.97484718074545196  0.97542007411786580  0.97607895575362980
  0.97681537438326549  0.97750591206133419  0.97814627912788110  0.97880472364586735
  0.97946961387782605  0.98009043233873938  0.98064826520571324  0.98114825715799681
  0.98162132853768957  0.98209716466080810  0.98259958619574983  0.98301790818047230
  0.98330637505957053  0.98358013118198362  0.98390126056446647  0.98430124821559972
  0.98467789061715405  0.98498532369636183  0.98525491675044630  0.98554291231618862
  0.98588068869134504  0.98635667514357384  0.98680646959401619  0.98722609260525618
  0.98762141241607626  0.98799785222626357  0.98833835921744384  0.98863354322805863
  0.98888628540206447  0.98912589593931011  0.98938390125567222  0.98969433180460753
  0.99003316670612529  0.99044602352642808  0.99078642460536404  0.99110308445113460
  0.99139431052246896  0.99166881275629026  0.99187955862919142  0.99202693296005151
  0.99218809226597660  0.99235506719504696  0.99253065744559033  0.99275704636837525
  0.99300365145166081  0.99324057640420760  0.99345246987578661  0.99367410775180376
  0.99394012507820095  0.99421530077963893  0.99449298021420540  0.99479191780459608
  0.99511424338834642  0.99545589741549056  0.99569058166171376  0.99589501137301861
  0.99606278310085705  0.99625707250107498  0.99649203824427812  0.99679621237661320
  0.99718400028881149  0.99773859854643998  0.99861798608286623  1.00000000000000000
 -0.03742019915120314  0.15215596052538002  0.18417993645243530  0.21083164077987804
  0.22554537155432944  0.23459425494973610  0.24388497080937904  0.25429318324793304
  0.27028367705311690  0.29059139663178341  0.30759808534353900  0.31554471611071971
  0.32451162084386254  0.33328986429065544  0.34126977052161511  0.34686356776273780
  0.35391830802683971  0.36229780932720429  0.37052669123009507  0.37764521311529536
  0.38422073082000724  0.39293274451863652  0.40277431803580560  0.41195597880687373
  0.41987888198990109  0.42610031941018356  0.43077326324913223  0.43481801542831700
  0.43864304527661768  0.44251932576909303  0.44707500813212125  0.45230123109572368
  0.45700998808902643  0.46050733015691420  0.46398590907637893  0.46720735750726339
  0.47080651887941405  0.47519014057229064  0.48009915855106122  0.48441822791001521
  0.48905512597619666  0.49412631825913172  0.49913022476649188  0.50456128108722398
  0.51019393211689301  0.51527920669505900  0.52003193120220115  0.52450469946319134
  0.52929683038227238  0.53463325740698631  0.54008853453199768  0.54526070976580643
  0.55048764240778270  0.55545409756022135  0.55995335870517549  0.56426387912117892
  0.56881440804835537  0.57351497792023876  0.57786478432418653  0.58223422422064541
  0.58715169402933964  0.59227529049606786  0.59733990969091488  0.60289742528839030
  0.60912665240207442  0.61471095870237091  0.61960983852993867  0.62453507345899251
  0.62942336304188806  0.63424661852221464  0.63976795174058498  0.64524147481221761
  0.65036739649862274  0.65600877946871272  0.66243922312255044  0.66794981680113896
  0.67510834356697536  0.68380693004507487  0.69358766958433538  0.70364652521647786
  0.71307481751507062  0.72129314419778323  0.72857095628885260  0.73549325286041323
  0.74177597279286733  0.74953097621519071  0.76010745940170277  0.76939737799111974
  0.77646877587344731  0.78635368720421073  0.79972822950513545  0.81320201088335065
  0.82571702027987071  0.84162665772554557  0.86988779308322728  1.00000000000000000
   7.5741860219529601E-016  -1.0000000000000000     
 F F F F F F F F F F F F F F F F F F F F F F F F F F F F F F F F F F F F F F F F F F F F F F F F F F F F F F F F F F F F F F F F F F F F F F F F F F F F F F F F F F F F F F F F F F F F F F F F F F F F F F F F F F F F F F F F F F F F F F F F F F F F F F F F F F F F F F F F F F F F F F F F F F F F F F F F F F F F F F F F F F F F F F F F F F F F F F F F F F F F F F F F F F F F F F F F F F F F F F F F F F F F F F F F F F F F F F F F F F F F F F F F F F F F F F F F F F F F F F F F F F F F F F F F F F F F F F F F F F F F F F F F F F F F F F F F F F F F F F F F F F F F F F F F F F F F F F F F F F F F F F F F F F F F F F F F F F F F F F F F F F F F F F F F F F F F F F F F F F F F F F F F F F F F F F F F F F F F F F F F F F F F F F F F F F F F F F F F F F F F F F F F F F F F F F F F F F F F F F F F F F F F F F F F F F F F F F F F F F F F F F F F F F F F F F F F F F F F F F F F F F F F F F F F F F F F F F F F F F F F F F F F F F F F F F F F F F F F F F F F F F F F F F F F F F F F F F F F F F F F F F F F F F F F F F F F F F F F F F F F F F F F F F F F F F F F F F F F F F F F F F F F F F F F F F F F F F F F F F F F F F F F F F F F F F F F F F F F F F F F F F F F F F F F F F F F F F F F F F F F F F F F F F F F F F F F F F F F F F F F F F F F F F F F F F F F F F F F F F F F F F F F F F F F F F F F F F F F F F F F F F F F F F F F F F F F F F F F F F F F F F F F F F F F F F F F F F F F F F F F F F F F F F F F F F F F F F F F F F F F F F F F F F F F F F F F F F F F F F F F F F F F F F F F F F F F F F F F F F F F F F F F F F F F F F F F F F F F F F F F F F F F F F F F F F F F F F F F F F F F F F F F F F F F F F F F F F F F F F F F F F F F F F F F F F F F F F F F F F F F F F F F F F F F F F F F F F F F F F F F F F F F F F F F F F F F F F F F F F F F F F F F F F F F F F F F F F F F F F F F F F F F F F F F F F F F F F F F F F F F F F F F F F F F F F F F F F F F F F F F F F F F F F F F F F F F F F F F F F F F F F F F F F F F F F F F F F F F F F F F F F F F F F F F F F F F F F F F F F F F F F F F F F F F F F F F F F F F F F F F F F F F F F F F F F F F F F F F F F F F F F F F F F F F F F F F F F F F F F F F F F F F F F F F F F F F F F F F F F F F F F F F F F F F F F F F F F F F F F F F F F F F F F F F F F F F F F F F F F F F F F F F F F F F F F F F F F F F F F F F F F F F F F F F F F F F F F F F F F F F F F F F F F F F F F F F F F F F F F F F F F F F F F F F F F F F F F F F F F F F F F F F F F F F F F F F F F F F F F F F F F F F F F F F F F F F F F F F F F F F F F F F F F F F F F F F F F F F F F F F F F F F F F F F F F F F F F F F F F F F F F F F F F F F F F F F F F F F F F F F F F F F F F F F F F F F F F F F F F F F F F F F F F F F F F F F F F F F F F F F F F F F F F F F F F F F F F F F F F F F F F F F F F F F F F F F F F F F F F F F F F F F F F F F F F F F F F F F F F F F F F F F F F F F F F F F F F F F F F F F F F F F F F F F F F F F F F F F F F F F F F F F F F F F F F F F F F F F F F F F F F F F F F F F F F F F F F F F F F F F F F F F F F F F F F F F F F F F F F F F F F F F F F F F F F F F F F F F F F F F F F F F F F F F F F F F F F F F F F F F F F F F F F F F F F F F F F F F F F F F F F F F F F F F F F F F F F F F F F F F F F F F F F F F F F F F F F F F F F F F F F F F F F F F F F F F F F F F F F F F F F F F F F F F F F F F F F F F F F F F F F F F F F F F F F F F F F F F F F F F F F F F F F F F F F F F F F F F F F F F F F F F F F F F F F F F F F F F F F F F F F F F F F F F F F F F F F F F F F F F F F F F F F F F F F F F F F F F F F F F F F F F F F F F F F F F F F F F F F F F F F F F F F F F F F F F F F F F F F F F F F F F F F F F F F F F F F F F F F F F F F F F F F F F F F F F F F F F F F F F F F F F F F F F F F F F F F F F F F F F F F F F F F F F F F F F F F F F F F F F F F F F F F F F F F F F F F F F F F F F F F F F F F F F F F F F F F F F F F F F F F F F F F F F F F F F F F F F F F F F F F F F F F F F F F F F F F F F F F F F F F F F F F F F F F F F F F F F F F F F F F F F F F F F F F F F F F F F F F F F F F F F F F F F F F F F F F F F F F F F F F F F F F F F F F F F F F F F F F F F F F F F F F F F F F F F F F F F F F F F F F F F F F F F
  <DiscreteSampler_grid>
  grouped_processes
  1 # 1 for a reference and 2 for a running grid.
  10 # Attribute 'min_bin_probing_points' of the grid.
  1 # Attribute 'grid_mode' of the grid. 1=='default',2=='initialization'
  0.0000000000000000 # Attribute 'small_contrib_threshold' of the grid.
  0.5000000000000000 # Attribute 'damping_power' of the grid.
 # binID   n_entries weight   weight_sqr   abs_weight
    49   10   1.204368320838764E-013   1.247876197756880E-025   1.204368320838764E-013
    52   10   2.408736641677528E-013   4.991504791027519E-025   2.408736641677528E-013
    55   10   2.578143205111860E-013   5.075471072835100E-025   2.578143205111860E-013
    56   10   2.578143205111936E-013   5.075471072835436E-025   2.578143205111936E-013
    58   10   5.156286410223721E-013   2.030188429134040E-024   5.156286410223721E-013
    59   10   5.156286410223872E-013   2.030188429134175E-024   5.156286410223872E-013
    61   10   1.062682662565309E-013   8.088343662298699E-026   1.062682662565309E-013
    62   10   1.062682662565399E-013   8.088343662300289E-026   1.062682662565399E-013
    64   10   2.125365325130618E-013   3.235337464919480E-025   2.125365325130618E-013
    65   10   2.125365325130797E-013   3.235337464920116E-025   2.125365325130797E-013
    73   10   1.089338911534403E-013   9.907371946335213E-026   1.089338911534403E-013
    74   10   1.089338911534494E-013   9.907371946337081E-026   1.089338911534494E-013
    76   10   2.178677823068806E-013   3.962948778534085E-025   2.178677823068806E-013
    77   10   2.178677823068988E-013   3.962948778534832E-025   2.178677823068988E-013
    79   10   4.514524240880826E-014   1.471081449189659E-026   4.514524240880826E-014
    82   10   9.029048481761653E-014   5.884325796758636E-026   9.029048481761653E-014
    85   10   1.073890065172554E-013   6.303966304802075E-026   1.073890065172554E-013
    86   10   1.073890065172608E-013   6.303966304802904E-026   1.073890065172608E-013
    88   10   2.147780130345108E-013   2.521586521920830E-025   2.147780130345108E-013
    89   10   2.147780130345217E-013   2.521586521921161E-025   2.147780130345217E-013
    94   10   1.204368320838763E-013   1.247876197756878E-025   1.204368320838763E-013
    97   10   2.408736641677525E-013   4.991504791027512E-025   2.408736641677525E-013
    100   10   2.578143205111857E-013   5.075471072835091E-025   2.578143205111857E-013
    101   10   2.578143205111931E-013   5.075471072835414E-025   2.578143205111931E-013
    103   10   5.156286410223714E-013   2.030188429134036E-024   5.156286410223714E-013
    104   10   5.156286410223862E-013   2.030188429134166E-024   5.156286410223862E-013
    106   10   1.062682662565305E-013   8.088343662298624E-026   1.062682662565305E-013
    107   10   1.062682662565397E-013   8.088343662300260E-026   1.062682662565397E-013
    109   10   2.125365325130610E-013   3.235337464919450E-025   2.125365325130610E-013
    110   10   2.125365325130794E-013   3.235337464920104E-025   2.125365325130794E-013
    118   10   1.089338911534399E-013   9.907371946335129E-026   1.089338911534399E-013
    119   10   1.089338911534495E-013   9.907371946337108E-026   1.089338911534495E-013
    121   10   2.178677823068798E-013   3.962948778534052E-025   2.178677823068798E-013
    122   10   2.178677823068991E-013   3.962948778534843E-025   2.178677823068991E-013
    124   10   4.514524240880813E-014   1.471081449189650E-026   4.514524240880813E-014
    127   10   9.029048481761626E-014   5.884325796758600E-026   9.029048481761626E-014
    130   10   1.073890065172555E-013   6.303966304802044E-026   1.073890065172555E-013
    131   10   1.073890065172609E-013   6.303966304802923E-026   1.073890065172609E-013
    133   10   2.147780130345111E-013   2.521586521920817E-025   2.147780130345111E-013
    134   10   2.147780130345219E-013   2.521586521921169E-025   2.147780130345219E-013
    139   10   1.204368320838766E-013   1.247876197756882E-025   1.204368320838766E-013
    142   10   2.408736641677531E-013   4.991504791027529E-025   2.408736641677531E-013
    169   10   4.514524240880377E-014   1.471081449189608E-026   4.514524240880377E-014
    172   10   9.029048481760754E-014   5.884325796758432E-026   9.029048481760754E-014
    184   10   1.204368320838762E-013   1.247876197756876E-025   1.204368320838762E-013
    187   10   2.408736641677524E-013   4.991504791027504E-025   2.408736641677524E-013
    214   10   4.514524240880404E-014   1.471081449189630E-026   4.514524240880404E-014
    217   10   9.029048481760808E-014   5.884325796758520E-026   9.029048481760808E-014
  </DiscreteSampler_grid>
