  0.00015342539756849  0.02621709394437003  0.03807362082830092  0.04560478261878467
  0.05054270863828417  0.05541900730143906  0.06023815991237473  0.06595407668388971
  0.07320619800878442  0.08282483750004831  0.09038540397305117  0.09870116859767936
  0.10742257526757704  0.11589711575835834  0.12425652863524661  0.13604809851579966
  0.15244672500730003  0.16574747953018112  0.17459774791747415  0.18362539825703725
  0.19468262573052048  0.20519092208644121  0.21554667739761743  0.22556318826987878
  0.23586258575722077  0.24518929484341750  0.25440016574001212  0.26742809952788588
  0.28318469943895930  0.29689052130970922  0.31063786181751818  0.32504158135245581
  0.33879251885337164  0.35063371581899094  0.35991579838345572  0.36572379361890750
  0.37264330991880801  0.38254686521386272  0.39265706034906467  0.40435862757317648
  0.41804942156343272  0.43958415859752564  0.45858408155315222  0.46677532971486690
  0.47616528627681837  0.48732681510551268  0.50104148633807799  0.51454427935289970
  0.52532127743271639  0.53597241931414752  0.54703848480401951  0.55866533340127100
  0.57223275216821390  0.58498419428551052  0.59120738404882400  0.59696855767362089
  0.60268155443180693  0.60988915361683083  0.62175425033079612  0.63474092637963564
  0.64635470185013211  0.65788209964661282  0.66783432861214564  0.68085502136843101
  0.69004735804306339  0.69731205691511788  0.70544605146866057  0.71377318276343904
  0.72206424040090988  0.73584829196910273  0.74316625553409388  0.74918763116479203
  0.75434235211584721  0.76361876197058942  0.77252649757364200  0.78129753873354491
  0.79287596893696233  0.80300709646858326  0.81359140922365258  0.82523416339263556
  0.83268004627408210  0.83910814694125679  0.84533533745561362  0.85123987333424656
  0.85710330105543220  0.86670526557960093  0.87737422066084914  0.89067677781183963
  0.90790983397264147  0.92762334213014519  0.94358396217918461  0.95300453464498258
  0.96256523117940107  0.97208879574168727  0.98178502105253729  1.00000000000000000
  0.00826204311203151  0.02028044752190456  0.03337636349876769  0.04775117294183084
  0.06074036543250875  0.06873578257432615  0.07476572245738515  0.08317558115552816
  0.08746705786361719  0.09141251118887367  0.09719152372095426  0.10244948250548294
  0.10744541827235357  0.11427015010928433  0.12342214613853493  0.13550471565876268
  0.14597401090195478  0.16019517291650615  0.17547408157944705  0.19046632158199034
  0.20696570313846419  0.22082555489601846  0.23212078907954459  0.24108245774622064
  0.24959254204717354  0.25799094601938649  0.26712104255792335  0.27707961788544649
  0.28862814234881179  0.30097442702839888  0.31495459436794615  0.32852581959275523
  0.34314846284333184  0.35746469418588411  0.37433320194744463  0.39435430402066335
  0.41343557544650916  0.42540989091810072  0.43281020368807444  0.43944781140314365
  0.44569556107727804  0.45202592822926996  0.46027376010968296  0.46873619583720960
  0.47768616181094686  0.48619721230649104  0.49415555348720425  0.50239366988788259
  0.51085483551747746  0.51954185721300039  0.53096587267358164  0.54125256214782713
  0.54655904399146993  0.55208492699984246  0.56112853874078050  0.56941457307971133
  0.57470332829976034  0.57993125337444695  0.58631536339459434  0.59404051630862986
  0.59812737356548673  0.60188656499688709  0.60574325070941093  0.61032881814609541
  0.61759308072234909  0.62720531566102800  0.64012684884699245  0.65475189579026649
  0.67278907671079502  0.68884314674787972  0.70289207453599911  0.71642839513383905
  0.72921980694446520  0.74511365986328248  0.76247735539404260  0.78212052035702218
  0.80129950997294908  0.81465491863617234  0.82382652750122054  0.83378688987774963
  0.84682585145264166  0.86056757743327084  0.87134307053677984  0.88041288399964457
  0.88819582298705546  0.89320453394109522  0.89923164647040166  0.90664600122069616
  0.91922694778605096  0.93137232028698291  0.94573107230703490  0.95916209744366776
  0.97116794239393922  0.98136810671415442  0.99087496998692470  1.00000000000000000
  0.00018805618863286  0.00022532811091854  0.00023579524091804  0.00023951116451143
  0.00024314625234779  0.00024723088448685  0.00025167203815943  0.00025621472450617
  0.00026060816573889  0.00026446071086713  0.00026900421994869  0.00027346227854331
  0.00027812432479423  0.00028278326058270  0.00028723302851671  0.00029175608506278
  0.00029593479160936  0.00029925069993504  0.00030429011932494  0.00031114302922535
  0.00031802938784113  0.00032412599209176  0.00032992979814955  0.00033557928085089
  0.00034108570273966  0.00034895321836870  0.00035417259349244  0.00035868713036852
  0.00036343029924213  0.00036858053313718  0.00037424268323835  0.00038037259298931
  0.00039002871759521  0.00039758774130148  0.00040411963268939  0.00041040153896137
  0.00041666174800134  0.00042324592366947  0.00043187445559516  0.00044017014233369
  0.00045034239167036  0.00045966786686943  0.00047177400183463  0.00048614480805854
  0.00049863392388021  0.00050831987305173  0.00051646990161968  0.00052661575368628
  0.00053470090456576  0.00053918922322834  0.00054643596728179  0.00055188560231885
  0.00055734023710367  0.00056298577194679  0.00056957383771186  0.00057828875988068
  0.00059244116017796  0.00060704449092173  0.00061629833294301  0.00062767281039075
  0.00064017520747064  0.00065575918806130  0.00067099747813863  0.00068602282944583
  0.00070379939395550  0.00072713373939860  0.00075568501819534  0.00077707562201759
  0.00078975488990204  0.00080244482118430  0.00081880272371321  0.00084544673279466
  0.00086784198764508  0.00088651415942727  0.00090824058162787  0.00093898254264460
  0.00097880927161494  0.00103221367714824  0.00108247393275980  0.00113200844614290
  0.00118031865786998  0.00122018617324245  0.00125700647718762  0.00130808047759857
  0.00141846244090955  0.00152879710985136  0.00163572195848181  0.00187946991449301
  0.00215590461033039  0.00245780243993375  0.00275122202708199  0.00308575400693014
  0.00350599269004483  0.00491128841760660  0.53396628965387616  1.00000000000000000
 -0.00127043371138725  0.02896774363372143  0.05198744719229452  0.07051325519689583
  0.08454669753914242  0.09872443246526208  0.10887795654695433  0.11849237396927031
  0.12862631647311995  0.13941273609875618  0.15178353849459147  0.16525049491452595
  0.17639043265296195  0.18641049610515684  0.19821996988237714  0.20657261925883491
  0.21680537425291491  0.22908657449534353  0.23943342016727481  0.24818598092006053
  0.25921533272625547  0.27324165911944409  0.28346198645991172  0.29228685147645167
  0.30213185001415938  0.31163231412425441  0.31917267532026350  0.32667347769447769
  0.33412274614107362  0.34073981922184809  0.34756434857916191  0.35617076771153738
  0.36300750217161359  0.36816402624395256  0.37498652383154513  0.38266977644343397
  0.38939665237094706  0.39564793014823257  0.40250284697848132  0.41519402725000831
  0.43119523242268021  0.44617887674421208  0.46033171527230582  0.47374477799947079
  0.48675768598087482  0.49837952942825298  0.50906407025678047  0.51922794650074966
  0.52856420912611513  0.54043046641788817  0.55564274732925711  0.57126022044988101
  0.57940715579224000  0.58808864377058034  0.59849048465166821  0.60830757483331444
  0.61398663266476583  0.61869647519830684  0.62399294907962344  0.63126406316178751
  0.64025858544636494  0.65390355581105597  0.66839380473299392  0.67910613194042069
  0.68925394632320758  0.69809898237388390  0.70593936341705366  0.71287150196960247
  0.71937446103195801  0.72628869360800274  0.73439007218924002  0.74490471396646685
  0.75526913903601034  0.76393710083185984  0.77038587987224427  0.77677783097399333
  0.78520663058207640  0.79397580995515726  0.80581272445983843  0.81511750836667596
  0.82204705915679410  0.83079435386631773  0.84071694483067194  0.85197034220582657
  0.86189953312814860  0.87024804781014942  0.88091828456695154  0.89225753624280224
  0.90521381617104679  0.91908537632418930  0.93566091479092051  0.94843277241263924
  0.95980248932311074  0.97094049312098873  0.98285121994653402  1.00000000000000000
  0.00003474455392655  0.00003729730314760  0.00003896069003978  0.00004017860492667
  0.00004164774285481  0.00004336796327315  0.00004461414975657  0.00004549660992689
  0.00004614540159799  0.00004665033992563  0.00004743169778110  0.00004800949866439
  0.00004861403321781  0.00004915518683925  0.00004979524732208  0.00005079693209022
  0.00005201081446256  0.00005305897991328  0.00005376966138595  0.00005439895554254
  0.00005494543379777  0.00005540965399777  0.00005588632384998  0.00005639809400988
  0.00005690674001986  0.00005743955557006  0.00005799654908587  0.00005854421779787
  0.00005914188317686  0.00006005325880255  0.00006109994567995  0.00006211853470328
  0.00006294644739667  0.00006365262058356  0.00006473508644976  0.00006588426512066
  0.00006711547421329  0.00006832567308722  0.00006943678541010  0.00007058382092821
  0.00007179205247316  0.00007312456361359  0.00007440650229856  0.00007580749601806
  0.00007744235599092  0.00007898115057375  0.00008036329565936  0.00008204296014781
  0.00008411027304510  0.00008631469572107  0.00008781047878287  0.00008922654609180
  0.00009068408445424  0.00009206894322493  0.00009348464423770  0.00009564080880650
  0.00009777030205857  0.00009976930193568  0.00010126506706972  0.00010261431616505
  0.00010398338931405  0.00010538301397392  0.00010681341504506  0.00010883008888495
  0.00011087636469983  0.00011376595407637  0.00011769010140923  0.00012170090587155
  0.00012454197746892  0.00012743620446070  0.00012991714579681  0.00013215228262716
  0.00013421503132070  0.00013669838859685  0.00013986031261684  0.00014496407297863
  0.00014960769059816  0.00015450844521636  0.00015983102514786  0.00016620745159076
  0.00017336178814666  0.00017994355988770  0.00018864638542080  0.00019729241873683
  0.00020754906694353  0.00022023493424572  0.00023472504456785  0.00025181141732498
  0.00027549694280764  0.00030451851011253  0.00033227095122876  0.00036720665480692
  0.00042098223384223  0.00076639904134930  0.42041809211996656  1.00000000000000000
  0.00017758163323878  0.00019146588751093  0.00020028656487675  0.00020815944425430
  0.00021576755808563  0.00022416179047547  0.00023099999952309  0.00023527234564025
  0.00024025516723384  0.00024500881200445  0.00024961417077681  0.00025434768685132
  0.00025958288844096  0.00026532006719366  0.00027117981981845  0.00027641510965097
  0.00028258919374361  0.00029001757629562  0.00029813158922924  0.00030625131151040
  0.00031457029351347  0.00032149974330384  0.00032953992598322  0.00033651983854759
  0.00034077726722509  0.00034446484987754  0.00034903126570870  0.00035505928665674
  0.00036049242233624  0.00036536377748249  0.00037253033433558  0.00038207371386747
  0.00038902188562844  0.00039498182454144  0.00040068331188777  0.00040489494886919
  0.00040968319994867  0.00041529767245992  0.00042025609841688  0.00042675764473835
  0.00043541545773468  0.00044612222773530  0.00045616335359950  0.00046576121443605
  0.00047576796904794  0.00048669222607759  0.00049836311415443  0.00051061383299871
  0.00052001813142003  0.00053132860335848  0.00054744489102282  0.00056380351404142
  0.00057655486585348  0.00059030876020336  0.00061262881964794  0.00065122503476961
  0.00067438766771035  0.00068770864946978  0.00069915605136227  0.00070745975509962
  0.00071865494733534  0.00073480786662455  0.00075514282195578  0.00078456986059658
  0.00081586996499136  0.00084861049604213  0.00087952842473830  0.00091724526983874
  0.00096858868499166  0.00103660999702372  0.00111087672277443  0.00118256379686384
  0.00125328736240031  0.00131817290202000  0.00138493694240649  0.00144876535022073
  0.00150227035237708  0.00154621800748758  0.00159883347628223  0.00168121923987183
  0.00178555652408119  0.00188020549135044  0.00198072442170200  0.00209129498489719
  0.00221776060652965  0.00234768007760786  0.00249457223519584  0.00264819676069332
  0.00292120562273396  0.00341098625763326  0.00414916600080515  0.00482260915688379
  0.00556825085245964  0.00781418344131881  0.56887375813201668  1.00000000000000000
 -0.00019629511363966  0.00212851761259038  0.00743801224106023  0.01475629168789317
  0.01994299009666770  0.02638767897346861  0.03579127044088042  0.04211874463062033
  0.04717582518422923  0.05579717371862448  0.06755281398089454  0.08023243752729678
  0.09263474825536437  0.10361998552875043  0.11298772925509611  0.12472041860089700
  0.13775822267195992  0.15249003351285889  0.16497006808825351  0.17315327704083794
  0.18009849544374940  0.18747112644677941  0.19751049516816441  0.20920451933002038
  0.21827821734949959  0.22559070831792502  0.23281535576320772  0.24147218508555962
  0.25083616024709038  0.25990591360870324  0.26633651134315206  0.27128061760870265
  0.27625955309965816  0.28142981879093881  0.28693430712871099  0.29340801662094240
  0.30134726384632915  0.30968756314219509  0.31780171337800994  0.32476963644955054
  0.33516877359033659  0.34681715466861557  0.35788138904566258  0.36590395161384842
  0.37300940930383064  0.37831476866691516  0.38608895333945037  0.39503808374434274
  0.40337216655595315  0.41036819614606562  0.41796320522543351  0.42671396634864389
  0.43308117253313416  0.43806447881084232  0.44339673696902138  0.44929723738806310
  0.45923535572304441  0.46944362860637506  0.48238230133350801  0.49307341022657830
  0.50319234874289998  0.51475254334545839  0.52815104576661387  0.54006840426702640
  0.55257329209624018  0.56503607051951155  0.57575286782216206  0.58506461828537892
  0.59583064518847151  0.60752277331891602  0.61686238646335678  0.62603988497684937
  0.63507754518753057  0.64549438418675598  0.66095944202101842  0.67752170724086491
  0.69108250602697641  0.70283944607341808  0.71443744358908756  0.72599236538077694
  0.73609535645014712  0.74639849635059208  0.75771434316026443  0.76952013418411114
  0.78455977346804551  0.80708799002634313  0.82749931210173178  0.84235277131562181
  0.85494807500732750  0.86748282702808843  0.88348661707389142  0.90142298732295201
  0.92074781124659677  0.94290297861783645  0.96864743675838139  1.00000000000000000
 -0.00383696002064145  0.01347321936386620  0.02767056122945083  0.04215049666865800
  0.05578544122092237  0.06894191072682802  0.08105351675200782  0.09221827117655552
  0.10270967298810216  0.11085186278653464  0.11881396799488107  0.12671322696717083
  0.13414191249092583  0.14013164552816018  0.14591041846817954  0.15199207818419233
  0.15962284479467823  0.16791039176850336  0.17630361885474266  0.18569465242964386
  0.19624839969760777  0.20733975626447490  0.21834670190123279  0.22845733583961972
  0.23859869614965351  0.25268158298058296  0.26696169747035425  0.28155766028739210
  0.29293624260916673  0.30163454414010588  0.30637014241042360  0.31134224263619265
  0.31719924328378746  0.32411565454263430  0.33179252158291089  0.34484474509605045
  0.35502099347012844  0.36288256245581541  0.36903203287626857  0.37522886476586204
  0.38174341539115514  0.38799528763097618  0.39318328140428943  0.39788928826563291
  0.40205059551843847  0.41296476477268618  0.42362917743916295  0.43756244064043531
  0.45551408271818905  0.47620630653594331  0.49255379799153831  0.50348010765644480
  0.51267905356653254  0.52281977715503924  0.53517451521529802  0.54933813380000540
  0.55937775932483447  0.56833671923348328  0.57735391728341823  0.58490085871102759
  0.59334629327860655  0.60335615723459846  0.61394314593536092  0.62449588103464160
  0.63550094482006725  0.64830792609354726  0.66461841692372736  0.67873041289483782
  0.69341630852259462  0.71216276423384650  0.73324367916760325  0.75568058654810977
  0.77948520001707344  0.79774170985605730  0.81370014734245244  0.82588737206847473
  0.83421944032516271  0.83868269431669695  0.84289186944816685  0.84718596245659028
  0.85196310741276937  0.85816476006324982  0.86512609752283820  0.87241749304436123
  0.87946946975791729  0.88530381361864985  0.89306994642674009  0.90407726422704338
  0.91863863126184231  0.93085892614348642  0.94144513389657325  0.95301889704741061
  0.96405743296220658  0.97184948148761741  0.97994399914629648  1.00000000000000000
 -0.00175333552094347  0.01072120467795815  0.02538189094015932  0.03871194704584399
  0.05085651510920348  0.06372633064220048  0.07396994213546623  0.08048933441463581
  0.08684416554485777  0.09311891238390302  0.09929014860807349  0.10680346730269932
  0.11724437289584519  0.12673906509900798  0.13574026379440934  0.14805605320166648
  0.16069663704380563  0.17289486731224288  0.18386335522969383  0.19448876872779650
  0.20825491238346866  0.22655527993845986  0.24118389759589892  0.25380134299741569
  0.26714995337464642  0.27743741781128112  0.28785950138040767  0.29723119586501462
  0.30877805084493781  0.32098346176964171  0.33409862933214934  0.34786324325038714
  0.36010756694423296  0.37327953384946322  0.38785735040836694  0.39885387589741805
  0.40711585804305767  0.41507604329635750  0.42465141390570393  0.43620716005767168
  0.44880407817664308  0.46579955009622603  0.48483741477213554  0.50188550611028937
  0.51376737734726508  0.52381065911754732  0.53275670742906200  0.54157271903176607
  0.55246918467262118  0.56344954773855949  0.57531829400117718  0.58632680355492550
  0.59667257572662380  0.60502285976613257  0.61428591256122700  0.62556566189248419
  0.63562448393951521  0.64736073128265403  0.65955884542196808  0.67014225500839963
  0.68105238401377322  0.69221606013391446  0.70655833025327375  0.72098986943135934
  0.72664552890907763  0.73178260645305682  0.73686837149736550  0.74074881741398690
  0.74555051971204833  0.75417997935127101  0.76312538451775613  0.77194990249039053
  0.78227307134424273  0.79432847318549960  0.80384938955607488  0.81583268041941881
  0.82865325210657970  0.84151610248835651  0.85195398219091034  0.86322559468138238
  0.87410318688383537  0.88275180866239544  0.89019506605337828  0.89888846642943565
  0.90848541828519203  0.91724164859009094  0.92536317277480673  0.93382838182755412
  0.94579546965904737  0.95859097909309976  0.96811530989736472  0.97500399397281301
  0.98093897052009882  0.98542056943361522  0.99173523272083675  1.00000000000000000
 -0.00184171832976837  0.01091336192468519  0.02107701764981533  0.03080991518224659
  0.03907342465924989  0.04779051241777373  0.05804010262926145  0.06796181319863757
  0.07750492172220064  0.09259517432660963  0.10958051998246442  0.12385377526370878
  0.13364373972720217  0.14126389913380147  0.15140815376445063  0.16209099528543147
  0.17161044088971619  0.18192193090280948  0.19403558705665030  0.20775583703835210
  0.22124168000894112  0.23166868564802856  0.24132403640636227  0.25054985403890639
  0.25891964152964575  0.26932581101571340  0.28169276237438784  0.29017574445515643
  0.29711732493544951  0.30417271769030385  0.31540390235209353  0.32936860697338066
  0.34311669494811553  0.35467278475231295  0.36723391429194102  0.37999057334541742
  0.39633128903756820  0.41359559932362122  0.43370672778257102  0.44975936674786599
  0.46172208473802512  0.47245301133115175  0.48455957695874319  0.49855578236453663
  0.51082088476722953  0.51923123799718540  0.52690953540285335  0.53325129012303685
  0.54037622276447173  0.54516641466247606  0.55051979682989705  0.55925515274079662
  0.57025822024890127  0.58334461309270225  0.59724794703919870  0.60672475929779257
  0.61462283331574752  0.62333731615839949  0.63095814439988440  0.63630918385195745
  0.64209713922429068  0.65012053556237792  0.65763576746955732  0.66466074700766387
  0.67196468811642140  0.68359331470451279  0.69443344808842578  0.70430122086052105
  0.71584733334358142  0.72442187678629055  0.73209664491764226  0.74050200818182565
  0.75005452971506903  0.76135509265029722  0.77312542942164575  0.78950186648703646
  0.80510656973320927  0.82119733457552702  0.83327478038068847  0.84360425990078458
  0.85298641363687744  0.86228770428546653  0.87172860225600979  0.88204001243013730
  0.89288299876798871  0.90383230387274849  0.91474500125905156  0.92581298559470371
  0.93487414574185967  0.94353761710474904  0.95196669389585653  0.95814980132938143
  0.96479760196826647  0.97559549728898010  0.98705812404407867  1.00000000000000000
 -0.00466428292243024  0.01902615843449760  0.04467178481305252  0.06193448787001159
  0.07903538545062047  0.09740770119259902  0.11295190165678130  0.12242515404219305
  0.13220793807832931  0.14076635274944771  0.14781001885243553  0.15364930524671325
  0.15926547042140338  0.16562087786926752  0.17212813084907674  0.17892133901681687
  0.18724099739752781  0.19896554046135556  0.21723696923201516  0.23361075276610482
  0.24596724245610554  0.25426543582069111  0.26083394325334353  0.26699830243791878
  0.27397401680544348  0.28413662087123864  0.29362679682276183  0.30126654389955965
  0.30864773086489417  0.31699724336432977  0.32720563115126733  0.33846716236132934
  0.34644637450749372  0.35108887646086862  0.35553490614915223  0.36052437018519345
  0.36826833519236329  0.38011925382349160  0.39369290504247284  0.40651256891897852
  0.41761613148772464  0.42776780481369808  0.43978663596298678  0.45007861848352532
  0.45945889609777729  0.46681875044441445  0.47237953284856127  0.47682004146040596
  0.48422564667688150  0.49055350674042736  0.49607199761737270  0.50144298047675318
  0.50822095926493149  0.51447481371783488  0.52370463380723964  0.53466599800946868
  0.54765166622834216  0.56208109699033837  0.57324591316107876  0.58195508203858515
  0.58735776864658251  0.59209165618221571  0.59642412053526450  0.60241315709428311
  0.61000313843542864  0.61743828060685146  0.62522688355578926  0.63286605736330070
  0.63897149690265775  0.64196437275998441  0.64635804433438460  0.65421876056915695
  0.66250344538263550  0.67151112913344624  0.67993895372966062  0.68977932548461185
  0.70132910758084976  0.71382273479386726  0.72682395469217720  0.73955275005530152
  0.75492340535839919  0.77215820150097381  0.79051567528267030  0.80845038730485164
  0.82401835940428081  0.83936574778924622  0.85256887729497544  0.86814115028422123
  0.88005535616910024  0.89254346317993205  0.90543323952224886  0.91877692919150056
  0.93245107282109418  0.94836594002268659  0.96837841125294100  1.00000000000000000
 -0.00535780492774062  0.02169569941879541  0.03563886827661429  0.04583415041692986
  0.05491543613973176  0.06513225627781100  0.07813871618344494  0.09269186140430588
  0.10753185725971892  0.11699442439536631  0.12621728353536651  0.13486987614086313
  0.14273589001099199  0.15032094398990944  0.16116255706710661  0.17141840973932868
  0.18265265674852543  0.19411788965193610  0.20412664618487883  0.21376992184954802
  0.22320875373659854  0.23207146993311908  0.24361545620279834  0.25823143681916716
  0.27055460421189742  0.27984147847425406  0.28725429541350100  0.29543894395354636
  0.30582387691090246  0.31890187677432552  0.33018385854275079  0.34199737742827752
  0.35589106932529135  0.36990857754845674  0.38353612800656650  0.39845823678513176
  0.41622059682302837  0.43390462464641322  0.44946779184615676  0.46485418142742879
  0.47478603007732539  0.48285643001307033  0.48890566334871693  0.49516227663919332
  0.50148040373251701  0.51084291257330317  0.51920409620078101  0.53042976465576608
  0.54247326705741827  0.55745630161407989  0.56782488284488608  0.57568387353911288
  0.58247636302583261  0.59151111946852175  0.60110402790675588  0.60985620642932059
  0.61837974053002798  0.63195367101878053  0.64873530275693381  0.66083761232084137
  0.67176943265866573  0.68228889318911445  0.69027737384620469  0.69826773991961133
  0.70717590791603258  0.72237693106454204  0.73727603384216955  0.74949912062729707
  0.76236361786969487  0.77518118152191751  0.78774765638953415  0.80038100528325518
  0.81368342457354337  0.82673884576481393  0.83860923176658686  0.84932967048665031
  0.86068022424951030  0.87545089459004211  0.88925687262016662  0.89709785896910677
  0.90217032243557593  0.90574331197244595  0.91178897745017895  0.91934739885782424
  0.92830656328575412  0.93718656040740811  0.94215086731304720  0.94703030338336169
  0.95404942682356264  0.95984885297238209  0.96589902904340885  0.97213900498834438
  0.97799148022871829  0.98414159202194551  0.99143564995033617  1.00000000000000000
 -0.00377576871648368  0.01498241868552235  0.02232702127690435  0.02822744616297868
  0.03404859490563549  0.04142192816824360  0.05028228032382277  0.06183515920359445
  0.07364903642434699  0.08436086194206872  0.09434504260987799  0.10603018874265951
  0.11934857416548082  0.13113871721595849  0.14232762824169465  0.15647518815797681
  0.16836905006545433  0.17523234965313572  0.18210055995016983  0.18911465659503293
  0.19433083727299880  0.19854854523540455  0.20372868939211800  0.20946312004719070
  0.21379243820565014  0.21763426608243833  0.22407467598582076  0.23258907394655171
  0.24265733372543272  0.25021777396542172  0.25609214513951412  0.26200582437023451
  0.27007779705203760  0.27959189015309560  0.28736373605516780  0.29328665330552567
  0.29921959577368679  0.30393228257527061  0.30872416117190443  0.31819931671664514
  0.32623435054299071  0.33422439163398310  0.34212700520716011  0.35014424071403455
  0.35965583806061369  0.36902821867820906  0.37649171544414173  0.38249054843343921
  0.39021921128566667  0.39718948716154490  0.40154091087893801  0.40553353247107193
  0.40911270964673602  0.41221530331590284  0.41612735324401995  0.42061998958553326
  0.42584895514239851  0.43523834992815746  0.44598362595036023  0.45983308412608637
  0.47298412266683298  0.48505053954131305  0.49542332438889614  0.50280046495854014
  0.51168429381690628  0.52089909161536530  0.53056284761536476  0.54014944314478874
  0.55318619397435520  0.56328763529435455  0.57283637889174110  0.58334004000595985
  0.59361810478311261  0.60485497009098210  0.61541756295273253  0.62089629356041431
  0.62554587923696103  0.63003673644605585  0.63391617897124652  0.64224653116375219
  0.65520986537878145  0.66963434460225790  0.68732710891246473  0.71039442871885672
  0.73074838589681046  0.75130946306826918  0.76858596065054485  0.78529540576378110
  0.80345808851247913  0.82010406584084239  0.83674003445466361  0.85118275360225326
  0.86886265704944066  0.89508170314808178  0.94262615793091642  1.00000000000000000
 -0.00068293606599955  0.00412152336217751  0.00891517119784970  0.01416441756804949
  0.02064103639445818  0.02808097577998923  0.03666629345575681  0.04578421884126516
  0.05406070306074451  0.06224679723467178  0.06610090235307162  0.07012124143156612
  0.07455764693220317  0.08276488743165165  0.09253241438863048  0.10450002639881398
  0.11871223791204050  0.13403666284030752  0.15317640287507858  0.17263765983862311
  0.18924897975294680  0.20442858360969271  0.21852744520481190  0.23391303347189155
  0.25005727144132850  0.26427615894419137  0.27720816077512628  0.29087798915466512
  0.30740347308272692  0.32540636204855550  0.34148936681525455  0.35534137940905819
  0.36795308907077950  0.38149334354534176  0.39657935662662885  0.41168669288919979
  0.42496148677356183  0.42947191371208848  0.43367778047546446  0.43766652647280208
  0.44128235666077104  0.44614827645095312  0.45476666673853411  0.46284030866708409
  0.46987710976142344  0.47711522224739600  0.48775126197957225  0.50215332599231144
  0.51707843226436390  0.53331354134648867  0.55441890334770605  0.56779961879431862
  0.57818406189767013  0.58574819940145539  0.59353478251019276  0.59974491761416915
  0.60534010940631378  0.61241304775056926  0.62217022844887548  0.63217130108617958
  0.64284415719070864  0.65083988750053934  0.65858213455980330  0.66619926049809264
  0.67250099028352706  0.67854655039388645  0.68358729281001440  0.68926508732327585
  0.69574855212895859  0.70341837358766568  0.71382464096020715  0.72855184226663294
  0.74682337610017979  0.75761439289347210  0.76448175219364845  0.77036207314854055
  0.77720316374853127  0.78782248220736939  0.80058636838833841  0.81119087004246437
  0.82027153471116665  0.82990384223728986  0.83869506866621191  0.84860323701885709
  0.85572955312742438  0.86150872289241776  0.86743526584039587  0.87508742189570965
  0.88660638173182538  0.89951887109692474  0.91368471967443066  0.92920057301404479
  0.94334669027327001  0.95816551666126637  0.97477675302782418  1.00000000000000000
 -0.00545369874645149  0.01488358188494362  0.03034371701010510  0.04367061056170354
  0.05823998745828580  0.07006748799286783  0.07914016926651352  0.08816671342680732
  0.09841475796855696  0.10974049951508269  0.11957709451364863  0.13005984163965001
  0.14187515484467184  0.15499273409708239  0.16708937971551360  0.17666343918089089
  0.18466819927971390  0.19489910133303551  0.21343819298678560  0.23330819542812264
  0.24442428632660718  0.25024345198901027  0.25624524860857067  0.26192376707340204
  0.26813472444607866  0.27758200130362004  0.28404270014340388  0.28953326325367368
  0.29736593563755126  0.30503803206993130  0.31191836519895200  0.32076182558002725
  0.33077048868091991  0.34073977572659742  0.35177694439978507  0.36139763058189411
  0.36973788935021185  0.37846658748191475  0.38960624210852751  0.39949406220499806
  0.41187510742333661  0.42435955911011808  0.43629048705812584  0.44883494835459281
  0.46334995474328111  0.47838012918025757  0.49206127124215993  0.50669805236105370
  0.52233830305262585  0.53609650371808015  0.54751721735415249  0.55812471808245656
  0.56898583975307038  0.57940773991743122  0.59075119498670936  0.60321212065206520
  0.61413539518374605  0.62238063715675573  0.63099392557929801  0.63856898517397853
  0.64485759321183034  0.65369017518240491  0.66667240892664470  0.68208219710034079
  0.69531698608820003  0.70770703356538156  0.71904426818343836  0.72850197857752519
  0.73921348810721921  0.75122942671351256  0.76264721409808456  0.77111375562543205
  0.77685108280040682  0.78209849032682355  0.78875198736212937  0.80206950672624122
  0.81835696124737323  0.83089851157315830  0.84724519857964409  0.86703228954285105
  0.88571039641719462  0.89741805280970155  0.90426668631014762  0.90971615503880454
  0.91660632477385307  0.92040908083564899  0.92486550235889498  0.93321474665835735
  0.94302946043618041  0.94733477417222145  0.95085358440236944  0.95506278260590904
  0.95926979708612736  0.96657310746167580  0.97932593587354833  1.00000000000000000
 -0.00552662333897675  0.01552189088309547  0.03492899285113460  0.05294473483218091
  0.06886562943579877  0.07997385377288940  0.08690129095766984  0.09321968207577476
  0.10019098357317249  0.10877139158864965  0.12376923673086504  0.13587899570983106
  0.14612265185510601  0.15646747685815973  0.16648987633202272  0.17219246974961724
  0.17636431188700347  0.18123308548446287  0.18737592802485911  0.19206848078111166
  0.19740139904209922  0.20286393902911215  0.20624474892555597  0.21044892952038441
  0.21636232389268037  0.22439870193311687  0.23657647073614418  0.25149365561017867
  0.26801945811195838  0.28164258344003734  0.29725603581759003  0.31315230396943222
  0.32651334730216486  0.33826669799476489  0.34446883738215089  0.35117492585118337
  0.35583819995793520  0.36000453905478491  0.36507076825045226  0.37186055510458793
  0.38156000460754458  0.38986473529496712  0.39966434784364951  0.40863698494422612
  0.41642115781113093  0.42718111991641455  0.44015679933099838  0.45312972490378078
  0.46631754657043489  0.48063480510888273  0.49148639604034039  0.50088475498530804
  0.50977325229916215  0.51855035848193964  0.53086948620745067  0.54543048976234598
  0.56181898327817337  0.57070143605556189  0.57914675137542937  0.58904006272547382
  0.60025238963203531  0.61243168073379373  0.62387225691316095  0.63699868461220088
  0.64996871564965863  0.66032040444240192  0.67016961894299709  0.68308363410322859
  0.69605808228147170  0.70711430300204459  0.71934384203580648  0.73272165868166461
  0.74453713293908474  0.75367732241962437  0.76112709508179666  0.76787002399613169
  0.77568896710678792  0.78388464591017182  0.79031014313847137  0.79897402754374747
  0.80976627810804525  0.82262329755783636  0.83636109913290946  0.85256450053070676
  0.86627619030100667  0.88189012959082613  0.89666984223669466  0.90929690498278115
  0.92187569089621546  0.93240205890952110  0.94221342998118862  0.95282995737066889
  0.96176275065772732  0.97275882650516754  0.98637997196577920  1.00000000000000000
 -0.00651204857097461  0.02187476183315972  0.04107645333993435  0.05379064418293682
  0.06387775705211432  0.07598692613745957  0.09725022466375655  0.11536035122312442
  0.13072208999988569  0.13967160533950229  0.14812973057289103  0.15920647280554731
  0.16965913038372307  0.17791745617124019  0.18538149979456528  0.19316162252882021
  0.20196394197418480  0.21116806940083291  0.22393987077720673  0.23248725178392382
  0.24183050575304843  0.25206764847924346  0.26130877508586664  0.26954067244092317
  0.27757144131302669  0.28198979491773363  0.28950940049019247  0.29720223873034773
  0.30553396169783947  0.31299720616197230  0.32108375660489580  0.33265772909068808
  0.34429042442971453  0.35224498758269041  0.36175375012790395  0.37111434805414084
  0.38044437778190615  0.39011724452012325  0.40038393049961857  0.41131286727351341
  0.42347826054914650  0.43427689176691869  0.44380752211067243  0.45298386887915465
  0.46068328569970912  0.46516840995277875  0.46970546318004197  0.47416389409608695
  0.47958670870388231  0.48736339917995691  0.49344912998028478  0.49823072998145645
  0.50389642511207255  0.50988301233554112  0.51559886060586924  0.52078231077020742
  0.52627036629119250  0.53244478920994565  0.54100057316743011  0.54933940418334015
  0.55626828709883303  0.56279464086872499  0.57073138533584078  0.58258006223679615
  0.59673267339606229  0.61175335771835104  0.62103763983349336  0.63197488365303078
  0.64283678374744779  0.65164399893053770  0.65984470019172159  0.66618529292996487
  0.67273554009645742  0.67937581611815934  0.68548974430127119  0.68993148014856032
  0.69444160992069948  0.70048966452957528  0.70857896557185873  0.72069303382673311
  0.73879659930189645  0.76184020115551498  0.78191561579288960  0.79948584838619674
  0.81474022166290339  0.83090248237043385  0.84771752526096145  0.86156357394042216
  0.87812929395044459  0.89578491216022860  0.91707983919775626  0.93685761897076059
  0.95417691934802029  0.96943006434677248  0.98061251733066901  1.00000000000000000
 -0.00117467820602665  0.00467049414617007  0.01235211328240448  0.01985326883553757
  0.03134553092202053  0.04954222969843058  0.06717589462340895  0.08389259376179320
  0.09910030954864281  0.11289026717850680  0.12266257417426392  0.13017967721461482
  0.13942362084366300  0.15210141272637251  0.16824622154970076  0.17890217207663703
  0.18872361277092031  0.19840284032764288  0.20602628893670688  0.21205228112432917
  0.21798147736404797  0.22412481081986496  0.22973128038463947  0.24011714254155683
  0.25707710611229251  0.27272374764801027  0.28354555301093581  0.29063758271264506
  0.29882514320841524  0.30670244207126751  0.31580191563886051  0.32556066138404566
  0.33351015866926320  0.34220800230995801  0.35099434867083451  0.35972200276463123
  0.37009085470061676  0.38312529639129683  0.39867171225292736  0.41675742286794748
  0.43309106795194108  0.44605061540424618  0.45869805872141212  0.46818875204291532
  0.47741072130178097  0.48806729423396189  0.49913187196777947  0.51101503482479138
  0.52550722382061943  0.54175854439070692  0.55398007915349157  0.56552263369243094
  0.57455217409763237  0.58251830820863137  0.59150416033535358  0.60646988800530155
  0.62051246485475897  0.63476502620789255  0.64586145816096163  0.65548489518175879
  0.66441749351277679  0.67114770226958276  0.67943992673807685  0.69138596227136506
  0.70454165956628778  0.71443074597842970  0.72420038413914234  0.73318215615781213
  0.73991162827359991  0.74428558476271178  0.75022875377104092  0.75622247736549564
  0.76235590636232653  0.77054921002054488  0.77924206949457830  0.78866829098210323
  0.79859785763756419  0.81290377209407472  0.81948495125522314  0.82684526195892338
  0.83723630361777202  0.84751599901531860  0.85614878344191070  0.86384026834857808
  0.87054847664295976  0.87365845756332328  0.87763739357086923  0.88359648215597997
  0.89762753013584273  0.91144817605946227  0.92931765466293714  0.94235433087447640
  0.95590609137789184  0.96956299668036594  0.98453386780486785  1.00000000000000000
 -0.02020486965077181  0.10161980457024164  0.17164424189001420  0.19970126919904430
  0.21570923805460165  0.23051128114640382  0.24757368924625803  0.26359420039939341
  0.27769426858047963  0.28773392345604898  0.29979967008061864  0.31257810028298361
  0.32375275640774942  0.33257886019340416  0.34052483239831566  0.34785313961912895
  0.35366245154914966  0.35929650748179714  0.36463647155102952  0.36967968707563453
  0.37439227140675185  0.37918142127101317  0.38411326786005617  0.39006723455410824
  0.39601290983247772  0.40368042420636785  0.41275723625756577  0.41948407681218747
  0.42301092640555710  0.42535826506653551  0.42734215753752769  0.42993240464492044
  0.43268543325481607  0.43591766188464970  0.44019170400411128  0.44403419458362942
  0.44820438863640188  0.45209555759713216  0.45594780974228233  0.45953097802165810
  0.46206298936982210  0.46423767951417511  0.46650077332002543  0.47104239818479920
  0.47630505663545047  0.48060900120643396  0.48433272299232633  0.48875603114445454
  0.49399516915814429  0.49700519026373796  0.49865595406434587  0.50170643227505196
  0.50502551914260962  0.50805571164578400  0.51113504040606483  0.51413984250156564
  0.51723588064411030  0.52040639709586667  0.52421175384949503  0.53005324576564061
  0.53698497993235506  0.54423137509316222  0.55276880480771373  0.56155221124147114
  0.57152429271023863  0.58152444625107758  0.58902370505771573  0.59318091905407366
  0.59699733158479051  0.60158209251760708  0.60639412407300797  0.61151735824577691
  0.61756221985915816  0.62431931415139241  0.62930630843292290  0.63397381399652741
  0.63922453613001862  0.64454837537195275  0.65027700602365801  0.65829707423890560
  0.67074112725556068  0.68169130301819536  0.69135870304712255  0.70074653334234160
  0.70963015304398880  0.71944824043818145  0.73162369770937219  0.75116058844200939
  0.76858349786812707  0.78284325541912914  0.79594907197458387  0.81186825079993941
  0.83273423535391644  0.86091197345623904  0.89341284104987650  1.00000000000000000
 -0.00509969249813162  0.00807627785730929  0.02026659664968440  0.03056173373859777
  0.04055100706402696  0.05009708589339833  0.05683161538916200  0.06218192520166693
  0.06710774078903933  0.07289319228318226  0.08014935137982655  0.08961773484980930
  0.09674432224267795  0.10353197195710925  0.11573008031486788  0.12894466218748801
  0.14213749148799859  0.15597253201900407  0.16875166974656389  0.18148510664479894
  0.19518362826158012  0.20786871695723050  0.22037413173046336  0.23269360769006725
  0.24168706018550851  0.25194264762708629  0.26146279000085881  0.26858232844417823
  0.27645817908081649  0.28529527882124994  0.29351863993992000  0.30142380550197567
  0.30963291345255622  0.31522486310056169  0.32905358670261881  0.34314736164529536
  0.36167389710361841  0.38514600876535748  0.40791707955009854  0.42305024547858133
  0.43638229194104511  0.44551175437732676  0.45444063726177952  0.46416858590266241
  0.47314510140386357  0.48059815736694672  0.49002588376832684  0.50180248301353647
  0.51345044466660561  0.52252071203843597  0.53293242255067474  0.54536472245111811
  0.55658066920818017  0.56976247192275631  0.58143844723937499  0.59127750234023591
  0.60002705066797446  0.60793819192140253  0.61488464797079567  0.62124128138553114
  0.62925741193884344  0.64068548501258238  0.65180179294738150  0.66046834978644908
  0.66831181121510463  0.67529768242979171  0.68420163102199483  0.69509879970966937
  0.70428882633026979  0.71774152541010239  0.73069810122717338  0.74407436118801473
  0.75869998816583495  0.77494174280913275  0.79104526295198851  0.80358506061769974
  0.81262740036104764  0.82014792727857677  0.82728989017246402  0.83469440348981927
  0.84524183993732949  0.85324085526450966  0.86243397443671754  0.87354201396716546
  0.88516159703613928  0.90009230416132413  0.91480604194976556  0.92495507224018969
  0.93220146154951722  0.94073331074883715  0.94734979419313503  0.95276272833624320
  0.96103364544349168  0.97245799899678453  0.98583103409768946  1.00000000000000000
  0.66264194517478903  0.71715959257806605  0.74054900994955697  0.75332269377043870
  0.76137173882166265  0.76917610575023132  0.77680813329023091  0.78227886025139604
  0.78787754148009614  0.79344679214927216  0.79873314277783092  0.80537008299165869
  0.80910174432688020  0.81169445830159237  0.81356915215204961  0.81530112852384284
  0.81865801613965217  0.82259672015703522  0.82654552024221750  0.83221117252694099
  0.83961977481345296  0.84633513406738548  0.85242568173601074  0.85778693792617433
  0.86260096982771672  0.86640174938012204  0.87024662248278939  0.87372568571606690
  0.87611173896778827  0.87792965269105372  0.88000986176359786  0.88239414676315642
  0.88416428392138036  0.88589470742829168  0.88763289634093034  0.88947800234018448
  0.89104679238023321  0.89222394117884340  0.89333102882578108  0.89510974346703864
  0.89779616089416237  0.90070597893475213  0.90296461573799736  0.90476986187325337
  0.90620966552021431  0.90777133223516704  0.90968633639719632  0.91212810583632442
  0.91477931518654398  0.91699816598383777  0.91896126564955849  0.92074296304431347
  0.92219827055607839  0.92368260405852209  0.92509495924562846  0.92671548960589967
  0.92859288775750604  0.93037815009472868  0.93182448371206905  0.93304482607211603
  0.93435071730821084  0.93543277427899929  0.93649734238714866  0.93805652670918382
  0.93947083218681848  0.94081923456839289  0.94208147752122062  0.94282503958388542
  0.94397927794823622  0.94527863950712687  0.94651272396946118  0.94765362219548843
  0.94887749894401396  0.95058656012807552  0.95238874932344442  0.95421632261122269
  0.95609509834153328  0.95788550139479889  0.95956751903164961  0.96116990160440774
  0.96285180201202147  0.96460658088696105  0.96632985666623805  0.96791219862531686
  0.96965203752616203  0.97088732354187635  0.97214598157670851  0.97343341613808076
  0.97479632642672209  0.97650131404826446  0.97877462841011409  0.98107013217187389
  0.98340565324603357  0.98602985806625532  0.99076784568109999  1.00000000000000000
 -0.03896109073204253  0.16961172041488051  0.22229573087955726  0.25622403991679110
  0.27810437040702773  0.29308079704214030  0.30166111956481273  0.30838954010279535
  0.31401236984614445  0.31975281191673538  0.32463102397992022  0.33023659033339320
  0.33906931344889413  0.34989484186961262  0.36009850135012600  0.36743523296819736
  0.37447819278718725  0.38166083786271809  0.38641013434097149  0.39237936826897496
  0.40095126464169573  0.40803977510657241  0.41684788120254834  0.42891903915491014
  0.43950666420758538  0.44921575244499329  0.45814555140909075  0.46662616135101481
  0.47464178394399459  0.48010065547391695  0.48389221438669150  0.48841462912566680
  0.49419239484107991  0.50050761314700454  0.50615206878662977  0.51122130731032922
  0.51429407015522599  0.51703534602590584  0.51971290981296081  0.52246945306141823
  0.52539712354099732  0.53194033454436629  0.53762624810611503  0.54261935673623107
  0.54780277426205481  0.55378479541685643  0.55897089087594387  0.56419258063127875
  0.56936212868055469  0.57459278183695517  0.58154094516865296  0.58883697077956065
  0.59866018425302225  0.60756766521293903  0.61424892263888276  0.61893395844385657
  0.62290830225819682  0.62720978752404977  0.63036725807894600  0.63325092736334321
  0.63682326175696957  0.64104892685496428  0.64596923635512571  0.65004158513015886
  0.65374371269306353  0.65835741771537248  0.66264268402181048  0.66737510379893894
  0.67296656327311044  0.67947045111569915  0.68587589587397402  0.69225723162405850
  0.69859380925721937  0.70429838640172926  0.70976117742709566  0.71807221535999732
  0.72661090030588971  0.73474923162068217  0.74219945560292633  0.74867940445807046
  0.75413691911944158  0.76138420817186436  0.76954928090387009  0.77658753713525963
  0.78272792989800755  0.78921689152650609  0.79599458692562419  0.80371846298480554
  0.81275396754741280  0.82506173259643489  0.83470362085959438  0.84339622238630019
  0.85296060408103891  0.86582106604015652  0.89903524924663092  1.00000000000000000
   3.7979713452518157E-018  -1.0000000000000000     
 F F F F F F F F F F F F F F F F F F F F F F F F F F F F F F F F F F F F F F F F F F F F F F F F F F F F F F F F F F F F F F F F F F F F F F F F F F F F F F F F F F F F F F F F F F F F F F F F F F F F F F F F F F F F F F F F F F F F F F F F F F F F F F F F F F F F F F F F F F F F F F F F F F F F F F F F F F F F F F F F F F F F F F F F F F F F F F F F F F F F F F F F F F F F F F F F F F F F F F F F F F F F F F F F F F F F F F F F F F F F F F F F F F F F F F F F F F F F F F F F F F F F F F F F F F F F F F F F F F F F F F F F F F F F F F F F F F F F F F F F F F F F F F F F F F F F F F F F F F F F F F F F F F F F F F F F F F F F F F F F F F F F F F F F F F F F F F F F F F F F F F F F F F F F F F F F F F F F F F F F F F F F F F F F F F F F F F F F F F F F F F F F F F F F F F F F F F F F F F F F F F F F F F F F F F F F F F F F F F F F F F F F F F F F F F F F F F F F F F F F F F F F F F F F F F F F F F F F F F F F F F F F F F F F F F F F F F F F F F F F F F F F F F F F F F F F F F F F F F F F F F F F F F F F F F F F F F F F F F F F F F F F F F F F F F F F F F F F F F F F F F F F F F F F F F F F F F F F F F F F F F F F F F F F F F F F F F F F F F F F F F F F F F F F F F F F F F F F F F F F F F F F F F F F F F F F F F F F F F F F F F F F F F F F F F F F F F F F F F F F F F F F F F F F F F F F F F F F F F F F F F F F F F F F F F F F F F F F F F F F F F F F F F F F F F F F F F F F F F F F F F F F F F F F F F F F F F F F F F F F F F F F F F F F F F F F F F F F F F F F F F F F F F F F F F F F F F F F F F F F F F F F F F F F F F F F F F F F F F F F F F F F F F F F F F F F F F F F F F F F F F F F F F F F F F F F F F F F F F F F F F F F F F F F F F F F F F F F F F F F F F F F F F F F F F F F F F F F F F F F F F F F F F F F F F F F F F F F F F F F F F F F F F F F F F F F F F F F F F F F F F F F F F F F F F F F F F F F F F F F F F F F F F F F F F F F F F F F F F F F F F F F F F F F F F F F F F F F F F F F F F F F F F F F F F F F F F F F F F F F F F F F F F F F F F F F F F F F F F F F F F F F F F F F F F F F F F F F F F F F F F F F F F F F F F F F F F F F F F F F F F F F F F F F F F F F F F F F F F F F F F F F F F F F F F F F F F F F F F F F F F F F F F F F F F F F F F F F F F F F F F F F F F F F F F F F F F F F F F F F F F F F F F F F F F F F F F F F F F F F F F F F F F F F F F F F F F F F F F F F F F F F F F F F F F F F F F F F F F F F F F F F F F F F F F F F F F F F F F F F F F F F F F F F F F F F F F F F F F F F F F F F F F F F F F F F F F F F F F F F F F F F F F F F F F F F F F F F F F F F F F F F F F F F F F F F F F F F F F F F F F F F F F F F F F F F F F F F F F F F F F F F F F F F F F F F F F F F F F F F F F F F F F F F F F F F F F F F F F F F F F F F F F F F F F F F F F F F F F F F F F F F F F F F F F F F F F F F F F F F F F F F F F F F F F F F F F F F F F F F F F F F F F F F F F F F F F F F F F F F F F F F F F F F F F F F F F F F F F F F F F F F F F F F F F F F F F F F F F F F F F F F F F F F F F F F F F F F F F F F F F F F F F F F F F F F F F F F F F F F F F F F F F F F F F F F F F F F F F F F F F F F F F F F F F F F F F F F F F F F F F F F F F F F F F F F F F F F F F F F F F F F F F F F F F F F F F F F F F F F F F F F F F F F F F F F F F F F F F F F F F F F F F F F F F F F F F F F F F F F F F F F F F F F F F F F F F F F F F F F F F F F F F F F F F F F F F F F F F F F F F F F F F F F F F F F F F F F F F F F F F F F F F F F F F F F F F F F F F F F F F F F F F F F F F F F F F F F F F F F F F F F F F F F F F F F F F F F F F F F F F F F F F F F F F F F F F F F F F F F F F F F F F F F F F F F F F F F F F F F F F F F F F F F F F F F F F F F F F F F F F F F F F F F F F F F F F F F F F F F F F F F F F F F F F F F F F F F F F F F F F F F F F F F F F F F F F F F F F F F F F F F F F F F F F F F F F F F F F F F F F F F F F F F F F F F F F F F F F F F F F F F F F F F F F F F F F F F F F F F F F F F F F F F F F F F F F F F F F F F F F F F F F F F F F F F F F F F F F F F F F F F F F F F F F F F F F F F F F F F F F F F F F F F F F F F F F F F F F F F F F F F F F F F F F F F F F F F F F F F F F F F F F F F F F F F F F F F F F F F F F F F F F F F
  <DiscreteSampler_grid>
  grouped_processes
  1 # 1 for a reference and 2 for a running grid.
  10 # Attribute 'min_bin_probing_points' of the grid.
  1 # Attribute 'grid_mode' of the grid. 1=='default',2=='initialization'
  0.0000000000000000 # Attribute 'small_contrib_threshold' of the grid.
  0.5000000000000000 # Attribute 'damping_power' of the grid.
 # binID   n_entries weight   weight_sqr   abs_weight
    61   10   1.204662543436109E-012   1.303491974082218E-023   1.204662543436109E-012
    62   10   1.204662543436055E-012   1.303491974082095E-023   1.204662543436055E-012
    64   10   2.409325086872217E-012   5.213967896328872E-023   2.409325086872217E-012
    65   10   2.409325086872110E-012   5.213967896328382E-023   2.409325086872110E-012
    67   10   1.284440804796064E-012   1.496392393156081E-023   1.284440804796064E-012
    68   10   1.284440804795999E-012   1.496392393155922E-023   1.284440804795999E-012
    70   10   2.568881609592127E-012   5.985569572624324E-023   2.568881609592127E-012
    71   10   2.568881609591998E-012   5.985569572623689E-023   2.568881609591998E-012
    106   10   1.204662543436094E-012   1.303491974082185E-023   1.204662543436094E-012
    107   10   1.204662543436026E-012   1.303491974082029E-023   1.204662543436026E-012
    109   10   2.409325086872188E-012   5.213967896328740E-023   2.409325086872188E-012
    110   10   2.409325086872053E-012   5.213967896328117E-023   2.409325086872053E-012
    112   10   1.284440804796049E-012   1.496392393156046E-023   1.284440804796049E-012
    113   10   1.284440804795973E-012   1.496392393155858E-023   1.284440804795973E-012
    115   10   2.568881609592099E-012   5.985569572624186E-023   2.568881609592099E-012
    116   10   2.568881609591946E-012   5.985569572623433E-023   2.568881609591946E-012
    151   10   7.918480440882247E-012   6.269719630234736E-022   7.918480440882247E-012
    152   10   7.918480440882342E-012   6.269719630234887E-022   7.918480440882342E-012
    154   10   1.583696088176449E-011   2.507887852093895E-021   1.583696088176449E-011
    155   10   1.583696088176468E-011   2.507887852093955E-021   1.583696088176468E-011
    157   10   7.189948520647361E-012   5.060021798034449E-022   7.189948520647361E-012
    158   10   7.189948520647453E-012   5.060021798034581E-022   7.189948520647453E-012
    160   10   1.437989704129472E-011   2.024008719213780E-021   1.437989704129472E-011
    161   10   1.437989704129491E-011   2.024008719213832E-021   1.437989704129491E-011
    196   10   7.918480440882236E-012   6.269719630234721E-022   7.918480440882236E-012
    197   10   7.918480440882357E-012   6.269719630234909E-022   7.918480440882357E-012
    199   10   1.583696088176447E-011   2.507887852093889E-021   1.583696088176447E-011
    200   10   1.583696088176471E-011   2.507887852093964E-021   1.583696088176471E-011
    202   10   7.189948520647355E-012   5.060021798034442E-022   7.189948520647355E-012
    203   10   7.189948520647475E-012   5.060021798034611E-022   7.189948520647475E-012
    205   10   1.437989704129471E-011   2.024008719213777E-021   1.437989704129471E-011
    206   10   1.437989704129495E-011   2.024008719213844E-021   1.437989704129495E-011
  </DiscreteSampler_grid>
