  0.00306702617376044  0.01409360640595870  0.02308952967986234  0.03217330441393303
  0.04100583482693795  0.05012709906321799  0.05844063687278633  0.06596388159650979
  0.07275623213112464  0.07971895574785938  0.08799250790642353  0.10150259894096285
  0.11571648516513008  0.12933213456482739  0.14213706651487990  0.15206479214869612
  0.16158118470688887  0.17113452128321172  0.17960334059920377  0.18801979532689653
  0.19601143296828086  0.20362547511999118  0.21093169329645423  0.21953692649246337
  0.22868050250188007  0.23843400595972869  0.24972170634155608  0.26180028604278399
  0.27424405532056340  0.28674965541833591  0.29940666224020906  0.31144447178236223
  0.31496249758070649  0.31893257938779507  0.32481879494716326  0.33083647309479736
  0.33638612843568805  0.34323708024595967  0.35382532679226558  0.36559281561515367
  0.37740235271372208  0.38973894861128577  0.40065139854015863  0.41017076229523125
  0.41884032937069610  0.42621911208370605  0.43525164268639693  0.44449550644435087
  0.45368154130825017  0.46278834806441244  0.47054181646056670  0.47578590759455802
  0.48201986786514261  0.49089061287533009  0.50049596883292391  0.51283376674944081
  0.52628502471529992  0.53922111898998404  0.55049231103325769  0.56189851290153225
  0.57456422020474085  0.58905447889517049  0.60264038646144802  0.61627215074410169
  0.63073462071853459  0.64591386443441345  0.65886213819028050  0.67050262694351270
  0.68207933544005017  0.69356998657373903  0.70633356897316280  0.71856488087959680
  0.73075059158442346  0.74350358104201097  0.75697462511004809  0.76926293689554093
  0.77860199998193536  0.78655811308476375  0.79528137376462249  0.80425798959447037
  0.81302518702418602  0.82237852430661307  0.83286496823482081  0.84383228444229741
  0.85653365421321614  0.87128457065365306  0.88337708265187687  0.89415716545426582
  0.90430283365039388  0.91535467419485472  0.92912673478854546  0.94413578752405436
  0.95928514037608037  0.97259000551825459  0.98356499951063647  1.00000000000000000
  0.00986375264176585  0.01525841334914261  0.02392049951571232  0.03480477098428960
  0.04742275074145251  0.06100592756682306  0.07542977673447364  0.08970644356185206
  0.10292118162877530  0.11491231551174581  0.12626360203867476  0.13745480969178664
  0.14944865802250554  0.16020657920215892  0.17126298685606806  0.18361158924488491
  0.19762024908120465  0.20995043051455403  0.22242043575233050  0.23430229190881019
  0.24834307835443253  0.26249308125441512  0.27514555943967567  0.28715802655957878
  0.29858416698342855  0.30999592875859222  0.32239497044397603  0.33583049053217395
  0.34558035631993012  0.35404538805045599  0.36373200974087899  0.37663882276678640
  0.39028705463862873  0.40098156558107112  0.41131371788509463  0.42051403745776650
  0.42818956947403919  0.43689554584834289  0.44782889805298370  0.45752520357942411
  0.47176892789557379  0.48520184795671084  0.49378990126683997  0.49899181706785078
  0.50413057160260977  0.51105265013631029  0.52023336360966266  0.52766340292738678
  0.53652982491761581  0.54600839588192873  0.55599222163806483  0.56752821147010812
  0.57911366217937066  0.59044954448877163  0.60121334997016829  0.61110139183378920
  0.62243833430522066  0.63328959369870830  0.64080653116297992  0.64833338218366288
  0.65621635702608572  0.66543460733705606  0.67770208151128430  0.68669309498866848
  0.69729723965432255  0.70830592976747020  0.72006226528824202  0.73502695157613418
  0.74647539587606648  0.75583735753297598  0.76736512774868904  0.78121772029941505
  0.79268969285243707  0.80539905690631886  0.81637274831289264  0.82678417472952714
  0.83702496797449466  0.84778870426246677  0.86025380705205912  0.87106298570699559
  0.87900534486435633  0.88509634413790272  0.89028622532596480  0.89655022874647661
  0.90274922494020415  0.91029818489174252  0.91899535477575045  0.92705131423765186
  0.93484387087447507  0.94358029790754672  0.95310875726763478  0.96239376440305191
  0.97127809982673607  0.98121139833641513  0.99128501357752619  1.00000000000000000
  0.00326909124329127  0.01310101115813326  0.01985398157435220  0.02916885628559614
  0.03937015555409987  0.04929072166730453  0.05455269886912763  0.05921381363901223
  0.06568293452879874  0.07486781538952408  0.08637659922942231  0.09846601325118362
  0.11043830181206916  0.12207687575447049  0.13339455495073640  0.14576813413886069
  0.15828071804275592  0.17125883881046861  0.18360016990629527  0.19520204480791895
  0.20511065349087604  0.21384566009974873  0.22197983323213630  0.22994133213057918
  0.23800370271343219  0.24861170907634519  0.26018195188585919  0.27216886480672908
  0.28174249585180944  0.28962773046179285  0.29749363477712937  0.30573745202144109
  0.31377266268122322  0.32262323781827468  0.33312083061767223  0.34233785334754335
  0.34975541354191664  0.35801883792094369  0.36907696909913007  0.38416295770949221
  0.40301083611911687  0.42020007928130954  0.43320342420177582  0.44425930874044173
  0.45450436957379708  0.46447608611233848  0.47393789620907201  0.48230699071723532
  0.48996186523394136  0.49766189084063583  0.50653439595893479  0.51651571576250044
  0.52715362319305648  0.53932013144737201  0.55298242611994708  0.56728284727463030
  0.58079489953429009  0.59303750959441293  0.60481580761517206  0.61751900527939196
  0.63142149341822795  0.64211343804505716  0.65154092920732976  0.65988109949320484
  0.66727689365419096  0.67403273980558920  0.68249311936653900  0.69258646504977561
  0.70398934410553027  0.71428743273331108  0.72239883294595553  0.72977932696656100
  0.73822464690680500  0.74984544519412510  0.76191133571001579  0.77317733600547567
  0.78408028080885772  0.79713597866473218  0.81082849021805903  0.82156514513297474
  0.83290181736721292  0.84471931085389818  0.86000159559312106  0.87191196359608081
  0.88178622172753418  0.88887163271062530  0.89654446993964754  0.90507191920814301
  0.91360890222742952  0.92138713823175256  0.93394207224292636  0.94857541960306746
  0.96273536901513046  0.97573650946442891  0.98790418098577315  1.00000000000000000
  0.00000304117070414  0.00000846343383064  0.00000907207987904  0.00000974018406747
  0.00001022636510571  0.00001062818255248  0.00001112908809257  0.00001199666788065
  0.00001297594047407  0.00001353434994252  0.00001408891713217  0.00001471470486746
  0.00001545456817730  0.00001638945552242  0.00001744086419154  0.00001869052156672
  0.00001994513792318  0.00002117661275796  0.00002223862227652  0.00002326503885549
  0.00002428017169525  0.00002533585355413  0.00002644428759978  0.00002747615001472
  0.00002827629985460  0.00002923441568031  0.00003027430988264  0.00003125791533789
  0.00003232102989124  0.00003371893072811  0.00003513244985554  0.00003633321937617
  0.00003757735344445  0.00003916094203827  0.00004114952874378  0.00004313046423205
  0.00004481809581116  0.00004627020194317  0.00004786352403266  0.00004958249389059
  0.00005144290962754  0.00005348138560930  0.00005549341376734  0.00005765563720315
  0.00006000569536938  0.00006248497465938  0.00006522685212694  0.00006732655322148
  0.00006926962430281  0.00007136632541989  0.00007343017003295  0.00007561361578136
  0.00007826347155120  0.00008054461538760  0.00008275329379922  0.00008508994383512
  0.00008788452928479  0.00009137368968429  0.00009551053147219  0.00009972987799652
  0.00010321485036303  0.00010595182848555  0.00010804299777258  0.00010995563584233
  0.00011195138708630  0.00011436933244212  0.00011777231261887  0.00012218662747535
  0.00012609069518325  0.00012938737418160  0.00013305516235654  0.00013754149700532
  0.00014356984045259  0.00015013514417583  0.00015758044320862  0.00016354400458225
  0.00016939033265520  0.00017692785692207  0.00018498147218069  0.00019291022579153
  0.00020071931689486  0.00020969883412009  0.00022188051154768  0.00023488961656568
  0.00024861445949030  0.00026027629448857  0.00027307953082676  0.00029164728127161
  0.00032472190998865  0.00036753162256111  0.00041705076862716  0.00048567759401646
  0.00060610840508397  0.00084102835386721  0.00467728503547995  1.00000000000000000
  0.00000235283666774  0.00000696033521884  0.00000878619955439  0.00001028225576411
  0.00001174516008371  0.00001292705775153  0.00001357981836978  0.00001436226523877
  0.00001524546565009  0.00001618336061051  0.00001724601445958  0.00001794910746805
  0.00001839497290252  0.00001920319851579  0.00002008698550118  0.00002074223696524
  0.00002145251387928  0.00002242673530577  0.00002337555734313  0.00002453398531079
  0.00002575176723201  0.00002689197294320  0.00002793668626380  0.00002895042884681
  0.00002984462387337  0.00003045460482226  0.00003110158291347  0.00003201063822764
  0.00003301098203058  0.00003394753131363  0.00003454587475442  0.00003502326891861
  0.00003569289665464  0.00003679674980250  0.00003845319090648  0.00004052121569806
  0.00004227762252162  0.00004393104892742  0.00004565665635679  0.00004738596054557
  0.00004886664859892  0.00005020206927481  0.00005159960245095  0.00005305246655011
  0.00005459433686889  0.00005627622794861  0.00005805436618104  0.00005977328799757
  0.00006127507899085  0.00006268075077108  0.00006419770180278  0.00006588638675857
  0.00006807569239221  0.00007057715465665  0.00007302828443949  0.00007536118303527
  0.00007752760847184  0.00007987824108801  0.00008262162077093  0.00008589436877083
  0.00008942870604831  0.00009273419178100  0.00009544284831475  0.00009808438860477
  0.00010078716253633  0.00010353242069374  0.00010631188898586  0.00010886842799134
  0.00011129045145014  0.00011372012877978  0.00011614192915238  0.00011957710463040
  0.00012424846271460  0.00012942062590145  0.00013412306153020  0.00013858936567536
  0.00014298057707736  0.00014800195440806  0.00015397145435266  0.00016033482776782
  0.00016839276236835  0.00017772360057650  0.00018878461614229  0.00020194016888694
  0.00022036057738380  0.00024942848563900  0.00028568553072061  0.00032766746915095
  0.00037476009318523  0.00043386360990348  0.00052142744348864  0.00069912200578527
  0.00106067884188580  0.00191086645333596  0.07914770142928929  1.00000000000000000
  0.00000861203282906  0.00001219470430734  0.00001443655264927  0.00001590977394099
  0.00001644663034155  0.00001685459579077  0.00001735294557643  0.00001822912623613
  0.00001900970645949  0.00001970449784021  0.00002058338891835  0.00002192043736629
  0.00002301308155118  0.00002361707726509  0.00002433057176053  0.00002500632687269
  0.00002565605599490  0.00002662832354439  0.00002798532343725  0.00002924721454516
  0.00003051021768598  0.00003172922110815  0.00003293960679859  0.00003382743741210
  0.00003438458544494  0.00003521870179370  0.00003632960073539  0.00003733022213666
  0.00003834661498993  0.00003946600500706  0.00004080925227905  0.00004198041183952
  0.00004319147559052  0.00004453247241346  0.00004644577872492  0.00004867605571112
  0.00005093004398005  0.00005302203772580  0.00005496633302715  0.00005736492969379
  0.00005996285950478  0.00006235086068360  0.00006454142412629  0.00006687333737605
  0.00006943210750924  0.00007207354423194  0.00007491480914082  0.00007823267052320
  0.00008177393828148  0.00008575407819833  0.00009029712800398  0.00009475033967854
  0.00009881728213818  0.00010310249679146  0.00010694625504973  0.00011043561098306
  0.00011406154264837  0.00011759525771423  0.00012137871789179  0.00012614734588773
  0.00013185993269886  0.00013751533579334  0.00014306381044278  0.00014849935021527
  0.00015391343160853  0.00015934510905027  0.00016589189862836  0.00017413949299296
  0.00018347079070982  0.00019310735747825  0.00020321640665334  0.00021452246571024
  0.00022797887113472  0.00024547017738536  0.00026553752616249  0.00028360110982226
  0.00030045500545186  0.00031270764140033  0.00032992208703705  0.00034876671605150
  0.00036773789831120  0.00038676959826216  0.00041315068991108  0.00044320217117461
  0.00048173593409378  0.00052276389189617  0.00057309192725671  0.00064286620979517
  0.00073688028876300  0.00087552063044413  0.00106312387592986  0.00136829870353059
  0.00188718288202146  0.00354352804097441  0.34247525169212745  1.00000000000000000
  0.00000271075720017  0.00000945468663676  0.00001451329325334  0.00001821574480081
  0.00002138984507459  0.00002307404975600  0.00002427277625874  0.00002522397573642
  0.00002675354156144  0.00002863208306731  0.00003123317033370  0.00003444596971362
  0.00003755789192654  0.00004096688285763  0.00004434689826991  0.00004788747374689
  0.00005099251164080  0.00005315432047283  0.00005467832945619  0.00005626769992655
  0.00005767644216088  0.00005948244069093  0.00006138267666753  0.00006336209427185
  0.00006549803016037  0.00006807867528677  0.00007064441861559  0.00007340456183303
  0.00007586035867831  0.00007854845707587  0.00008086221258204  0.00008337172472028
  0.00008650458723327  0.00008996359175214  0.00009296994928712  0.00009530159799472
  0.00009743018597275  0.00009960013990271  0.00010174118173407  0.00010411446300105
  0.00010800218828745  0.00011468478458903  0.00012014281858798  0.00012351511037039
  0.00012658391970553  0.00012967955387621  0.00013273497325312  0.00013529879019967
  0.00013746181045646  0.00013962701406281  0.00014220251532500  0.00014501577194856
  0.00014924592964721  0.00015482544819873  0.00016025859082199  0.00016540085550520
  0.00017055693375899  0.00017579790429335  0.00018018790676762  0.00018382192836614
  0.00018726670338024  0.00019128826776786  0.00019634665876826  0.00020185663359028
  0.00020817156226210  0.00021620144606290  0.00022495037197808  0.00023428569506789
  0.00024609769353990  0.00025829577152024  0.00027130406965749  0.00028519781293518
  0.00030162829943897  0.00032041558246092  0.00034064290418298  0.00036044571794682
  0.00038324045131815  0.00041275354780697  0.00044134436705786  0.00047062508711236
  0.00050309850764928  0.00054364848867114  0.00059296097215190  0.00065046881943499
  0.00071677143932065  0.00079866701982692  0.00089886140438254  0.00101087283100682
  0.00113435208819944  0.00126698170897426  0.00138222943382919  0.00157661853793184
  0.00190019666360829  0.00283978695576265  0.06876372657456162  1.00000000000000000
 -0.00583692812715320  0.01700806710016463  0.03917701767427312  0.06062814291687131
  0.08040769447853210  0.09785772391407374  0.11270678253306990  0.12476946838921593
  0.13626940596331433  0.14916225611477979  0.16211645319954202  0.17185272481061950
  0.18164460501179711  0.19165394038568559  0.20220860718950093  0.21342712475646122
  0.22529127427206719  0.23625203819616841  0.24637445200627708  0.25565336731854249
  0.26431438413687697  0.27305328466893658  0.28097130418255833  0.28729143995012169
  0.29368827045736806  0.30159179885923898  0.31246631027629368  0.32374424347882214
  0.33402270091910263  0.34378768952728811  0.35385396173978728  0.36423496762547553
  0.37486380479009468  0.38692710741126646  0.39777445021937641  0.40767625675291402
  0.41699637058307748  0.42481770317807999  0.43113906060256324  0.43726621895133605
  0.44376181339681747  0.45064266871185515  0.45662767726477527  0.46186398600591033
  0.46612417909264026  0.47033288766868198  0.47503798485605869  0.47995411471919930
  0.48491634398774608  0.48988525836903313  0.49506098427961170  0.50008318065397661
  0.50556177619448417  0.51168788347323524  0.51715986335014330  0.52176596202585679
  0.52776813244412657  0.53598974812316069  0.54599557463707171  0.55777375677113095
  0.56851671462677678  0.57985616237554738  0.59079808644796694  0.59912078420380011
  0.60698156113775381  0.61464873564978184  0.62387002405924075  0.63458279215717572
  0.64607090682894530  0.65993039493409555  0.67302161261838467  0.68344736197516898
  0.69118146200810149  0.69884996969520496  0.70669456013634313  0.71316624766928172
  0.72052898094429085  0.72893373339500700  0.73724811586870675  0.74747891699793467
  0.75797590254110614  0.76743686235315689  0.77794028448264851  0.78729239682883556
  0.79756705091187707  0.80930293626589578  0.81959486069603382  0.83183996347844702
  0.85100708829962457  0.87211021165080282  0.89110008491271309  0.91125266280512263
  0.92850203968836742  0.94768097333989032  0.97256735248913850  1.00000000000000000
 -0.00375724176704700  0.01253781439151230  0.02563600026089612  0.03683620001943382
  0.04681582242679450  0.05589063755270972  0.06428750487005254  0.07364649685303398
  0.08350146175739451  0.09441969123376019  0.10912618353923932  0.12436940555852392
  0.13397129840631891  0.14320106213426925  0.15102527014458250  0.15991420399905776
  0.17021736985865471  0.17789751536083992  0.18854264748763752  0.20015960065532956
  0.21392618851548251  0.22606989252602488  0.23716067359566734  0.25004177658080129
  0.26025540271887765  0.26972679171025649  0.27886581988477449  0.28848338829288761
  0.30068010482941587  0.30883790705644937  0.31582824780642388  0.32391974326900114
  0.33058317295845552  0.33651124610344113  0.34323686963635847  0.35082363439429098
  0.35858708051179367  0.36941980273991404  0.38170006980813442  0.39160331777249446
  0.40025296681400641  0.40913176347549507  0.42034954073793418  0.43108899549673041
  0.44167681445720469  0.45439856688458680  0.46673379544642773  0.47915571876292745
  0.49220464153909493  0.50403028881055978  0.51562608184794856  0.52413752409087255
  0.53288260816579747  0.54386392610881229  0.55745501262707209  0.57062346170266409
  0.58137677477243721  0.59180849655696155  0.60234356308537806  0.61321642713389124
  0.62113390187776385  0.62918776894695694  0.63758347257615167  0.64674100598421791
  0.65324412801190823  0.66060800000925879  0.67299192381106232  0.69034827892403783
  0.70690188031997114  0.71987449171198592  0.73057514272541002  0.74054496527706282
  0.75202299508667148  0.76341427445954990  0.77461345315485608  0.78488253749088399
  0.79387161977011778  0.80275636878584389  0.81197803268795210  0.82374359602289460
  0.83754093442959932  0.85191109640906415  0.86806994935090276  0.88393435609177007
  0.89640642666614945  0.90446761542809739  0.91242599243604972  0.91846467750167182
  0.92386275030813159  0.93245735850712430  0.94291026041051318  0.95341286867030717
  0.96444754091064544  0.97573038961963277  0.98794501784762545  1.00000000000000000
 -0.00217470384163244  0.00385032052451454  0.01045730377759019  0.01783057652844906
  0.02770455107637627  0.03666959100167894  0.04669692139236389  0.05778657609857363
  0.06842206083200744  0.07835879827962434  0.08832344334867120  0.09962558034687072
  0.11076685219238173  0.12210861612433799  0.13674279767471681  0.15104817653161232
  0.16390449446727332  0.17475064788097563  0.18505369885909673  0.19385670880722333
  0.20168694433881412  0.21016668672752054  0.22027624720329375  0.22972115730775655
  0.23607493116510433  0.24595608457195270  0.25545782219470781  0.26617670891888179
  0.27887926821768971  0.29338572866854767  0.30827853953827772  0.32195549848275751
  0.33294386598288112  0.34272406023171426  0.35306522266706819  0.36184115429994584
  0.37092391779445111  0.38092869352452968  0.38893204390613967  0.39523432269204517
  0.40353910049775971  0.41233708819091502  0.42257809009014818  0.43294330837636291
  0.44234788389105562  0.44931892345905816  0.45566779911378041  0.46344819430363876
  0.47161349914129375  0.47986310593241838  0.48975268434855679  0.49960653208281031
  0.51066203656166398  0.52474890478010938  0.53940585573554944  0.55369492734697268
  0.56674438241457359  0.57905690452660430  0.59129890532642959  0.60281627637869439
  0.61419108515189735  0.62707616984896686  0.63949286335188649  0.64953230240021864
  0.65999726450984531  0.67090521606761477  0.68469157492577726  0.69941131947391000
  0.71489704462310122  0.72805898971153205  0.74124292729323649  0.75657391945018937
  0.77295912158281677  0.78701744171086152  0.79619342977199636  0.80368903322637264
  0.80997985573911568  0.81780647650618388  0.82730827270894280  0.83758606882359354
  0.84871323731773085  0.85971195812649381  0.87251034872737632  0.88501856486804686
  0.89424523434106240  0.90052684221323254  0.90501242573639318  0.91133092034283136
  0.92053658485349343  0.93043655495025346  0.94263613146752867  0.95690045218503816
  0.97126100171982410  0.98297802699214043  0.99184471056288692  1.00000000000000000
 -0.00076869735637107  0.00575008839947150  0.01425469688217069  0.02418449933335679
  0.03571385588530496  0.04723437034963068  0.05594424405894805  0.06323826447467562
  0.07171209593280946  0.08250726638194655  0.09235164565502117  0.10053454916904281
  0.10814728448608665  0.11633778818279814  0.12473199564991641  0.13734970652529105
  0.15236274908270164  0.16571176443021135  0.17486460820633748  0.18334606003225304
  0.19063083122362046  0.19961741463460969  0.21014451905610843  0.22113363324259566
  0.23260555370231395  0.24369507042788313  0.25155937780896614  0.25957978856431474
  0.26678555178924668  0.27438266867468863  0.28217988309180686  0.28993162889898344
  0.29993254533217167  0.31248562667465818  0.32603816076604120  0.34054168131525542
  0.35283782394516805  0.36352458605613008  0.37325834928414137  0.38305002855787157
  0.39359211583922216  0.40553452407358331  0.41923904967916309  0.43265737410295646
  0.44471835088030770  0.45544501927236025  0.46517181519568263  0.47313821041218829
  0.47978239580405629  0.48605511283514313  0.49303667380817467  0.50321530095767708
  0.51049922580276030  0.51616742896214296  0.52443575278720800  0.53493533828949569
  0.54859175369688074  0.56264729078078257  0.57805133562227629  0.58873521213834190
  0.59880765378369050  0.60853111036320873  0.61822148310987446  0.63116706267939782
  0.64337483904034132  0.65622558305191037  0.66529990179633580  0.67756808529655166
  0.69277989786460248  0.70826362201854165  0.72296878432884371  0.73476987309549602
  0.74569641664160546  0.75589141320917841  0.76627899784241982  0.77425989969551812
  0.78173138252724395  0.79102576494731780  0.79940908956094558  0.80786258551261103
  0.81629375532167980  0.82395691169573071  0.83256058433595614  0.84244465717968775
  0.85308887495763308  0.86363874156698628  0.87638844426629992  0.89126880908062811
  0.90591503376414995  0.91847274274188673  0.93046789755605530  0.94428754341781462
  0.96076389691243602  0.97265098280944862  0.98561401986498220  1.00000000000000000
 -0.00368698267239994  0.01428240575467243  0.03457102928410143  0.05227474628458354
  0.06865232046364024  0.08254984142951224  0.09648582977624981  0.11189636647675540
  0.13072805559549730  0.14992270758497306  0.16781582068179601  0.18282561577503464
  0.19566871238451927  0.20696079940226020  0.22057789416352788  0.23480778757713541
  0.24636810722354940  0.25668797953554062  0.26704741720201947  0.27805759867753049
  0.28854841494462874  0.29805756647164999  0.30730670638543911  0.31523975696625073
  0.32217178328530022  0.32995745013096700  0.33770720909323992  0.34383876148805159
  0.34999468999423788  0.35668811297731595  0.36413804170906411  0.37061551718646846
  0.37882384614969644  0.38833191383459809  0.39793491158845051  0.40590057756319409
  0.41395534151779489  0.42500040572292469  0.43782291093061793  0.44981617200280166
  0.45779131080219426  0.46299390970299048  0.46916401580608857  0.47477964779337567
  0.48098954526785359  0.48874628145626653  0.49672371374599988  0.50496647169649811
  0.51209469047210687  0.51857316160301870  0.52453178935788558  0.53114892711608019
  0.53777522838604841  0.54558608620480054  0.55585553995575210  0.56514839715280829
  0.57197750465952424  0.57924912247315730  0.58613817609215002  0.59256503551108830
  0.59821791532618052  0.60353881383178520  0.61064608033373635  0.61909559139037551
  0.62900702885562820  0.63952022109600815  0.65146579002531757  0.66208515335617779
  0.67259370541291275  0.68377365041019689  0.69651892142509975  0.71166902509737384
  0.72578783289336790  0.73527020076384753  0.74272628760704096  0.75030362640801007
  0.75793797987314004  0.76494144532827635  0.77390229102779928  0.78434113106576764
  0.79672287503386607  0.80794755412175090  0.82055178533848694  0.83553709399448495
  0.84226277861459098  0.85057072229168029  0.86064034670368650  0.87171687611858417
  0.88297638703305692  0.89542747816415647  0.90851254006427185  0.92433624824689320
  0.94421873822277336  0.96308125896768404  0.98193214179416033  1.00000000000000000
 -0.00542781456702897  0.01590128373803765  0.03413026060290360  0.04912320602397930
  0.06132673480071777  0.07234471892439823  0.08306029518682115  0.09366106469021523
  0.10458416062245895  0.11401870453895765  0.12240013810580185  0.13016770114712545
  0.13804391731308285  0.14750635044786539  0.15760293563643132  0.17060394895595257
  0.18539848582571888  0.19934711945013259  0.21107707084380517  0.22256807114931898
  0.23444010901238357  0.24622107755482991  0.25774989040088592  0.26860405531905457
  0.27857284170430657  0.28662877100561318  0.29313961858398518  0.29862091554166009
  0.30712474536958245  0.31554376810774082  0.32162443827496279  0.32752181739897474
  0.33732556457701818  0.35312977454049121  0.37056336348279917  0.38663240582630243
  0.40216529854578192  0.41542309275281730  0.42547106504439808  0.43420624501709970
  0.44203266465637253  0.44982003182663399  0.45783608735202547  0.46531664715799181
  0.47255929775638628  0.48076875511238976  0.48752061142203823  0.49324346864166457
  0.49811194829208788  0.50429242300381460  0.51581885837351882  0.52702309592268937
  0.53712700282177805  0.54454762404415746  0.55093510132188361  0.55829134884219711
  0.56604307887646343  0.57728712260027126  0.59058620441000065  0.60524250330985097
  0.61949219748617490  0.63079203205495549  0.64145416375860487  0.65230613825046146
  0.66297352533914766  0.67453357033410488  0.68568594512032122  0.69719697831098437
  0.71073095951851006  0.72395216477225177  0.73344020719782377  0.74179109003305443
  0.74906755689976756  0.75556338615022023  0.76215177275076351  0.76953932632186495
  0.77777278561061436  0.78739284742672166  0.79549606811207840  0.80265113113414044
  0.81230366178683000  0.82628901875827654  0.84502441021789598  0.86162644316697423
  0.87645038912908002  0.88975414476600867  0.90127955017942429  0.91041800507862580
  0.91928786597246448  0.93050144842731886  0.94325864643569290  0.95595535479798910
  0.96751532766877013  0.97843342816713696  0.98921054945247855  1.00000000000000000
 -0.00267167199256709  0.01006419696625956  0.02209666659895018  0.03219545306243810
  0.04174407139983135  0.05324832044651032  0.06646246642581677  0.08143827815603072
  0.09688135746362436  0.10813969185221364  0.11772694564637880  0.12517899790351536
  0.13266062055763167  0.14028470699245124  0.14879232613756255  0.16126883816800250
  0.17403559111938474  0.18323875149800167  0.19145225165245069  0.19895438067681856
  0.20603199593644755  0.21697443015451376  0.23172210678022695  0.24750535665804071
  0.25841104916886337  0.26831140105236179  0.27687014916689318  0.28367198311382547
  0.28968633597814275  0.29664303688852217  0.30552724232354606  0.31522410660326033
  0.32555372254633302  0.33640700873644286  0.34870967942112951  0.36360075281159709
  0.37775777726482651  0.38682042275379380  0.39365306412489243  0.40232463706523253
  0.40869838074505982  0.41631785851933173  0.42626713615748901  0.43725979046100016
  0.44742332625975934  0.45473659773902764  0.46079645697222621  0.46863382474108611
  0.47776931742734491  0.48806489146986010  0.49713296417965475  0.50653726537914068
  0.51632162447929508  0.52785602906208440  0.54153166610133174  0.55666956788680522
  0.57235270353921008  0.58459209110580701  0.59472982702695820  0.60269113100252902
  0.60929423828363805  0.61614965301179170  0.62649679112910162  0.63857822266637210
  0.65130881728418166  0.66423028120040939  0.67758363219873285  0.69154436149538179
  0.70721007886167997  0.72252750978111546  0.73655043527954323  0.74867164062834612
  0.76097773507312438  0.77311029396817432  0.78549907841525202  0.79589609311911069
  0.80610911075935099  0.81514559478561222  0.82296145891968076  0.83009576056596235
  0.83787390126990557  0.84487785176597863  0.85251933608897601  0.86081533170637203
  0.86937853928950715  0.87800582072236455  0.88745010508704725  0.89852653824869810
  0.90879663574322000  0.92129265902137236  0.93275999638893115  0.94408828417753665
  0.95517911135607247  0.96762120060807455  0.98299704143060462  1.00000000000000000
  0.00029772366818927  0.00158127519175078  0.00274904405978815  0.00369628432587737
  0.00457405975903115  0.00538640618048200  0.00614042554747500  0.00672566971968073
  0.00723631458932883  0.00776111921333639  0.00835012427280798  0.00882983845317566
  0.00915917195720791  0.00950144160224489  0.00984598371260414  0.01021990484818294
  0.01059622928611262  0.01118071071375264  0.01185974357193646  0.01254346515094835
  0.01318644496710246  0.01380416270613376  0.01436883615354553  0.01491660438124859
  0.01547346081603839  0.01608281251956717  0.01682173930299043  0.01763009103698730
  0.01846309684250070  0.01931018895413874  0.02010184222066114  0.02073215504245893
  0.02115450180161866  0.02150002687638340  0.02185033752858934  0.02226764313504384
  0.02262111480265382  0.02302439623179536  0.02343997745055811  0.02370216656181341
  0.02401269445197322  0.02445316712171131  0.02500921011512482  0.02572021775814719
  0.02631087312216755  0.02676095507251584  0.02724515759639760  0.02773837053418702
  0.02824696981018120  0.02879846136900295  0.02944668532332778  0.03006837753886134
  0.03078596126457090  0.03160535978012227  0.03244062737568500  0.03323346147065355
  0.03392872592767537  0.03459652599573992  0.03518704597608580  0.03613514360439435
  0.03708521693899096  0.03793392298948304  0.03862276734035787  0.03955247479950919
  0.04105181880880621  0.04228431764088930  0.04327868684258249  0.04438821964100943
  0.04542250370620116  0.04595162941915543  0.04646754083764933  0.04695134579356446
  0.04741106453229798  0.04796490876353837  0.04871923351518649  0.05031028136574142
  0.05238687670250951  0.05468402386675222  0.05677046279718918  0.05871082464931360
  0.06057098735005920  0.06292606992401367  0.06547015745131729  0.06998532032722814
  0.07544063188784447  0.08028809612821153  0.08460957548465851  0.09056496733476076
  0.09540244734882865  0.09755940595354561  0.09895468152176827  0.10035236008676773
  0.10198555207903516  0.18861635881171071  0.53807033878050547  1.00000000000000000
 -0.00419021490496699  0.00878386051167249  0.02202141216613399  0.03565069582520104
  0.04980014405995509  0.06126356987691159  0.07214031235990263  0.08143598641360490
  0.09242577625104058  0.10330667238719551  0.11375233852544858  0.12550647897016920
  0.13832841371548590  0.15171650915455609  0.16489722429627540  0.17741830830552771
  0.18884896069312515  0.20137856902031526  0.21473618015926732  0.22829407032833021
  0.23930042678235000  0.24798830617264189  0.25573766926437225  0.26413343129481870
  0.27478723094303420  0.28809651947800796  0.30292018334527726  0.32013610697810596
  0.34149539147375674  0.35982550431171878  0.37206791348633872  0.38192122698374592
  0.39218858198928391  0.39873707340710318  0.40555477668569195  0.41280430825459036
  0.42084974129625302  0.43106570046181125  0.44056255520072773  0.44965591489808837
  0.45830996233701954  0.46603090582209622  0.47488910827530695  0.48679565601334124
  0.49749294678074685  0.50632013167784773  0.51429516971666844  0.52225676879976168
  0.53537348827721476  0.55008331710157687  0.56330601166552707  0.57503647053842155
  0.58461953210036044  0.59235014478897374  0.59944237070664830  0.60601560790402587
  0.61462733976415418  0.62529404283765844  0.63678269907092844  0.64792152319143759
  0.65880292156659181  0.66865088312438858  0.67762117024994928  0.68656140305593716
  0.69144506375474879  0.69787927541014361  0.70558767375640496  0.71207194547585639
  0.71803316006510542  0.72667306644281759  0.73446682858646539  0.74276148767815653
  0.75316110208568510  0.76589855029949572  0.78046187763914943  0.79586471676194637
  0.81157576891231964  0.82483859791064018  0.83824401880202204  0.85166235364826282
  0.86307607447892121  0.87294112350141950  0.87979522715013492  0.88649973471898058
  0.89381183644643991  0.90101967116775838  0.90769027651662537  0.91505590198449172
  0.92096319227455548  0.92687193057294581  0.93381276418870085  0.94353743596172679
  0.95517619647347118  0.96898584627295758  0.98348006104026564  1.00000000000000000
  0.00010047174138306  0.00110319163337397  0.00188904395935867  0.00253999951880440
  0.00314345123344637  0.00370344677558768  0.00422292683278741  0.00473854559919184
  0.00511539361432336  0.00547852220730805  0.00583683252509784  0.00617627054615715
  0.00648498558915115  0.00676771840081606  0.00707122019233900  0.00727644984112739
  0.00743478021039184  0.00765563871380224  0.00790327156132022  0.00818489489009731
  0.00844058405742365  0.00866183249549243  0.00890015044121159  0.00917232342769759
  0.00950227480757033  0.00982486330260165  0.01005960091616026  0.01028457614884954
  0.01056278391921069  0.01078513254688007  0.01103172614296214  0.01134267260639705
  0.01169288664918251  0.01209257364727203  0.01248827072054511  0.01284922762823827
  0.01315289835343553  0.01348878994133147  0.01388505871721433  0.01432382323473465
  0.01485176296038652  0.01530346263330900  0.01575430544540500  0.01617007722336075
  0.01650750016854688  0.01682225573333482  0.01712548238713172  0.01746309869779537
  0.01778257014583761  0.01800906796222154  0.01825796529805234  0.01852272239913463
  0.01889649817322721  0.01932486632336333  0.01974421587139481  0.02021265881458789
  0.02075098646992683  0.02124100567933025  0.02161579827436988  0.02187799959551790
  0.02212685175364446  0.02238945065744513  0.02266952198089590  0.02303577578631339
  0.02354139373504903  0.02404301217698868  0.02456879543386228  0.02514852392271192
  0.02549818057882286  0.02587742001419735  0.02629125120964679  0.02661702482961167
  0.02690962022301281  0.02725056164795944  0.02768111925229255  0.02828757014942298
  0.02908729558497685  0.03003285839541642  0.03085224519424593  0.03158781732512923
  0.03217039348544868  0.03261837736761043  0.03330229514185279  0.03415756608672164
  0.03521770486535677  0.03633696880960383  0.03778773185123689  0.03922638827636762
  0.04050550068209777  0.04228859842905261  0.04460765415225007  0.04857361501475077
  0.05266296289683237  0.05338367172548185  0.47228740159211924  1.00000000000000000
 -0.00302880281879573  0.01291111866425981  0.02680309865037521  0.03789858626216247
  0.04872864820728545  0.05751743295493283  0.06452715460454111  0.07193097688817562
  0.07979583271363042  0.08818490501958261  0.09812898073190171  0.10584710847415778
  0.11168518359350087  0.11894976134589347  0.12859201050256619  0.13786740239948608
  0.15052222302855803  0.16160259718701711  0.17231794680734186  0.18165890945775418
  0.19076400641515520  0.20069751080454951  0.21027525218379492  0.21888309875213557
  0.22846805450551458  0.23790286030312072  0.24718555875947310  0.25635337615000459
  0.26461106135266405  0.27291310086200021  0.28271520328323774  0.29400700497049859
  0.30555104118088183  0.31861644538268985  0.33002101715450111  0.33797495033043634
  0.34398482316023127  0.35126185802504273  0.35652236004264759  0.36121959738253234
  0.36474505795838486  0.36894896993691290  0.37719892444719927  0.39442259490210013
  0.41192748432791282  0.42574670342960186  0.43950628971020811  0.45613864236524321
  0.47190447046507933  0.48636969538026981  0.50053634348202303  0.51351087924551608
  0.52668932038886362  0.53899705347628424  0.55341223821865548  0.56544091861363532
  0.57727973418825629  0.58912770156712491  0.60281454575574434  0.62050549110495801
  0.63785510303440351  0.65095283608123566  0.66262659313566730  0.67063884566126064
  0.67708837074753725  0.68315630789520188  0.68896534427899148  0.69591284524210018
  0.70557905052401670  0.71775115309503157  0.73114845171575582  0.74222681591528517
  0.75229285348688157  0.76495880644700887  0.78050406542393147  0.79535526572821780
  0.80659160598828905  0.81540761744245860  0.82201528541906776  0.82797169349356359
  0.83460397894540894  0.84155460183111752  0.84906194639762189  0.85714340427985236
  0.86760028622997243  0.87817648256805991  0.88828237069610694  0.89952708210968790
  0.91256651985119663  0.92679056000614690  0.93970044106131001  0.95290970994525737
  0.96777446122070154  0.97993210111546025  0.99006311942862069  1.00000000000000000
  0.00007433178699883  0.00012989099501312  0.00020939837454321  0.00029944223169179
  0.00039385081113326  0.00049074472986038  0.00055023032682140  0.00060888081313414
  0.00066507125526296  0.00071766443972642  0.00076934506208805  0.00081940310549900
  0.00086910151675648  0.00092047678654736  0.00097443118099407  0.00102865165265555
  0.00107706656325329  0.00113211782140106  0.00119206158330362  0.00125685419401076
  0.00133610688004551  0.00139507282565809  0.00145553542794805  0.00151645405013339
  0.00157383697834806  0.00163161564397924  0.00168669392829703  0.00174897453515071
  0.00183076056409801  0.00191229394400019  0.00199757353016742  0.00208437909622221
  0.00217559447775886  0.00226919085855943  0.00237047984210799  0.00246799859919464
  0.00256509531890766  0.00267145443642096  0.00280316029056335  0.00293828579385399
  0.00306845357308500  0.00320324615591387  0.00334683117546505  0.00349445456535314
  0.00365099729516989  0.00382293926261547  0.00399477145753933  0.00422578282580535
  0.00452507624189414  0.00479104378374587  0.00500073277726220  0.00520693240809299
  0.00541535535834879  0.00565299286312554  0.00596181644785386  0.00624699230353118
  0.00649096163720806  0.00669391501597818  0.00690045289595995  0.00714101193690721
  0.00745325357412007  0.00779461933371508  0.00808953115822338  0.00834436751339791
  0.00859036475859732  0.00879458429224148  0.00906932390846838  0.00928243338893036
  0.00953817086617731  0.00986537809910257  0.01031610574435038  0.01087339067949512
  0.01160986038446750  0.01231691703903214  0.01297123930211836  0.01352848116132776
  0.01387210777037867  0.01418509074869763  0.01454399653304391  0.01495482528630676
  0.01552153209969375  0.01602207640529246  0.01644451120643659  0.01693742851838416
  0.01726827253747944  0.01783549514352669  0.01806038398313940  0.01836587646725727
  0.01873911458511787  0.01905939935107108  0.01926551732673028  0.01941558395016493
  0.01974073910294325  0.02130859037703259  0.21405651015126331  1.00000000000000000
 -0.00219412117672511  0.00866363836971108  0.02063649828751295  0.03383458671441776
  0.04786199941013603  0.05968683711003334  0.07024539492654415  0.07976057009332842
  0.09010503231440564  0.09817100228477754  0.10513528429340389  0.11172299664485105
  0.11923393937192281  0.12833816048526789  0.13981601952370457  0.14836172572239320
  0.15866848746414181  0.16903469485880046  0.17890366925996101  0.19172966820400833
  0.20527064587355406  0.21735829018743985  0.23076830308532881  0.24518307718907056
  0.25952041175401136  0.27069876518823471  0.27663629025061431  0.28135276938443821
  0.28661893967326696  0.29231463911999295  0.29795045548094601  0.30570582449280748
  0.31218814366651770  0.31782453520651155  0.32423598332876563  0.32985477445335804
  0.33778133333726873  0.35099848396192562  0.36488427104991300  0.37261147063774103
  0.37928540383583470  0.38655494233207199  0.39583365167712181  0.40888592098924692
  0.42369613661823058  0.43513562134380024  0.44275670582184723  0.44920623122003633
  0.45584615355387353  0.46509949504149983  0.47698960829692333  0.48868747190360307
  0.50082918605892990  0.51254432618273726  0.52427727757496156  0.53348383228813334
  0.54040411101259100  0.54623177274688273  0.55343408686754469  0.56366873627244352
  0.57843611826236141  0.59540126221977607  0.60963314863334161  0.61964360806257857
  0.62900765192450880  0.63874964630401732  0.64873212645600009  0.65802874139205636
  0.66552995967205009  0.67537328402202124  0.68524249467901777  0.69353095510144969
  0.70224825986231687  0.71056731840456488  0.72008202673972732  0.73186582640755571
  0.74334523477960368  0.75452568862762226  0.76693792056977028  0.78104180414373270
  0.79522309119524937  0.81024520217270135  0.82421302905122196  0.83666312338823778
  0.84878332931206235  0.86203290615004047  0.87462286744299966  0.88748108664548508
  0.90317039704044089  0.92105514104325181  0.93669497958628734  0.94949891734054015
  0.96044591957629866  0.97274641694213082  0.98658760386644107  1.00000000000000000
  0.61122826326692481  0.77879720544602571  0.84539627403284878  0.86988518908817980
  0.88608926399111299  0.89585874149895828  0.90419298429462114  0.91082567553712668
  0.91607924470572755  0.92062888339938387  0.92379671244573380  0.92716932175805999
  0.93026179151081512  0.93329417436012951  0.93697100247008802  0.94014623149024801
  0.94300970038757315  0.94590488180424370  0.94919478263262469  0.95269916317599190
  0.95560859367092998  0.95775358710726688  0.95909590903402686  0.95990259593211480
  0.96107325837078983  0.96247701647369976  0.96378710900507847  0.96492470657327234
  0.96599172367398189  0.96707419534566785  0.96818265907369927  0.96943923521475284
  0.97046579968983482  0.97147092239964428  0.97242766467011688  0.97347877995770982
  0.97419842011209767  0.97489527648509866  0.97550049184591914  0.97616827502093972
  0.97689824445339146  0.97739464042111168  0.97788554002117012  0.97839514146319384
  0.97886757406181879  0.97936276380740883  0.97988016794600485  0.98035217416178400
  0.98089137258739123  0.98143375839664426  0.98199767297572649  0.98257362329310760
  0.98313151270520194  0.98356109225888189  0.98396343087525029  0.98436448792724851
  0.98473449592431750  0.98518872326698592  0.98570873312148499  0.98621516917355068
  0.98674588197159552  0.98727166458258853  0.98777050316598325  0.98827592810153597
  0.98875511174094455  0.98921485769223627  0.98964422615203607  0.99005974586342227
  0.99047579371588657  0.99089836935661568  0.99124050724632062  0.99150594226319355
  0.99173299954215688  0.99193884802443766  0.99212529733712629  0.99231554784763676
  0.99252842292871313  0.99279240060834506  0.99304998893375740  0.99327819204793433
  0.99360667131483005  0.99402179588362150  0.99432449164655745  0.99449115939263377
  0.99466735371963799  0.99486118190147821  0.99508423556285419  0.99528514153635839
  0.99544715633668557  0.99560641966841712  0.99581515864427717  0.99615479162287734
  0.99669069945563316  0.99730162327216043  0.99830659069897465  1.00000000000000000
 -0.03017243550538741  0.13716376778993417  0.19246704033481493  0.22351272957044710
  0.24275771257807321  0.25657570149954984  0.26682057140749538  0.27574200905615948
  0.29130549748410534  0.30630179681514180  0.31663609557971883  0.32572617957116767
  0.33399421197272783  0.34235632473950378  0.35109579150934378  0.35786212547158547
  0.36184133105431654  0.36589362774881828  0.37021615921108109  0.37487582340308195
  0.38014823434290756  0.38698051566314201  0.39256200893482018  0.39698435978051411
  0.40133676205226654  0.40600386350495399  0.41134310190226953  0.41730017393750168
  0.42281258245081554  0.42836958027943822  0.43396745131487030  0.44196868914239529
  0.44981096170602142  0.45715779243260490  0.46394253176171485  0.47041147360138658
  0.47760383644834287  0.48517995339961351  0.49304868755358866  0.49918027396841602
  0.50380170785549205  0.50762938353446818  0.51129156073850046  0.51541561679518710
  0.51989996774595459  0.52564424915141794  0.53078493218414935  0.53614909410713874
  0.54202873754502501  0.54820427512912340  0.55389074723015630  0.56033841971420961
  0.56546055416330232  0.57125700073704844  0.57564844543280580  0.57946060517205344
  0.58320908602394272  0.58724659414856528  0.59246746856853039  0.59663431964395097
  0.60001733652318101  0.60534080434115700  0.61055028636229280  0.61425571274323121
  0.61794692382210747  0.62237072780738090  0.62807805172155251  0.63397038967427488
  0.63857778775911878  0.64224866018559179  0.64617679742175282  0.65067619987599801
  0.65524212450829100  0.66043057528672577  0.66542318229772113  0.67036318164969855
  0.67624617097638429  0.68247616089083829  0.68808056855344468  0.69107596845076191
  0.69413998845848524  0.69990963949717133  0.70731594962479238  0.71575663955326141
  0.72548521352067041  0.73508495199745660  0.74324796955711936  0.75025695377041768
  0.75855391666853023  0.76823892039399877  0.77789253474341502  0.78908679101065993
  0.80468019386238854  0.83044972903608860  0.87319040749598165  1.00000000000000000
   2.2997859392219585E-014  -1.0000000000000000     
 F F F F F F F F F F F F F F F F F F F F F F F F F F F F F F F F F F F F F F F F F F F F F F F F F F F F F F F F F F F F F F F F F F F F F F F F F F F F F F F F F F F F F F F F F F F F F F F F F F F F F F F F F F F F F F F F F F F F F F F F F F F F F F F F F F F F F F F F F F F F F F F F F F F F F F F F F F F F F F F F F F F F F F F F F F F F F F F F F F F F F F F F F F F F F F F F F F F F F F F F F F F F F F F F F F F F F F F F F F F F F F F F F F F F F F F F F F F F F F F F F F F F F F F F F F F F F F F F F F F F F F F F F F F F F F F F F F F F F F F F F F F F F F F F F F F F F F F F F F F F F F F F F F F F F F F F F F F F F F F F F F F F F F F F F F F F F F F F F F F F F F F F F F F F F F F F F F F F F F F F F F F F F F F F F F F F F F F F F F F F F F F F F F F F F F F F F F F F F F F F F F F F F F F F F F F F F F F F F F F F F F F F F F F F F F F F F F F F F F F F F F F F F F F F F F F F F F F F F F F F F F F F F F F F F F F F F F F F F F F F F F F F F F F F F F F F F F F F F F F F F F F F F F F F F F F F F F F F F F F F F F F F F F F F F F F F F F F F F F F F F F F F F F F F F F F F F F F F F F F F F F F F F F F F F F F F F F F F F F F F F F F F F F F F F F F F F F F F F F F F F F F F F F F F F F F F F F F F F F F F F F F F F F F F F F F F F F F F F F F F F F F F F F F F F F F F F F F F F F F F F F F F F F F F F F F F F F F F F F F F F F F F F F F F F F F F F F F F F F F F F F F F F F F F F F F F F F F F F F F F F F F F F F F F F F F F F F F F F F F F F F F F F F F F F F F F F F F F F F F F F F F F F F F F F F F F F F F F F F F F F F F F F F F F F F F F F F F F F F F F F F F F F F F F F F F F F F F F F F F F F F F F F F F F F F F F F F F F F F F F F F F F F F F F F F F F F F F F F F F F F F F F F F F F F F F F F F F F F F F F F F F F F F F F F F F F F F F F F F F F F F F F F F F F F F F F F F F F F F F F F F F F F F F F F F F F F F F F F F F F F F F F F F F F F F F F F F F F F F F F F F F F F F F F F F F F F F F F F F F F F F F F F F F F F F F F F F F F F F F F F F F F F F F F F F F F F F F F F F F F F F F F F F F F F F F F F F F F F F F F F F F F F F F F F F F F F F F F F F F F F F F F F F F F F F F F F F F F F F F F F F F F F F F F F F F F F F F F F F F F F F F F F F F F F F F F F F F F F F F F F F F F F F F F F F F F F F F F F F F F F F F F F F F F F F F F F F F F F F F F F F F F F F F F F F F F F F F F F F F F F F F F F F F F F F F F F F F F F F F F F F F F F F F F F F F F F F F F F F F F F F F F F F F F F F F F F F F F F F F F F F F F F F F F F F F F F F F F F F F F F F F F F F F F F F F F F F F F F F F F F F F F F F F F F F F F F F F F F F F F F F F F F F F F F F F F F F F F F F F F F F F F F F F F F F F F F F F F F F F F F F F F F F F F F F F F F F F F F F F F F F F F F F F F F F F F F F F F F F F F F F F F F F F F F F F F F F F F F F F F F F F F F F F F F F F F F F F F F F F F F F F F F F F F F F F F F F F F F F F F F F F F F F F F F F F F F F F F F F F F F F F F F F F F F F F F F F F F F F F F F F F F F F F F F F F F F F F F F F F F F F F F F F F F F F F F F F F F F F F F F F F F F F F F F F F F F F F F F F F F F F F F F F F F F F F F F F F F F F F F F F F F F F F F F F F F F F F F F F F F F F F F F F F F F F F F F F F F F F F F F F F F F F F F F F F F F F F F F F F F F F F F F F F F F F F F F F F F F F F F F F F F F F F F F F F F F F F F F F F F F F F F F F F F F F F F F F F F F F F F F F F F F F F F F F F F F F F F F F F F F F F F F F F F F F F F F F F F F F F F F F F F F F F F F F F F F F F F F F F F F F F F F F F F F F F F F F F F F F F F F F F F F F F F F F F F F F F F F F F F F F F F F F F F F F F F F F F F F F F F F F F F F F F F F F F F F F F F F F F F F F F F F F F F F F F F F F F F F F F F F F F F F F F F F F F F F F F F F F F F F F F F F F F F F F F F F F F F F F F F F F F F F F F F F F F F F F F F F F F F F F F F F F F F F F F F F F F F F F F F F F F F F F F F F F F F F F F F F F F F F F F F F F F F F F F F F F F F F F F F F F F F F F F F F F F F F F F F F F F F F F F F F F F F F F F F F F F F F F F F F F F F F F F F F F F F F F F F F F F F F F F F F F F F F F F F F F F F F F F F F F F F F F F F
  <DiscreteSampler_grid>
  grouped_processes
  1 # 1 for a reference and 2 for a running grid.
  10 # Attribute 'min_bin_probing_points' of the grid.
  1 # Attribute 'grid_mode' of the grid. 1=='default',2=='initialization'
  0.0000000000000000 # Attribute 'small_contrib_threshold' of the grid.
  0.5000000000000000 # Attribute 'damping_power' of the grid.
 # binID   n_entries weight   weight_sqr   abs_weight
    49   10   1.204933191439007E-010   1.239539249134157E-019   1.204933191439007E-010
    52   10   2.409866382878014E-010   4.958156996536628E-019   2.409866382878014E-010
    55   10   2.448549204445475E-010   4.975221433943348E-019   2.448549204445475E-010
    56   10   2.448549204411008E-010   4.975221433790002E-019   2.448549204411008E-010
    58   10   4.897098408890949E-010   1.990088573577339E-018   4.897098408890949E-010
    59   10   4.897098408822016E-010   1.990088573516001E-018   4.897098408822016E-010
    61   10   6.014582361775185E-010   2.293281392149420E-018   6.014582361775185E-010
    62   10   6.014582361766011E-010   2.293281392140827E-018   6.014582361766011E-010
    64   10   1.202916472355037E-009   9.173125568597679E-018   1.202916472355037E-009
    65   10   1.202916472353202E-009   9.173125568563308E-018   1.202916472353202E-009
    73   10   5.216445772796016E-010   2.222019826916517E-018   5.216445772796016E-010
    74   10   5.216445772786861E-010   2.222019826907906E-018   5.216445772786861E-010
    76   10   1.043289154559203E-009   8.888079307666069E-018   1.043289154559203E-009
    77   10   1.043289154557372E-009   8.888079307631626E-018   1.043289154557372E-009
    79   10   5.640432849778765E-010   3.120155851494579E-018   5.640432849778765E-010
    82   10   1.128086569955753E-009   1.248062340597832E-017   1.128086569955753E-009
    85   10   1.129687302963665E-009   1.247739010976428E-017   1.129687302963665E-009
    86   10   1.129687302967879E-009   1.247739010985842E-017   1.129687302967879E-009
    88   10   2.259374605927329E-009   4.990956043905712E-017   2.259374605927329E-009
    89   10   2.259374605935759E-009   4.990956043943369E-017   2.259374605935759E-009
    94   10   1.204933191439007E-010   1.239539249134157E-019   1.204933191439007E-010
    97   10   2.409866382878013E-010   4.958156996536626E-019   2.409866382878013E-010
    124   10   5.640432849764105E-010   3.120155851478199E-018   5.640432849764105E-010
    127   10   1.128086569952821E-009   1.248062340591280E-017   1.128086569952821E-009
    139   10   1.204933191438756E-010   1.239539249133600E-019   1.204933191438756E-010
    142   10   2.409866382877512E-010   4.958156996534400E-019   2.409866382877512E-010
    145   10   2.448549204444973E-010   4.975221433941117E-019   2.448549204444973E-010
    146   10   2.448549204410577E-010   4.975221433788083E-019   2.448549204410577E-010
    148   10   4.897098408889945E-010   1.990088573576447E-018   4.897098408889945E-010
    149   10   4.897098408821154E-010   1.990088573515233E-018   4.897098408821154E-010
    151   10   6.014582361771975E-010   2.293281392146402E-018   6.014582361771975E-010
    152   10   6.014582361762825E-010   2.293281392137836E-018   6.014582361762825E-010
    154   10   1.202916472354395E-009   9.173125568585609E-018   1.202916472354395E-009
    155   10   1.202916472352565E-009   9.173125568551342E-018   1.202916472352565E-009
    163   10   5.216445772792795E-010   2.222019826913505E-018   5.216445772792795E-010
    164   10   5.216445772783670E-010   2.222019826904914E-018   5.216445772783670E-010
    166   10   1.043289154558559E-009   8.888079307654022E-018   1.043289154558559E-009
    167   10   1.043289154556734E-009   8.888079307619654E-018   1.043289154556734E-009
    169   10   5.640432849777141E-010   3.120155851492766E-018   5.640432849777141E-010
    172   10   1.128086569955428E-009   1.248062340597106E-017   1.128086569955428E-009
    175   10   1.129687302963341E-009   1.247739010975704E-017   1.129687302963341E-009
    176   10   1.129687302967902E-009   1.247739010985893E-017   1.129687302967902E-009
    178   10   2.259374605926682E-009   4.990956043902817E-017   2.259374605926682E-009
    179   10   2.259374605935804E-009   4.990956043943573E-017   2.259374605935804E-009
    184   10   1.204933191438760E-010   1.239539249133609E-019   1.204933191438760E-010
    187   10   2.409866382877519E-010   4.958156996534435E-019   2.409866382877519E-010
    214   10   5.640432849763673E-010   3.120155851477717E-018   5.640432849763673E-010
    217   10   1.128086569952735E-009   1.248062340591087E-017   1.128086569952735E-009
  </DiscreteSampler_grid>
