  0.00005403774002884  0.00005418263880101  0.00005437112332625  0.00005454021584684
  0.00005468890435403  0.00005481572717065  0.00005495728024437  0.00005508704176502
  0.00005515735632805  0.00005521282289192  0.00005529200212273  0.00005538264486284
  0.00005550601769188  0.00005562829820695  0.00005572955196844  0.00005590373131570
  0.00005608694251193  0.00005628127106227  0.00005649721643384  0.00005674838890672
  0.00005701225843122  0.00005727587012278  0.00005750255252174  0.00005770893774420
  0.00005791306279397  0.00005812245804128  0.00005835176440889  0.00005864004294660
  0.00005895510281774  0.00005926248977041  0.00005956162145912  0.00005986678947131
  0.00006018550220556  0.00006052711590522  0.00006089637614112  0.00006127772361447
  0.00006172415818864  0.00006218515473827  0.00006264610270977  0.00006309055793280
  0.00006343611697345  0.00006373861310468  0.00006405280011797  0.00006442099328829
  0.00006481316132600  0.00006521522318797  0.00006559321276053  0.00006599614811713
  0.00006650770247757  0.00006696134041807  0.00006738896336692  0.00006778503635492
  0.00006815737796242  0.00006854199851166  0.00006897106384061  0.00006948394842517
  0.00007011589454184  0.00007090036851270  0.00007171141688487  0.00007238891871758
  0.00007305079919591  0.00007373779652243  0.00007441469933276  0.00007510437677612
  0.00007582413147177  0.00007667355991513  0.00007756703177211  0.00007858164004176
  0.00007971497586884  0.00008112581365404  0.00008264868056815  0.00008366541573022
  0.00008476556229959  0.00008592016914460  0.00008718587602341  0.00008876051334054
  0.00009044289069424  0.00009219853883370  0.00009429727365411  0.00009683754015607
  0.00009952991417162  0.00010243406417058  0.00010608290243957  0.00011060125957897
  0.00011552551366046  0.00012115055618206  0.00012851394382591  0.00013747074601509
  0.00014874604837599  0.00016145920688431  0.00017406751496649  0.00019184390076609
  0.00022784630867423  0.00035847871775045  0.41975029895537508  1.00000000000000000
  0.00095834332177119  0.02059401213718220  0.03893835224409276  0.05469599621568171
  0.07072404846145541  0.08635620126393984  0.09821840758000570  0.10915066914063264
  0.11872598712875518  0.12818622193521498  0.13891746994151374  0.15023603605633459
  0.16145456416282483  0.17134587982619015  0.18101300764308267  0.19288448117423651
  0.20532628030669478  0.21715435858892054  0.22784640287492969  0.23627133168209852
  0.24478092283799346  0.25462013133015027  0.26579486024099247  0.27776642463670786
  0.29078493305236247  0.30470218840160057  0.31809863882491912  0.32979885457959340
  0.34122482269823051  0.35273270121384570  0.36481167867792214  0.37713466467202078
  0.38700397943805043  0.39545301020105872  0.40309776904710870  0.41077972767496884
  0.42248738467308050  0.43498302664692545  0.44296420208835346  0.45039468154732343
  0.45725588079574986  0.46200876655476675  0.46677079014730216  0.47479727642367886
  0.48282738259469260  0.49306478824567079  0.50311742382641200  0.51353438260867423
  0.52488095659192213  0.53396324404894091  0.53891986953952709  0.54396031943314183
  0.54934239001329921  0.55575334489410411  0.56303575866437106  0.57000987227022115
  0.57684744575875257  0.58333734434655293  0.58987579678077873  0.59590743617609299
  0.60484629414938007  0.61741420591320884  0.63237907739093424  0.64597973275528076
  0.65816395857711740  0.66881236436270086  0.67831890577946063  0.68724866087040781
  0.69591183633445763  0.70544262043242500  0.71577705871438113  0.72865443266098062
  0.74427604904402700  0.75979266204702867  0.77128572000211215  0.78209251199967156
  0.78964892915725970  0.79668597426896171  0.80267046850444379  0.80885293620593468
  0.81462705001637659  0.82283770848243465  0.83606974013939317  0.85132212616096525
  0.86146202334348465  0.87289795371813184  0.88364781096342393  0.89550858138297751
  0.90887010486718800  0.92274522508188572  0.93668699368933861  0.94968968019887212
  0.96068642212673960  0.97055962902343729  0.98232282063527576  1.00000000000000000
  0.00017539610441601  0.00017850396316894  0.00018171078650134  0.00018547906727353
  0.00018845255481482  0.00019134822589352  0.00019398014831958  0.00019632052546898
  0.00019809515639092  0.00020003981402045  0.00020214883754681  0.00020442389197061
  0.00020769876817646  0.00021090258027115  0.00021370384764361  0.00021620603620021
  0.00021866121892573  0.00022150470197677  0.00022555292375823  0.00022915055676326
  0.00023213875600629  0.00023457249886929  0.00023674444705525  0.00023912318052974
  0.00024085822319068  0.00024244558754040  0.00024385477261817  0.00024537754242222
  0.00024691835488803  0.00024833109741349  0.00024977952368981  0.00025124717408768
  0.00025273982083571  0.00025439645885960  0.00025633935769901  0.00025792789424668
  0.00025917800586109  0.00026079928645374  0.00026313521362152  0.00026618725662832
  0.00026989066730190  0.00027368293823540  0.00027783610355138  0.00028185212916219
  0.00028626098754770  0.00029071816331064  0.00029522293101260  0.00029966900268156
  0.00030401262651991  0.00030838743853488  0.00031286819960367  0.00031742190106893
  0.00032222776322141  0.00032777650975661  0.00033364067665831  0.00033944917897938
  0.00034557272858480  0.00035239526198615  0.00035974656897428  0.00036753296945459
  0.00037581689127773  0.00038655162294413  0.00039560435870172  0.00040470095210175
  0.00041250332501447  0.00041978444535592  0.00042778336175152  0.00043643093589595
  0.00044731559128046  0.00045875230209473  0.00046856846227730  0.00047748779624279
  0.00049029553480364  0.00050362244784784  0.00051331176281518  0.00052192545095788
  0.00053548216099012  0.00055585358129864  0.00057902427555942  0.00060473869797798
  0.00062764650717054  0.00064655825180310  0.00066678241877773  0.00068705165864375
  0.00071603425142553  0.00075857679157528  0.00081446660696283  0.00086823118276709
  0.00092639031029892  0.00100771035062208  0.00111142868536690  0.00123557491737338
  0.00142770760298883  0.00175236706054138  0.00258290033781666  1.00000000000000000
  0.00660951676460737  0.02271403796607449  0.03499136671319011  0.04481204600907390
  0.05354119087344376  0.06210371707981895  0.07202106162579004  0.08398208082850794
  0.09827668733646860  0.10880660061676836  0.11776293456574455  0.12467575890757845
  0.13118531726727040  0.13753032770907217  0.14512682943996566  0.15311495544352863
  0.15979543539151198  0.16618253311501613  0.17323898226048365  0.18075895444808715
  0.18900584383857380  0.19657613393845036  0.20394554132011325  0.21248186432148991
  0.22240157410325123  0.23164344239842091  0.24145808049483139  0.25161273121562894
  0.25865699326373964  0.26337145463415357  0.26922120612790729  0.27626073559163650
  0.28525934580207307  0.29462849053126022  0.30577333827172870  0.31426135570029001
  0.32087239846328341  0.32862593601202511  0.33889345091563433  0.35068868258568364
  0.36395016348072490  0.37956790259577644  0.39468916958265976  0.40682137926086420
  0.41737958310833684  0.42924130268526217  0.44395928361009834  0.45949587569015804
  0.47425285456843574  0.48773686767244373  0.49841319511695847  0.50960984968398659
  0.52059777738819835  0.53161512923042420  0.54384629982839583  0.55697884007480092
  0.56977610690029279  0.58165198097385373  0.59719927113850702  0.61209598296573686
  0.62443751922644852  0.63356264356457348  0.64116649142262272  0.64912737004822185
  0.65720140779174530  0.66573986153477216  0.67499491739095818  0.68388828597283757
  0.69244936803259260  0.70096599669851456  0.71001253893112171  0.71976250255076080
  0.72791866015244211  0.73648236524762101  0.74494413878085108  0.75282268850547507
  0.76339442442753414  0.77644364442647795  0.79099085036020234  0.80499572100683514
  0.81801221238677624  0.82845722020664170  0.83765128018645985  0.84638609094139905
  0.85505137040108170  0.86355791074229671  0.87375466098953103  0.88904041421372026
  0.90565547318998008  0.91958243680068785  0.93107956459877439  0.94174599674363124
  0.95188216267815828  0.96246749052125447  0.97761917131177734  1.00000000000000000
  0.00051338588613948  0.00056313282704714  0.00060844090235152  0.00063853941204516
  0.00067403256668068  0.00071356791375336  0.00074920075847434  0.00078226945235846
  0.00082415182445364  0.00086202757159224  0.00089609345943653  0.00093047593210633
  0.00097763302871642  0.00101622520619129  0.00104733902887490  0.00108631273857275
  0.00112804327271643  0.00116759965607475  0.00120667926984106  0.00129010504991082
  0.00136508030382786  0.00145009635342498  0.00153021397389130  0.00160617509434136
  0.00169452309528773  0.00179062237349952  0.00189520583559688  0.00200289429592991
  0.00210156986919879  0.00221153466866064  0.00232855552922978  0.00245098687322079
  0.00258843044395354  0.00274273026448215  0.00291377733300753  0.00308610209862933
  0.00324382002304298  0.00339737604308075  0.00354535947883009  0.00369204597733405
  0.00383561000512736  0.00403325513915170  0.00427364660178884  0.00451330176804609
  0.00472514831557537  0.00490466921945740  0.00508628715373942  0.00531470996657720
  0.00555475259194967  0.00580835638612090  0.00609900289850483  0.00643510031177046
  0.00678713724170989  0.00721995442028207  0.00762825943649640  0.00809570205040101
  0.00865824601455701  0.00921371154482525  0.00960868765570819  0.00985110748159666
  0.01004051134405611  0.01021249928543179  0.01039591529148246  0.01060795820542989
  0.01078644610043917  0.01097138711278902  0.01117641614505444  0.01137945517755516
  0.01158169353557181  0.01181275452641138  0.01214995363365528  0.01246983554490583
  0.01278024553798188  0.01322383415594201  0.01368984604944920  0.01428356413264848
  0.01475947536294411  0.01522106144991510  0.01566437388775322  0.01608066957107259
  0.01685145299628618  0.01739208142418849  0.01790382154839471  0.01851196923035307
  0.01918903538823933  0.02002704670238492  0.02109429515214595  0.02224529484871444
  0.02336000037008176  0.02461360084094977  0.02638795035957480  0.02921359396977559
  0.03139595219648685  0.11614344754354822  0.76634660193599946  1.00000000000000000
 -0.00398053628923172  0.04582966400818038  0.07023325935481406  0.08549871590094570
  0.09770145625526351  0.10763172072945996  0.11699166724314522  0.12711084665101385
  0.13637049883298219  0.14666360733698303  0.15770331004632560  0.16967555300026915
  0.18351219053684750  0.19651054173408394  0.20765235061348450  0.21901545697067326
  0.22808849238939108  0.23481013192189282  0.24263816124696833  0.25201166235356481
  0.26016824367279678  0.26630845002550402  0.27234292699884854  0.27823094232585083
  0.28520323695439576  0.29438217109252263  0.30833591167887708  0.32324723368379937
  0.33848035690356493  0.35181568510330302  0.36298722267479083  0.37352333333254634
  0.38590726831463196  0.39846287352733700  0.40706784009904440  0.41383892231190506
  0.41909910543031853  0.42340059243071820  0.42791646491801133  0.43271146202844490
  0.44132712035144495  0.45383796489255274  0.46475365224963039  0.47614427264348941
  0.48987607417939477  0.50225914230956004  0.51070303498164082  0.51910185332082837
  0.52806087664427925  0.53620501623793138  0.54615025699917952  0.55651280002293546
  0.56690331325013099  0.57866427210688687  0.59125803119037501  0.60557339312947478
  0.61974107340658213  0.63050872188965068  0.64003267708390943  0.64918314731318583
  0.65752981161695723  0.66533034919491230  0.67352885355536851  0.68125772167973286
  0.68750192869173177  0.69494077168140234  0.70328702628836592  0.71300287329035139
  0.72525439099753908  0.73767916631756536  0.75121812361887585  0.76482263636692038
  0.77812737782713559  0.78967114573829844  0.79828450371617954  0.80735030646601169
  0.81867249450045476  0.83068197958290846  0.84059418087163729  0.84898884790231555
  0.85679815471769005  0.86663506344648822  0.87684529378175458  0.88737884399377642
  0.89791548209236771  0.90790515974574226  0.91792091249482288  0.92781966636759383
  0.93733714364295739  0.94793659378657069  0.95963720503507399  0.96980229980274357
  0.97764547492198117  0.98616252627062695  0.99234269119956209  1.00000000000000000
  0.00000231165840978  0.00001092374662132  0.00001678678794573  0.00002307797465358
  0.00003010485982277  0.00003652840855761  0.00004245848867954  0.00004906696707259
  0.00005259593211391  0.00005613743254263  0.00006002842087757  0.00006413347809788
  0.00006821485214742  0.00007156276341954  0.00007515539998850  0.00007998002481760
  0.00008540399075471  0.00009081942328313  0.00009595272565770  0.00010125313384399
  0.00010770767969146  0.00011608877665807  0.00012502325837476  0.00013220894481883
  0.00013860775458183  0.00014578526388939  0.00015409565934497  0.00016454029898191
  0.00017773010835046  0.00019086383335664  0.00020115263168970  0.00020939005571538
  0.00021720101986712  0.00022702018718228  0.00023911295564142  0.00024998429525813
  0.00026363481864334  0.00027934572419321  0.00029841027658452  0.00032142987919334
  0.00034917986369717  0.00038177273593810  0.00040969937297090  0.00043307091317865
  0.00046207903377100  0.00049181862447784  0.00052310408206595  0.00055548115124936
  0.00061640181552983  0.00067574886410859  0.00074216993910388  0.00079585717549451
  0.00083583009383109  0.00086958286784355  0.00090158218918388  0.00093467677993720
  0.00096890806486262  0.00100668282913219  0.00104529845418274  0.00108043485398617
  0.00111491863212236  0.00116564230894070  0.00126909925308983  0.00139601412741580
  0.00152356231340099  0.00162622744606083  0.00174842536577788  0.00188788044208643
  0.00204308238292302  0.00225967222711209  0.00253953030772008  0.00284247213435520
  0.00315041809131908  0.00342491343380937  0.00365840794206104  0.00394406152034117
  0.00435502416106644  0.00488297724312902  0.00522594919640356  0.00559549687223739
  0.00599326738388266  0.00643377950165358  0.00688207557953136  0.00725152321370702
  0.00750266937673249  0.00824391670389971  0.00901132183325078  0.00942898419289338
  0.00985115764734363  0.01031040913032223  0.01087284907173677  0.01154122688092600
  0.01331496947892026  0.02711787878791764  0.26019043433314992  1.00000000000000000
 -0.00295492323079043  0.01035688136999031  0.02126000335187561  0.03300085825439417
  0.04410296062825588  0.05245620443781905  0.05905957009719336  0.06630846049002000
  0.07392979889048444  0.08274716823811351  0.09454602462143739  0.10542249482012085
  0.11547370739841652  0.12592781597855590  0.13602227521687743  0.14483062369515259
  0.15307770428172193  0.16292431888691442  0.17314579174679379  0.18491444340099039
  0.19972443540694051  0.21349092966945876  0.22875323369269696  0.24223441175224414
  0.25701581714363503  0.27166730712742038  0.28494024942295421  0.29714361326247979
  0.30851207543878928  0.31738929923999937  0.32329865206695912  0.32944595993710057
  0.33398718169449221  0.33707863530968879  0.34175924648730760  0.34681629258939051
  0.35075550214014939  0.35531019917863571  0.36843760104321954  0.38170098204618608
  0.39101875286459986  0.39837500755127508  0.40557038233677412  0.41435517822492285
  0.42489258093336679  0.43560242712328401  0.44502183448771804  0.45275767065105366
  0.45954513314217232  0.46753034174776104  0.47666869343642132  0.48491787006600562
  0.49257899282117984  0.49878678260912018  0.50532618878285140  0.51300090749009597
  0.52132373312127267  0.52965275681724899  0.53978330936765029  0.54836097273789819
  0.55551377612971387  0.56240404685911261  0.56929770846025463  0.57608632419858108
  0.58270723992797813  0.58920310287107391  0.59490150074430304  0.60164035040892905
  0.60919792898736802  0.61892114214028848  0.63043944178614075  0.64227823747301671
  0.65551351801757185  0.67013833831988046  0.68314166887756045  0.69374937995723107
  0.70196311913093279  0.71016566675202131  0.71824658405211694  0.72671741024176306
  0.73825237994170700  0.74958570511757805  0.76108967339338118  0.77396118378972134
  0.78804874140909342  0.80330198388032248  0.82333326657132266  0.84602120060430963
  0.86800525961890918  0.88696866550745401  0.90073585762781927  0.91644956865553973
  0.93503779387733232  0.95310535512490435  0.97259995679369227  1.00000000000000000
 -0.00115793748854325  0.00488295671201439  0.01072208056347741  0.01827489374344084
  0.02600846937574018  0.03815439044988517  0.05124658179161594  0.06032039090570507
  0.06470576667162314  0.06986756398978811  0.07506245904361833  0.08041925644120872
  0.08447613056290625  0.08956636892350603  0.09717335442306078  0.10545377875473054
  0.11484980785033176  0.12569412289404777  0.13730692827678131  0.14807290277878879
  0.15635972864852399  0.16376904353742996  0.16977468519735664  0.17693663012971986
  0.18273332674925116  0.18897145582083297  0.19567226127384799  0.20187287136204154
  0.21083003019347990  0.22295329114935769  0.23447838798393139  0.24699516878982086
  0.25975637440196336  0.27403022483280726  0.28795690533007406  0.30138150884900566
  0.31487985783245348  0.32733914555973648  0.33783760759746467  0.34702901807893000
  0.35705479684466285  0.36887814951960951  0.38338702253985701  0.39803698857299269
  0.41238054359476906  0.42293170829384263  0.43140136045091498  0.43956072524631495
  0.44805655154283797  0.45702759069550941  0.46724336074524592  0.47853153493263850
  0.49330286524116146  0.50829191245178307  0.52239725209646826  0.53561329016022119
  0.54729777552180092  0.56082821058458354  0.57633618364941730  0.58978965963339380
  0.59928621829711193  0.60736918184702537  0.61620678333923751  0.62600490927231278
  0.63830662207509226  0.65172489385277044  0.66459536181411150  0.67673834782194564
  0.68790996759616463  0.70000527998311135  0.71012973056054218  0.72221465158247966
  0.73622265646415985  0.75175098815668373  0.77060779453112571  0.78528283781474728
  0.79806652555882518  0.80757514154979948  0.81835347454116381  0.83219959906921714
  0.84413917253221804  0.85502091341150332  0.86284200094113095  0.87082107348846460
  0.87781192000227648  0.88728121043761232  0.90186691059951829  0.91932328320135959
  0.93286362848856852  0.94358230858863468  0.95298004937599934  0.96229047760693764
  0.97153740685667922  0.97808690604038295  0.98891692454985969  1.00000000000000000
 -0.00086370448531642  0.00337440710455699  0.00900961434160526  0.01614626223601833
  0.02379488505280387  0.03408389209029869  0.04577250249847007  0.05710630514813272
  0.07106662172327008  0.08450948815626791  0.09656713448936351  0.10783032181530561
  0.11770116816000215  0.12405906856370988  0.12758872369941146  0.13178393490319879
  0.13567350708842973  0.13862874266286915  0.14151302975484445  0.14495706120421051
  0.14971986251396366  0.15703805098576351  0.16431662896529192  0.17033881269669618
  0.17805187311051987  0.18607423719303254  0.19628238179229451  0.20840399471280380
  0.22003728287823912  0.22941549576510817  0.23666635745690698  0.24344767752216520
  0.25009911611702040  0.25677296874916816  0.26336183946146119  0.26974500871017076
  0.27772774652860605  0.28639864881134042  0.29574076436515967  0.30556941685863048
  0.31449358144119260  0.32299944419627902  0.33187574120798152  0.33984464093953543
  0.34810630170235135  0.35660301923459953  0.36751401812729284  0.37949852677319318
  0.39263295112406371  0.40755194178120963  0.41911835303869960  0.42996859223163819
  0.44143116538348759  0.45060091664281310  0.45925844219066603  0.46601863944895211
  0.47414461510394579  0.48394166766438446  0.49599106254162584  0.50913762120394002
  0.52086840280843527  0.53011743956930069  0.53748796863505377  0.54479158372967340
  0.55367701742699582  0.56375784915145999  0.57618817496848806  0.59334052152138395
  0.60727584042818017  0.61589098788715435  0.62355502819139352  0.63384602278434621
  0.64844088177677806  0.66363765899976046  0.67761261689312768  0.68933065468506649
  0.69916107552025186  0.70826356354309583  0.71730999334064371  0.72704180077588909
  0.73938036244401728  0.75286046202700152  0.76711113412972609  0.78283423974141197
  0.80175677145787849  0.82045376582074192  0.83579196753438623  0.84970857400990452
  0.86666522576613580  0.88857228963093493  0.91451531480010684  0.93190754455107172
  0.94708970097021694  0.96106903105208630  0.97598042979800781  1.00000000000000000
 -0.00390585729031053  0.01188787761453088  0.02283192562781104  0.03234815909739314
  0.04354860300021005  0.05916110104632161  0.07684850451727876  0.08733754234062523
  0.09198523803211428  0.09700129492557179  0.10195311720751220  0.10641151438645893
  0.11181616242504731  0.12202229952963986  0.13237685949080599  0.14257970871018652
  0.15299766745704893  0.16506337193200402  0.17767922304065129  0.19118535013435697
  0.20506852630959743  0.21613844694379059  0.22573712009167843  0.23737291626380250
  0.25139173693783562  0.26372661884203819  0.27438693915632939  0.28928143929412131
  0.30646130656721671  0.32353433233321194  0.33712917578134199  0.34682308452728727
  0.35403054655213767  0.36156098831926214  0.36988812809299099  0.37963210887953169
  0.38965961741717159  0.40131736006731183  0.41013277730583608  0.41723645820950794
  0.42393449756656992  0.43176394602643214  0.44057520421559576  0.44989294025847204
  0.45868867302801108  0.46825429468929924  0.47969451407299846  0.49196163698988021
  0.50612967991175351  0.51794788547917536  0.52660142727134684  0.53436200270573120
  0.54523056679285342  0.55647276499101983  0.56526483434540720  0.57421982223201751
  0.58601859873687401  0.60408218383589640  0.61938353501825649  0.63285972455258843
  0.64348413612867783  0.65265784452643627  0.66542843664873652  0.67736947201842312
  0.68743868399366970  0.69710499119638525  0.70562559433526284  0.71292444240525177
  0.72304497658597577  0.73543150040703109  0.74498133965940339  0.75480509513165295
  0.76519547157815115  0.77632250506238965  0.78881522194602138  0.80132908470433328
  0.81068121105994984  0.82071221881857859  0.83073861521151193  0.84013230025271135
  0.84842671011516757  0.85560511525953808  0.86375014242041215  0.87381050332951626
  0.88155338137437256  0.88861933975782081  0.89898258253359475  0.91015173285818296
  0.92206605196533009  0.93519271468527254  0.94721437489646676  0.95933558282035147
  0.97064547777961252  0.98018208667019768  0.98964260550079663  1.00000000000000000
 -0.00426752528013422  0.01906611949572796  0.03662410519571695  0.05007055962426431
  0.06495071145962561  0.07904415669530823  0.09304079351861955  0.10805854430699514
  0.12392247955890422  0.14053465308939628  0.15365964757750183  0.16538424401568680
  0.17600009741682013  0.18573936082575018  0.19480837194793940  0.20580500419252784
  0.21421058996731554  0.21875595490161784  0.22337761532903175  0.22921133580127626
  0.24120696058380584  0.26177909136203670  0.28149077685961826  0.29629939984665826
  0.30990992707605752  0.32269930699010824  0.33490654702004941  0.34687415935552046
  0.36046372778271063  0.37425600726193020  0.38827543135985265  0.40075553123966201
  0.41195693774614300  0.42404635958765191  0.43365135289664980  0.44307314829141442
  0.45277689049828823  0.46348696581996823  0.47464615837797125  0.48467330785738660
  0.49187607719144755  0.49917731838611973  0.50756529830089936  0.51639685399640101
  0.52521982453245508  0.53426452373482824  0.54344865425862754  0.55229639248216078
  0.56076436569720278  0.56985507695086790  0.58051446107267157  0.59431724045052792
  0.60909472486232219  0.61913708569342896  0.62571860730329787  0.63099394201850156
  0.63593906200522787  0.64083163610984462  0.64579935150232737  0.65009943972749717
  0.65705870399821387  0.66719837860757569  0.67765868816479924  0.68995416982336100
  0.69963858939248380  0.70796818895153102  0.71699671658787223  0.72518291314568750
  0.73262975634873595  0.73989708648771080  0.74732904141409184  0.75583019360541392
  0.76576577116983702  0.77553878765776285  0.78458123646209510  0.79347816069545984
  0.80100289794418222  0.80877400164813762  0.81698969503815999  0.82634481683264016
  0.83633673076683701  0.84636505458764988  0.85649688802030333  0.86610171145054016
  0.87448257678587249  0.88317993357180269  0.89301949904880940  0.90361189573763889
  0.91447720540937893  0.92555786335598056  0.93664157293829575  0.95056095905343829
  0.96407508907648276  0.97481834669190270  0.98710113789112253  1.00000000000000000
 -0.00169465002223330  0.00614930210800332  0.01522041046169595  0.02717953542581607
  0.03716055950008104  0.04927614607216665  0.06542821639699577  0.07527593440289361
  0.08414832695962418  0.09350155226700424  0.10463389183284946  0.11610258566101823
  0.12911685136846784  0.14110672650282166  0.15359633698106126  0.16436944628293232
  0.17591409893892299  0.18915901780736918  0.20415541521467398  0.22031422022368305
  0.23510645060535529  0.24842717060899552  0.26041438311538606  0.27145311797753913
  0.28268591347991051  0.29332481438506386  0.30153057069188205  0.31104981884664384
  0.31901139464893957  0.32836689468865538  0.33663162239654598  0.34590543326820705
  0.35760477856307493  0.37133180552786732  0.38738662981867966  0.40168281531399491
  0.41147974928222047  0.41963960426062868  0.42720511874718670  0.43434809984979433
  0.44033364662763308  0.44527354858440815  0.45101868305267706  0.45703128486155703
  0.46237322209352827  0.47731524888401405  0.49353380548041131  0.50646708258191375
  0.51700541323049998  0.52810326506165983  0.54097941634366953  0.55380786023389206
  0.56278738066359202  0.56790130699064845  0.57349612889480428  0.57898389174042331
  0.58421647298686874  0.58876193555823508  0.59335302703361270  0.59992457806016120
  0.61150051287029272  0.62041221091285559  0.62975554650687882  0.63981180311955843
  0.65130504334468853  0.66462844773429097  0.67456111637822036  0.68486530307370175
  0.69435778802028014  0.70335612884939946  0.71085392825280447  0.71875546714706617
  0.73051188527575417  0.74235811121877504  0.75140551067756700  0.76088127382251869
  0.77031511842628908  0.78341347744743239  0.80075030914212353  0.81829382766551495
  0.83279788847916636  0.84368199594182181  0.85366242916281831  0.86322234452493729
  0.87431426682063507  0.88643352892366545  0.89847434424716044  0.91104338698044163
  0.92150989622992097  0.93281098536260121  0.94473167857175100  0.95632607757971455
  0.96609409890520603  0.97678985675959829  0.98825014744210726  1.00000000000000000
 -0.00192157602653244  0.00723804418923525  0.01682852235475295  0.02633693317143657
  0.03620173278251154  0.04724873763013244  0.05800335688188359  0.06975459953351636
  0.08097782663566440  0.09018612392669695  0.10150278276229836  0.11402984435939152
  0.12821836940851988  0.14256283901038033  0.15576784882469230  0.16768903036792956
  0.17917908388090650  0.19236815753062783  0.20559777290415446  0.21730737274980308
  0.22851729366183210  0.24204459325669667  0.25574108315168625  0.27036876793869036
  0.28512463610352851  0.29789867675781034  0.30872628270906582  0.32023086311394772
  0.33013334920617765  0.33777538085358122  0.34426918233543174  0.35260623723579188
  0.35993512350172280  0.37034843490637853  0.38039114341737973  0.39280689656236328
  0.40822696268605008  0.42753750410258773  0.44219219967164064  0.45517608335055354
  0.46768282999489569  0.48194210354151484  0.49563592593084055  0.50753328113903684
  0.51722446209169548  0.52567793380386130  0.53225085599325206  0.53956034375394046
  0.54919217994903768  0.55781470533959243  0.56677329162358647  0.57647259855675548
  0.58776051068042989  0.60053449389467184  0.61199327828323657  0.61974514362880784
  0.62560841095097242  0.63174529519270939  0.63904801486845197  0.64783653534071528
  0.65716485084614407  0.66606376586918847  0.67354816072284540  0.68134237012717658
  0.68964742045587257  0.69624540716444916  0.70351835558131148  0.71272602243578276
  0.72203639999592240  0.73019921833002988  0.73841783337763345  0.74597929073652069
  0.75350663203597568  0.76409511020447562  0.77518559290035427  0.78745314108312991
  0.79978777550864788  0.80850105302208219  0.81855688550793138  0.82908360750062093
  0.83942557989966149  0.84917548085549055  0.85939969215673273  0.87136557663375291
  0.88520111626156495  0.89912879281248803  0.91337508255896960  0.92873360904074098
  0.94219725685694966  0.94994952049264947  0.95725084794619264  0.96357872085290763
  0.97111728374610873  0.98115986978711178  0.99087795909796439  1.00000000000000000
 -0.00260349251653524  0.01121950913227674  0.01912890208773856  0.02832938525880390
  0.03783996543074671  0.04623326018444184  0.05508730417706147  0.06408265347382447
  0.07315843179379720  0.08318477218430370  0.09267404422188855  0.10634476239442289
  0.12145414179390021  0.13191373246172303  0.13920204596037725  0.14685751254771351
  0.15347554556220086  0.16105157766342565  0.17184634121413042  0.18473799331752130
  0.19836891096748610  0.21234277495580789  0.22605917169932099  0.23338477112415140
  0.23875032885138806  0.24530794272630274  0.25181328528150915  0.25817434025803965
  0.26455878646872300  0.27096299111858829  0.27620712747079773  0.28110769802239044
  0.28999853311573898  0.30454970587747116  0.31925281794846305  0.32920169781326492
  0.33938168436384558  0.35036872953700399  0.36101711552277710  0.37027612210447719
  0.37954425142215720  0.38694805311301872  0.39315374083254068  0.40326037524867259
  0.41267430994012333  0.42002927066935353  0.42966650734906420  0.43895200398959178
  0.45010914938599678  0.46311934224290252  0.47611289544475915  0.48747494153215831
  0.49721205553450226  0.50615774194524399  0.51489681185588898  0.52348938036857739
  0.53277072447007323  0.54371763227850400  0.55712698429556318  0.57004820496017261
  0.58148534319324852  0.59103159009740680  0.59854043618660369  0.60660901725868221
  0.61694867326915726  0.62740559058822531  0.63675573740423597  0.64434359229220961
  0.65215592330349648  0.66188040686709615  0.67555607758802361  0.69489144034392414
  0.70708547278676970  0.71661960545638548  0.72509447653322268  0.73365597663114490
  0.74295498809683957  0.75310133684886427  0.76514122911677018  0.77749842254353707
  0.78965471898400763  0.80227794080702353  0.81302831374033513  0.82194790022877062
  0.83175983877915172  0.84347942696708633  0.85878108300843581  0.87478225156009015
  0.89138325536987628  0.90789218361038038  0.92451457483022237  0.94091835178089556
  0.95527208530236241  0.97084836365055482  0.98639224176970697  1.00000000000000000
 -0.01364090018770701  0.05787696273998499  0.09912123019899387  0.13302537919055507
  0.15879518724320912  0.18100948469741387  0.20152055570263169  0.22140838176964972
  0.24081846103796556  0.25874807005193973  0.27356836448072269  0.28314851559930115
  0.28902217249502915  0.29451912842099548  0.29976458751862922  0.30625274156056775
  0.31381472439863939  0.32090741510873871  0.32839070158103262  0.33751395218623020
  0.34968639594952217  0.35489950445991070  0.35889970203104815  0.36246868462127968
  0.36594118687147725  0.36974446504181957  0.37424347899643773  0.37891259464758326
  0.38145475106790711  0.38942569150624251  0.39675833642651021  0.40406133462719296
  0.41039572275226277  0.41682995531386008  0.42289071681117457  0.42882147440764012
  0.43490186538652459  0.44130878272021523  0.44782748046223358  0.45467482890174415
  0.46501477998387281  0.47317810375202063  0.48013666554017526  0.48646596659109426
  0.49237201656606794  0.49998980312885632  0.50756412400403883  0.51590363769279490
  0.52245785166651559  0.52870860775898132  0.53452151514422985  0.54070141070861366
  0.54780885402811663  0.55521395462884848  0.56365378712157566  0.57160318292807499
  0.57945851468824561  0.58735624358956695  0.59508875663923710  0.60303502706297629
  0.61143681875246170  0.62048799462865112  0.63104163399271773  0.64241715438633684
  0.65326969600056728  0.66211942447353245  0.66999994989959921  0.67742278331346251
  0.68405319147573107  0.69047824269904634  0.69820909554728039  0.70647084428707196
  0.71557574990212791  0.72286846295767193  0.72945111698893894  0.73579735540036029
  0.74241995723180731  0.75025076407692437  0.75999339809544308  0.77008755994112588
  0.78020451147228387  0.79035130965953881  0.79694121224128067  0.80296397322725710
  0.80922034196457227  0.81693393316223362  0.83066850181648000  0.84757712674949703
  0.86375881702394330  0.87776043235893986  0.89102620375693176  0.90875549918954801
  0.93312243821208918  0.95921286260583016  0.98109207249235642  1.00000000000000000
 -0.00392119648700413  0.01387854365610307  0.02746953651499295  0.04112336009778861
  0.05461667847308294  0.06711425796016585  0.08036302744092949  0.09045241215838257
  0.09919844782909515  0.11161872845148182  0.12735768669801625  0.14484750743397973
  0.16003612300166198  0.17350010481132433  0.18555892650589159  0.19538287916852190
  0.20422665600969855  0.21427501220014378  0.22723555718949881  0.24058673085673413
  0.25420185079685281  0.26710923255340663  0.27506048362715352  0.28215321646769403
  0.28726816639235780  0.29286317243947568  0.29952276337928108  0.30544965744799402
  0.31019901638712227  0.31485824062866524  0.32216645591228277  0.33287059218776849
  0.34456993924580398  0.35675946483132243  0.37241421690820603  0.38644392364008939
  0.40040694065496507  0.41305030999305375  0.42583543056220291  0.43623862676070130
  0.44384859046663783  0.45262489978682457  0.46130670193497531  0.47418450260563016
  0.48362974827423938  0.49247244661388195  0.50144262343057855  0.51193389885193208
  0.52667105778200018  0.54361662171078706  0.56025931499319015  0.57593788904865040
  0.58707558888749078  0.59691324997858075  0.60452401294564539  0.61242738083624759
  0.62007947941429564  0.62836755470223804  0.63779417014276474  0.64501988965796397
  0.65287315760876541  0.66206039551911933  0.67322560541097065  0.68604573097688260
  0.70081978472957818  0.71451804725577328  0.72918849969388044  0.74376336176447633
  0.75990437244126074  0.77408504231113950  0.78576985310025838  0.79604500824082558
  0.80898866714017026  0.81847392636843475  0.82534791596649282  0.83219845998236663
  0.83933504128963643  0.84598730377592934  0.85552604240417773  0.86437095868296865
  0.87217481940266028  0.87888223629025908  0.88599764753234966  0.89511921775257119
  0.90582319905437647  0.91648670862772519  0.92776927583438529  0.93854266226438454
  0.94886286516498242  0.95896985271863799  0.96594780280743797  0.97141198224389513
  0.97733223865580265  0.98327067295600257  0.99070990670430625  1.00000000000000000
 -0.00314461269890171  0.00832632849491882  0.01805131825156980  0.02695397424361097
  0.03522637223269384  0.04211083841522235  0.04840200144195109  0.05457329984281047
  0.06276878048813486  0.07050231226631704  0.07727214196764770  0.08394851180882644
  0.09220969879908136  0.10317147765931402  0.11296004861441244  0.11999661623170765
  0.12658126298269184  0.13404958035730441  0.14171516101191228  0.14919696167948918
  0.15731671768709934  0.16653343600604409  0.17769020943945782  0.19077236525552138
  0.20456754506249619  0.21776409851587925  0.22814962170203551  0.23726307888899623
  0.24571764015420655  0.25399810880006485  0.26310638925807855  0.27438679143981498
  0.28445644606979054  0.29438940012657455  0.30244408751782087  0.30987902997838812
  0.31758914932743948  0.32670309210677706  0.33557203824067927  0.34545709147588055
  0.35605031304068080  0.36799403877778503  0.38163028726794834  0.39352254887862120
  0.40176122745700482  0.40801633727487785  0.41435253375921410  0.42119684799140705
  0.42830530408854500  0.43347321197619287  0.43843768870902050  0.44326807528662271
  0.44948573012265031  0.45785506917414748  0.47035020720190440  0.48291508777712722
  0.49480328297809373  0.50345287280332185  0.51291718449975321  0.52310127172924992
  0.53344738267149872  0.54401735222659198  0.55501611267662510  0.56522037354841859
  0.57566464993011990  0.58730269718356953  0.59862554702057269  0.60747382479888601
  0.61432885254495584  0.62190297772291969  0.62896861048495833  0.63504119056889063
  0.64098267422931621  0.64668293258141396  0.65241239340227664  0.66321172139759399
  0.67890519413911976  0.69459940819425969  0.70462308032834353  0.71213895304419239
  0.71878410172207485  0.72608144833508326  0.73621699282988173  0.74968828273930077
  0.76400183312149150  0.77703936031648158  0.79033577910200625  0.80388422069854493
  0.81827079285788040  0.83542154766877696  0.85649247617321544  0.88598564064483387
  0.91042006577718626  0.93108698458967221  0.95405575488080985  1.00000000000000000
 -0.00060787573040036  0.00401005110901827  0.00966165502585339  0.01533636516742976
  0.02098343739864076  0.02587339336092174  0.03046554219833925  0.03538070201111825
  0.04086948620164847  0.04641193575388410  0.05347711228165533  0.06277337643359403
  0.07247629404018427  0.08132463514514597  0.09597905443923080  0.11121546073215328
  0.11988839578052345  0.12766987076233072  0.13567443433013704  0.14592858546503373
  0.15586701622343929  0.16236702912428563  0.17001281266217175  0.17742504102718556
  0.18724509115177990  0.20128705718815357  0.21320059641859335  0.22612583626402138
  0.24136873337643314  0.25602045522856498  0.26801916489287125  0.27787390592853811
  0.28679956467985834  0.29556474000040134  0.30463357517348816  0.31498968744041217
  0.32704080230389299  0.34307950956869027  0.35706042739604665  0.36682690569710646
  0.37580201805173402  0.38760927340411822  0.39911469246336695  0.40999760304078620
  0.41779766064492097  0.42529239449666900  0.43314120736453282  0.43984174409233778
  0.44767353366202178  0.45566808736786230  0.46612745593311494  0.47751757018245650
  0.48863659855372193  0.49780361323126243  0.50714348976621559  0.51694400588793987
  0.52724764545194702  0.53852455058257875  0.54973900058095815  0.56190912525315351
  0.57545255423113117  0.58931144605976327  0.60220866638239490  0.61416496053445713
  0.62519852594781500  0.63654325424632274  0.64726020095328618  0.65861945745596728
  0.67077472344883660  0.68418501534471454  0.69717316255399131  0.71107061667838711
  0.72497976100900319  0.74244709397080910  0.75540333022620787  0.76494619256003638
  0.77400897034940475  0.78429549508092011  0.79383646524777152  0.80659364886214446
  0.82138149343159783  0.83638398735095620  0.84979806735737040  0.86073934989738676
  0.87350442421478414  0.88553245960641847  0.89637768938871254  0.90707668541986763
  0.91673329307384144  0.92758898552804159  0.93951458559872580  0.95363103700718566
  0.96517971933218694  0.97619480114975909  0.98726050562376189  1.00000000000000000
 -0.00327306969763228  0.01233954243727797  0.02427198883097981  0.03543946538781687
  0.04675015793409893  0.05850377571244544  0.07072894656280521  0.08409076796766266
  0.09660779316833926  0.10827294067174914  0.12005955769858026  0.13234651380819676
  0.14597765052092532  0.15681255908207620  0.16733392504338501  0.17740566246436168
  0.18936957158214945  0.20275137701485496  0.21491887847780744  0.22725366598476493
  0.23837956194267149  0.24957187878391013  0.25786060113826703  0.26589653127869700
  0.27444884377774353  0.28412001038166501  0.29998673273382437  0.31623803364556402
  0.32857047539894058  0.33844175065558496  0.34760872593340597  0.36043193411735963
  0.37213337351405801  0.38198127620329392  0.39170742045842005  0.40379016351768832
  0.42076894818805616  0.43660936330312039  0.44787122132845425  0.45940855909008299
  0.46955536971181544  0.47758565021401056  0.48720959061194841  0.50159448463415068
  0.51771631860865486  0.53198731683691969  0.54249890235860454  0.55224518183605920
  0.56504895356392204  0.57670174880330460  0.58190630194875537  0.58735101292926017
  0.59338919238451060  0.59989289543755053  0.60774826627880085  0.61437944047660142
  0.61977646334575653  0.62555525235500065  0.63524303379074198  0.64658394516424578
  0.65690323895636649  0.66556872568249570  0.67326336524666996  0.68065887438996098
  0.68986028014852319  0.70444004380676728  0.71972287528721302  0.73118978301265491
  0.74366624582065477  0.75655940835098223  0.76934094531969555  0.78215415187496096
  0.79402053685350160  0.80426677196068286  0.81274508725645989  0.82029136233239075
  0.82856448285449003  0.83659267967392958  0.84774368296516611  0.86137498621622621
  0.87052047445488923  0.87930367290781719  0.88887089497882854  0.90010378887984277
  0.91408332714700780  0.92607333527098867  0.93486527883328863  0.94308885340451587
  0.94982884122018962  0.95646161120722251  0.96147088708861994  0.96626160667207472
  0.97295116032254203  0.98068236766325567  0.98934352827976746  1.00000000000000000
  0.23944656369084921  0.46105638242942121  0.49966752437927481  0.53347396500326238
  0.55724938188315809  0.58521021534752615  0.60173675180998754  0.61323792860614845
  0.62249209559356600  0.63084078540801736  0.64209549778209707  0.65461787203022637
  0.66785373147967841  0.68056614864452214  0.69082282724424848  0.69965288922040092
  0.70757274183007846  0.71570980406770401  0.72478663601180859  0.73281643919807227
  0.74023527431888758  0.74676081875634737  0.75175582467856450  0.75595601239550780
  0.75941491573937159  0.76271013696719236  0.76771698921875620  0.77587407291357546
  0.78336780073272450  0.79026367314265344  0.79691956133876762  0.80279849745831533
  0.80889426242605378  0.81488710153000754  0.82144004000806270  0.82817826835250186
  0.83446673249532100  0.83967695553921362  0.84422480112602305  0.84898202762951458
  0.85410018277661959  0.85928273886026496  0.86359635484892083  0.86781632085781291
  0.87053328803237107  0.87308758379281315  0.87565317104317053  0.87833317506794184
  0.88119172043847060  0.88427717475329592  0.88780459310618165  0.89180047696572373
  0.89592582295454193  0.89976117673419020  0.90253838972206912  0.90408637273093073
  0.90554369618896813  0.90694554717781384  0.90834934007892520  0.90980755059433405
  0.91108241525753542  0.91225967399337227  0.91416520964232650  0.91704151376182697
  0.92030518946255635  0.92368185825509297  0.92703923628030516  0.93046094821593861
  0.93350467033843754  0.93629553816430711  0.93913025180017773  0.94203708705439648
  0.94371686172300218  0.94541500637574893  0.94711853118468048  0.94895911376082442
  0.95084208949169968  0.95288938524279654  0.95500503904588463  0.95725930814597193
  0.95981248768199945  0.96271430865464969  0.96538742871384065  0.96803523756855414
  0.97018494775230069  0.97202911744754672  0.97385444790507047  0.97567269740094209
  0.97753755004014520  0.97927511659633570  0.98090667676005094  0.98259879621638457
  0.98450366201796369  0.98714914495496076  0.99126449311349063  1.00000000000000000
 -0.03587452041025518  0.17184240853501381  0.21599830167155532  0.23983197185747604
  0.25808673505826191  0.27736378499130426  0.29779768227143122  0.31681311108450511
  0.33499394926898807  0.35173199687946227  0.36712893911928435  0.38187936926161242
  0.39611300946120698  0.40939262026829887  0.42200246948439435  0.43283763572823480
  0.44170225768827548  0.45032169822749452  0.45844536756141513  0.46657956608113166
  0.47385208950083196  0.48034440555344732  0.48666093006738559  0.49276249728115518
  0.49885753934195776  0.50520977948672907  0.51111829684151910  0.51641834262527653
  0.52173349369636135  0.52739525882349791  0.53297897524915150  0.53853519495390245
  0.54434910893088151  0.55014213566420689  0.55569053426019854  0.56132672063427924
  0.56647629256318666  0.57195979699381816  0.57661311581622310  0.58007957954503320
  0.58281360387187597  0.58567757799913012  0.58868130601169910  0.59144754817894007
  0.59423499093912435  0.59755207395392884  0.60114992645096632  0.60460423677651132
  0.60888190018011579  0.61371677550872339  0.61868983744367834  0.62278779798129524
  0.62711754681820164  0.63137113721117799  0.63546988188615827  0.63965945342843566
  0.64374356345023975  0.64803036412701609  0.65319702261096313  0.65877850014887163
  0.66434513282765961  0.66999620291348139  0.67449879075610630  0.67921581935055908
  0.68365470437832332  0.68714388382380809  0.69160543393907459  0.69571660128900059
  0.69938868196734527  0.70293926291346254  0.70739544471911264  0.71169187875435125
  0.71536136766457448  0.71865047298792761  0.72109276843424142  0.72305586873548888
  0.72620534549389293  0.73132196460997179  0.73692574769514163  0.74305842393856070
  0.74675306586294565  0.75125798153932211  0.75640560919574262  0.76163068222858576
  0.76775609171389059  0.77567886971055289  0.78464320977800406  0.79328921706834332
  0.80214828588267606  0.81172130022756794  0.82267470858050695  0.83318393334029506
  0.85026927144877285  0.87406901631753398  0.90817454471410930  1.00000000000000000
   2.5576220437636324E-016  -1.0000000000000000     
 F F F F F F F F F F F F F F F F F F F F F F F F F F F F F F F F F F F F F F F F F F F F F F F F F F F F F F F F F F F F F F F F F F F F F F F F F F F F F F F F F F F F F F F F F F F F F F F F F F F F F F F F F F F F F F F F F F F F F F F F F F F F F F F F F F F F F F F F F F F F F F F F F F F F F F F F F F F F F F F F F F F F F F F F F F F F F F F F F F F F F F F F F F F F F F F F F F F F F F F F F F F F F F F F F F F F F F F F F F F F F F F F F F F F F F F F F F F F F F F F F F F F F F F F F F F F F F F F F F F F F F F F F F F F F F F F F F F F F F F F F F F F F F F F F F F F F F F F F F F F F F F F F F F F F F F F F F F F F F F F F F F F F F F F F F F F F F F F F F F F F F F F F F F F F F F F F F F F F F F F F F F F F F F F F F F F F F F F F F F F F F F F F F F F F F F F F F F F F F F F F F F F F F F F F F F F F F F F F F F F F F F F F F F F F F F F F F F F F F F F F F F F F F F F F F F F F F F F F F F F F F F F F F F F F F F F F F F F F F F F F F F F F F F F F F F F F F F F F F F F F F F F F F F F F F F F F F F F F F F F F F F F F F F F F F F F F F F F F F F F F F F F F F F F F F F F F F F F F F F F F F F F F F F F F F F F F F F F F F F F F F F F F F F F F F F F F F F F F F F F F F F F F F F F F F F F F F F F F F F F F F F F F F F F F F F F F F F F F F F F F F F F F F F F F F F F F F F F F F F F F F F F F F F F F F F F F F F F F F F F F F F F F F F F F F F F F F F F F F F F F F F F F F F F F F F F F F F F F F F F F F F F F F F F F F F F F F F F F F F F F F F F F F F F F F F F F F F F F F F F F F F F F F F F F F F F F F F F F F F F F F F F F F F F F F F F F F F F F F F F F F F F F F F F F F F F F F F F F F F F F F F F F F F F F F F F F F F F F F F F F F F F F F F F F F F F F F F F F F F F F F F F F F F F F F F F F F F F F F F F F F F F F F F F F F F F F F F F F F F F F F F F F F F F F F F F F F F F F F F F F F F F F F F F F F F F F F F F F F F F F F F F F F F F F F F F F F F F F F F F F F F F F F F F F F F F F F F F F F F F F F F F F F F F F F F F F F F F F F F F F F F F F F F F F F F F F F F F F F F F F F F F F F F F F F F F F F F F F F F F F F F F F F F F F F F F F F F F F F F F F F F F F F F F F F F F F F F F F F F F F F F F F F F F F F F F F F F F F F F F F F F F F F F F F F F F F F F F F F F F F F F F F F F F F F F F F F F F F F F F F F F F F F F F F F F F F F F F F F F F F F F F F F F F F F F F F F F F F F F F F F F F F F F F F F F F F F F F F F F F F F F F F F F F F F F F F F F F F F F F F F F F F F F F F F F F F F F F F F F F F F F F F F F F F F F F F F F F F F F F F F F F F F F F F F F F F F F F F F F F F F F F F F F F F F F F F F F F F F F F F F F F F F F F F F F F F F F F F F F F F F F F F F F F F F F F F F F F F F F F F F F F F F F F F F F F F F F F F F F F F F F F F F F F F F F F F F F F F F F F F F F F F F F F F F F F F F F F F F F F F F F F F F F F F F F F F F F F F F F F F F F F F F F F F F F F F F F F F F F F F F F F F F F F F F F F F F F F F F F F F F F F F F F F F F F F F F F F F F F F F F F F F F F F F F F F F F F F F F F F F F F F F F F F F F F F F F F F F F F F F F F F F F F F F F F F F F F F F F F F F F F F F F F F F F F F F F F F F F F F F F F F F F F F F F F F F F F F F F F F F F F F F F F F F F F F F F F F F F F F F F F F F F F F F F F F F F F F F F F F F F F F F F F F F F F F F F F F F F F F F F F F F F F F F F F F F F F F F F F F F F F F F F F F F F F F F F F F F F F F F F F F F F F F F F F F F F F F F F F F F F F F F F F F F F F F F F F F F F F F F F F F F F F F F F F F F F F F F F F F F F F F F F F F F F F F F F F F F F F F F F F F F F F F F F F F F F F F F F F F F F F F F F F F F F F F F F F F F F F F F F F F F F F F F F F F F F F F F F F F F F F F F F F F F F F F F F F F F F F F F F F F F F F F F F F F F F F F F F F F F F F F F F F F F F F F F F F F F F F F F F F F F F F F F F F F F F F F F F F F F F F F F F F F F F F F F F F F F F F F F F F F F F F F F F F F F F F F F F F F F F F F F F F F F F F F F F F F F F F F F F F F F F F F F F F F F F F F F F F F F F F F F F F F F F F F F F F F F F F F F F F F F F F F F F F F F F F F F F F F F F F F F F F F F F F F F F F F F F F F F F F F F F F F
  <DiscreteSampler_grid>
  grouped_processes
  1 # 1 for a reference and 2 for a running grid.
  10 # Attribute 'min_bin_probing_points' of the grid.
  1 # Attribute 'grid_mode' of the grid. 1=='default',2=='initialization'
  0.0000000000000000 # Attribute 'small_contrib_threshold' of the grid.
  0.5000000000000000 # Attribute 'damping_power' of the grid.
 # binID   n_entries weight   weight_sqr   abs_weight
    61   10   1.201308837412117E-012   8.192031518574843E-024   1.201308837412117E-012
    62   10   1.201308837411622E-012   8.192031518566912E-024   1.201308837411622E-012
    64   10   2.402617674824234E-012   3.276812607429937E-023   2.402617674824234E-012
    65   10   2.402617674823243E-012   3.276812607426765E-023   2.402617674823243E-012
    67   10   2.243689745785299E-012   1.942309314349667E-023   2.243689745785299E-012
    68   10   2.243689745784770E-012   1.942309314348856E-023   2.243689745784770E-012
    70   10   4.487379491570599E-012   7.769237257398669E-023   4.487379491570599E-012
    71   10   4.487379491569540E-012   7.769237257395424E-023   4.487379491569540E-012
    106   10   1.201308837412065E-012   8.192031518573991E-024   1.201308837412065E-012
    107   10   1.201308837411636E-012   8.192031518567155E-024   1.201308837411636E-012
    109   10   2.402617674824130E-012   3.276812607429596E-023   2.402617674824130E-012
    110   10   2.402617674823273E-012   3.276812607426862E-023   2.402617674823273E-012
    112   10   2.243689745785269E-012   1.942309314349631E-023   2.243689745785269E-012
    113   10   2.243689745784785E-012   1.942309314348877E-023   2.243689745784785E-012
    115   10   4.487379491570538E-012   7.769237257398525E-023   4.487379491570538E-012
    116   10   4.487379491569570E-012   7.769237257395508E-023   4.487379491569570E-012
  </DiscreteSampler_grid>
