  0.00131438404153001  0.02275666063571688  0.03699165167755390  0.04477797403014688
  0.04836253460034096  0.05198428379263154  0.05725638791672823  0.06314224773751075
  0.06851848485446330  0.07355897331221521  0.08110916208249198  0.09030864535612562
  0.09789585639591783  0.10686922383767779  0.11860593425179247  0.13565339063637691
  0.15223685095199663  0.16051843122467854  0.17102775719144986  0.17772592009291971
  0.18285795752996789  0.18624906793989682  0.18962888466118422  0.19299580717360582
  0.20324490895042022  0.22300979047977559  0.24634437687857461  0.26579466356414994
  0.28875495790681005  0.31046008564442024  0.32765502017869352  0.33836786316070733
  0.34844227457026078  0.35847544272556231  0.36949560076979504  0.38000183415621952
  0.40473490737354317  0.42688738276314148  0.44576136260144023  0.46017098888580305
  0.47710160311841554  0.49227869530116541  0.50832081436277521  0.52102869392485318
  0.52798307281746737  0.53417885795792430  0.54053377858119112  0.54802133963588950
  0.56562124320037399  0.58747848537715042  0.59565593196542677  0.60300490234740234
  0.60955249296923197  0.61611851190312561  0.62464333954042872  0.63487586724721179
  0.64532447219474098  0.65304964223719486  0.66133247624820957  0.67163619942748509
  0.68159010994313773  0.69117422474821644  0.70149176827860682  0.71456375455308918
  0.72888928673019004  0.73763491605399323  0.74866525852306476  0.75789733131581238
  0.77002189196229021  0.78884613161362127  0.80854601840274176  0.82513379889266791
  0.84081818006726439  0.85668271800396434  0.86993964971155668  0.87961800888863440
  0.88733681144960130  0.89439403109052218  0.90229959415587102  0.91194619130489007
  0.91387407619479166  0.91580196108469325  0.91773250215847013  0.91973834874758087
  0.92174419533669172  0.92375004192580257  0.92596322602876091  0.92819381945193569
  0.93042441287511035  0.93778178304014070  0.94517968243439499  0.95278609520983493
  0.96166457533562633  0.97181851760343241  0.98619476559780228  1.00000000000000000
  0.00002385225597079  0.00004249577409199  0.00004499378830616  0.00004633739249939
  0.00004749390739735  0.00004842073576902  0.00004935851713800  0.00005038908233877
  0.00005172799200626  0.00005275681987118  0.00005431356156873  0.00005569625440427
  0.00005671621569863  0.00005762239222350  0.00005875295528010  0.00006113669472835
  0.00006258241328507  0.00006380684381748  0.00006491070675150  0.00006581936940240
  0.00006682917823869  0.00006833585008628  0.00006968858290103  0.00007042028652404
  0.00007110131376744  0.00007180178153153  0.00007230946024482  0.00007303736930654
  0.00007395572559142  0.00007472366476421  0.00007534523942990  0.00007619048411458
  0.00007721577918395  0.00007867823336277  0.00008027808200677  0.00008139757727895
  0.00008352896140466  0.00008610134738712  0.00008871055547485  0.00009157204989124
  0.00009374386073636  0.00009541180352454  0.00009643193536740  0.00009748790715409
  0.00009874406190258  0.00010037596426860  0.00010202956273663  0.00010301344029230
  0.00010382496377618  0.00010456003529095  0.00010533007159889  0.00010653150050879
  0.00010776483860349  0.00010939371015890  0.00011118100889160  0.00011334940961968
  0.00011609870781443  0.00011899339227082  0.00012260997872297  0.00012662401704892
  0.00012971516122980  0.00013249164527570  0.00013544428558607  0.00013927872990812
  0.00014371075936399  0.00014710323011754  0.00015117505152753  0.00015529851003261
  0.00015920010385429  0.00016335451883083  0.00016893039482071  0.00017533186671017
  0.00018116568947936  0.00018573407561592  0.00019020706532066  0.00019599503335613
  0.00019871071479144  0.00020042178146435  0.00020213284813725  0.00020400342343362
  0.00020590934730134  0.00020781527116906  0.00020977979458775  0.00021175359464081
  0.00021372739469387  0.00022478173625836  0.00024515601127361  0.00026711706282672
  0.00028599164917382  0.00030785249742841  0.00033211304853702  0.00037056509580952
  0.00043393618756201  0.00071647349068969  0.51635083798081327  1.00000000000000000
  0.00339639050826906  0.01171647119150010  0.02169129739139480  0.02897258662337582
  0.03511489431690831  0.04297596134666189  0.05555180455485016  0.06696080011715644
  0.07478481220438410  0.07948155441498994  0.08391602840551862  0.08930854810024896
  0.09538649741828245  0.10204249678986005  0.10639947454878718  0.10882464361206576
  0.11052743654486699  0.11361861516384648  0.12036344582533232  0.12491547215418378
  0.13097683824195622  0.13559960495936166  0.14480709706232650  0.15395723920606461
  0.16322670313657289  0.17553996033965547  0.19603096923438254  0.21676282336601560
  0.23781445491151279  0.25400181057314775  0.26950979690006704  0.28470227518508379
  0.29803806624590001  0.30765458709411142  0.31790295243161587  0.32426810930024502
  0.32970626867977887  0.33361562343556295  0.33763914982536092  0.34174792101224738
  0.34829673942851946  0.35752423805762978  0.36704171209178438  0.37335121382500264
  0.37886522549890100  0.38437923717279943  0.39088421052362882  0.39809493060084289
  0.40530565067805696  0.41209500832467605  0.41812612105081531  0.42415723377695458
  0.43109097842412841  0.44137124393034349  0.44848610662969118  0.45586975097264426
  0.46301479441183274  0.47130383139228432  0.48734790134473760  0.50607223558462044
  0.52372630971115475  0.54164313288135046  0.56013889248565685  0.57846597074411388
  0.60257232116311266  0.62698313480221257  0.64183078182049413  0.65233832971192540
  0.66268064471080645  0.67186220678395803  0.67977216889107162  0.68713956058804782
  0.69506089164044471  0.69816203739975680  0.70242402916298696  0.70659474553806501
  0.71012000887865179  0.71516955546789596  0.72337615272880473  0.73847507023702041
  0.76210848281123622  0.78562368565508511  0.80208651911479800  0.81347802469451869
  0.82448435621491756  0.83906373132011447  0.85430949781251375  0.86848482413571249
  0.88216156022275916  0.89594765864328463  0.91248013137062767  0.93026550155222820
  0.94900625677681927  0.96030639536666573  0.97462499730090424  1.00000000000000000
  0.00003705733499657  0.00004331201645829  0.00004608444037898  0.00004755073385745
  0.00004890989865345  0.00005014375875863  0.00005129252436963  0.00005240624808724
  0.00005370154779477  0.00005492430209465  0.00005584114471992  0.00005663553026746
  0.00005797077859132  0.00006087644778357  0.00006368960526375  0.00006544547985998
  0.00006713057325834  0.00006865482705222  0.00006970191595575  0.00007086524649882
  0.00007201609723356  0.00007309914106157  0.00007416730934081  0.00007522655395240
  0.00007606929755893  0.00007679317332356  0.00007727645304826  0.00007780073940139
  0.00007889386739480  0.00008025677570053  0.00008186938399535  0.00008343178147833
  0.00008471198936302  0.00008624928723919  0.00008845475259539  0.00009018348183686
  0.00009183272276783  0.00009390052710661  0.00009642259456264  0.00009906093543992
  0.00010101622404768  0.00010302603342131  0.00010501905963099  0.00010725719820698
  0.00010996431724676  0.00011284148325228  0.00011548636160462  0.00011774325565995
  0.00011956707985796  0.00012220941745437  0.00012403270736178  0.00012513971707294
  0.00012621969982827  0.00012716702342849  0.00012809847908900  0.00012890634424489
  0.00012933014588300  0.00012975031292128  0.00013033946583877  0.00013147687842893
  0.00013418763084287  0.00013740593199009  0.00014107151555228  0.00014569543305576
  0.00014944815384988  0.00015326874398034  0.00015618369019262  0.00015769348844472
  0.00015937551005447  0.00016202667117677  0.00016514669257605  0.00016801324982889
  0.00017106980383542  0.00017501453571302  0.00017943090286107  0.00018649027749594
  0.00019094016088075  0.00019424181639460  0.00019754347190845  0.00020082135920542
  0.00020409551383890  0.00020736966847238  0.00021123890230040  0.00021522641795873
  0.00021921393361706  0.00022835990679502  0.00024382868324327  0.00026233014957575
  0.00028716447227381  0.00031790873828033  0.00035863236073167  0.00043274972014773
  0.00050366237385679  0.00070029292209914  0.20283912434907797  1.00000000000000000
  0.00042791643713146  0.00043905300000600  0.00044498400472835  0.00044805924257453
  0.00045060770948466  0.00045315856812854  0.00045674420627305  0.00046120630265313
  0.00046746871195329  0.00047219889885542  0.00047896019865535  0.00048743691646729
  0.00049704708751359  0.00050766005916619  0.00051961851562832  0.00053020826654718
  0.00054690347298257  0.00056522672792185  0.00058150523322599  0.00059799674826095
  0.00061152333457384  0.00061977374530506  0.00062527490768857  0.00062996870233832
  0.00063587159689472  0.00064196000644077  0.00065019752840378  0.00065786754042425
  0.00066369762064590  0.00067216071771025  0.00068007216073692  0.00068732423074528
  0.00069364805196280  0.00070012525616186  0.00070980726024930  0.00072803928444553
  0.00075134203427736  0.00077542634457122  0.00079846789115790  0.00081831329793545
  0.00083882646239970  0.00085849873023606  0.00087974180822280  0.00090255538349164
  0.00092371844121915  0.00094216291656001  0.00095838214156623  0.00096943920560774
  0.00098554787671648  0.00100042733730608  0.00101027159866686  0.00102938156196276
  0.00104599814459330  0.00106120429796332  0.00107571029249242  0.00109247572279528
  0.00111085330158111  0.00112379304030972  0.00113660840585158  0.00114964637627521
  0.00116036434003987  0.00118110638215486  0.00121017467848893  0.00124221695148863
  0.00127278996878255  0.00130791885321093  0.00133384422049006  0.00135901624674987
  0.00138236421284206  0.00140864857491167  0.00145089126170310  0.00148010988800442
  0.00151760898261329  0.00156788207380376  0.00159235653063289  0.00161442895546859
  0.00163969639016260  0.00166788150045211  0.00169561690198398  0.00172021425080256
  0.00174481159962113  0.00184535512675578  0.00200357477845055  0.00210232191062970
  0.00216957973598204  0.00224570334768260  0.00235468718841030  0.00247565167499353
  0.00265155090000322  0.00295254981690914  0.00343802385864640  0.00411417397771412
  0.00547740844788077  0.00857921783653991  0.01459218894811477  1.00000000000000000
  0.00901666069275636  0.01698880781091508  0.02045355883680092  0.02410469423200898
  0.03066586187285588  0.03610937967580367  0.04691750864738972  0.06537827593392674
  0.07787843112712672  0.08586481008419788  0.09323075330261471  0.10107538916036916
  0.11060128887456000  0.11912287670451313  0.12720211197579351  0.13662238760768894
  0.14519472383892296  0.15395368558311956  0.16158862924037837  0.16999448245749268
  0.18296373710969577  0.20586763388501186  0.22069103770750120  0.23402126382508437
  0.24649173029833168  0.25880829640857661  0.26936796876178593  0.27978856395794743
  0.29797157291076970  0.31475344171914882  0.32689003852618875  0.33853292468014445
  0.35196090050944545  0.36559099615123936  0.37999186370510973  0.39642448697752519
  0.41209276677136863  0.42499724236744063  0.43599626329283842  0.44355971824667217
  0.45017080746911603  0.45742850810408742  0.46476168409198304  0.47294259094501473
  0.48219522058157527  0.49929594416936390  0.51501549539372093  0.52596730213153575
  0.53487387043551682  0.54341698151542950  0.55401885150701480  0.57337139947170879
  0.59716431093523781  0.61544878430912808  0.62538198245184784  0.63366424871746740
  0.64002180328119695  0.64594771862774591  0.65164907748451228  0.65603648686910010
  0.65928345003363553  0.66209761978156090  0.66462783593970520  0.66872046317662281
  0.67557643887226126  0.68624480381025388  0.70344698322569021  0.72030759795951538
  0.73512913007368230  0.74647779342795018  0.76248938560914481  0.78493998381781427
  0.80707822543878316  0.82390322146073081  0.82947458783953065  0.83592789563581071
  0.84203876835651559  0.84653864059302253  0.85088431053555547  0.86105605666655904
  0.88018876295958104  0.88695224154970365  0.89371572013982625  0.90047919872994886
  0.90732114926911811  0.91416660983702103  0.92101207040492394  0.92735188035389160
  0.93358595415523193  0.93982002795657216  0.95420943403716685  0.96569923343261932
  0.97411722948104496  0.98255759648821117  0.99118656506978486  1.00000000000000000
 -0.00053064123798142  0.00710805565051974  0.01395724074440187  0.02029209507272631
  0.03135173919077262  0.04827294340648378  0.06622233473668752  0.08427960191602409
  0.09296954599723342  0.10078209563280324  0.10951512069170126  0.11945834206288650
  0.13087414141679921  0.15239984968185732  0.16944443795563241  0.18136610673944548
  0.19440771932342743  0.20289898590579319  0.20875192329652983  0.21520331190624453
  0.22260561169468834  0.23862783947699115  0.25800527026365622  0.27920197284852855
  0.29587139694454356  0.31127978234260939  0.33013587970165437  0.35058080639532402
  0.36449253070899301  0.37873299849468317  0.39466312224204497  0.40806733519692917
  0.42361460073714813  0.43411774071169890  0.44298032508937230  0.45213111615746954
  0.46760560037263088  0.48258050421196580  0.49494093611766804  0.50522377159869858
  0.51736731264396596  0.52969130310402646  0.54126587447375019  0.55346576651245449
  0.56770136155261608  0.58272126827203552  0.59328812699916955  0.60061349353166416
  0.60699899640096222  0.61228456318570335  0.61817088987832580  0.62654033700670075
  0.63394565930382207  0.64178962020050634  0.64776646859444309  0.65500754004080020
  0.66434954002114144  0.67105083005104871  0.68015869542778518  0.69520299798206420
  0.71105019531617131  0.72478136518786029  0.73863427284256766  0.75959995555780535
  0.77632112130397390  0.78791250771862342  0.79658506022670617  0.80035150260554278
  0.80411794498437950  0.80788438736321622  0.81290690507670382  0.81813057502886377
  0.82335424498102361  0.82785662388844183  0.83203846137304860  0.83622029885765536
  0.84224053427346413  0.84971582714116234  0.85169378842229482  0.85371543097949310
  0.85587804209911211  0.85809008628341954  0.86102436983596919  0.86697178706877398
  0.87353780982893636  0.88608584595055950  0.90043196124772074  0.91161832027025036
  0.92133144905837239  0.93097899014272034  0.94105204170751677  0.95409781394704285
  0.96728118821932618  0.97917199099314634  0.99002782257359412  1.00000000000000000
 -0.00742079721782899  0.01312925259581248  0.03246339813764126  0.04671619085912190
  0.06493662639777356  0.09130917626981637  0.11642442637551678  0.13453062589413875
  0.15643345338708931  0.17743507216728927  0.19044263278515905  0.19960943864971145
  0.20744863594823570  0.21476970959226341  0.22530845013970327  0.23850270087806819
  0.25597867569775606  0.27252932612614406  0.28906067369355665  0.30711542807664671
  0.32096215691598129  0.33821118464380379  0.35761064891730776  0.37414335605448928
  0.39245085942021080  0.40673185122729361  0.41926644705849930  0.42868413389956372
  0.43621307026957695  0.44636047740681217  0.45655282255553753  0.46685651526367328
  0.47687702254290798  0.48572299021329385  0.49206805485797211  0.49894618625874820
  0.50544930332990679  0.51151862197187437  0.51779542233142661  0.52532591903709414
  0.53498044929665256  0.55226349539345765  0.57058350631370536  0.58408497650127422
  0.59596328216983208  0.60437419354937560  0.61473779516923122  0.62651941216882190
  0.64273871461826271  0.65776616404463784  0.66920168606801977  0.67776315097114426
  0.68463137905791160  0.69381702363468822  0.70599994942653577  0.71943961581206328
  0.73600427291695536  0.75002466378243404  0.75883310978303742  0.76490229841200863
  0.77202116487069417  0.77889184844428938  0.78597051509296578  0.79464307280966850
  0.80470865743988884  0.81360782388503261  0.81960983501711393  0.82713598300370172
  0.83754854025030712  0.84368023327263508  0.84782776558066930  0.85192329817061707
  0.85479296935624438  0.85660475169378869  0.85916057847763772  0.86282552509083554
  0.86697831908860656  0.87456554274528986  0.88492803461148761  0.89958339430198198
  0.91930732380393909  0.93270860942230749  0.94259272905970082  0.94722147459426276
  0.95252079669992540  0.95897016770314714  0.96892519044908443  0.97773438707007476
  0.98347740851612997  0.98500370896115108  0.98653000940617219  0.98805630985119319
  0.99091728087077446  0.99394485391384957  0.99697242695692478  1.00000000000000000
 -0.00339836714167066  0.01717669420401154  0.03653494387668819  0.05650371404887979
  0.07489599368065289  0.09387477791628013  0.11203029276957140  0.12757435369543096
  0.14232093238674084  0.15961503032528934  0.17765308327023024  0.19499413349043729
  0.20217939235976287  0.21048914239294100  0.21735182069944370  0.22141174124612226
  0.22586833303961329  0.23132111808972819  0.23697315016678813  0.24046505067209070
  0.24617412472364850  0.25331929176944656  0.25888575547166254  0.26627708174508635
  0.27462953377720323  0.28237391315305549  0.28871686786182910  0.29589330844514455
  0.30443821139833072  0.30887372391820267  0.31259674612848337  0.31740191550016039
  0.32205182923328790  0.32872950071703216  0.34433551016712594  0.36629143815201703
  0.38483518449436205  0.39179709798241624  0.39519961243943896  0.39860212689646168
  0.40262095111459167  0.40751986586396033  0.41241878061332898  0.41718681535404895
  0.42097490594331366  0.42476299653257837  0.42855108712184309  0.43907253218830700
  0.44893385025623916  0.45299741484982553  0.45691307080821991  0.46135594774161454
  0.46865099029244517  0.47940541821427274  0.48857449508366302  0.49398755912939013
  0.50190661627569777  0.50915677107091717  0.51925876600287180  0.54375589266657054
  0.56970902683895952  0.58709014106866075  0.60228336207337818  0.61662110394714165
  0.63060003523649566  0.65111311925070170  0.66159797982232227  0.67097269095422885
  0.67920208439905860  0.68690303365922600  0.69392064278257048  0.70302645711026979
  0.71131427501441591  0.71814646898987866  0.72247239948951947  0.73061171965128202
  0.74041358394401224  0.75182746208950102  0.76867402756537961  0.78838124572881907
  0.80283417133496249  0.81609220901037993  0.82996883256962239  0.84380589129774175
  0.85538997112438975  0.86124380621703156  0.86614780947036940  0.87343949078918814
  0.88148232061929932  0.88782087025019896  0.89801438357200292  0.90336544413919129
  0.91813596973724676  0.94075692307703007  0.96890688696100902  1.00000000000000000
 -0.00092447306098664  0.00506208325334139  0.01235199418043675  0.02204261760057405
  0.03417613277226729  0.04687735678004355  0.06534658756828320  0.08694777695337103
  0.10109795450105905  0.11303320943195608  0.12135772214486480  0.12808958583795443
  0.13600566498972538  0.14999809326419763  0.16260665108519073  0.18348440598411975
  0.20149216406506254  0.21709272738687999  0.22958892591559360  0.23641489127500395
  0.24301468245960833  0.24995565816807752  0.25554916814143463  0.25978797559594818
  0.26398877822502881  0.26818352398890760  0.27757243913295088  0.29403313499844519
  0.30801662118101603  0.32141007371446245  0.32699475333753930  0.33120445982017066
  0.33541416630280207  0.34018378441876307  0.34535796348670167  0.35053214255464021
  0.35581794570657010  0.36140605234215561  0.36699415897774113  0.37258226561332669
  0.38909259634878340  0.40252419557552810  0.41600387192337290  0.42633434109551077
  0.43455684958187824  0.44073533334615933  0.44896158615889875  0.45744824793604372
  0.46680032301519958  0.47597687087424068  0.48330740873654926  0.49168659241449225
  0.50134079399679454  0.51516754420504085  0.52755251172661111  0.53623473224206497
  0.54499675047503371  0.55666979074206713  0.57760415173420299  0.60980672468941566
  0.63785718351726983  0.65923264433820261  0.67544315580517178  0.68885093133780717
  0.69968351601876044  0.70540483516006958  0.71182515935229762  0.72064867413085598
  0.73106623347713284  0.73814547728243274  0.74588836554569615  0.75547425469500296
  0.76736555651689520  0.77554773478434968  0.78700332317200883  0.80257015197310633
  0.81740994485444007  0.83167704832304956  0.84867606764601211  0.85771550291184007
  0.86397977585844088  0.86905292965555359  0.87541295704573574  0.88228856664308175
  0.88963182120126638  0.89507503469912320  0.89839761906404891  0.90324431471005462
  0.90819869224769922  0.91632226876619161  0.92454568725017539  0.93509583839652954
  0.94685819359627255  0.96593226939979548  0.98316904156051910  1.00000000000000000
 -0.00623871218224153  0.02867861169236665  0.05087982235749659  0.06910243770116602
  0.08850355911359885  0.11491345287698071  0.14375939624578135  0.16798808422223518
  0.18802234244984084  0.20512155189818121  0.22114551878415592  0.23069384884807181
  0.24049527854981326  0.25056581048698129  0.25934925681356152  0.27126905798328332
  0.28533619464011512  0.29121788685344868  0.29644310587457928  0.30600997398762808
  0.31744592661393051  0.32133379826745123  0.32480369832573031  0.32827359838400932
  0.33137011299293889  0.33441186952593477  0.33745362605893059  0.33960113360526767
  0.34152081280719626  0.34344049200912485  0.34936462402980412  0.35516649206321865
  0.36105817300277276  0.36951940873722289  0.37825356779589475  0.38901497598607665
  0.39963102863838856  0.40659827311999358  0.41396553203775938  0.42230729218421548
  0.43336885436212180  0.45167437681557732  0.46466778642911216  0.47571793633060161
  0.48869499442038483  0.50780037592369531  0.52827801459890256  0.54837247932844291
  0.57025743055853395  0.58865735345232773  0.60089649542381018  0.61211526802516147
  0.62414605599256978  0.63765699280640797  0.64955411418853837  0.65945758700922497
  0.67343801339929443  0.69066959181275911  0.71361852995843722  0.73299617779975546
  0.74865849319475597  0.76653478011860277  0.77628709741424395  0.78124211956785194
  0.78445065698790539  0.78756395929615186  0.79102381111525477  0.79494070150558249
  0.80009913317110892  0.80627844884197986  0.81159419592896809  0.81668751162424380
  0.82554216158077454  0.83114556559678232  0.84023893070610145  0.85121446947094193
  0.85916507514581975  0.86518043862562288  0.87307924450469365  0.88396825293924230
  0.89581116552528139  0.90692395584952867  0.91729679271821163  0.92754308486644066
  0.93769990506285550  0.94775620856140563  0.95324841277252692  0.95793685978190768
  0.96266544914598873  0.96726676770116493  0.97794594516629363  0.98523228907164306
  0.98844103512645953  0.99163608883414001  0.99584885077262131  1.00000000000000000
 -0.00519341637641399  0.02216880660429147  0.04013092077028885  0.05824821853409982
  0.06794553564636162  0.07273721867766829  0.07684865760882205  0.08040897917507217
  0.08360204188705989  0.09372397041498785  0.10749856329081794  0.12048801369014914
  0.13667765461396028  0.15245789765059781  0.16546377865009237  0.17616797506940321
  0.18488063423756768  0.19302584887972021  0.20318154201459293  0.21662905723136675
  0.23059620035788253  0.24325030075945142  0.25809837637072475  0.27053039934946788
  0.28183400448602941  0.29182902262230720  0.30168885227558090  0.31161418191281814
  0.32283848276419841  0.33513797705274134  0.35074569455214955  0.36079001044300096
  0.36539395562381671  0.37317405889738769  0.38415328346859001  0.39915185792747915
  0.41742317784952704  0.43466049856150185  0.45168145012521843  0.47243168234102817
  0.49415808729735228  0.50529765566510298  0.51757902277679568  0.52851191314300638
  0.53737561599554506  0.54533500681249469  0.55374202694817076  0.56267197320078932
  0.57093368676817924  0.57821148850518889  0.58814363608735931  0.60556926943002598
  0.61678901591497426  0.62119163033120040  0.62559424474742653  0.63011806198164777
  0.63536838559607289  0.64061870921049802  0.64586903282492314  0.65142180112790693
  0.65705575265278271  0.66268970417765860  0.66838399447799191  0.67421586203227524
  0.68216036362334331  0.68804620282033546  0.69146781231738430  0.69443440284461855
  0.69701420458989294  0.69984420345641429  0.70347860672090001  0.71130829220100944
  0.71794304227108829  0.72513834107906761  0.73107111988845308  0.73932943776638549
  0.75240416535246324  0.76469802508239382  0.77315583406046806  0.78120552362877826
  0.78856413569087713  0.79756620816140456  0.80964546529327430  0.82252624470706592
  0.83285354893404417  0.84287788200288727  0.85332322133071214  0.86428792994768022
  0.87537912086025971  0.88890230983283514  0.90865688411402146  0.92850841563388720
  0.94489241083326148  0.96275110324898128  0.98116405855113931  1.00000000000000000
 -0.00458299629374409  0.01703755496444553  0.03039068241075114  0.04429585204549789
  0.05638737991240630  0.06392697962173949  0.07078004289761915  0.07879409113247622
  0.09505974069998172  0.10888032167360717  0.12630595724112181  0.14515402795047533
  0.16261233404394893  0.18102489647209360  0.20018043107464828  0.21652972819323638
  0.23131870864305576  0.24293588656478265  0.25290451985620227  0.26448269946052561
  0.27501041043356145  0.28513645621708938  0.29716381962922062  0.31179368586432887
  0.32575501318956357  0.33846559786434277  0.35119951458197285  0.36414945480586658
  0.37709939502976036  0.38291023565466087  0.38813407176716497  0.39335790787966907
  0.39878670186039089  0.40461134095149126  0.41043598004259163  0.41585244046666570
  0.41848383641088854  0.42111523235511145  0.42374662829933429  0.43333747882653545
  0.44593674988000465  0.45316388590924539  0.46050287915385990  0.46788510026098157
  0.47562734982908994  0.48327740456211604  0.49159111330415434  0.50935682491042134
  0.53155308973272852  0.54775730200134909  0.55943392954171134  0.56588631241823395
  0.57019148211254034  0.57688875013059060  0.58876418056602664  0.59880416067268172
  0.60472740024514160  0.61063323811096415  0.61622246487970511  0.62236096640424121
  0.63039819858648405  0.63880519549759740  0.64860852434060567  0.65523185751597568
  0.66087559898656267  0.66876294286879756  0.68057015677196453  0.69761390250258581
  0.71864838284155153  0.73936427050704534  0.75314726322172099  0.76293656281580835
  0.77272790443141992  0.78573185563846237  0.80059390004447895  0.81250976266699593
  0.82183268817745980  0.83283463459220430  0.84328744549750301  0.85111672192412324
  0.86051960412509831  0.87557435140686724  0.89429250714357456  0.91170350793834543
  0.92836968039306333  0.94288952643987822  0.95281583405123038  0.95711486855266825
  0.96064689590064412  0.96517911907718756  0.97537454395097944  0.98432575616985873
  0.98684175280429631  0.99088810178564779  0.99557470818815952  1.00000000000000000
 -0.00151602133285233  0.00326607635618646  0.00960232320249349  0.01906243673059439
  0.03051772018736731  0.04298829702216407  0.05761871864799525  0.07347916651335527
  0.08382255891308305  0.09792474907886967  0.11444192182918954  0.13364158073358873
  0.15315388572603109  0.15855779576017834  0.16396170579432556  0.16936561582847282
  0.17508516496529827  0.18089279727162313  0.18670042957794797  0.19244918511267589
  0.19811571523960914  0.20378224536654238  0.20984067026981099  0.22437761429212286
  0.23979786537247180  0.25838844643851161  0.28959136774370448  0.32583559529890666
  0.34873120267306518  0.36351478492813089  0.37302918879055108  0.37988376024938292
  0.38784802059207790  0.39513943270020302  0.40119267736755415  0.40742083064540324
  0.41399099399778916  0.42289479138393332  0.43910450046307964  0.46119288979260648
  0.48247475877189117  0.50465338727531550  0.51454152761256478  0.52338312342750726
  0.52681440591295381  0.53054413923098909  0.53378795304780102  0.53569482064692509
  0.53925340819780465  0.54516605462436518  0.55469005184464892  0.56914389427403622
  0.58275414400300529  0.58988270952779176  0.59337438386501340  0.59729665630083184
  0.60052468770282730  0.60380156775759819  0.60932299153215874  0.61695789100919962
  0.62183756147492431  0.62652583839954445  0.63115605844530909  0.63593674045552617
  0.64152131877839025  0.65131051444641430  0.66102328610732042  0.66804061596852182
  0.67299774136284929  0.67689519024968081  0.67951614709227826  0.68600731079204313
  0.69318702269186749  0.70239976337158738  0.71472065597702683  0.72818789925814043
  0.74829867979253140  0.77038838518409281  0.78743422686046849  0.80128876538040383
  0.81594261486298802  0.83184835291664883  0.84065906000147106  0.84609439347316351
  0.85209889091909741  0.86309377613522853  0.87944350159177853  0.89879196258708149
  0.91256417680232582  0.92407871103447170  0.93815666023642008  0.95194869249550917
  0.96182097941002864  0.97346750538903881  0.98630176882647236  1.00000000000000000
 -0.00087317527723249  0.00082721953790961  0.00393833041988343  0.00769327782551376
  0.01294628731430223  0.02112413781821062  0.02675986541512744  0.03139567494085203
  0.03730752157374668  0.04297919592197488  0.05143064970398434  0.05782071029444141
  0.06627153056756514  0.07736918196276030  0.08694114875164338  0.10406142203377647
  0.13076680364411902  0.15795196618071225  0.18632061350696921  0.21067154471163008
  0.23003150820271170  0.24890182018929358  0.26944047366985041  0.28764144357978916
  0.29776087807304685  0.30585458951788730  0.31556236682776456  0.32706390827999443
  0.33820365098630878  0.34783740529493840  0.35313427870748099  0.35781686068984975
  0.36348534170736152  0.36942266725000772  0.37732302270012885  0.39067993326500861
  0.40723986697884945  0.42496148970180125  0.44109800068587096  0.45330064322417424
  0.46461650221989109  0.47415522236059249  0.48338019543375743  0.49178237266346847
  0.50293392377426205  0.51851496684542864  0.53020878010316141  0.54004390423430126
  0.54795127175688552  0.55531992010215314  0.56102725792907437  0.56531014076309982
  0.57007921182906773  0.57527055519391757  0.58399760967588787  0.59242286016211931
  0.59926551673032491  0.60456308327909747  0.60901929385902387  0.61350665141154470
  0.61843183876994878  0.62949733335685831  0.63889188611072467  0.64446735417911527
  0.65004282224750576  0.65500411652757495  0.65924551009472920  0.66348690366188356
  0.66778794323614010  0.67220702270260357  0.67662610216906705  0.68281739552387699
  0.69612156576232742  0.71257813722438557  0.72149250752713667  0.72489631441716174
  0.73132444643135264  0.73788724540304818  0.74244091437440596  0.74931898145871767
  0.76074254338413849  0.78286563181593916  0.80554263310507512  0.82635750264760910
  0.84376133136745446  0.86116793157528260  0.88006682913867362  0.89638059245829393
  0.90822010699226841  0.91783644472117498  0.92759343475258238  0.93735652214737641
  0.95115911601504244  0.96534495375979179  0.98248050428263756  1.00000000000000000
 -0.00324669046936945  0.00804149401122028  0.01770671679758974  0.02611220137754835
  0.03392028552035676  0.04512615815521770  0.06041320834090665  0.07828133132330012
  0.10021835872518943  0.11617357305745792  0.12851617961266623  0.13616321986479765
  0.14111888531202912  0.14631584596325603  0.15072206278743744  0.15548211043915516
  0.16023697036055548  0.16607885086842436  0.17489242829008722  0.18480204695810964
  0.19358096631140728  0.20143282234261711  0.21006428775520788  0.21764293723198083
  0.22474229369599402  0.23051118218555636  0.23663737008501254  0.24303106864510474
  0.24957877999170122  0.25362044213271606  0.25778802712013715  0.26496763692828418
  0.27413967853754928  0.28927213785423583  0.30119798782287571  0.30944684185489596
  0.31668669007200845  0.32530167931155474  0.33456224049649602  0.34744753965425240
  0.35672823157239136  0.36134108568426554  0.36595393979613972  0.37114799788891079
  0.37754887444703772  0.38394975100516465  0.39047915034232811  0.39841499451750600
  0.40635083869268385  0.41428668286786174  0.43719375232072816  0.46121993441114167
  0.47251185800355222  0.48124506418266055  0.48838132574874160  0.49660860610781360
  0.50736539183753071  0.52329223080034148  0.54258736546817110  0.55626240163458507
  0.56868311370829827  0.58258431604023153  0.59465474287570230  0.60510982369057797
  0.61825088585020049  0.63516397844180938  0.64863050490921359  0.65540596621394875
  0.66311021706987172  0.66944603182860940  0.67397738410722463  0.67890071212343839
  0.68717132709194562  0.69539963957827244  0.70450079188770631  0.71916832613338344
  0.74343458974973642  0.76714943916325051  0.78729567628806452  0.80252822253470080
  0.81082820972722280  0.81436260417585782  0.81851503117358770  0.82365573617907395
  0.82730959915880498  0.83324737908240742  0.84481493634301552  0.86689845264610255
  0.89201005787256604  0.90654560827351638  0.92044871372950332  0.93713463506948969
  0.95495408230616607  0.97131155495215327  0.98588880206764062  1.00000000000000000
 -0.00660345121947295  0.01839033217782392  0.03826473138927706  0.05400677188085887
  0.06665383559555270  0.07895040188185487  0.08985518784702402  0.10004207700114244
  0.11026355643909430  0.12306972939553062  0.13643894627484851  0.14922662140772616
  0.16433789672472524  0.18529994694887483  0.21270650927137724  0.23869856464185796
  0.26615323051590928  0.29433936662104571  0.31683606166452960  0.32824034660494894
  0.33321839048965490  0.33806559802644992  0.34288120720961562  0.34665303572854828
  0.35047685639649312  0.35577309330011209  0.36402932653725634  0.37427193066703046
  0.38661783173747694  0.39950712418059253  0.41008588719801764  0.41623112725616618
  0.42237636731431477  0.42871490147269542  0.43685461904493583  0.44499433661717624
  0.45313405418941666  0.45920188060946943  0.46495513036276809  0.47070838011606669
  0.48057714439763860  0.48733400296579943  0.49307837866806292  0.49777360845054375
  0.50337970537555410  0.51168999574311691  0.51732760513994258  0.52235100704297321
  0.52769617665096946  0.53728506415674615  0.54846017767434985  0.56059810310752578
  0.56695972827049135  0.57803402219339883  0.59815630837913081  0.62320409394413123
  0.63238912072496478  0.63537266767018041  0.63872819784693280  0.64314348733901872
  0.64771993643936865  0.65163254088103484  0.65680737740396578  0.66421363288391944
  0.67258679824979706  0.68156800428801123  0.69104120017259341  0.70251840207479876
  0.71366178966029981  0.72501487718516744  0.73700456416821747  0.74501276618516776
  0.75344188022170844  0.76262825240199139  0.77173873348661448  0.78042833171894688
  0.78514705518082206  0.78986625055002402  0.79773555903856830  0.80515237563650466
  0.81161505103324794  0.82230012160929855  0.83501031521681068  0.84230299175343071
  0.84932668073206141  0.85688428501388569  0.86428593459970793  0.87174084196352009
  0.88018148333856316  0.89097878082094373  0.90263173998103019  0.91612444722650765
  0.92989215074252907  0.94663602744992625  0.96766508650121719  1.00000000000000000
 -0.00466946760764525  0.01871166624566757  0.02724719306317794  0.03480949618035898
  0.04310594452189850  0.05119829366984466  0.05869230641470135  0.07083720025152879
  0.08588245240159370  0.10314968148311283  0.11859885860952281  0.13275636510352110
  0.14849678243072756  0.16243786157183709  0.17310482326319049  0.18285320555350248
  0.19542300408814287  0.21081047277026549  0.22191987594983725  0.23378522558353856
  0.24160374410621366  0.24674799042387882  0.25440161057468680  0.26498378217478924
  0.26968771368972161  0.27307589605011851  0.27773253019557376  0.28120241617465225
  0.28446653266527716  0.28767784135978364  0.29255473889860351  0.30101264530656935
  0.31873995428840518  0.33269093615159007  0.33845081827293094  0.34251786287896707
  0.34658490748500320  0.35087132211739702  0.35575701349469785  0.36064270487199868
  0.36552839624929945  0.37022712750196940  0.37485277668831762  0.37947842587466585
  0.38669119078178027  0.40269191117448228  0.41879959927638521  0.43857853977946792
  0.45973107395672164  0.47399664333040975  0.48443482611602923  0.49344871483740388
  0.50515697800357318  0.52014590764141289  0.53492583777932268  0.54782330709633531
  0.55803214684652480  0.56789016689905014  0.58004588281470115  0.59308409693011288
  0.60970865531650464  0.62424711883874040  0.63456415359629181  0.64440739204809494
  0.65525928139316902  0.66457506993634086  0.68125351380372190  0.69784920069715195
  0.71341956404867990  0.72875444438130055  0.74378732847758777  0.75835307300214616
  0.76811981805109819  0.77857384464159030  0.79088538311697187  0.79767088682852139
  0.80563460768979456  0.81592237992277450  0.82894614173540337  0.84384117483706100
  0.85643733516634590  0.86693438340835505  0.87841615935980988  0.88384255302236348
  0.89042866410497468  0.89648943142547077  0.90066859522616338  0.90568081766364439
  0.90977019387365388  0.91552467100834389  0.92289979930311061  0.93391015304246672
  0.95040039212096283  0.96370749418263690  0.97891900781935159  1.00000000000000000
 -0.01831226196433146  0.07998812019270338  0.11824428575859261  0.17164637983187669
  0.19218581113060776  0.20321001314437528  0.21122014694816024  0.21897387149154077
  0.23077018245592620  0.25823739634586107  0.27627889262308064  0.28286764228854733
  0.28775507662433497  0.29210246580697102  0.29892813238979948  0.30529544941588760
  0.31094962170142654  0.31665512227259651  0.32383000109014842  0.33379154329034644
  0.34002734772824256  0.34507723891309489  0.35207711047264717  0.35882181867137491
  0.36314546379764334  0.36678538669893251  0.37176937794836290  0.37829476289626740
  0.38587605509702255  0.39107662424786888  0.39399856916948145  0.39692051409109402
  0.39946129965542648  0.40140870228042874  0.40335610490543100  0.40547836506079077
  0.40810510421019380  0.41073184335959684  0.41418541459894281  0.42232239526639515
  0.42794380195251114  0.43356185012461507  0.43896841529812924  0.44552034805739726
  0.45407856971462757  0.45966440175476958  0.46465600067729873  0.46935154031343890
  0.47523928336864885  0.48207831970732201  0.49189050413900415  0.50248734820711138
  0.51051013441867088  0.51708885370908975  0.52276273151545383  0.52792473807305085
  0.53231546216391112  0.53689436012628855  0.54109417125967496  0.54591166402255464
  0.55092514645065571  0.55583128661129411  0.56016911682252923  0.56591733689709067
  0.57095537461137058  0.57618086715587624  0.57997920474018405  0.58266394627252482
  0.58637578723697970  0.59082816611135969  0.59686050516631151  0.60463671837869937
  0.61193732194161277  0.61945300210762866  0.62885788353747862  0.63890149551677033
  0.64746974153332293  0.65601375861597744  0.66492381524598942  0.67333427521554190
  0.68493787980040044  0.69662517545881641  0.70912313666700877  0.72262828310726823
  0.73545092291967074  0.74850809211777858  0.76355751955408480  0.78074050212850155
  0.79965942914019583  0.81815943719033846  0.82877046540744748  0.84174441686923462
  0.85540255636371765  0.87188191376376056  0.90654327362298992  1.00000000000000000
 -0.00293633239911579  0.00866843033040339  0.02221724519298577  0.03555957910643358
  0.05085257570873992  0.06791916672614798  0.08230146640088680  0.09677077913235863
  0.11304816380970081  0.13162354437160709  0.15135936774345363  0.17166374306379253
  0.18759874811799612  0.20429082905370652  0.21823023361218358  0.22833349609963560
  0.23749088468384869  0.24684484393316475  0.25561940787335968  0.26442147712656755
  0.27292086026136103  0.28049341713293396  0.28878578247674025  0.29579792960270196
  0.29849171638140259  0.30118550316010317  0.30383074326193354  0.30637886351581656
  0.30892698376969957  0.31146164596191073  0.31396496194690171  0.31646827793189269
  0.32085253724998491  0.33036351322570229  0.33971688104160963  0.34853835683987977
  0.35744931213832287  0.37131645442489242  0.38985683005682453  0.39787713506071970
  0.40392404431872025  0.41069967535406599  0.41654329310359794  0.41997649647107188
  0.42392119876636875  0.42800052869128130  0.43476217415654206  0.44195206965126166
  0.46503788393282253  0.47554570479711356  0.48317103871055705  0.49035130070276067
  0.49896579937106533  0.51376709535019471  0.52471234089081631  0.53467906891098338
  0.54565599785712626  0.55934254133816563  0.57591532419283242  0.59006952854617112
  0.59708726436531223  0.60448676935647216  0.61312741059373588  0.62215189998982479
  0.62975037753188789  0.64130820041271053  0.65622782707922978  0.67469785828010187
  0.69682431873511796  0.72308869454145741  0.75007750844810217  0.77476946919149037
  0.79539109002893649  0.81261571062153859  0.82859663457525523  0.83681439898043275
  0.84264065256944920  0.84935389874774458  0.85435971670003441  0.86096597575765055
  0.86964103688272354  0.87719017344383932  0.88342665179795676  0.89261492505815199
  0.91634819810919810  0.93334480805944497  0.93960791625251594  0.94378860551225441
  0.95040847841879261  0.95796928646222723  0.96279701404888673  0.96543364601811987
  0.97092661005422831  0.97751515833537495  0.98875757916768736  1.00000000000000000
  0.64927060420966520  0.70932263735112733  0.74240474167109338  0.76701040085092953
  0.78200003036302068  0.79696752704882456  0.80965920843492944  0.81813588332272658
  0.83047359159823586  0.84871890291167873  0.85707877740688965  0.86386984563058278
  0.87163303036841422  0.87987533590609746  0.88487370451501968  0.88948637094392946
  0.89382308158188917  0.89791901358055959  0.90110657199658084  0.90537739626937142
  0.90894448354293278  0.91204274837347354  0.91534322680705682  0.91912601015183715
  0.92440676433527247  0.92851594837538787  0.93228730812625582  0.93585834951736835
  0.93857017893469596  0.94119322747732026  0.94306396454710872  0.94473801149647296
  0.94670027509758659  0.94948999131478673  0.95203960571810264  0.95414939987021319
  0.95487516241376347  0.95552959109306901  0.95612079624073576  0.95684274152051640
  0.95775310435832495  0.95859541923006353  0.95925139171232687  0.95961506935494689
  0.95993686766164010  0.96038854618712011  0.96105848430187679  0.96213566845686727
  0.96380475209664673  0.96572828948897427  0.96687672683443560  0.96764987837436700
  0.96809889016922668  0.96854151136823374  0.96897784957945798  0.96940062349423561
  0.96981423625141228  0.97049747562921029  0.97143778748834075  0.97273835889708493
  0.97356307673403530  0.97430344696076021  0.97495688478729658  0.97569299431100609
  0.97611235152238318  0.97658178869542056  0.97724190015929735  0.97784611423118017
  0.97810192165789644  0.97835772908461260  0.97861353651132887  0.97883790505129764
  0.97905612112930684  0.97927433720731594  0.97949335243746261  0.97971303933539278
  0.97993272623332295  0.98033891563373443  0.98113784246858915  0.98185978093252224
  0.98242844569372356  0.98300061410743944  0.98376233962665072  0.98506314370954384
  0.98642132954490613  0.98754996107270476  0.98817157209757911  0.98858937515764556
  0.98907557093057707  0.98957863541504110  0.99014368939826769  0.99083014482053489
  0.99177817723152217  0.99335553085934580  0.99647327206683056  1.00000000000000000
 -0.04518057220820190  0.20350507378771679  0.26168636774395415  0.29496166547346947
  0.33179272216685418  0.35993298768909393  0.37748187187519250  0.39013760411253612
  0.39922134616277843  0.40828883608492889  0.41628998177882398  0.42321083311311258
  0.42926337341890020  0.43853717182492524  0.44477246766893536  0.44883162710404345
  0.45396502019848822  0.45786860467397117  0.46123090282917012  0.46537990486732811
  0.47400269268425249  0.48046288075397869  0.48624126821469194  0.49257654504069759
  0.49854195903874160  0.50807760351792575  0.51781375626257165  0.52327147924308337
  0.52644438047777287  0.52809760441705467  0.52975082835633658  0.53139872573990599
  0.53302450570806181  0.53465028567621764  0.53627606564437347  0.53821019601577047
  0.54017192450755191  0.54213365299933336  0.54463175956877274  0.54733761732356678
  0.54960238573978604  0.55305800603027333  0.55885619662689290  0.56756830230866795
  0.57620235066914183  0.58389681015934780  0.59093385640763718  0.60156519206502623
  0.61337285769676175  0.62314350070767721  0.63097221036350382  0.63818323021565837
  0.64604498807327582  0.65434179857278918  0.66142505525811157  0.66655209802162674
  0.67159432507791550  0.67561250781156756  0.67917435175087792  0.68083744167467064
  0.68236659000282784  0.68397576716358599  0.68729110985771058  0.69138189344926348
  0.69628154297835665  0.70279870550216528  0.70749650037920597  0.71225436756424843
  0.71584066153784742  0.71961889285456093  0.72438229512627694  0.73135308742486438
  0.74213540199652095  0.74916643247839187  0.75529699827915409  0.76180887132943720
  0.76863419925368326  0.77643882174407386  0.78163105929040277  0.78732040333970310
  0.79371434185908685  0.80142914412961774  0.80975153244328701  0.81590061156273630
  0.82112256762820079  0.82771310661797692  0.83394760646367028  0.83817633079528864
  0.84292233179304032  0.84621536943261499  0.85566789407394450  0.86632559487162575
  0.87397090707879144  0.89025652904499541  0.91156697455187319  1.00000000000000000
   5.5703001344633628E-017  -1.0000000000000000     
 F F F F F F F F F F F F F F F F F F F F F F F F F F F F F F F F F F F F F F F F F F F F F F F F F F F F F F F F F F F F F F F F F F F F F F F F F F F F F F F F F F F F F F F F F F F F F F F F F F F F F F F F F F F F F F F F F F F F F F F F F F F F F F F F F F F F F F F F F F F F F F F F F F F F F F F F F F F F F F F F F F F F F F F F F F F F F F F F F F F F F F F F F F F F F F F F F F F F F F F F F F F F F F F F F F F F F F F F F F F F F F F F F F F F F F F F F F F F F F F F F F F F F F F F F F F F F F F F F F F F F F F F F F F F F F F F F F F F F F F F F F F F F F F F F F F F F F F F F F F F F F F F F F F F F F F F F F F F F F F F F F F F F F F F F F F F F F F F F F F F F F F F F F F F F F F F F F F F F F F F F F F F F F F F F F F F F F F F F F F F F F F F F F F F F F F F F F F F F F F F F F F F F F F F F F F F F F F F F F F F F F F F F F F F F F F F F F F F F F F F F F F F F F F F F F F F F F F F F F F F F F F F F F F F F F F F F F F F F F F F F F F F F F F F F F F F F F F F F F F F F F F F F F F F F F F F F F F F F F F F F F F F F F F F F F F F F F F F F F F F F F F F F F F F F F F F F F F F F F F F F F F F F F F F F F F F F F F F F F F F F F F F F F F F F F F F F F F F F F F F F F F F F F F F F F F F F F F F F F F F F F F F F F F F F F F F F F F F F F F F F F F F F F F F F F F F F F F F F F F F F F F F F F F F F F F F F F F F F F F F F F F F F F F F F F F F F F F F F F F F F F F F F F F F F F F F F F F F F F F F F F F F F F F F F F F F F F F F F F F F F F F F F F F F F F F F F F F F F F F F F F F F F F F F F F F F F F F F F F F F F F F F F F F F F F F F F F F F F F F F F F F F F F F F F F F F F F F F F F F F F F F F F F F F F F F F F F F F F F F F F F F F F F F F F F F F F F F F F F F F F F F F F F F F F F F F F F F F F F F F F F F F F F F F F F F F F F F F F F F F F F F F F F F F F F F F F F F F F F F F F F F F F F F F F F F F F F F F F F F F F F F F F F F F F F F F F F F F F F F F F F F F F F F F F F F F F F F F F F F F F F F F F F F F F F F F F F F F F F F F F F F F F F F F F F F F F F F F F F F F F F F F F F F F F F F F F F F F F F F F F F F F F F F F F F F F F F F F F F F F F F F F F F F F F F F F F F F F F F F F F F F F F F F F F F F F F F F F F F F F F F F F F F F F F F F F F F F F F F F F F F F F F F F F F F F F F F F F F F F F F F F F F F F F F F F F F F F F F F F F F F F F F F F F F F F F F F F F F F F F F F F F F F F F F F F F F F F F F F F F F F F F F F F F F F F F F F F F F F F F F F F F F F F F F F F F F F F F F F F F F F F F F F F F F F F F F F F F F F F F F F F F F F F F F F F F F F F F F F F F F F F F F F F F F F F F F F F F F F F F F F F F F F F F F F F F F F F F F F F F F F F F F F F F F F F F F F F F F F F F F F F F F F F F F F F F F F F F F F F F F F F F F F F F F F F F F F F F F F F F F F F F F F F F F F F F F F F F F F F F F F F F F F F F F F F F F F F F F F F F F F F F F F F F F F F F F F F F F F F F F F F F F F F F F F F F F F F F F F F F F F F F F F F F F F F F F F F F F F F F F F F F F F F F F F F F F F F F F F F F F F F F F F F F F F F F F F F F F F F F F F F F F F F F F F F F F F F F F F F F F F F F F F F F F F F F F F F F F F F F F F F F F F F F F F F F F F F F F F F F F F F F F F F F F F F F F F F F F F F F F F F F F F F F F F F F F F F F F F F F F F F F F F F F F F F F F F F F F F F F F F F F F F F F F F F F F F F F F F F F F F F F F F F F F F F F F F F F F F F F F F F F F F F F F F F F F F F F F F F F F F F F F F F F F F F F F F F F F F F F F F F F F F F F F F F F F F F F F F F F F F F F F F F F F F F F F F F F F F F F F F F F F F F F F F F F F F F F F F F F F F F F F F F F F F F F F F F F F F F F F F F F F F F F F F F F F F F F F F F F F F F F F F F F F F F F F F F F F F F F F F F F F F F F F F F F F F F F F F F F F F F F F F F F F F F F F F F F F F F F F F F F F F F F F F F F F F F F F F F F F F F F F F F F F F F F F F F F F F F F F F F F F F F F F F F F F F F F F F F F F F F F F F F F F F F F F F F F F F F F F F F F F F F F F F F F F F F F F F F F F F F F F F F F F F F F F F F F F F F F F F F F F F F F F F F F F F F F F F F F F F F F F F F F F F F F F F F F F F F F F F F F F F F F
  <DiscreteSampler_grid>
  grouped_processes
  1 # 1 for a reference and 2 for a running grid.
  10 # Attribute 'min_bin_probing_points' of the grid.
  1 # Attribute 'grid_mode' of the grid. 1=='default',2=='initialization'
  0.0000000000000000 # Attribute 'small_contrib_threshold' of the grid.
  0.5000000000000000 # Attribute 'damping_power' of the grid.
 # binID   n_entries weight   weight_sqr   abs_weight
    61   10   1.408698441857260E-017   1.009136981380405E-033   1.408698441857260E-017
    62   10   1.408698441857238E-017   1.009136981380372E-033   1.408698441857238E-017
    64   10   2.817396883714521E-017   4.036547925521622E-033   2.817396883714521E-017
    65   10   2.817396883714476E-017   4.036547925521489E-033   2.817396883714476E-017
    67   10   1.839124248933047E-017   1.061158374032979E-033   1.839124248933047E-017
    68   10   1.839124248933061E-017   1.061158374032981E-033   1.839124248933061E-017
    70   10   3.678248497866095E-017   4.244633496131917E-033   3.678248497866095E-017
    71   10   3.678248497866123E-017   4.244633496131922E-033   3.678248497866123E-017
    106   10   1.408698441857231E-017   1.009136981380376E-033   1.408698441857231E-017
    107   10   1.408698441857291E-017   1.009136981380431E-033   1.408698441857291E-017
    109   10   2.817396883714463E-017   4.036547925521503E-033   2.817396883714463E-017
    110   10   2.817396883714582E-017   4.036547925521723E-033   2.817396883714582E-017
    112   10   1.839124248933099E-017   1.061158374033027E-033   1.839124248933099E-017
    113   10   1.839124248933059E-017   1.061158374032978E-033   1.839124248933059E-017
    115   10   3.678248497866198E-017   4.244633496132110E-033   3.678248497866198E-017
    116   10   3.678248497866118E-017   4.244633496131911E-033   3.678248497866118E-017
  </DiscreteSampler_grid>
