  0.00266997358487823  0.01179648223020714  0.02172603654950529  0.03130741018144620
  0.03772124768423883  0.04262937670577029  0.05007581182407279  0.06243010979059475
  0.07615097234956764  0.09088313044730897  0.10697330162859604  0.11769898895954091
  0.12782031219915957  0.13991690424770392  0.15275670829608473  0.16821620937415144
  0.18020618719887230  0.19030306926737994  0.20066537136449183  0.21264884408695145
  0.22312308354059773  0.23021512108987474  0.23799070624731042  0.24679731652116560
  0.25478555570554062  0.26468407283724854  0.27888497409306823  0.29730832836617238
  0.31212217780519536  0.32627107553072343  0.33699791317858419  0.34684383238263589
  0.35493666907850224  0.36129456522371950  0.36682844093263661  0.37468332277878097
  0.38807718361699589  0.40427226036545916  0.42743179028080486  0.45132348255645494
  0.47213174289191379  0.48775782461593237  0.49706370537806543  0.50274681081276251
  0.50812930509793852  0.51421399148351288  0.52314140558352085  0.53290846174624718
  0.54210630955411532  0.55253919861095757  0.56204132705103960  0.57350359734583634
  0.58339980048908069  0.59721103843049195  0.61032138133172031  0.62336798941647220
  0.63902718260009783  0.65202672754265645  0.66658004296492457  0.68221000418466449
  0.69842262627990925  0.71130376585263100  0.72165567337712355  0.72963378498142728
  0.73814583021280356  0.74691708602043694  0.75625593817877435  0.76566420167870930
  0.77312967401852983  0.78050942044413796  0.78924349321543663  0.79787537158144339
  0.80688569605812077  0.81507584756463181  0.82321968663074585  0.83115181699712815
  0.83902298893248517  0.84785533355838683  0.85803973250201382  0.87138309643166811
  0.88662621520430651  0.90489799806812465  0.92615853409603455  0.94474892997655047
  0.95625896521240561  0.96206678082856967  0.96786734565561594  0.97438732030488928
  0.98110621001204268  0.98441351929764564  0.98661520334521235  0.98891709291483343
  0.99005028689729746  0.99067794447163049  0.99115364987944932  1.00000000000000000
  0.00911540895782183  0.01598290536412754  0.02411530406837395  0.03455623513511184
  0.05227651368061625  0.06537434512966128  0.07307967774838327  0.07944636221324006
  0.08466220724528943  0.08990214755032050  0.09747128200109847  0.10639807534469173
  0.11476135797407151  0.12518772555324842  0.13399153732737282  0.13977684544391780
  0.14532406586603855  0.15062687557683882  0.15574616878852449  0.16323637470655650
  0.16937392769102833  0.17465338764219113  0.17874583844649852  0.18191162176615705
  0.18978359390981542  0.19901323304479543  0.20438413508741338  0.20920424362635331
  0.21562620803886651  0.22294472871168688  0.23317248358261461  0.24665091619493817
  0.26134005977960417  0.27533339329027856  0.28653210627143638  0.29827493125694748
  0.31016630840653492  0.32057137516982215  0.33157724962365848  0.34361962074078117
  0.35326632972616967  0.36359664505271283  0.37279356924930357  0.38043416910589212
  0.39009390028664681  0.40016368434364413  0.41155056403360646  0.42766594492093490
  0.44755308453655035  0.45904059056980495  0.46300783996870232  0.46623748240423163
  0.47282898548951208  0.48403463005040992  0.49815255271526254  0.51100412922313998
  0.52112896742102310  0.53242862659790102  0.54868857067378751  0.57388856464989013
  0.59529277216511878  0.61867833749406098  0.63849526665483114  0.65511600894707267
  0.66989248367549081  0.68206693490779036  0.69308232649813528  0.70414323998512207
  0.71455554512420028  0.72338195713068754  0.72857768039886661  0.73535936689506232
  0.74245945077773801  0.75049395354759962  0.76017058514711100  0.76970886335649413
  0.78271406948481392  0.80320081733897319  0.82988977087304749  0.85300794671688385
  0.85838462458241438  0.86234108468013992  0.86508574482127665  0.87140651002714320
  0.88355587750193476  0.89332138478341694  0.90080690487528181  0.90719549362523022
  0.91330370434071895  0.92282385876603701  0.93551428215172006  0.94796898935134422
  0.96156141134875450  0.97498560203089979  0.98763164060734510  1.00000000000000000
  0.00016185174998719  0.00021336903984047  0.00023270563433452  0.00023532787057104
  0.00023721773093117  0.00023914950459835  0.00024140582812375  0.00024365878479456
  0.00024567475718999  0.00024758770637974  0.00024927534733435  0.00025084512788585
  0.00025227450331606  0.00025379883574036  0.00025576087459405  0.00025796378694868
  0.00026047947056597  0.00026324818071044  0.00026722409596762  0.00027201452625114
  0.00027714442264542  0.00028201780607688  0.00028631160754149  0.00029019130980623
  0.00029359092705541  0.00029734453199770  0.00030069702903814  0.00030357822875019
  0.00030600982849340  0.00030827645273927  0.00031053831397973  0.00031286538922160
  0.00031563680451663  0.00031890890964910  0.00032327809848598  0.00032579542462489
  0.00032781980317580  0.00032976057025189  0.00033161058012618  0.00033384866825624
  0.00033626589540177  0.00033863266926582  0.00034131433893663  0.00034477269604548
  0.00034979024795519  0.00035541352264569  0.00036123961768614  0.00036536093007231
  0.00037001916924411  0.00037583611119677  0.00038174956224046  0.00038724217320448
  0.00039228228319260  0.00039813266999749  0.00040330421163713  0.00040782028529316
  0.00041270957242716  0.00041823061019732  0.00042277695509110  0.00042850705094486
  0.00043641554063533  0.00044907810127365  0.00046829485943110  0.00048573296406868
  0.00049896951508487  0.00051147368025844  0.00052037589847948  0.00052753027641838
  0.00053305057642181  0.00053694825420704  0.00054187508409551  0.00054733663998379
  0.00055543743162332  0.00056866993712556  0.00058303640279704  0.00059642274242066
  0.00061474587686655  0.00063081748490126  0.00064089519047581  0.00065027040655980
  0.00066131334564769  0.00067191843269385  0.00068662632605380  0.00070745516493782
  0.00074500039993108  0.00080492960885058  0.00088509491607187  0.00095767915964141
  0.00102516435226135  0.00110013045961237  0.00120741454506854  0.00137309641404875
  0.00156010640102332  0.00166113900963630  0.00669142084969396  1.00000000000000000
  0.00023326315330225  0.00031964070457922  0.00036194547130105  0.00039228959047332
  0.00041514355681972  0.00044261531650872  0.00047621576166000  0.00051044680314173
  0.00053571349773075  0.00056294061007197  0.00059856163341317  0.00063356799413512
  0.00067953516222450  0.00072023437144871  0.00075736029490213  0.00079261102315396
  0.00082883637607546  0.00087029586278527  0.00090795934107755  0.00094587902860278
  0.00098483542748581  0.00102612702328694  0.00105253474538853  0.00107655263913008
  0.00110396786789667  0.00112702555899883  0.00114883010176135  0.00116872310129617
  0.00119131178311218  0.00121518902113010  0.00124789537647013  0.00129068749451239
  0.00133850379285632  0.00138062107311172  0.00141629776943159  0.00144755630923103
  0.00148453833895176  0.00152741438492946  0.00157768029635648  0.00163950245524973
  0.00170312770584344  0.00176920846546533  0.00181357902772397  0.00184916408765848
  0.00187576236143686  0.00189643221117639  0.00192041561119893  0.00195898462774086
  0.00200223837820024  0.00205158210207066  0.00212910429079888  0.00219193750133746
  0.00223615854236435  0.00228039535444880  0.00231730181798824  0.00235114322970342
  0.00238102753337849  0.00241717537218317  0.00248535887509512  0.00257365402512079
  0.00266890185932960  0.00276719224253326  0.00285861700620806  0.00296258125722695
  0.00312149849020455  0.00331931098731097  0.00345332365063613  0.00356431995729330
  0.00368478172713246  0.00384069605836954  0.00400062311246799  0.00416519005336100
  0.00429353394729943  0.00439639889575385  0.00450083032232654  0.00465967415238550
  0.00484388344493153  0.00507616667026785  0.00530814885559904  0.00553303357931163
  0.00576486977600101  0.00611674325530123  0.00644192785315147  0.00668272407735954
  0.00706835423188518  0.00761059172402635  0.00795300181913229  0.00828885782220366
  0.00890585531316368  0.00948370257126864  0.01093032835864528  0.01383967486540457
  0.02085774643537931  0.38339000897337139  0.92076454685497544  1.00000000000000000
  0.00096177377973248  0.01768837088258475  0.03623527461800377  0.05130054987877001
  0.06323505202610209  0.07417283678797938  0.08554182195035133  0.09872207970152200
  0.11220388198025924  0.12643681843595253  0.14321084634226416  0.16157078144970147
  0.17829967999332527  0.19364668703883961  0.20915192492945403  0.22395416711142233
  0.23616852572455241  0.24830497623815967  0.26252527827446837  0.27799438605625587
  0.29504602847825040  0.31245497941154038  0.32797415740296831  0.34139092133634730
  0.35043553591250692  0.35675718041408044  0.36096240507350935  0.36478486402338978
  0.36981335521730108  0.37717219694097781  0.38652423664420299  0.39739650843700131
  0.40791396975497379  0.41741015742302889  0.42758115662081336  0.44223971074442159
  0.45915158486728491  0.48077273569396334  0.51409205476232200  0.53038860294230228
  0.54208771321593174  0.55245246963332029  0.56269368824449983  0.57216750504872049
  0.57929257956306457  0.58733752340929768  0.59549036943387235  0.60349250870478732
  0.61076578937250614  0.61627022715806667  0.62176163074648561  0.62954681566922199
  0.63882354254502860  0.64965846755242640  0.66059813236459353  0.67057053187192683
  0.67995887131265420  0.69162013144238155  0.70470713838928811  0.71475977074343511
  0.72186926541307483  0.72829606929496760  0.73470075676294233  0.74149545938981620
  0.74945730303253943  0.75908027871667505  0.76476415609143245  0.76917342911012432
  0.77506678138636342  0.77903963606854176  0.78517893466775357  0.79198914992266323
  0.79837838121719584  0.80314979084532812  0.81285904604875880  0.81611775686276833
  0.82149327642986369  0.82831977300627979  0.83684291977655745  0.84787765949071237
  0.86093652894962192  0.88050832171047810  0.90196989439786224  0.92150116308487917
  0.93651545409777337  0.94813699302424126  0.95805752995680882  0.96557591032603973
  0.97290515295356872  0.97929203221287209  0.98307436288415739  0.98565661302452690
  0.98832523950510465  0.99025650529893361  0.99135143608805876  1.00000000000000000
 -0.00000848703875359  0.00005025148984148  0.00009414303099520  0.00010220969741572
  0.00010813748316064  0.00011585176343248  0.00012310044574750  0.00013204046516811
  0.00014110962437972  0.00015063737806558  0.00015968606346025  0.00016988044848670
  0.00018146029508653  0.00019581834556055  0.00021086711672486  0.00023079416105515
  0.00025169121328188  0.00026538870045718  0.00028074786468786  0.00030375611381178
  0.00032687003841829  0.00034816060644983  0.00037170679681179  0.00040112074124117
  0.00043433500758047  0.00047161490875978  0.00051805008475588  0.00056254296361858
  0.00059355647625515  0.00062319571446505  0.00065468692883264  0.00068789215979504
  0.00071575361941062  0.00075074707288975  0.00079808217463917  0.00085265753444470
  0.00090837525261468  0.00095174010038536  0.00099441419333001  0.00103759313024332
  0.00107577888906115  0.00110814056056038  0.00112868202447300  0.00115737441512316
  0.00118973565034496  0.00121948990680655  0.00125044872774669  0.00128291247576921
  0.00131366950496518  0.00135256606609799  0.00139630542338960  0.00144178587045791
  0.00148274603822468  0.00153011194416230  0.00159898770312959  0.00167698226097702
  0.00173297423485585  0.00178549987809447  0.00183122477272415  0.00187017276458746
  0.00190408161525767  0.00194772607729922  0.00200881567105695  0.00210644652906017
  0.00221172884762619  0.00233843281247976  0.00248759597749985  0.00264996343263762
  0.00289501049466225  0.00321530198520695  0.00356173612777368  0.00390242019435257
  0.00427270636382481  0.00472327011648763  0.00532628969984405  0.00566594424914716
  0.00600334622001745  0.00627092020990866  0.00653195130301153  0.00697454804366549
  0.00754357386143488  0.00805635431434475  0.00889152548912855  0.01027298561920549
  0.01231936524534165  0.01662244014374733  0.02236438930179692  0.02799272566892161
  0.03362106203604630  0.03924939840317099  0.17100777133322209  0.33321520757242346
  0.49542264381162476  0.65763008005082613  0.81983751629002277  1.00000000000000000
  0.00000036101416558  0.00000179621545987  0.00000249593868798  0.00000326168556058
  0.00000428122878910  0.00000552662769681  0.00000674723858844  0.00000811869709200
  0.00000945954463125  0.00001031373800242  0.00001175279169511  0.00001366403086134
  0.00001622565693592  0.00001920246165576  0.00002203864004566  0.00002412805852981
  0.00002601496359379  0.00002789554586061  0.00002965321925068  0.00003111356486431
  0.00003262386168979  0.00003476617647253  0.00003769888337426  0.00004092586688372
  0.00004344929390011  0.00004600510780048  0.00004877213085685  0.00005215347563864
  0.00005617800210002  0.00005926033822457  0.00006359621612788  0.00006852493093774
  0.00007385610164633  0.00007964560666598  0.00008781028236793  0.00009689106071493
  0.00010481265007197  0.00011295421358875  0.00012117442169697  0.00012867148246038
  0.00013507797655908  0.00014232592088791  0.00015068383284911  0.00015741222873449
  0.00016372951541338  0.00017327726005337  0.00018584915142988  0.00020106277767035
  0.00021850878807669  0.00023297063113234  0.00024459355548789  0.00025061290941716
  0.00026433061740110  0.00027863071700968  0.00029036617986822  0.00030153302214217
  0.00031409409101825  0.00032613666005461  0.00033878809950626  0.00036557298831112
  0.00039942951848005  0.00044019740255608  0.00049028402876386  0.00055642280970744
  0.00064869816262345  0.00073332839178133  0.00078751414001150  0.00083059960568082
  0.00087339174654850  0.00091939154162393  0.00096612565596186  0.00100990540898636
  0.00105273943847195  0.00110242042081818  0.00115336740263591  0.00120066953633511
  0.00124167130970843  0.00128166363673833  0.00132998550839319  0.00139696968746906
  0.00147152934637051  0.00155268726533121  0.00168376353478057  0.00184922089962364
  0.00203726617435339  0.00226860839100959  0.00256314736940617  0.00289533722019371
  0.00331961240643343  0.00396094275170711  0.00501515131708492  0.00657573866729263
  0.01279417120138143  0.05320409982858523  0.18616961459938808  1.00000000000000000
 -0.01008534034059715  0.02300774374905146  0.04871635096545374  0.06661024852009298
  0.08547247096756588  0.10378694583992576  0.11769270897099886  0.13008946437885702
  0.14295584242109974  0.15749474897650079  0.17175464635883145  0.18038475485570427
  0.18465759505561560  0.18936102060905757  0.19515090705276036  0.20140155296528195
  0.21015823251698193  0.21974237867845406  0.22819375911928991  0.23645651572672874
  0.24425207200352608  0.25601293298558464  0.26722108727193117  0.27837240463361912
  0.28929595881627951  0.29965004453083055  0.31071006821474717  0.32384076118470789
  0.33573202530158902  0.34668848046766587  0.35850528660346176  0.36827990204030336
  0.37638986601523500  0.38452313619828421  0.39513701003332724  0.40389625134971446
  0.41746855616010503  0.42989500490160182  0.44005804892060274  0.44446178367469019
  0.45061998762724914  0.45774055083585874  0.46331000424834823  0.47034980859804543
  0.47734535291442709  0.48260915736553472  0.48684144967044291  0.48990359707606279
  0.49435779202302016  0.49914871475848577  0.50649205287314714  0.52037963351959948
  0.53576146573019456  0.55273879547271831  0.56540509844311937  0.57145435574196701
  0.57519808184271703  0.57918955978474329  0.58495522284375523  0.59032976194617814
  0.59483534896408974  0.60346680115251361  0.61127776350114593  0.61906009941652418
  0.63329364240290520  0.64920457182036906  0.66162695445660202  0.67024802409248430
  0.68020721526918659  0.69339264556714786  0.70618538075647752  0.71762272590034959
  0.72988412129631408  0.74512152952011290  0.75431517173668683  0.76226997987659628
  0.76886443911865610  0.77448985073759802  0.78178001018607834  0.79175962244481057
  0.80509580891376442  0.81980629354884649  0.83529154639274705  0.85030672837467491
  0.86382197484614387  0.87604679858534362  0.88739985279190792  0.89702271766342112
  0.90732415105444886  0.91567884416768397  0.92445407275605773  0.93421876846571417
  0.94611246536372939  0.96258406850526357  0.98017878617735377  1.00000000000000000
 -0.00131843119271193  0.00504643145141839  0.01392293253886980  0.02406993124951719
  0.03315947771416063  0.04226781184313966  0.05329602726893458  0.06383989067068560
  0.07490705735932914  0.08419093356961836  0.09147342151460050  0.09741811683289638
  0.10285605755891324  0.10757972298337472  0.11496288358738657  0.12323367909835017
  0.13240414772751913  0.13735697070633077  0.14211940618730348  0.14696619883906886
  0.15754962390210051  0.17014082116139811  0.18175261903043280  0.19209565388363511
  0.20324214280373049  0.22111180178058457  0.23602792033621472  0.24591474395060892
  0.25649114606847312  0.26961848097472968  0.28521831834569944  0.29891936407638153
  0.31010469368684385  0.32036327735923409  0.32893288683391403  0.33678143132955979
  0.34979146725891186  0.36211078299610050  0.36654387990343434  0.37056377304216409
  0.37452924239620883  0.37879943992305382  0.38283082142216768  0.39069891062322204
  0.40477246740220219  0.42613002317420606  0.44907975952975282  0.46923783901288740
  0.48216803962195204  0.49527439819782854  0.50751848166687108  0.51887612411311235
  0.53167338471802184  0.54136277511829345  0.54784534764112591  0.55364793459022865
  0.55932234492263133  0.56587508157011912  0.57077309069037796  0.57545679399500649
  0.58160309412389977  0.59048136971282850  0.60210892291702545  0.61552636244537917
  0.62932074089657841  0.64624376263245109  0.66226982903644849  0.67573394885378912
  0.68973620497712318  0.70426764831251498  0.71819192239086871  0.73208408582043516
  0.75230339237164134  0.77049517018161007  0.78615701875403021  0.80337790993380231
  0.82045170834182946  0.83515896098488052  0.84827612394034690  0.86325012602693862
  0.87265282301888547  0.88136416578372090  0.88910990080692798  0.89623899793833217
  0.90296566525995092  0.90918748664766469  0.91424808828683524  0.91914723873104087
  0.92566288826109033  0.93369176046858848  0.94200039587838669  0.95188600743059371
  0.96339680313742604  0.97540223727588315  0.98752991037379156  1.00000000000000000
 -0.00243230333069042  0.01014519570405825  0.02376184988636545  0.03737001635612511
  0.04815802933618760  0.05600707809895271  0.06316476266375790  0.07168620203145380
  0.08312406560022478  0.09609318134087488  0.10846761483040188  0.12171489374131182
  0.13422925721809448  0.14551324712249644  0.15885988895441783  0.17028171023004715
  0.18175028214668762  0.19363344363647306  0.20348447627660754  0.21235421490870390
  0.22174218227271220  0.23195607817266403  0.24325908074600269  0.26855446682641115
  0.28950081894197088  0.31064708021509008  0.33187803846160296  0.34890353104558680
  0.36277013310912859  0.37464647244334726  0.38844237338649068  0.40397261734204742
  0.41917203103393236  0.43439546986257782  0.44375298292697085  0.45153074989159320
  0.45728402180123606  0.46391609013706597  0.47236836175236968  0.48164603110290577
  0.48937941218346365  0.50117373348894190  0.51168791259460800  0.52060962867510396
  0.53129046215649844  0.54046542634834649  0.54852635693783569  0.55642500155282515
  0.56361153088968363  0.57060788765737502  0.57753574547644115  0.58416917121422851
  0.59117995452307026  0.59632401569789373  0.60351181926515296  0.61220518505494692
  0.62037738400819120  0.62697411133453784  0.63361926648587863  0.64170778433314146
  0.65035309752414283  0.65825643135731504  0.66783363855938449  0.67459790335678627
  0.68095137393789040  0.68904122291047087  0.70355475417939795  0.71124990578981095
  0.71760327482808228  0.72428540463682956  0.73329823839996033  0.74377245632166522
  0.75490513600638842  0.76361200894013459  0.77073742610704832  0.78111477986072264
  0.79786676227779763  0.82011315747388025  0.82949118697085833  0.84097068504596573
  0.85200610065346560  0.86316895937767568  0.87451934208038240  0.88513903913288072
  0.89549520095582114  0.90682543830507389  0.91925647344226102  0.93395682903266974
  0.94456874006510805  0.95350348089265946  0.95931327301421299  0.96586387644562977
  0.97301578565594427  0.98053192790217181  0.98979922621010474  1.00000000000000000
 -0.00521964047040752  0.00965389649027816  0.02549432366570177  0.04301325602486215
  0.06230714142504412  0.08161480181145259  0.10024286545175951  0.11776310444430137
  0.13369569885759100  0.15123497304736674  0.16655102378312880  0.17825535709735371
  0.18637345974195341  0.19512432144937183  0.20575213457721064  0.21800104123824360
  0.22402532858932891  0.22784609781423931  0.23336924133078527  0.24268653668545859
  0.25502227595911792  0.27162153335975869  0.29096538714076381  0.30861874323800315
  0.32823769778502848  0.34894563746555246  0.37008948908411071  0.38884804750478319
  0.40498805902135271  0.41828069709921273  0.42672694409401385  0.43511879888184735
  0.44371118998511849  0.45245489291667446  0.46185735786799115  0.47216427445567494
  0.48348150272470058  0.49788106602083382  0.51378028428489286  0.53004587683695081
  0.54528484919943765  0.55719544234010399  0.56468763951055512  0.57122985284541594
  0.57756396618042882  0.58217793751756008  0.58586402339139454  0.59166886163222421
  0.59672889910235394  0.60766540728622298  0.61846196171364420  0.62243269614251240
  0.62537019344092137  0.62858066378551891  0.63514067009878139  0.64744539309030358
  0.65924025315138124  0.67118161828871659  0.68430544548826810  0.69985662304577867
  0.71609350856911191  0.72928053188998099  0.73949412062815023  0.74944109191736741
  0.75837965051976441  0.77054018835889515  0.77606522134251454  0.78198632993369255
  0.78798974471932026  0.79584696390780585  0.80465798596818183  0.81399846664755438
  0.82174280743645656  0.83480198075422929  0.84732309159943819  0.85626766163779011
  0.86378537385442444  0.87047788368702683  0.87793199829011304  0.88548658685186432
  0.89212024316661276  0.89957076893231902  0.90744888284142045  0.91398880915611969
  0.91925725351279386  0.92612477900406409  0.93470461165283547  0.94475418133432953
  0.95470835034367818  0.96125932783175938  0.96557074267010190  0.97273707615332650
  0.97897829911276601  0.98413303718070222  0.99027376333995487  1.00000000000000000
 -0.00134059532961964  0.00716254909565430  0.01124556118615418  0.01728133714023452
  0.02602150705435872  0.03766134020613290  0.05288971743887516  0.06452880106916446
  0.07506911095718558  0.08714198721724124  0.10204153392256413  0.12103416247276075
  0.14154557045904217  0.15896083678605719  0.17533556200094352  0.19189550879608186
  0.21040300839083456  0.22944611686454811  0.24783009437840134  0.26148651694527075
  0.27166447729320559  0.28424025207694498  0.30224281419929866  0.32358219276279176
  0.34220245895236867  0.35739610247215164  0.37140976280466687  0.38580498895000193
  0.40623507672677078  0.42036931339736444  0.42955378814410367  0.43852745859284392
  0.44814602740225457  0.45523668174802651  0.46143973007327105  0.46965686895102809
  0.48133467548981701  0.49160210642421970  0.49958327315460888  0.50794293421480874
  0.51838180258954059  0.53140788204766898  0.54629090760095289  0.55910113132940964
  0.56823624820215035  0.57647745876810963  0.58045237733493871  0.58500933000505728
  0.58971198785503354  0.59373882905686204  0.59889711178337923  0.60687604463517963
  0.61405489818619197  0.62250428570491700  0.63309291949681779  0.64366573738581079
  0.65658046569675133  0.66807581764031287  0.67896397331609193  0.68638890121598128
  0.69333402019586265  0.70291460665362671  0.71245816819327601  0.72123358368022084
  0.72960149472746894  0.73694946159877006  0.74435319646275377  0.75226384561275361
  0.75793437769912952  0.76203435194732272  0.76590610373661927  0.77036866849642605
  0.77681423418265128  0.78667993320363561  0.79685357250691535  0.80713016661476977
  0.81855432241520332  0.83170786343299430  0.84688365223899076  0.85918350836621071
  0.86752518487300956  0.87309288196662849  0.87811935733837543  0.88650757625700216
  0.89433852209142983  0.90081710256016090  0.90545633440814222  0.90929089888704662
  0.91383095131529746  0.91996766556414278  0.92911916215177226  0.94006752832632445
  0.95323746729913217  0.96802084659149989  0.98360436809699070  1.00000000000000000
 -0.00528352770631449  0.01427531236540439  0.02775440767430114  0.03763333890968764
  0.04732823451662706  0.05633021116521277  0.06433346625659064  0.07178654008737322
  0.07876801091822774  0.08703323456457245  0.09538032401633849  0.10339585758303975
  0.11222021973845410  0.12119705228316616  0.13229458050641951  0.14574780858566597
  0.16241932779195675  0.17470377428089859  0.18256542356568670  0.19142317392732555
  0.19896855548564774  0.20456876987132327  0.21130556762915370  0.21774200912455330
  0.22228867314536868  0.23237934230373919  0.24851245726791341  0.26603048336401464
  0.28515444547188007  0.30563432765092768  0.32220190799689030  0.33465723552818549
  0.34470014970009683  0.35448792713174282  0.36499123749098278  0.37754467235214012
  0.39376097502786150  0.40604119645493497  0.41453906437370791  0.42036442231341176
  0.42558919941813356  0.43187861574276454  0.43810500617492398  0.44301275616343050
  0.44703810710385905  0.45095738898695692  0.45449326900015541  0.46374160561452471
  0.47407124557723734  0.48230003307247754  0.48984336713320825  0.49976111215851382
  0.51290307802290946  0.52785313709297976  0.54113749970261960  0.55429949704424586
  0.56736985859118283  0.57865761896079426  0.58964297942441479  0.60145503362165631
  0.61256180994112974  0.62404047262127138  0.63665189942718303  0.64911417825898687
  0.65882694352178239  0.66710944693647245  0.67560190398636333  0.68488334187689004
  0.69352907588072465  0.70157317505441019  0.71032007709711809  0.72175707352204865
  0.73296240687329595  0.74305396782722632  0.75097650847668573  0.75923992233357884
  0.76616766226056976  0.77171328764972036  0.77817876530642927  0.78454861193975223
  0.79143940352125641  0.79961362497470756  0.80750251550959651  0.81432604798163721
  0.82187024108144902  0.83104241087030617  0.83971172183292508  0.84719700874013704
  0.85690431895721586  0.86773428718080214  0.88579451304506540  0.90518456003109271
  0.92524929303395342  0.94713655438786470  0.97204053994033823  1.00000000000000000
 -0.02852131629640536  0.11354000550917628  0.17377486184572313  0.20849377317405265
  0.22930920043244632  0.24635362007882944  0.26544868088402085  0.28495681749635743
  0.30202943426133838  0.31424928418971870  0.33000690970799340  0.34255660425710155
  0.35444468144554581  0.36492639934487259  0.37281329749345271  0.38063115131906861
  0.38842523572760118  0.39788201868759265  0.40984294854842301  0.42167385304406646
  0.43379914605281039  0.44333937533422241  0.45177089412492383  0.45932858055080678
  0.46700855883078896  0.47476520385629717  0.48401193286286320  0.49440187303003125
  0.50572992728131416  0.51340636868667988  0.52113966264983924  0.52807558099512486
  0.53525552681631450  0.54374127588711874  0.55490444784763238  0.56464901508261367
  0.57055616055718139  0.57680277455124740  0.58120348995401272  0.58466784966739005
  0.58832071733378055  0.59040907759334971  0.59198416323179182  0.59345810241797481
  0.59564196536597791  0.59781482909282257  0.60048059755661820  0.60813333506005385
  0.61528987979889482  0.62009545825698764  0.62508071987787772  0.62939530711412728
  0.63375515076971944  0.63852412385744317  0.64380687097063627  0.65010375869833148
  0.65695366110924713  0.66437084817212999  0.67203470487652595  0.68005635192285196
  0.68943598897194425  0.69818336050602825  0.70555898699112729  0.71162917687208072
  0.71822041979937334  0.72443339033573995  0.73024863828847075  0.73429496855576815
  0.73797905978486200  0.74135326955650149  0.74474346367480870  0.74946629606709225
  0.75581313764382196  0.76275054993117053  0.77002412784836893  0.77774021823007022
  0.78588608820245309  0.79421042259475794  0.80605018149303431  0.81916540585949982
  0.83262011928522417  0.84579406304218108  0.85872228270326612  0.87293037183527888
  0.88611088242179736  0.89987088031540596  0.91284609352753965  0.92367841783944327
  0.93181459994465332  0.93924983411263041  0.94595314923316032  0.95447228872822509
  0.96388178142514169  0.97611230705343399  0.98903474923634127  1.00000000000000000
 -0.00255850030179168  0.00956810213509844  0.01860559892101329  0.02763916292814519
  0.03802410846168702  0.05590602300451742  0.07635838108886690  0.09739843818717123
  0.11130098319229755  0.12366910738184167  0.13769007824820967  0.15379415975799079
  0.16874392633597937  0.17992812960426563  0.18952793179218969  0.19911356209058581
  0.20723257768659581  0.21683605003085898  0.22933305607007901  0.24170486054227133
  0.25156168263875012  0.25925777062940120  0.26415625574116580  0.26871818740775005
  0.27373281602601629  0.27929822840281238  0.28934427466555812  0.29535282946786484
  0.30094748415555683  0.30571357358046825  0.31184198307990985  0.31989829138178849
  0.32641870213836838  0.33309694718793570  0.34147638306607353  0.35484883729631206
  0.37001128969646996  0.38607266938492008  0.39630199301091679  0.40410577266694031
  0.41043380929830420  0.41584922864029644  0.42115682951333838  0.42671882310289810
  0.43274137708986909  0.43953781323517083  0.44740776287494344  0.45749614518346593
  0.47109462479116088  0.48142843402348323  0.49158735479274751  0.50297773077085484
  0.51545446323214228  0.52646606007563945  0.53707528031249818  0.54668274825977337
  0.55481897240246125  0.56293284180520431  0.57547738832053341  0.58670599512176680
  0.59696904906631598  0.60654659597026395  0.61582969042790825  0.62435532151876161
  0.63587179501758928  0.64734045643144367  0.65632997151831840  0.66221864719988355
  0.66543950777857030  0.66850726485509837  0.67207397184652540  0.67617397008299640
  0.68456842832497744  0.69377102939633628  0.70329089907859343  0.71535579109699599
  0.72757258517795442  0.74186014495698627  0.75764282589206866  0.77242763410462234
  0.78649899961038838  0.80080591175001326  0.81649246530077302  0.83484106902081978
  0.85012352112125389  0.86140330768707241  0.86979927186966832  0.87784438072068105
  0.88627478792157188  0.89499913203830828  0.90707309643357525  0.92089114832285546
  0.93611606042067363  0.95202512223943225  0.97429452700156005  1.00000000000000000
 -0.00373804969125185  0.01714129964829856  0.02994510153275943  0.04413117895806092
  0.05968832425630326  0.07252111544580080  0.08260433210803546  0.08966286384958737
  0.10157863515862313  0.11239379355156434  0.12108184131186639  0.12751430540185427
  0.13483512384063676  0.14267334396346731  0.15144225621646146  0.16152087671087623
  0.17120553672242325  0.17839881927199910  0.18599380538471896  0.19297227435223810
  0.19856093226411758  0.20514047510799679  0.21100898440693605  0.21716750450934538
  0.22431625053395873  0.23211307052080057  0.24751175975036033  0.26651440157349221
  0.28432705629379762  0.29839507165663381  0.31173470962839406  0.32457043007539543
  0.33650380731278318  0.34549783344640955  0.35345352335776592  0.36131480427185309
  0.36862458213495503  0.37424950975344556  0.38151898945408913  0.38989293042361228
  0.39910585806973786  0.41060171562896736  0.42551251584848360  0.43834082052649087
  0.44823787858736330  0.45702023323696606  0.46506441750792765  0.47488000172560513
  0.48687904817357852  0.49748772816405507  0.50966660734902947  0.52045088650911697
  0.52722979394452230  0.53242825395333915  0.53575807403862585  0.53883483605792659
  0.54159977923445735  0.54614434983556259  0.55847017815173139  0.57622790034044091
  0.58629921995447698  0.59324163993324464  0.59981703330111102  0.60907267242133412
  0.62001394184357350  0.63107349982729799  0.64170275674260946  0.65154547577955368
  0.66299212117972217  0.67622400497290225  0.69180447809816492  0.70823515357710831
  0.72318605971859329  0.73265546201963794  0.74095735440372823  0.74834889943271321
  0.75706834891901686  0.76849385131946202  0.78279464761342354  0.80009482220024275
  0.81801203682639934  0.83619085019266659  0.85459404983133136  0.86870434821327969
  0.87601712230177353  0.88502701832308261  0.89137943045415058  0.89627189313961197
  0.90088771712711468  0.90578381930191143  0.91230657861937725  0.92197012644061560
  0.93562581961473912  0.95628363368336955  0.97920147495384591  1.00000000000000000
 -0.00152638087655123  0.00290526454547589  0.00827065913848595  0.01604885704845348
  0.02749844458482898  0.03300554093193305  0.03794191380744465  0.04280631902392336
  0.04704388568011400  0.05202797141678148  0.05869194756158268  0.06581574982812671
  0.07268151779139823  0.07981074661879126  0.08831554368771480  0.10223462507516889
  0.11754603138104736  0.13090547554715992  0.14437420857957714  0.15534122298779904
  0.16782226592119093  0.18098968088808709  0.19351751580798340  0.20395039732932976
  0.21251767454419673  0.22015491223648245  0.22718305865684801  0.23604360124573340
  0.24486717583964457  0.25574350551550384  0.27218420454566628  0.28726213225278768
  0.29343019038748980  0.30170024676473423  0.30960347953229189  0.31506729720999160
  0.32027014032715767  0.32587195307060068  0.33255540826213631  0.34181074888498508
  0.35495061531179689  0.37022080936088858  0.38418417990149945  0.39902431901395469
  0.41341939615263740  0.42284233501071122  0.43069544527172021  0.43935751188465277
  0.44866791968349090  0.45871354773789597  0.46542324822629655  0.47416997763228191
  0.48703613024963566  0.50388407849827277  0.52065851775957572  0.53406494896771273
  0.54478797174769988  0.55694427427812321  0.56968691239504243  0.57577921471816818
  0.58157370001207487  0.58867517239338851  0.60045929458711456  0.61749594956927489
  0.63299663352023250  0.64476320353807448  0.65621182829196423  0.66865428799617077
  0.68213489778762493  0.69638161740516014  0.71090830069538646  0.72596353210600684
  0.73966872910135806  0.75142540641721234  0.76330036268248480  0.77689762439440191
  0.79100233445435097  0.80323640572032051  0.81384076198264999  0.82347210646271818
  0.83150566105881885  0.83788696388880790  0.84633447198904532  0.85673524925754441
  0.86539449213780961  0.87005665355760498  0.87474021485066022  0.88080349565225702
  0.88835872104351177  0.89911651091600386  0.91559582248561466  0.93251223163403396
  0.94874147609198500  0.96392085778263292  0.98059549520732125  1.00000000000000000
 -0.00592383615745512  0.02099292678368538  0.04176577388796610  0.06167016304640106
  0.07983196472617934  0.09308986553836719  0.10266388194368360  0.11017457249681874
  0.11718425739010341  0.12585137239537736  0.13822948417290667  0.15352995635392230
  0.16694494610907828  0.17623212019842921  0.18694525807863638  0.19973836716995386
  0.21217871633090268  0.22129244867685510  0.23447919119193814  0.24418745520112792
  0.25242877191595348  0.26293490776494222  0.26913673089552353  0.27491408902324860
  0.28838904792236825  0.30091840679195103  0.30977158613214412  0.31744720965267997
  0.32246657057202432  0.32763847175303040  0.33446314389400578  0.34139875171433531
  0.34950036787725836  0.35820388289135818  0.36403123468304721  0.36994253352188372
  0.37732636307142559  0.38424409234729978  0.39091357823034201  0.39831201556112578
  0.40351228089194230  0.41174749807755856  0.42497942233650876  0.43332911672805097
  0.44236428834028901  0.45176494050293531  0.46248076994357162  0.47348274319883210
  0.48398898742691365  0.49383182846266105  0.50103285642513506  0.50780622272830223
  0.51465460936172924  0.52423328226885657  0.53652451666492140  0.54968312870742364
  0.56296680874926253  0.57633517910330012  0.58504500747597232  0.59314699978431062
  0.59927112573319019  0.60564640202473363  0.61235554294658612  0.62028694364128767
  0.62807178921672990  0.63350687795335481  0.63984590646437467  0.64816053879814384
  0.66205550664142254  0.67319083548772585  0.68273072847508443  0.69417003495818119
  0.70887880553968918  0.72735693367796639  0.74545645333544819  0.76040134353670974
  0.77577058275056388  0.79218374825797722  0.80491196072982174  0.81787896047368935
  0.83072677324796362  0.84234461337276323  0.85303012215430984  0.86433646636753103
  0.87427150909306750  0.88266375346628290  0.89072991650238120  0.90142124934343970
  0.91446933075998071  0.92850637227835586  0.93843061324857191  0.94611523763037020
  0.95457447398656725  0.96544805703145808  0.98045748330383642  1.00000000000000000
  0.00000842171505648  0.00007448120214806  0.00015904529835989  0.00027317837420813
  0.00038826471188793  0.00049791513537968  0.00060256450134598  0.00070540872089412
  0.00079521804269593  0.00088049532499712  0.00096719635525406  0.00105413832533332
  0.00114140651564964  0.00122704721068556  0.00130803966496190  0.00137987978865381
  0.00145808024506309  0.00155344031391724  0.00169012692719960  0.00183871753208729
  0.00193849499436467  0.00202848495821122  0.00208971826162885  0.00215906108869652
  0.00222523142435470  0.00234002728740957  0.00245567522374069  0.00254426297805595
  0.00262453903211265  0.00272071397805773  0.00284272007571693  0.00299516045255213
  0.00314124397609599  0.00328553432008092  0.00341557196494883  0.00351444344795888
  0.00359122504920999  0.00369234267341218  0.00382581096728407  0.00397663161372219
  0.00409570948426885  0.00420031908313079  0.00429988071848609  0.00440394741184806
  0.00451095846660922  0.00462298881318214  0.00475229471233904  0.00491094677728842
  0.00508983458073717  0.00528915063242101  0.00563668052111344  0.00603892879334405
  0.00637436121048282  0.00672641263381858  0.00707292208145823  0.00734470627757160
  0.00752799526691027  0.00770905701445314  0.00786840811017202  0.00802826022449147
  0.00818176746603708  0.00837778987454423  0.00874844832046192  0.00937520972425328
  0.00993266373520885  0.01034582262180341  0.01067291596716736  0.01106461013451642
  0.01154503158596589  0.01207226751845748  0.01247649310152723  0.01285378632794521
  0.01331482562232956  0.01403726134411764  0.01493039752818629  0.01581411099447389
  0.01678938313529733  0.01764681305034613  0.01867728321929444  0.01979475369713060
  0.02104571887674583  0.02308403731957595  0.02530967080337803  0.02749499774539895
  0.02941747430334261  0.03126267527170437  0.03314945901496810  0.03459608690384308
  0.03561141509726674  0.03724089477628520  0.03910345309903023  0.04095611312582043
  0.04792084910609275  0.06139587306383431  0.07703399222997448  1.00000000000000000
 -0.00531163588384043  0.02284180387102765  0.03871031281537529  0.05278137332811929
  0.07022675628694076  0.09484651693404336  0.12396885647162176  0.15138043653404942
  0.16666189950864430  0.17916320198645097  0.19148979454099999  0.20496277505855731
  0.22439896937407031  0.24082914575557685  0.25761780394084027  0.27286493556829877
  0.28748019918323797  0.30350949337911914  0.31826821463506094  0.33034037503273517
  0.33801656579129225  0.34337477179504361  0.34796790597399918  0.35299957451633451
  0.35912210869804606  0.36641702435436752  0.37425369140717180  0.38211431184221084
  0.38848362313445844  0.39417856939142015  0.39994650087538736  0.40566911827561902
  0.41075085249679949  0.41707160339024618  0.42354177645148205  0.42969115460247953
  0.43584707508585213  0.44214695212657812  0.44884093936135433  0.45399472175478417
  0.46128029564677336  0.46770831993884260  0.47396842187261751  0.47943388639288126
  0.48702960638429521  0.49568387836867506  0.50392843658000053  0.51054537104789310
  0.51575653663732002  0.51918267926655226  0.52250498192027794  0.52632577049933071
  0.53243836826929025  0.54069388551746300  0.54947735471475634  0.55944496931180465
  0.57248727234531072  0.58434137699628974  0.59264324326931617  0.59909835843701653
  0.60759403121872113  0.61814187641793417  0.62703100034674619  0.63084796235797846
  0.63578916277734776  0.64032619632857690  0.64517611231642857  0.65075962477479676
  0.65725509198561249  0.66782652654196251  0.67989117538211552  0.69362482950187121
  0.70878038995657455  0.72261399268677207  0.73350625543221770  0.74094719275201115
  0.74820278770635629  0.75488468130795683  0.76152864914703589  0.76951992872338937
  0.78009466965126451  0.79170418743525328  0.80653012190176965  0.82378782731671918
  0.84064390190449667  0.85689124072893086  0.87041031031425564  0.88213570784140771
  0.89106129619312946  0.89945059904394464  0.90709430183247652  0.91971613455429879
  0.93885452405435377  0.96179168266131387  0.98191903035697337  1.00000000000000000
  0.59463195804987257  0.88205221857252991  0.92209764008493555  0.94197477009323460
  0.95224267112249394  0.95816898830854813  0.96259155707541122  0.96604969176146716
  0.96840493897951274  0.96950981021734672  0.97069857649731195  0.97168041832483532
  0.97253350033423591  0.97334590444261015  0.97391335698356296  0.97444280640146697
  0.97519989157492959  0.97615773448375642  0.97741475054252558  0.97859550842238030
  0.97971108178609445  0.98070152496878094  0.98156609777981074  0.98254733613129297
  0.98346042623019947  0.98412825996341158  0.98459843970901495  0.98501998148867520
  0.98544113731493688  0.98592579022104188  0.98640356192443523  0.98689176398211520
  0.98732119707370214  0.98776631987871355  0.98815208102604501  0.98842982575541249
  0.98863829002321391  0.98880550152150093  0.98900817706337518  0.98926581995309493
  0.98943072778740471  0.98961135947708567  0.98982488593684770  0.99003810549377047
  0.99037620767205092  0.99080809614920062  0.99120337010532122  0.99141590721303341
  0.99158228754820321  0.99168535087245513  0.99179778937079877  0.99191379251372258
  0.99206305890760660  0.99220036596902406  0.99231408477309502  0.99241028760248140
  0.99260046858249784  0.99285481482508930  0.99311613974969515  0.99336155205614585
  0.99358618458435932  0.99379488846655850  0.99394776703705279  0.99410266511142142
  0.99425992556302834  0.99443109402626828  0.99467588877465218  0.99494598009180679
  0.99518651726134688  0.99536214637278242  0.99554776259319666  0.99576983640740924
  0.99600545094383997  0.99623238739179443  0.99642170967295463  0.99654012022255822
  0.99664969262712322  0.99675095744955511  0.99684429558037069  0.99692019980715707
  0.99699636338762176  0.99706598607390939  0.99715804297240196  0.99737399696521245
  0.99750452899102893  0.99760655410341637  0.99769400330830493  0.99778957443671212
  0.99791325124745900  0.99805841439552057  0.99822993425509632  0.99836980159521205
  0.99851337880785085  0.99877118767262241  0.99932488171952505  1.00000000000000000
 -0.03524414276360791  0.13209160353929675  0.19255910406524004  0.22150603256953710
  0.24586334633298521  0.26643678337249721  0.28358758037611054  0.29836158925381651
  0.31080030694123045  0.32591228150882001  0.33846662445308123  0.35036140829938583
  0.35958738039882776  0.36793753681571467  0.37683079322084145  0.38676414932370179
  0.39655774247886405  0.40652491073965946  0.41398267233694269  0.42082485655878665
  0.42706537853877446  0.43247930007951146  0.43796210378590972  0.44408548472964926
  0.45025979482894019  0.45571545115459250  0.46071931679599049  0.46604788760491767
  0.47149921936347000  0.47744673348982691  0.48245835313267310  0.48496877975945585
  0.48684443552427831  0.48864467472028700  0.49033996293938048  0.49236992921984696
  0.49434078953685312  0.49680643033153171  0.50042667923682949  0.50593395093164351
  0.51322935961834137  0.52018258137149576  0.52533468841855724  0.52990850165733316
  0.53524005629729521  0.53954934764104534  0.54219678779410696  0.54467932350300152
  0.54815424770188692  0.55130003788371285  0.55444739820902256  0.55997514046577335
  0.56723219783885293  0.57486228406820805  0.58185303841130287  0.58820617773186556
  0.59442915526111983  0.60357356344053259  0.61428095167075392  0.62400364196801583
  0.63107117133394597  0.63688873496273868  0.64248950085689083  0.64688398536844305
  0.65021933554526623  0.65458062989838783  0.65724542937131036  0.66037177106016032
  0.66306808792219030  0.66583626651937911  0.66941483723086936  0.67442450848699520
  0.68058184099798258  0.68741315729093089  0.69385036896012586  0.69735305306396189
  0.70062993814553809  0.70430459712208726  0.71136466737140391  0.72053460650596357
  0.73075752028427055  0.73894817269039803  0.74462266373889696  0.74983506340974360
  0.75690737660306895  0.76642683455506155  0.77579743244162214  0.78598162372992852
  0.79643125825359218  0.80658924509965380  0.81636444862231250  0.82637201247324110
  0.83634108492029524  0.85027741878763397  0.87283149421911488  1.00000000000000000
   1.3290918956221694E-015  -1.0000000000000000     
 F F F F F F F F F F F F F F F F F F F F F F F F F F F F F F F F F F F F F F F F F F F F F F F F F F F F F F F F F F F F F F F F F F F F F F F F F F F F F F F F F F F F F F F F F F F F F F F F F F F F F F F F F F F F F F F F F F F F F F F F F F F F F F F F F F F F F F F F F F F F F F F F F F F F F F F F F F F F F F F F F F F F F F F F F F F F F F F F F F F F F F F F F F F F F F F F F F F F F F F F F F F F F F F F F F F F F F F F F F F F F F F F F F F F F F F F F F F F F F F F F F F F F F F F F F F F F F F F F F F F F F F F F F F F F F F F F F F F F F F F F F F F F F F F F F F F F F F F F F F F F F F F F F F F F F F F F F F F F F F F F F F F F F F F F F F F F F F F F F F F F F F F F F F F F F F F F F F F F F F F F F F F F F F F F F F F F F F F F F F F F F F F F F F F F F F F F F F F F F F F F F F F F F F F F F F F F F F F F F F F F F F F F F F F F F F F F F F F F F F F F F F F F F F F F F F F F F F F F F F F F F F F F F F F F F F F F F F F F F F F F F F F F F F F F F F F F F F F F F F F F F F F F F F F F F F F F F F F F F F F F F F F F F F F F F F F F F F F F F F F F F F F F F F F F F F F F F F F F F F F F F F F F F F F F F F F F F F F F F F F F F F F F F F F F F F F F F F F F F F F F F F F F F F F F F F F F F F F F F F F F F F F F F F F F F F F F F F F F F F F F F F F F F F F F F F F F F F F F F F F F F F F F F F F F F F F F F F F F F F F F F F F F F F F F F F F F F F F F F F F F F F F F F F F F F F F F F F F F F F F F F F F F F F F F F F F F F F F F F F F F F F F F F F F F F F F F F F F F F F F F F F F F F F F F F F F F F F F F F F F F F F F F F F F F F F F F F F F F F F F F F F F F F F F F F F F F F F F F F F F F F F F F F F F F F F F F F F F F F F F F F F F F F F F F F F F F F F F F F F F F F F F F F F F F F F F F F F F F F F F F F F F F F F F F F F F F F F F F F F F F F F F F F F F F F F F F F F F F F F F F F F F F F F F F F F F F F F F F F F F F F F F F F F F F F F F F F F F F F F F F F F F F F F F F F F F F F F F F F F F F F F F F F F F F F F F F F F F F F F F F F F F F F F F F F F F F F F F F F F F F F F F F F F F F F F F F F F F F F F F F F F F F F F F F F F F F F F F F F F F F F F F F F F F F F F F F F F F F F F F F F F F F F F F F F F F F F F F F F F F F F F F F F F F F F F F F F F F F F F F F F F F F F F F F F F F F F F F F F F F F F F F F F F F F F F F F F F F F F F F F F F F F F F F F F F F F F F F F F F F F F F F F F F F F F F F F F F F F F F F F F F F F F F F F F F F F F F F F F F F F F F F F F F F F F F F F F F F F F F F F F F F F F F F F F F F F F F F F F F F F F F F F F F F F F F F F F F F F F F F F F F F F F F F F F F F F F F F F F F F F F F F F F F F F F F F F F F F F F F F F F F F F F F F F F F F F F F F F F F F F F F F F F F F F F F F F F F F F F F F F F F F F F F F F F F F F F F F F F F F F F F F F F F F F F F F F F F F F F F F F F F F F F F F F F F F F F F F F F F F F F F F F F F F F F F F F F F F F F F F F F F F F F F F F F F F F F F F F F F F F F F F F F F F F F F F F F F F F F F F F F F F F F F F F F F F F F F F F F F F F F F F F F F F F F F F F F F F F F F F F F F F F F F F F F F F F F F F F F F F F F F F F F F F F F F F F F F F F F F F F F F F F F F F F F F F F F F F F F F F F F F F F F F F F F F F F F F F F F F F F F F F F F F F F F F F F F F F F F F F F F F F F F F F F F F F F F F F F F F F F F F F F F F F F F F F F F F F F F F F F F F F F F F F F F F F F F F F F F F F F F F F F F F F F F F F F F F F F F F F F F F F F F F F F F F F F F F F F F F F F F F F F F F F F F F F F F F F F F F F F F F F F F F F F F F F F F F F F F F F F F F F F F F F F F F F F F F F F F F F F F F F F F F F F F F F F F F F F F F F F F F F F F F F F F F F F F F F F F F F F F F F F F F F F F F F F F F F F F F F F F F F F F F F F F F F F F F F F F F F F F F F F F F F F F F F F F F F F F F F F F F F F F F F F F F F F F F F F F F F F F F F F F F F F F F F F F F F F F F F F F F F F F F F F F F F F F F F F F F F F F F F F F F F F F F F F F F F F F F F F F F F F F F F F F F F F F F F F F F F F F F F F F F F F F F F F F F F F F F F F F F F F F F F F F F F F F F F F F F F F F F F F F F F F F F F F F F F F F F F F F F F F F F F
  <DiscreteSampler_grid>
  grouped_processes
  1 # 1 for a reference and 2 for a running grid.
  10 # Attribute 'min_bin_probing_points' of the grid.
  1 # Attribute 'grid_mode' of the grid. 1=='default',2=='initialization'
  0.0000000000000000 # Attribute 'small_contrib_threshold' of the grid.
  0.5000000000000000 # Attribute 'damping_power' of the grid.
 # binID   n_entries weight   weight_sqr   abs_weight
    49   10   1.999446942495093E-013   1.858733226284979E-025   1.999446942495093E-013
    52   10   3.998893884990187E-013   7.434932905139916E-025   3.998893884990187E-013
    79   10   3.937267413616172E-013   6.860047221717540E-025   3.937267413616172E-013
    82   10   7.874534827232345E-013   2.744018888687016E-024   7.874534827232345E-013
    94   10   1.999446942494835E-013   1.858733226284480E-025   1.999446942494835E-013
    97   10   3.998893884989669E-013   7.434932905137918E-025   3.998893884989669E-013
    124   10   3.937267413616458E-013   6.860047221718078E-025   3.937267413616458E-013
    127   10   7.874534827232915E-013   2.744018888687231E-024   7.874534827232915E-013
    139   10   1.999446942495148E-013   1.858733226285072E-025   1.999446942495148E-013
    142   10   3.998893884990295E-013   7.434932905140286E-025   3.998893884990295E-013
    145   10   3.889391580981393E-013   7.039133615468696E-025   3.889391580981393E-013
    146   10   3.889391581005198E-013   7.039133615531132E-025   3.889391581005198E-013
    148   10   7.778783161962786E-013   2.815653446187478E-024   7.778783161962786E-013
    149   10   7.778783162010396E-013   2.815653446212453E-024   7.778783162010396E-013
    151   10   5.156898465446472E-013   1.223568267942046E-024   5.156898465446472E-013
    152   10   5.156898465450341E-013   1.223568267931153E-024   5.156898465450341E-013
    154   10   1.031379693089294E-012   4.894273071768183E-024   1.031379693089294E-012
    155   10   1.031379693090068E-012   4.894273071724613E-024   1.031379693090068E-012
    163   10   4.988051212944418E-013   1.194178934453817E-024   4.988051212944418E-013
    164   10   4.988051212948292E-013   1.194178934442903E-024   4.988051212948292E-013
    166   10   9.976102425888836E-013   4.776715737815269E-024   9.976102425888836E-013
    167   10   9.976102425896584E-013   4.776715737771611E-024   9.976102425896584E-013
    169   10   3.937267413609936E-013   6.860047221709868E-025   3.937267413609936E-013
    172   10   7.874534827219872E-013   2.744018888683947E-024   7.874534827219872E-013
    175   10   8.067243792899966E-013   2.924238530526368E-024   8.067243792899966E-013
    176   10   8.067243792896108E-013   2.924238530522135E-024   8.067243792896108E-013
    178   10   1.613448758579993E-012   1.169695412210547E-023   1.613448758579993E-012
    179   10   1.613448758579222E-012   1.169695412208854E-023   1.613448758579222E-012
    184   10   1.999446942494837E-013   1.858733226284484E-025   1.999446942494837E-013
    187   10   3.998893884989675E-013   7.434932905137937E-025   3.998893884989675E-013
    190   10   3.889391580980774E-013   7.039133615466379E-025   3.889391580980774E-013
    191   10   3.889391581006098E-013   7.039133615535032E-025   3.889391581006098E-013
    193   10   7.778783161961547E-013   2.815653446186552E-024   7.778783161961547E-013
    194   10   7.778783162012196E-013   2.815653446214013E-024   7.778783162012196E-013
    196   10   5.156898465447380E-013   1.223568267942693E-024   5.156898465447380E-013
    197   10   5.156898465451583E-013   1.223568267931980E-024   5.156898465451583E-013
    199   10   1.031379693089476E-012   4.894273071770771E-024   1.031379693089476E-012
    200   10   1.031379693090317E-012   4.894273071727920E-024   1.031379693090317E-012
    208   10   4.988051212945424E-013   1.194178934454513E-024   4.988051212945424E-013
    209   10   4.988051212949689E-013   1.194178934443833E-024   4.988051212949689E-013
    211   10   9.976102425890849E-013   4.776715737818051E-024   9.976102425890849E-013
    212   10   9.976102425899377E-013   4.776715737775331E-024   9.976102425899377E-013
    214   10   3.937267413608508E-013   6.860047221707012E-025   3.937267413608508E-013
    217   10   7.874534827217016E-013   2.744018888682805E-024   7.874534827217016E-013
    220   10   8.067243792897119E-013   2.924238530525233E-024   8.067243792897119E-013
    221   10   8.067243792897017E-013   2.924238530522537E-024   8.067243792897017E-013
    223   10   1.613448758579424E-012   1.169695412210093E-023   1.613448758579424E-012
    224   10   1.613448758579403E-012   1.169695412209015E-023   1.613448758579403E-012
  </DiscreteSampler_grid>
