  0.00427872258176179  0.01239789932777212  0.02252248901005448  0.03320970863211384
  0.03932287163280152  0.04678479722796908  0.05573669945912999  0.06529290119145953
  0.07526101043605475  0.09271040642841100  0.11191176003611521  0.12995266097962777
  0.14647112894304237  0.16440537425830704  0.18578610155342126  0.21077557074423597
  0.23674257454916439  0.26176530743587817  0.28934196824390368  0.30534185978666700
  0.31738573996151109  0.32726138048358028  0.33420843210999296  0.33952611056579357
  0.34468067931807422  0.35119445871563104  0.35967632218808343  0.36547567943492199
  0.37278523688168991  0.38155998249562462  0.39208206910452287  0.40322608831513340
  0.41702250015731540  0.42411101792697287  0.43450388600068468  0.44296620227927952
  0.44688715679715713  0.45034884237367007  0.45452792035952749  0.46239228551937400
  0.46613301522505057  0.46835438648248068  0.47052007766785758  0.47272704379956654
  0.47532892453720843  0.48297297407870210  0.49848809342937839  0.51806161409797113
  0.55994808312962507  0.61288602822523075  0.63370436880491410  0.64589501397181204
  0.65470162864914139  0.66137239769956402  0.66696026284842880  0.67156002264736547
  0.67739763275516274  0.68335707420254810  0.68997192463426382  0.69777701467191278
  0.70689404904875752  0.72089216981770832  0.73746015961842004  0.75716422876128231
  0.76768313881400929  0.77844951826811992  0.79539755019533021  0.80534407671015384
  0.81162470714879742  0.81846770201952379  0.82602288018185321  0.83198008628486309
  0.83622645031456799  0.84169286155812162  0.84819240300394838  0.85392407631612632
  0.85929102908024124  0.86585019171548439  0.87664883346239131  0.88986990872483318
  0.89656953753710333  0.89924505553352763  0.90203451942577417  0.90486333594753598
  0.91068022366019286  0.91601327694944623  0.92097005136841736  0.92534369931983373
  0.92943303487512141  0.93400782273794591  0.93828933962315342  0.94211566961600857
  0.94985411655429142  0.96495698574019351  0.97788367563940881  1.00000000000000000
  0.00979630747061960  0.01873653890217020  0.02460875724817407  0.03043151028269202
  0.03369419299025257  0.03571809657661999  0.03748903109752048  0.03928764519367064
  0.04110688731904561  0.04279083830545824  0.04446965950224303  0.04901817653734686
  0.05385612617862645  0.05694495463299257  0.05976339401183006  0.06528393391218963
  0.07329729726759462  0.07854796082532778  0.08558475435239940  0.09518578069335128
  0.10759609753731274  0.12009409301694592  0.12997865695329122  0.14105427850137325
  0.16422468297606302  0.19461056260943058  0.21380808136530755  0.23011261559761154
  0.23795647526809874  0.24589786169454766  0.25391871096076984  0.26166587021052967
  0.26932853370998289  0.27827788252049757  0.29198268104131397  0.30339597137425112
  0.31447637564207792  0.32569752800725488  0.33253010204544853  0.33997370350237732
  0.34839837643397548  0.36037997450602127  0.37818709079972174  0.43334742064692489
  0.47460276733584739  0.49174937549790387  0.50262670124986997  0.51017227613694549
  0.51693643069399497  0.52484818858846105  0.53589412401530967  0.54927726308317815
  0.56449584535642217  0.58130493764973257  0.60539187379840409  0.61716478588819701
  0.62863163809578526  0.63971265163238999  0.64876313944949093  0.65683591290391019
  0.66483909490734161  0.67234897076125344  0.67985884661516527  0.68693832183584302
  0.69400512452670904  0.70519297251860880  0.71624865265170479  0.72972250182096932
  0.74256294443717452  0.75609572944850034  0.76410289692545397  0.76780076838984790
  0.77181393808196330  0.77496835794839392  0.77748804682171602  0.78003124389447598
  0.78359866521081378  0.78817099246469047  0.79023160911151147  0.79767742396409291
  0.80763913087846673  0.82041348175008821  0.83294115306028127  0.84064190694053953
  0.84826606502195767  0.85837352034791670  0.87361793794028664  0.88380242325145009
  0.89449385231177014  0.90848917431626441  0.92516705948406597  0.94205536119222621
  0.95729502900897412  0.97197171939444527  0.98556931092381173  1.00000000000000000
  0.00019932808146429  0.00022325716672152  0.00023363263690573  0.00024294976080962
  0.00024930137812124  0.00025459162657801  0.00025932930452564  0.00026247262166018
  0.00026561593879472  0.00026816563562872  0.00027038907689889  0.00027261251816907
  0.00027449958827656  0.00027634604793739  0.00027811076119014  0.00027962198994568
  0.00028152483842631  0.00028435836544456  0.00028809861048677  0.00029056028552314
  0.00029225978052098  0.00029367597939877  0.00029430138535350  0.00029493296918648
  0.00029557684217383  0.00029622861760582  0.00029688544957385  0.00029859445354225
  0.00030045682382143  0.00030160564655984  0.00030283362522666  0.00030389484683795
  0.00030490621986827  0.00030589769206630  0.00030696781447377  0.00030875152010561
  0.00031280287904933  0.00031590761738280  0.00031911920732076  0.00032244832437859
  0.00032616405928898  0.00033000221371842  0.00033390907620748  0.00033820178111199
  0.00034267314253482  0.00034724321123310  0.00035274413200958  0.00035861422209868
  0.00036368867798486  0.00036907826052565  0.00037455007052096  0.00038172872908720
  0.00038967363194210  0.00039761853479701  0.00040143489486572  0.00040471848591738
  0.00040818720904272  0.00041230924758640  0.00041711722888511  0.00042822283768782
  0.00043899622360299  0.00045136986062640  0.00046589020079596  0.00049330906631549
  0.00051739576823849  0.00053862657683174  0.00055927824836339  0.00058300610564357
  0.00060661447693457  0.00063280780906781  0.00066876934519578  0.00070916353895725
  0.00076247089174858  0.00079861612582912  0.00083121484101986  0.00087336213518198
  0.00093775112377357  0.00102406674332850  0.00109379323311229  0.00115043300673760
  0.00120026025149237  0.00125284105553859  0.00130349599520798  0.00135007048013888
  0.00141703606679309  0.00155185961373378  0.00170898957170446  0.00188891376721464
  0.00196069172912865  0.00214433385494248  0.00230388765532366  0.00264308679881902
  0.00456245330063329  0.00598356156317594  0.24378285201317507  1.00000000000000000
  0.00027866062693075  0.00033541812276317  0.00037991348505349  0.00041835190011679
  0.00044023986824130  0.00045160687976252  0.00046284209144867  0.00047313432955605
  0.00048758069024838  0.00049757965641878  0.00052091877460967  0.00054834327264400
  0.00057683340699238  0.00061488228640486  0.00065277178059751  0.00068730824366435
  0.00072188117005658  0.00075174378948147  0.00077598437815782  0.00079119715949392
  0.00080640994083001  0.00081652456597802  0.00082617225649327  0.00083581994700852
  0.00084922068432915  0.00086263992651594  0.00087680949135787  0.00089333932680832
  0.00091396389928857  0.00094441557959982  0.00095555971398776  0.00096130288985572
  0.00096701812993334  0.00097070753986925  0.00097381599596645  0.00097697459693386
  0.00098014039182977  0.00098331085660301  0.00098698783847109  0.00099528187507802
  0.00100091268095742  0.00100487512949771  0.00100887905846681  0.00101286280367818
  0.00101803997983474  0.00102496066522215  0.00103383733648785  0.00105126374920748
  0.00107715578415998  0.00111763433799901  0.00118298389586457  0.00123867369588699
  0.00129497614188099  0.00135256579004098  0.00143949721634622  0.00154542294326665
  0.00165598805898257  0.00172580644807787  0.00179945185951715  0.00187639876370219
  0.00196430521841679  0.00210508754934671  0.00227994623411030  0.00241102446507252
  0.00250700977037593  0.00257385834205560  0.00262794849274010  0.00267195798350337
  0.00271621910440204  0.00276637934370169  0.00281218886874608  0.00286532911213465
  0.00297994011567386  0.00315509112679142  0.00333643101063353  0.00360142428468990
  0.00392993098180268  0.00416127620993231  0.00438922262999381  0.00466258748774352
  0.00500215764213725  0.00577436066624819  0.00679679160263745  0.00785336317989462
  0.00983633559783220  0.01099653925395686  0.01224713698817770  0.01311195511473292
  0.01429028198645775  0.01639746060327413  0.01864860226660117  0.02073950344731745
  0.02272134699573507  0.02737635363042054  0.58670790373072523  1.00000000000000000
  0.00005555959537836  0.02468446312481580  0.03872771743399085  0.05245937014957107
  0.05707948292297847  0.06125179304256181  0.06511270262224202  0.06668678182379964
  0.06978266240567305  0.08055077337494418  0.09322796946577638  0.10171656083214314
  0.11073725166088540  0.11944412218827499  0.12571683369202563  0.13143925229838338
  0.13939079600346116  0.14647840615578767  0.15241861219758621  0.15925671030498753
  0.16630258777212514  0.17305031303453705  0.18313500325823770  0.19382456731662795
  0.20498486623446766  0.21430695790307372  0.21739018616490302  0.22051580816526395
  0.22413825125717390  0.22766509976987795  0.23154795102771514  0.23448735340758053
  0.23727560775268297  0.24213600157142412  0.25641228038686764  0.27119683618399476
  0.29107227730243024  0.31612076223530600  0.33379130577111271  0.34936600349117464
  0.36731460292658974  0.38446917415234155  0.40132453337057677  0.41843971696882654
  0.43483527483766238  0.44893067359629757  0.45503885865359511  0.46114704371089260
  0.46748043099060965  0.47383055144269948  0.48042731053546633  0.48709634255848927
  0.50027735160705167  0.51495353479306039  0.52854448811381061  0.54180073525208838
  0.55226137131777631  0.56604315604860378  0.58384446878809082  0.61193947552387207
  0.63324442068303788  0.65366597230565882  0.67226740341402980  0.69170513870815742
  0.70742802699809593  0.72510160381396627  0.75085298725645211  0.75950445612110873
  0.76441972126025726  0.76904780039397191  0.77640216235785919  0.78134250978297171
  0.78539032027388889  0.79415772014146824  0.80314942231613229  0.81236803988256934
  0.82381300542722535  0.83667459359766194  0.84896415924279889  0.85701388774945508
  0.86250048101347154  0.86690339522616666  0.86979958285189241  0.87257471806662701
  0.87537481539090056  0.87821800782843285  0.88115214214085191  0.88442369169222201
  0.88840315962789485  0.89819686331892912  0.90806608131757494  0.91969766540240239
  0.93137861411344181  0.94313792000206942  0.95819555587366312  1.00000000000000000
  0.00002467484459796  0.00013666740838918  0.00022068920390757  0.00029774080142037
  0.00037459249821302  0.00047502673696899  0.00061158591627417  0.00076166019679505
  0.00089291620524086  0.00101006991595680  0.00106358992676605  0.00111301844195497
  0.00116214630397171  0.00121123628284230  0.00125549800385767  0.00129833564735720
  0.00132708183221904  0.00135634329526281  0.00138991370044342  0.00143269286536589
  0.00149216408227473  0.00156420537726485  0.00164105173514981  0.00174106345014997
  0.00187677539297374  0.00205024895857272  0.00224335826282214  0.00251591249109295
  0.00277608052911163  0.00308252786514965  0.00347735840639204  0.00391320302135441
  0.00437401073085287  0.00471840382769749  0.00505442367560405  0.00539987370208230
  0.00574780406621596  0.00610237768952432  0.00649482859695268  0.00688250145440126
  0.00719367441311565  0.00752033019469127  0.00784650108217439  0.00816625642867476
  0.00846925405297424  0.00898024016184469  0.00935731590371719  0.00983096488226499
  0.01041479681091131  0.01134442534151291  0.01202239007409351  0.01260528226194295
  0.01313897849034115  0.01367470861375670  0.01416735231201023  0.01451479834343854
  0.01486654793772934  0.01537949308704584  0.01590361472498175  0.01651748899140993
  0.01722295283887889  0.01757596070856016  0.01793250128486944  0.01810204388353056
  0.01827533696576020  0.01847455153705783  0.01875430662893469  0.01946806406738386
  0.02012226971609173  0.02164468284602778  0.02208632190307954  0.02253351087520031
  0.02299622372691742  0.02336304369577327  0.02374553254949870  0.02410542026869341
  0.02448651758398787  0.02474145828760436  0.02492130601605953  0.02510104874299086
  0.02528076549012952  0.02550974044648605  0.02576354738479880  0.02633446973154148
  0.02696704650099879  0.02759044690242507  0.02806045569694301  0.02887980753735685
  0.03015242360370277  0.03324336472271391  0.03642787785256542  0.04066620805948414
  0.04739028943796714  0.06861544080027550  0.81883220078336905  1.00000000000000000
  0.00001079525604969  0.00003739789814824  0.00004627435980511  0.00005329353711963
  0.00005863233238698  0.00006446550359183  0.00007123515051068  0.00007833660850402
  0.00008674657280192  0.00010061515555826  0.00011139825283945  0.00012213017081904
  0.00013424818791233  0.00014961720225325  0.00016535840036684  0.00017898420388663
  0.00019143543002270  0.00020362831398480  0.00021766205578160  0.00023250779109065
  0.00024433992276054  0.00025842147062526  0.00028088670564420  0.00030266669916049
  0.00033053271753899  0.00036460382754480  0.00040246047137854  0.00044511209066579
  0.00048581748318178  0.00053601374607243  0.00059670854719975  0.00066424242857026
  0.00076083212735465  0.00085107815531721  0.00094364057609373  0.00106213828317643
  0.00117092372552642  0.00126946201537573  0.00132130283535859  0.00136775675337711
  0.00140954786120861  0.00148853610283461  0.00156783349223537  0.00165967475992086
  0.00178779227124005  0.00191709791512191  0.00200261224448146  0.00208903682808831
  0.00223972964877644  0.00239042246946457  0.00253701127539540  0.00268213300708870
  0.00282725473878200  0.00298358455666306  0.00315682590618206  0.00333006725570106
  0.00349941088498862  0.00366822811544547  0.00391344925278839  0.00432937717079816
  0.00460779233450979  0.00481853280197249  0.00503934686262371  0.00524229429675382
  0.00537444841031812  0.00549691659622511  0.00562002706914461  0.00573456334832963
  0.00583894244271552  0.00594355497773800  0.00604847523661475  0.00615390906949014
  0.00624023417924552  0.00628998554844165  0.00640951176334556  0.00682110534947029
  0.00713293032463698  0.00742397235126965  0.00789257912291020  0.00840125024259975
  0.00880970187673504  0.00902405345242934  0.00932020928757384  0.00949320820007444
  0.00968698372831319  0.00999818803110744  0.01043079345897238  0.01092801299775352
  0.01157134255214473  0.01239192266289741  0.01365664102172374  0.01676879906701656
  0.01965604182877734  0.02296459400762523  0.20901085991707657  1.00000000000000000
 -0.01169587782429522  0.02783440808967394  0.05883519310597342  0.07332943866894212
  0.08473501885548894  0.08888022504488359  0.09234531637281315  0.09667579108976182
  0.10152253326224918  0.10570647110696890  0.11009551593546024  0.11373614313198295
  0.11580623738875173  0.11892348024835329  0.12444685058592075  0.13458866136053890
  0.14901915637569463  0.16583755120008994  0.18377613556403180  0.20153203125378746
  0.21337959745068874  0.22215615338859124  0.22892685753608805  0.23459615436232367
  0.23982840010459130  0.24744229082669175  0.26280409104920260  0.28064048682153181
  0.29143100333641464  0.30066905720572928  0.31182377383162357  0.32476539115418285
  0.33797307919817438  0.35295162088620124  0.36617560875886423  0.38106718567270192
  0.39909714218468340  0.42135978151838838  0.43654759218001088  0.45022107253153998
  0.46802123627704584  0.48702909461679350  0.50561461179432754  0.52307773560492232
  0.52989915928351450  0.53705463798185671  0.54267275225350042  0.54778507168124202
  0.55301478774379109  0.55979688117171345  0.56739328441936876  0.57409694127059041
  0.57680670594837558  0.57976695125912658  0.58313888127336422  0.58760540388203253
  0.59443869427656115  0.60449208916076624  0.62267424720851616  0.64790180342181014
  0.65712585392896672  0.66727350608397451  0.67476862833901485  0.67903955004053629
  0.68337004367321663  0.68780148038520050  0.69300793623723878  0.69879637130966510
  0.70524868126620266  0.71418481989627713  0.72374112253731826  0.73048543027165502
  0.73786142417304057  0.74525114414792160  0.75275491123712313  0.76022001036081466
  0.76741325708737917  0.77958999330998546  0.80327686780604957  0.82418882635083124
  0.83439188802500908  0.84303251427220305  0.85327798417990686  0.87139423186941234
  0.89446581914605139  0.91472676902436023  0.93341230259539287  0.94260649680247566
  0.95168138969653082  0.95564553660965867  0.95971682076151754  0.96401171780850525
  0.96837599965924859  0.97282239996123021  0.98898439508836034  1.00000000000000000
 -0.00370850483248405  0.00439419990829346  0.01143056385227541  0.01848049179188885
  0.02555875215762976  0.03608042848061571  0.07368953479859870  0.09267941521698390
  0.10892818750114171  0.12271043336680645  0.13471823682873932  0.15189885387324450
  0.16842375781030727  0.18235632856670977  0.18677304730760105  0.19106569194941470
  0.19525885672752558  0.19890365920190245  0.20237056866039674  0.20837481361799881
  0.21157708135025127  0.21552324032471690  0.22046227589133563  0.22630133067990862
  0.22876902164107313  0.23109623104652319  0.23336173357298950  0.23564908120344219
  0.23820456047788319  0.24109631922179062  0.24544353312183514  0.25012755116099522
  0.25520361917938261  0.26415928192935195  0.27455809736213338  0.29530785394424752
  0.31896304781220580  0.33819119114495050  0.35702689310052266  0.37195408216513820
  0.38841550764687183  0.39938396775465057  0.40723829817240470  0.41535587312007655
  0.42658553995234039  0.44433022850060416  0.45918440493881546  0.47552492895452564
  0.49650515286706332  0.51702145268985189  0.53937902375008362  0.55644535266013406
  0.56929693264645220  0.57973137303015798  0.58908246039125955  0.59587565770269224
  0.60467760823465777  0.61494155722906063  0.62183812187048515  0.62336163289680702
  0.62486923915955495  0.62632715959164975  0.62863018321875497  0.63194887652256815
  0.63485816154261288  0.63715921613020698  0.63941547296032175  0.64503084927323218
  0.65511392694280435  0.66917022000108484  0.68029908831852548  0.69161783002761579
  0.70263169469799880  0.71235134165097147  0.72157637505750272  0.73187859401815103
  0.74194489036979916  0.75448956491776131  0.77407522466997924  0.81058920456420303
  0.84492037464099634  0.87367872230294719  0.88949116891124480  0.89849759932103179
  0.90449821593638402  0.91322229590154791  0.92175718328916656  0.92618332724607100
  0.93040391204461548  0.93449946799640804  0.93843168156186008  0.94486508703783412
  0.95498008421437164  0.96905669599796140  0.98246109839764473  1.00000000000000000
 -0.00592058838057600  0.02634137407769902  0.04472057667604190  0.06949503463061185
  0.09149998665601969  0.11106994881093667  0.13023794858078006  0.14516090225110898
  0.15877392379089253  0.17005748875018981  0.17867607280393580  0.18716693708971144
  0.19566374230584341  0.20463590877254639  0.21572232135722860  0.23126337993107104
  0.24887881563805436  0.25948670339275381  0.26657695920015895  0.27220174266849284
  0.27965684130177659  0.28797589210396091  0.29390143069122321  0.30506398942197410
  0.32797286512576446  0.34693510379616782  0.35620694239282780  0.36459797603275718
  0.37282900258202650  0.38117320855045833  0.39303394648361445  0.41141412363579338
  0.42323717703954761  0.42734723134649311  0.43153406619624435  0.43356980195230421
  0.43539408984624312  0.43925455853458922  0.44301642646970857  0.44638282262097773
  0.45058694121822634  0.45739148895163928  0.46546126779477537  0.47418634877035437
  0.48768669445190183  0.50304941853101848  0.51402275883590809  0.52455350257566424
  0.53274279332644880  0.53919261969745147  0.54200432818204647  0.54358580510721333
  0.54692483516839152  0.55144558259167176  0.55478764922146317  0.55681368194683423
  0.55878424614936018  0.56053615367863108  0.56225959140078696  0.56391511993501009
  0.56602769094745453  0.57029702699544538  0.57949409062838197  0.58984367321816211
  0.59551616427948662  0.60097106398718392  0.60579512850339146  0.61044585106504645
  0.61488325907891295  0.62696635247888810  0.65635711605497216  0.68428743587467966
  0.70643907185389065  0.72001329328014252  0.72910771685235776  0.73191405348546323
  0.73422994996478286  0.73608027853229185  0.73785562973127383  0.73974168208726443
  0.74165262878666371  0.74724191968257314  0.76077717572124592  0.77652516604644761
  0.79527334550171669  0.82334563533705030  0.84849677874554075  0.87035784896592550
  0.89205752487412904  0.91447522788636249  0.93138945692372777  0.94380579101319273
  0.95477728854784705  0.96570766445548839  0.97959389060694746  1.00000000000000000
 -0.00603453566616205  0.04387579962096266  0.06995429564095072  0.09204797746004013
  0.11167059549936355  0.12713608193068093  0.14287307233024049  0.15674989984943632
  0.16490563237707379  0.17104953080574362  0.17612090995815152  0.18077352873941613
  0.18629805441469180  0.19360276352775280  0.20267850444854024  0.21912886594920417
  0.24075378459266139  0.25465405641958822  0.26237528249513126  0.27085617230136844
  0.28343640071351339  0.29079488478028848  0.29569426733414389  0.30158209281655451
  0.30755466916440766  0.31324839342836147  0.31894211769231523  0.32975853651643294
  0.34460640257269304  0.35506149378377122  0.36078739873229937  0.36647086319882582
  0.37206431563249026  0.37765052301665036  0.38317570133631113  0.38870087965597194
  0.39887914926161394  0.41022286798802227  0.42250082469777689  0.43663121464843541
  0.44893548538661832  0.45659585699212779  0.46351402936722069  0.47334727506578161
  0.49143516990799851  0.51008450617369672  0.52223222021478732  0.53471134338729032
  0.54654106625090693  0.55155630610140427  0.55750596883165704  0.56416499661874731
  0.56808785874933510  0.57224900855740368  0.57740241136699977  0.58868732745279218
  0.60362054616953387  0.62003006857901177  0.63766673492301662  0.65602233766827522
  0.67622659007932395  0.69129922010966860  0.69953335331711564  0.70484183809182310
  0.71041212704605294  0.72064035377582869  0.72805009609395022  0.73487841258506015
  0.74038546712075115  0.74520961796288399  0.75372046563792805  0.75948698095651224
  0.76354615249317215  0.76741669860335560  0.77120393711530433  0.77771754363058077
  0.78444704536680421  0.79388818475049050  0.80303248754937950  0.81333922419105043
  0.82412282324955344  0.83290909159237803  0.84598839246136093  0.86208174969621032
  0.88015960192717702  0.88578975585302122  0.88949356944446278  0.89363081673342337
  0.90049094408220798  0.90532783944813378  0.91012401863437897  0.91693957798172454
  0.92265280772007163  0.92909587463419774  0.94828160874926593  1.00000000000000000
 -0.00038551132551736  0.00256841665084867  0.00647377182779382  0.01061765471092571
  0.01436510006571413  0.01848835409533532  0.02413234502158472  0.03292743300795261
  0.04052552181637474  0.04789970237649649  0.05548941459103950  0.06540380330944619
  0.07531819202785289  0.08268767774700923  0.08980272199274981  0.09965985952661376
  0.11025277107349794  0.12125482696080424  0.14014899140924253  0.15190662808265057
  0.15778087649991396  0.16404883189089958  0.17146256891355735  0.18019379569248062
  0.18846272966063390  0.19680319222096007  0.21358684153605506  0.23095394364880481
  0.24767919439827218  0.26650868704191044  0.28149223875526541  0.29130167533342616
  0.29713168206365914  0.29842395892386292  0.30046416168134299  0.30250969310490433
  0.30458480315983760  0.30765635617091008  0.30901956314709217  0.31013400122523577
  0.31124729934529172  0.31235732338293154  0.31346509099763514  0.31642976286534236
  0.32128181081337209  0.33306214829192438  0.34085832183246073  0.34826220935071234
  0.35613122425240568  0.36764169191582208  0.38133399397807666  0.39903236683171056
  0.41560812139234815  0.42513999275677605  0.43240011640705872  0.44160344837602961
  0.44925441175686193  0.45569416904168247  0.46487127641666409  0.48072576648733761
  0.50552146685403798  0.52164567844016152  0.53591135993293226  0.54421772955501224
  0.55171036669587559  0.55680440780509421  0.56210384283201742  0.56786013030602578
  0.57414895465233762  0.58133481408969134  0.58806957203861543  0.59556372041305894
  0.60216190248507051  0.60915216975012276  0.61623029490206060  0.62269907363467003
  0.63199874417644208  0.64638536269526725  0.66304409589484425  0.68237808830753299
  0.70170008387143956  0.72309522320878827  0.75030641827381650  0.77665742272655192
  0.80464511124766391  0.83532885059536033  0.85166852674037707  0.85826686394258200
  0.86498030638156409  0.87258666635595439  0.88030153305553860  0.88886433642275786
  0.89991972316211266  0.93519239946130250  0.97098811840990529  1.00000000000000000
 -0.00255797506709592  0.01766744427711302  0.03383638292128213  0.04893346439202195
  0.06192163918279613  0.07560966620735197  0.09091961271122981  0.10633592124040431
  0.11496258489571519  0.12317474605998754  0.13115021642256625  0.13798677785344787
  0.14897356812734902  0.16721227874495029  0.18705731813433427  0.20620084018958307
  0.22578590969613394  0.24226488970575336  0.25749173107209539  0.27434403102193966
  0.29161603125210650  0.30623622435339298  0.31414951722143475  0.31889620485715819
  0.32794106142760343  0.34098485929378519  0.34822170846171624  0.35449399639216556
  0.35989993826899408  0.36345476416804984  0.36749330511046979  0.37136728786024598
  0.37891687127084828  0.39354293224194165  0.40173134879587308  0.41015189549610426
  0.41888575717592730  0.42511018489130359  0.43104029137549166  0.43886364589037752
  0.44616709254747045  0.45088447924654562  0.45593321085743527  0.46252181465423220
  0.46969637964744670  0.47782827099899244  0.50085764480031980  0.51359948826773616
  0.52341616441360450  0.53551812297476675  0.55248973476826480  0.56167904117605860
  0.57018545349188032  0.57814147418623840  0.58612257099962983  0.59411611758708194
  0.60753959249700573  0.62523741388913590  0.63734577365521061  0.64996672513815024
  0.66294599123888165  0.67464995820422402  0.68488160375455576  0.69200196347504861
  0.69930109905023863  0.70465752314422758  0.70805365974756307  0.71092527453907561
  0.71556166951071898  0.72085988380743049  0.72578280856541832  0.73300947440050634
  0.73825597518068153  0.74300074774323799  0.76278226360080137  0.78336063984958293
  0.79745741499893907  0.80743768502135915  0.81741485544114512  0.83258666986510088
  0.84661164012022116  0.85687692347703182  0.86487399170939760  0.87599733316957140
  0.88258879800595791  0.88632757257892181  0.88942930462215530  0.89150228511363416
  0.89368431747693378  0.89807442371111834  0.90246452994530291  0.91553158577639093
  0.93382715610677258  0.95371490918048840  0.97535951276484967  1.00000000000000000
 -0.00316212413022052  0.01005335906831248  0.02158933500162379  0.03352619326092947
  0.05095044748391752  0.06812262177672634  0.07879265135086069  0.08960874614680098
  0.10090268962932980  0.10770755284676810  0.11465915074737089  0.12193165743841032
  0.13188071542551399  0.13601882924998090  0.13844830333398339  0.14083712503965651
  0.14319342576394556  0.14539590197829208  0.14745816955350299  0.15164819022126103
  0.15629794035036265  0.16382059258750950  0.18055533963776046  0.20666716841531829
  0.22112204789053672  0.22636000815298807  0.23023447339764042  0.23425851580417659
  0.23809734232484167  0.24181366816872085  0.24506235062568352  0.24838698551159899
  0.25189746311778038  0.25575962580355693  0.25985353718985105  0.26612038597241922
  0.27271788967932581  0.28065578107004396  0.29421760510406980  0.30720408926936282
  0.31953943147529124  0.32943035644689572  0.33961391889629133  0.34581487313756665
  0.34893354726241360  0.35348720454800570  0.35823188896598596  0.36169763543386907
  0.36511151302128303  0.36886269313241116  0.37268398231029565  0.37742507449692503
  0.38244168093284764  0.38954669236610240  0.39484927706700595  0.39938673752449999
  0.40319071597109385  0.40742939996210498  0.41291096521568382  0.41964604678083872
  0.42675367667048020  0.43429516524248057  0.44208120134781081  0.45219325454687581
  0.46278009546601384  0.47456048029290376  0.48666965838422094  0.50038581707459084
  0.51809428339771579  0.53536285016705487  0.54641142770010487  0.56504026280324204
  0.58804055097105612  0.61823808049080919  0.64903989715954502  0.66089995747278130
  0.67338790300473927  0.68758769212081838  0.69428979447611239  0.70198327118347181
  0.70895449749114170  0.72183680079227641  0.73471910409341123  0.74596532700347651
  0.75699566867165813  0.76693595781132096  0.77639024588508609  0.78944088580614991
  0.80525891200435218  0.82106003791380444  0.83197660948959473  0.85155711033634895
  0.86459786700987651  0.88552353878111778  0.93178982279599865  1.00000000000000000
 -0.00221686937510165  0.00699905644861360  0.01395290602427100  0.01960176347792049
  0.02545513059571058  0.03138098324308500  0.03789553931282041  0.04777373637634074
  0.07502365355283902  0.10341693502606447  0.11771132233185091  0.12372315132032513
  0.12824318858011230  0.13524121485089616  0.14084648123684440  0.14663076833916747
  0.15477548420499704  0.16240023398199430  0.17008598797953031  0.17646803253353038
  0.18504617673158436  0.20957407078348883  0.22226623031952006  0.23535521087852121
  0.25077881371613431  0.26596913745720929  0.28070547876936308  0.29316319682979769
  0.30435694426033866  0.31307413283509672  0.32354131899032529  0.33861245103548310
  0.35982144396184668  0.36964735847196639  0.37594133659079704  0.38219134524334514
  0.39123976138511346  0.41279985098214522  0.44110492722786460  0.46219970290778956
  0.47815932742599715  0.48938635805970510  0.49912269053551683  0.50552276658463169
  0.51253703462237521  0.51775106734814025  0.52125866071047688  0.52474540764569899
  0.52928218201294341  0.53205067231981540  0.53412804262475022  0.53629395578582606
  0.53978438235217141  0.54303530967986213  0.54998149748032865  0.55766466853982832
  0.56406856911988534  0.57051679587507109  0.57697138771120682  0.58353072193653011
  0.58959752275897626  0.59593105386977274  0.60524637788212376  0.62528774562451939
  0.63855480113744978  0.64896722928930206  0.66027878390607231  0.66820707772788956
  0.67466059052210081  0.67995960237790709  0.68508388004934440  0.69011974644633123
  0.69522098992692327  0.70048593658842739  0.70523148191176444  0.70941896808140048
  0.71393744127020442  0.71964214740786225  0.72544077529469264  0.73144496471755516
  0.74260603489252741  0.74749204865926344  0.75289975499728612  0.75889211196322115
  0.76685339193015134  0.77612122424765984  0.79269125080296809  0.81655412268438232
  0.84758022582323889  0.87434587104129025  0.89183647941751132  0.90638059085085465
  0.92510175797554650  0.94764114503180263  0.97256975435984372  1.00000000000000000
 -0.00723567990072031  0.04564716887352686  0.05777151421993406  0.06873039659313820
  0.07654506827368296  0.08722104113802108  0.10043079006795831  0.12400612285147794
  0.16937856499106177  0.21233277490105354  0.22898916188083371  0.24416726816720843
  0.25585931305906146  0.26688042682363788  0.27461872594981968  0.28308902248484247
  0.28970456119531646  0.29889749583571495  0.30778336196320377  0.31600231176794480
  0.32516758485042779  0.33274952922513007  0.34024396588446310  0.34921277226826497
  0.35821391683607856  0.36587606806264295  0.37464363572861570  0.38319941889068015
  0.38963809915882458  0.39436956846889631  0.40129057328400258  0.40982082902496642
  0.41742212803446915  0.42691995912162384  0.44257640661165121  0.45438575702460132
  0.46551301963015018  0.48085140627886286  0.49738274037255309  0.51153138475510151
  0.52304372087906736  0.53201470044570831  0.53662206984687633  0.54057550615944305
  0.54402589519876954  0.54594031567491830  0.54784905982837384  0.54975678032527142
  0.55166518195971748  0.55541854059512075  0.55961609214981378  0.56454135521046500
  0.57003896067550297  0.57506904757437360  0.59105770594605866  0.61012750350976808
  0.62727933162660043  0.64616202376534015  0.66180917174865805  0.67097891835175283
  0.67756293524197597  0.68354114467326976  0.68952425583344501  0.69561978575217476
  0.70252038875576894  0.71242202582672731  0.72615221188906243  0.74429230419839176
  0.75178810699651843  0.75993439203586977  0.76776809288842840  0.77390666243266759
  0.77788017332486081  0.78170106438966158  0.78523113191104887  0.78933671243393955
  0.79452459922497043  0.80852498621265778  0.83042951298181600  0.84187193254811543
  0.85199633173649314  0.85639529980911666  0.86047720925045368  0.86390473200855522
  0.86707387402526415  0.87008049464895365  0.87467470989254437  0.88452825826095538
  0.89156056105871728  0.90013332065320706  0.91686640250073237  0.93912919686558860
  0.95576495224057489  0.97068847579856021  0.98398094286497650  1.00000000000000000
 -0.00240962931044828  0.01266701337484455  0.02654365680609615  0.03676691610990626
  0.04467498671520653  0.05223088256024156  0.06028564106490253  0.06886567856263287
  0.08081079606424280  0.08954036808356401  0.09700889308983482  0.10303322070076597
  0.10901186547783157  0.11649749945339848  0.12699352470705769  0.13654105937868002
  0.14764968721407287  0.15515575442878496  0.16259155829746560  0.17086542233878374
  0.17856680806251465  0.18558483031451636  0.19204364129669871  0.19815246521929547
  0.20378102962019903  0.20855988477858414  0.21348029634559493  0.21980597469476482
  0.23018370163409957  0.24705425310901333  0.27350439842653612  0.29101174426926818
  0.30160932397094387  0.30881779626985661  0.31693751164497941  0.32223417174638641
  0.32539950533857204  0.33233484461886603  0.34242391109193326  0.34664182922595638
  0.35122143318378368  0.35626094479856607  0.36244716367200552  0.37030015150606244
  0.40781767756224530  0.44915089769075606  0.47701908438726620  0.48615868596188089
  0.49169760072363894  0.49615329954727100  0.50210375352006609  0.50896142920174359
  0.51652979636641749  0.52859415621866979  0.53626086278471374  0.54872646807458469
  0.56991142246649362  0.58903201492339763  0.60088847967593895  0.61290319572485119
  0.62635833464483670  0.63342928037125035  0.64058949741693383  0.65179471173339021
  0.66215649461667858  0.66752234160858648  0.67242210642993261  0.67949038313061894
  0.68652905920923935  0.69493411440868047  0.70401583185494976  0.70992071281392743
  0.71350638006483647  0.71668637063313168  0.71929331652948836  0.72109037535538867
  0.72287680698026535  0.72480264078723800  0.72802949848894682  0.73266736510333286
  0.73726741375313432  0.74316060552619134  0.76259228732075446  0.79512289736236819
  0.82103077581532724  0.83998248067600623  0.85660379917766871  0.87609282739857675
  0.89962506175918056  0.92489560634564405  0.94540847145914098  0.96179006746596341
  0.97440275846399826  0.98457308645874253  0.99276723122142796  1.00000000000000000
 -0.00285951202311583  0.01704142626105182  0.03022346506651226  0.04023344203932605
  0.04884710097899790  0.05985231383566628  0.07238429626873238  0.08611933031374183
  0.10080832645087016  0.11842606150934047  0.13836343774984314  0.15002777668312536
  0.15691612281273906  0.16459817057725865  0.17162054858315215  0.17614285892379961
  0.17958395636744157  0.18322395527492419  0.18720634733223215  0.19056222230802927
  0.19327932828929295  0.19803314140791450  0.20492387568732856  0.21047003339271594
  0.21705603334919779  0.22451249601278442  0.23242887472915297  0.23775194159190274
  0.24256220323574754  0.24755822198343766  0.25692921421764592  0.27007319663614510
  0.28260759543268549  0.29449756641372288  0.31033688610920501  0.32712195099136210
  0.33929450157214225  0.35175851389785034  0.36903312200981497  0.38188125332647049
  0.39266681005985876  0.40217909067603047  0.41030386895967424  0.41842864724331802
  0.42706062939660583  0.43579243200156986  0.44452607043065190  0.45326685097831826
  0.46325507832654289  0.47527944567948666  0.48328702891276426  0.49240244059691557
  0.50185069399259663  0.51047226791911837  0.51953151486000870  0.52892103104658628
  0.53772192974519351  0.54737267758675823  0.55846042136088925  0.57224121366321656
  0.58942763718076352  0.61262782294727847  0.64475300565234916  0.65527963193227357
  0.66106231659041248  0.66566762281179404  0.67027882120226512  0.67642981994480755
  0.68303507031158739  0.68938403562838246  0.70280123144222262  0.72216600824354737
  0.73984555949037922  0.75534714409143744  0.77330338099028251  0.79264811906682142
  0.81126850398159212  0.83301889496579828  0.84544390392579938  0.85606074545720312
  0.86193633387490898  0.86405385560909220  0.86664229826444428  0.86933345849401189
  0.87303408768486457  0.88263677116905770  0.90265192690208929  0.91960838817880175
  0.93455535395093825  0.94916673400346230  0.96152026768319587  0.96791019860101957
  0.97392370314142485  0.98029143312813249  0.98986191929561385  1.00000000000000000
 -0.00033878863419705  0.00076021277986961  0.00143595789009842  0.00191273024544973
  0.00233592869288851  0.00270339112781993  0.00307244357649801  0.00344416881237595
  0.00375797824814454  0.00398398540858574  0.00420999256902694  0.00440942716086356
  0.00460683602616962  0.00481065742313839  0.00501648682668504  0.00522881234387989
  0.00544407144963978  0.00566093174741677  0.00587844858240830  0.00609600814687125
  0.00631358631940656  0.00674205174371738  0.00735989395811404  0.00775125213888396
  0.00840916129551038  0.00903055601622635  0.00952137993996111  0.00968566527360832
  0.00985534363175441  0.01009035259778754  0.01034035441452222  0.01055227817790254
  0.01074464917871039  0.01092325243801063  0.01110880098482653  0.01125454927784060
  0.01138482321866038  0.01151307274164221  0.01167115079423694  0.01179050614329470
  0.01193020531896019  0.01232637115873416  0.01270232053551623  0.01305887436082402
  0.01342924787921911  0.01380744061707511  0.01428363600395590  0.01491897918830374
  0.01580902411805376  0.01651889219035249  0.01707402228066461  0.01766778984914886
  0.01826438322375572  0.01902527830961876  0.01998261602557699  0.02040707084040436
  0.02079829941842906  0.02107601300414018  0.02135372658985130  0.02164124887516531
  0.02193142166763011  0.02230055863247171  0.02281454904331692  0.02424118532204050
  0.02588607628497380  0.02768549373905122  0.02861896922649548  0.02931587961660004
  0.02991422067580932  0.03049653044118629  0.03137469566779615  0.03270486355898231
  0.03409866580086398  0.03541690904225470  0.03590506014931885  0.03640122765788898
  0.03735353340883080  0.03806855594735164  0.03890416449990029  0.03953548061289914
  0.04011790236360839  0.04068219135484314  0.04121129246848292  0.04186447249868702
  0.04269959185082692  0.04368270645129205  0.04494781219622289  0.04620788252588091
  0.04971848429382841  0.05416820479738037  0.05931925572269233  0.06618260110203179
  0.07323688066766906  0.08062648765563288  0.16901981351642803  1.00000000000000000
 -0.00450276845329816  0.04135888216517460  0.06815934129111492  0.08835077890859640
  0.10390373720862113  0.11934925535383613  0.13798405900134886  0.15873089706070248
  0.18067768624044445  0.18850392776985092  0.19497604710969710  0.19982520626210123
  0.20396103115397438  0.20941022053475469  0.22040348032325729  0.23249481184903270
  0.23906525442371560  0.24474712828249678  0.24946413315774815  0.25392948985824088
  0.25784440589136620  0.26505056109387065  0.28358643276875084  0.30513868739794570
  0.32604708539198418  0.34486938700640374  0.36226676415104447  0.37781125939072041
  0.39127842934733792  0.40640141887696984  0.42319819023398719  0.43543660323163713
  0.44648905181229981  0.45744652547265435  0.46775605604383236  0.47776327869862734
  0.48759014940182133  0.49801966124780972  0.50378950229138963  0.50770830485047103
  0.51065987048973194  0.51325142961990022  0.51590117335388674  0.51868644595756630
  0.52147171856124586  0.52543162848280534  0.53033223233205107  0.53947010330644840
  0.55253422921389861  0.56710988014658770  0.58343587465506597  0.60024567132713891
  0.61757028675790482  0.63448608138201879  0.64465231631425723  0.65071542643844282
  0.65454722100222129  0.65707298311958173  0.66182628495955087  0.66636282502472977
  0.67049796226063363  0.67432616812717383  0.67770300304010667  0.68069332994008969
  0.68587522523072098  0.69081622186477376  0.69684953868147304  0.70238996147442612
  0.70767499970582737  0.71265181820510526  0.71571861927205938  0.71743430073865166
  0.71961826479888236  0.72074806976713213  0.72175180015030094  0.72275720300919222
  0.72401949560835355  0.72626853398318592  0.72869018326178825  0.73773847608686671
  0.74603444945183117  0.75552001626450660  0.76525093676668288  0.77116222109386512
  0.77734969165201517  0.78420230650779776  0.79160171885211550  0.79960464259073560
  0.81687570277546562  0.85213713247313461  0.87870500287012121  0.89873311511318132
  0.91534622488968642  0.93450624782541647  0.95885066930210772  1.00000000000000000
  0.65168492066019501  0.81345216700844281  0.85671530149458486  0.88687211508588570
  0.90238370304807380  0.90964027080772036  0.91393296381671452  0.91794383254323109
  0.92019086416850171  0.92172207491312819  0.92293926451302921  0.92396170530964583
  0.92565390340747322  0.92753530819800178  0.92918445429113483  0.93024061970945993
  0.93137268566130460  0.93261506252343529  0.93387549006988235  0.93700374319110302
  0.93928267847189828  0.94115276427395822  0.94470726524624671  0.94705626662920617
  0.94868796227317576  0.95042248066285939  0.95319945912118320  0.95563595252151745
  0.95775837147678100  0.95953893203731488  0.96123206898934155  0.96272343235202318
  0.96411545458063930  0.96510707268611895  0.96572571082756686  0.96620672653228368
  0.96665418714926743  0.96708439357050013  0.96752948482727963  0.96798093126917784
  0.96889140266059126  0.96983588209357741  0.97073960196013442  0.97169556774524879
  0.97286911204155391  0.97461577265625210  0.97636831618057318  0.97724489983669216
  0.97798373454632104  0.97859856430280923  0.97924187390124451  0.97990257321079977
  0.98084987828789760  0.98223775991054296  0.98370160636923865  0.98447183673713479
  0.98526271109988250  0.98609649667558130  0.98694837520220202  0.98775497309126248
  0.98846520625778733  0.98907151901133561  0.98945846711536012  0.98982897203426745
  0.99021735700780478  0.99060764822429614  0.99102363665896087  0.99144274366142549
  0.99238170933400127  0.99335583298717256  0.99389008622510300  0.99418201043917254
  0.99434980317522959  0.99449348149697403  0.99463463552938736  0.99477594284186499
  0.99491780422631304  0.99512538929559335  0.99545425936172194  0.99573632935361889
  0.99589912640590217  0.99605074033065855  0.99620331263363560  0.99635497531249717
  0.99650589702093950  0.99673845036642073  0.99686698111834926  0.99697783721241073
  0.99708978965694606  0.99720243284685306  0.99731633200545855  0.99743213468730330
  0.99765731944584501  0.99846372319813337  0.99920207582208764  1.00000000000000000
 -0.02148277815088481  0.13540083139993392  0.16961890845351890  0.18621052754952855
  0.19803090190783218  0.21894757913030113  0.23916039071894282  0.26391102845660597
  0.28651377213204987  0.30801695619300345  0.32822405356111412  0.34674845239019275
  0.36279645750886752  0.38539383456800080  0.39999306352127401  0.40996697352996192
  0.42013563111710739  0.43143701472424306  0.44094532394909131  0.44828520985592329
  0.45402522319362965  0.45806785773472336  0.46133816346183620  0.46521084185172906
  0.46998948152455300  0.47627054098247590  0.48437648657826171  0.49253448658870025
  0.49750663078535490  0.50377588853168731  0.51268788541529542  0.52073245905417087
  0.52846673915770426  0.53365494666717928  0.53898970169765448  0.54510912477152595
  0.55102047141119259  0.55621734208647178  0.56220913462447042  0.57194522989187180
  0.58168628233276387  0.59048391323909977  0.59488201028396037  0.59933600731287673
  0.60382546924049385  0.60839257141897063  0.61373852522753625  0.62051002130884836
  0.62662904879489689  0.63286956331349520  0.63735632983967594  0.64112464815049974
  0.64333311609126631  0.64548109981968138  0.64768824173432737  0.64997660290713433
  0.65217218101131025  0.65422555921031034  0.65628599672911947  0.65915845834760256
  0.66349049796330506  0.66727800186044439  0.67210556016075473  0.68144657025720978
  0.68827664157040169  0.69479182424992370  0.69990940650373323  0.70390355363440016
  0.70829209014259331  0.71290820448163683  0.71666432602744468  0.72028386954217016
  0.72462112524506905  0.72942920578455239  0.73374957176995559  0.73829552041756563
  0.74786445866796480  0.75788902498325972  0.76925576033347509  0.77756456770881566
  0.79116824312961176  0.79920144374617641  0.80368447353621641  0.80651220448754957
  0.81089883741189306  0.81468340784521942  0.81773719668820510  0.82100053282528052
  0.82421076467104537  0.82733719515083171  0.83068992390563789  0.83772059835205714
  0.85734812344275391  0.88638504213853353  0.91883681398038186  1.00000000000000000
   1.7073576479883004E-015  -1.0000000000000000     
 F F F F F F F F F F F F F F F F F F F F F F F F F F F F F F F F F F F F F F F F F F F F F F F F F F F F F F F F F F F F F F F F F F F F F F F F F F F F F F F F F F F F F F F F F F F F F F F F F F F F F F F F F F F F F F F F F F F F F F F F F F F F F F F F F F F F F F F F F F F F F F F F F F F F F F F F F F F F F F F F F F F F F F F F F F F F F F F F F F F F F F F F F F F F F F F F F F F F F F F F F F F F F F F F F F F F F F F F F F F F F F F F F F F F F F F F F F F F F F F F F F F F F F F F F F F F F F F F F F F F F F F F F F F F F F F F F F F F F F F F F F F F F F F F F F F F F F F F F F F F F F F F F F F F F F F F F F F F F F F F F F F F F F F F F F F F F F F F F F F F F F F F F F F F F F F F F F F F F F F F F F F F F F F F F F F F F F F F F F F F F F F F F F F F F F F F F F F F F F F F F F F F F F F F F F F F F F F F F F F F F F F F F F F F F F F F F F F F F F F F F F F F F F F F F F F F F F F F F F F F F F F F F F F F F F F F F F F F F F F F F F F F F F F F F F F F F F F F F F F F F F F F F F F F F F F F F F F F F F F F F F F F F F F F F F F F F F F F F F F F F F F F F F F F F F F F F F F F F F F F F F F F F F F F F F F F F F F F F F F F F F F F F F F F F F F F F F F F F F F F F F F F F F F F F F F F F F F F F F F F F F F F F F F F F F F F F F F F F F F F F F F F F F F F F F F F F F F F F F F F F F F F F F F F F F F F F F F F F F F F F F F F F F F F F F F F F F F F F F F F F F F F F F F F F F F F F F F F F F F F F F F F F F F F F F F F F F F F F F F F F F F F F F F F F F F F F F F F F F F F F F F F F F F F F F F F F F F F F F F F F F F F F F F F F F F F F F F F F F F F F F F F F F F F F F F F F F F F F F F F F F F F F F F F F F F F F F F F F F F F F F F F F F F F F F F F F F F F F F F F F F F F F F F F F F F F F F F F F F F F F F F F F F F F F F F F F F F F F F F F F F F F F F F F F F F F F F F F F F F F F F F F F F F F F F F F F F F F F F F F F F F F F F F F F F F F F F F F F F F F F F F F F F F F F F F F F F F F F F F F F F F F F F F F F F F F F F F F F F F F F F F F F F F F F F F F F F F F F F F F F F F F F F F F F F F F F F F F F F F F F F F F F F F F F F F F F F F F F F F F F F F F F F F F F F F F F F F F F F F F F F F F F F F F F F F F F F F F F F F F F F F F F F F F F F F F F F F F F F F F F F F F F F F F F F F F F F F F F F F F F F F F F F F F F F F F F F F F F F F F F F F F F F F F F F F F F F F F F F F F F F F F F F F F F F F F F F F F F F F F F F F F F F F F F F F F F F F F F F F F F F F F F F F F F F F F F F F F F F F F F F F F F F F F F F F F F F F F F F F F F F F F F F F F F F F F F F F F F F F F F F F F F F F F F F F F F F F F F F F F F F F F F F F F F F F F F F F F F F F F F F F F F F F F F F F F F F F F F F F F F F F F F F F F F F F F F F F F F F F F F F F F F F F F F F F F F F F F F F F F F F F F F F F F F F F F F F F F F F F F F F F F F F F F F F F F F F F F F F F F F F F F F F F F F F F F F F F F F F F F F F F F F F F F F F F F F F F F F F F F F F F F F F F F F F F F F F F F F F F F F F F F F F F F F F F F F F F F F F F F F F F F F F F F F F F F F F F F F F F F F F F F F F F F F F F F F F F F F F F F F F F F F F F F F F F F F F F F F F F F F F F F F F F F F F F F F F F F F F F F F F F F F F F F F F F F F F F F F F F F F F F F F F F F F F F F F F F F F F F F F F F F F F F F F F F F F F F F F F F F F F F F F F F F F F F F F F F F F F F F F F F F F F F F F F F F F F F F F F F F F F F F F F F F F F F F F F F F F F F F F F F F F F F F F F F F F F F F F F F F F F F F F F F F F F F F F F F F F F F F F F F F F F F F F F F F F F F F F F F F F F F F F F F F F F F F F F F F F F F F F F F F F F F F F F F F F F F F F F F F F F F F F F F F F F F F F F F F F F F F F F F F F F F F F F F F F F F F F F F F F F F F F F F F F F F F F F F F F F F F F F F F F F F F F F F F F F F F F F F F F F F F F F F F F F F F F F F F F F F F F F F F F F F F F F F F F F F F F F F F F F F F F F F F F F F F F F F F F F F F F F F F F F F F F F F F F F F F F F F F F F F F F F F F F F F F F F F F F F F F F F F F F F F F F F F F F F F F F F F F F F F F F F F F F F F F F F F F F F F F F F F F F F F F F F F F F F F F F F F F F F F F F F F F
  <DiscreteSampler_grid>
  grouped_processes
  1 # 1 for a reference and 2 for a running grid.
  10 # Attribute 'min_bin_probing_points' of the grid.
  1 # Attribute 'grid_mode' of the grid. 1=='default',2=='initialization'
  0.0000000000000000 # Attribute 'small_contrib_threshold' of the grid.
  0.5000000000000000 # Attribute 'damping_power' of the grid.
 # binID   n_entries weight   weight_sqr   abs_weight
    49   10   4.597481727829992E-015   2.091407438036734E-028   4.597481727829992E-015
    52   10   9.194963455659983E-015   8.365629752146936E-028   9.194963455659983E-015
    55   10   2.399078372053722E-014   4.550413232279322E-027   2.399078372053722E-014
    56   10   2.399078372053688E-014   4.550413232279172E-027   2.399078372053688E-014
    58   10   4.798156744107444E-014   1.820165292911729E-026   4.798156744107444E-014
    59   10   4.798156744107376E-014   1.820165292911669E-026   4.798156744107376E-014
    61   10   2.525575300898729E-014   4.383787426055588E-027   2.525575300898729E-014
    62   10   2.525575300898708E-014   4.383787426055573E-027   2.525575300898708E-014
    64   10   5.051150601797458E-014   1.753514970422235E-026   5.051150601797458E-014
    65   10   5.051150601797417E-014   1.753514970422229E-026   5.051150601797417E-014
    73   10   7.010806907385109E-015   4.173293348332588E-028   7.010806907385109E-015
    74   10   7.010806907384830E-015   4.173293348332286E-028   7.010806907384830E-015
    76   10   1.402161381477022E-014   1.669317339333035E-027   1.402161381477022E-014
    77   10   1.402161381476966E-014   1.669317339332915E-027   1.402161381476966E-014
    79   10   2.666532377936064E-015   6.660981377832163E-029   2.666532377936064E-015
    82   10   5.333064755872129E-015   2.664392551132865E-028   5.333064755872129E-015
    85   10   1.415642656910554E-014   1.436033267487405E-027   1.415642656910554E-014
    86   10   1.415642656910588E-014   1.436033267487498E-027   1.415642656910588E-014
    88   10   2.831285313821108E-014   5.744133069949621E-027   2.831285313821108E-014
    89   10   2.831285313821176E-014   5.744133069949994E-027   2.831285313821176E-014
    94   10   4.597481727829969E-015   2.091407438036713E-028   4.597481727829969E-015
    97   10   9.194963455659939E-015   8.365629752146852E-028   9.194963455659939E-015
    124   10   2.666532377935892E-015   6.660981377831294E-029   2.666532377935892E-015
    127   10   5.333064755871783E-015   2.664392551132518E-028   5.333064755871783E-015
    139   10   4.597481727829853E-015   2.091407438036605E-028   4.597481727829853E-015
    142   10   9.194963455659705E-015   8.365629752146422E-028   9.194963455659705E-015
    145   10   2.399078372053592E-014   4.550413232278740E-027   2.399078372053592E-014
    146   10   2.399078372053633E-014   4.550413232278939E-027   2.399078372053633E-014
    148   10   4.798156744107184E-014   1.820165292911496E-026   4.798156744107184E-014
    149   10   4.798156744107266E-014   1.820165292911575E-026   4.798156744107266E-014
    151   10   2.525575300898713E-014   4.383787426055579E-027   2.525575300898713E-014
    152   10   2.525575300898697E-014   4.383787426055576E-027   2.525575300898697E-014
    154   10   5.051150601797425E-014   1.753514970422232E-026   5.051150601797425E-014
    155   10   5.051150601797395E-014   1.753514970422230E-026   5.051150601797395E-014
    163   10   7.010806907384919E-015   4.173293348332325E-028   7.010806907384919E-015
    164   10   7.010806907384589E-015   4.173293348331981E-028   7.010806907384589E-015
    166   10   1.402161381476984E-014   1.669317339332930E-027   1.402161381476984E-014
    167   10   1.402161381476918E-014   1.669317339332793E-027   1.402161381476918E-014
    169   10   2.666532377936179E-015   6.660981377832753E-029   2.666532377936179E-015
    172   10   5.333064755872359E-015   2.664392551133101E-028   5.333064755872359E-015
    175   10   1.415642656910589E-014   1.436033267487487E-027   1.415642656910589E-014
    176   10   1.415642656910524E-014   1.436033267487336E-027   1.415642656910524E-014
    178   10   2.831285313821178E-014   5.744133069949948E-027   2.831285313821178E-014
    179   10   2.831285313821047E-014   5.744133069949342E-027   2.831285313821047E-014
    184   10   4.597481727829827E-015   2.091407438036583E-028   4.597481727829827E-015
    187   10   9.194963455659655E-015   8.365629752146334E-028   9.194963455659655E-015
    214   10   2.666532377935990E-015   6.660981377831809E-029   2.666532377935990E-015
    217   10   5.333064755871979E-015   2.664392551132723E-028   5.333064755871979E-015
  </DiscreteSampler_grid>
