  0.00226005085801699  0.01536056051219893  0.02646217211236032  0.03227970545422837
  0.03713576419194750  0.04231372518030971  0.04844871527436904  0.05458370536842839
  0.06006672055103290  0.06514866782331583  0.07023061509559873  0.08170783266265257
  0.09941082094272514  0.11831301519326828  0.13446694338088794  0.14847591032249455
  0.16254804028513567  0.17393923737291028  0.18644688325860836  0.19937189401209429
  0.21235707432874626  0.22595293832492835  0.23714465556638084  0.24968381414637864
  0.26111339120927324  0.27360518768880132  0.27828583049043171  0.28053024103236524
  0.28279782525549690  0.28510270299676493  0.28977308695900966  0.30152125471565566
  0.32752974534305501  0.35762213570890999  0.38428078458529286  0.40255441783612672
  0.41551876067794652  0.42698450763704388  0.43697413460396151  0.44580960448333751
  0.45529189626992700  0.47242358280478891  0.47749363042360576  0.48058214424910056
  0.48355548803258658  0.48700227657096301  0.49081450653426889  0.49371047976097809
  0.49620897549135362  0.49766042507628944  0.49978920834914597  0.50105070033128196
  0.50366444316020265  0.50958323111515691  0.51640216952301343  0.52537125923949246
  0.54287249461790932  0.56185614511468862  0.57887277633816214  0.59467038107630976
  0.61014339816664931  0.62380418859021336  0.63207869240532688  0.63694118280686574
  0.64164762459861491  0.64463642435182600  0.64777681324052405  0.65190995830731535
  0.65857964869592789  0.66894357030362972  0.68231793603237789  0.69224647387152760
  0.70160883358257520  0.70997010959947626  0.72178695252749148  0.73722256836503142
  0.75584883082002896  0.77688695500412175  0.80478075764042201  0.82225482176456022
  0.83600910895003944  0.84556839133847972  0.85512767372692011  0.86246244671135230
  0.86965566544764161  0.87680681387691783  0.88389435989799692  0.89238146474216740
  0.90706503955584328  0.92255268660901746  0.94036459410633055  0.95633216933117859
  0.96461234822690012  0.97215830498510236  0.98382223962696658  1.00000000000000000
  0.00003531710870855  0.00004119380902608  0.00004380569296888  0.00004512652712785
  0.00004611308664468  0.00004689671427194  0.00004750035412309  0.00004819747031942
  0.00004868978013521  0.00004938983306491  0.00005023908744468  0.00005115532758487
  0.00005192351943824  0.00005245021579600  0.00005287046859767  0.00005332415222402
  0.00005393761487962  0.00005448590274104  0.00005504058646921  0.00005593470362724
  0.00005694417755361  0.00005798678669636  0.00005898399794810  0.00005986378463520
  0.00006054864766321  0.00006093957612909  0.00006107980812311  0.00006122004011714
  0.00006144002466009  0.00006167670168537  0.00006196252762351  0.00006238987565655
  0.00006281722368959  0.00006383070565398  0.00006417320410582  0.00006450678751599
  0.00006461618691392  0.00006472558631184  0.00006483371607773  0.00006494181514719
  0.00006505194971447  0.00006516227907220  0.00006538989994550  0.00006568496124375
  0.00006602109264510  0.00006638932548963  0.00006674168762286  0.00006698950977856
  0.00006723471751014  0.00006773965764541  0.00006896156702632  0.00007038753519706
  0.00007171341904572  0.00007300504991108  0.00007438525526274  0.00007576583576910
  0.00007718220415954  0.00007852727245225  0.00007960188352510  0.00008087122125517
  0.00008262368824963  0.00008521025540475  0.00008820776886747  0.00009107978802803
  0.00009379680107543  0.00009620401848004  0.00009833571914277  0.00010030814638835
  0.00010223149424394  0.00010345624564508  0.00010479378185665  0.00010690341129419
  0.00010906110945431  0.00011182347545078  0.00011465689974966  0.00011915423856121
  0.00012423077452800  0.00012820076094336  0.00013162133847275  0.00013463212501549
  0.00013772794078292  0.00014190609642621  0.00014828367705287  0.00015284215158244
  0.00015714933885539  0.00016181558289018  0.00016762178022140  0.00017168996466870
  0.00017838556752720  0.00018734747486858  0.00019552236482280  0.00020419265479834
  0.00023169624395718  0.00034448795851466  0.41378445978825784  1.00000000000000000
  0.00017777457241482  0.00017993875179692  0.00018072269140160  0.00018150663100629
  0.00018229057061097  0.00018307451021566  0.00018385844982034  0.00018464238942503
  0.00018542632902971  0.00018618991772295  0.00018683626439879  0.00018748261107463
  0.00018812895775047  0.00018877530442631  0.00018942165110215  0.00019006799777799
  0.00019118416039973  0.00019378283254419  0.00019585483621940  0.00019769442367659
  0.00019919557412349  0.00020059231046363  0.00020219857312637  0.00020422558185586
  0.00020648124785095  0.00020832378393179  0.00021038299343262  0.00021293027313880
  0.00021517947246293  0.00021614426823493  0.00021698960039688  0.00021781047720870
  0.00021873883098362  0.00021966964076667  0.00022051691753381  0.00022144577171617
  0.00022228125955536  0.00022300527343945  0.00022371241173170  0.00022457954344348
  0.00022549262150380  0.00022663625386607  0.00022974754437040  0.00023251828598450
  0.00023542510885626  0.00023772195639261  0.00024182518289435  0.00024648452317847
  0.00025035967473119  0.00025344929050886  0.00025505323121814  0.00025647285128115
  0.00025762136558343  0.00025933707051426  0.00026134862711170  0.00026479665036097
  0.00026950454262850  0.00027415595638100  0.00027774498932419  0.00028242237231447
  0.00028614820735444  0.00029014345864632  0.00029473791050051  0.00029976364678134
  0.00030460015360272  0.00030927482659515  0.00031373321298696  0.00031900017694857
  0.00032498008539530  0.00033098428847946  0.00033777367567083  0.00034684876715500
  0.00035696228670588  0.00037055985728122  0.00038165797690474  0.00038902485084734
  0.00039865935956731  0.00040880801710089  0.00041932417042553  0.00042928165424815
  0.00044113115381405  0.00045813089513249  0.00048082060360746  0.00049689885049504
  0.00051462145708496  0.00055066354844841  0.00059504839302408  0.00063851084206683
  0.00069287097055753  0.00077019425609469  0.00087506790486652  0.00098725519850253
  0.00114568007767768  0.00146950675070243  0.00216826128762333  1.00000000000000000
  0.00458514745070981  0.00841891070739128  0.01361782334546879  0.02209349182149589
  0.03483191738678984  0.04740995830502940  0.05135897614109287  0.05381834191218954
  0.05584874914314328  0.05791669924346832  0.05992842906865831  0.06204300347245655
  0.06537392842978450  0.06869516168046058  0.07146894777505269  0.07454833795485512
  0.08103241995058831  0.09069339885592972  0.09820425034381632  0.10512730538133044
  0.11302938209188346  0.12252413442562408  0.13294923727279598  0.14231557216727517
  0.14917468266130354  0.15490863658100198  0.16000191119340876  0.16594104733688511
  0.17603987837335403  0.18855948048263566  0.19911226955188224  0.20844402535484116
  0.21710541392761423  0.22586423862526195  0.23641188810319042  0.24889515947611107
  0.26332745024683057  0.27478034301629517  0.27890252701714852  0.28309637249278979
  0.28732500117082582  0.29155362984886185  0.29576898120714323  0.29998144156693424
  0.30419390192672519  0.30962859610921473  0.31528053763424818  0.32380940111594964
  0.34215667524602883  0.37255164451033523  0.39410790968864462  0.41099338213327929
  0.42552578071591241  0.43964191570733924  0.45273884975948664  0.46724005057896079
  0.48087373554426210  0.49179927712113497  0.50337671010515295  0.51569511171166305
  0.53221237955312595  0.55074423154252061  0.56926181458428693  0.58594269445779223
  0.60255810443146007  0.61851592843177672  0.63025442421241573  0.63578738701916593
  0.63982832245770382  0.64461063720782596  0.64992862129249940  0.65557393124153462
  0.66166111620974699  0.66901603641558438  0.67846834831371139  0.68686439403683930
  0.69802900015751757  0.71276742755871314  0.73119351262840138  0.75425741523450318
  0.77617446778368093  0.79325237117196035  0.81008807338040290  0.82292266500416400
  0.83518357968784274  0.85051687097122441  0.86642372175843296  0.88638410791470079
  0.90413090555295128  0.91266269627562135  0.92400006932834022  0.94221605616824344
  0.95967439506864072  0.97476761064505935  0.98770317560604692  1.00000000000000000
  0.00046344427906629  0.00047471912406235  0.00048348608338512  0.00049167605494454
  0.00049915362717880  0.00050605337097556  0.00051103323804092  0.00051606081396120
  0.00052115809927741  0.00052254154126051  0.00052392498324361  0.00052530842522670
  0.00052655110097036  0.00052759152373531  0.00052863194650027  0.00052967236926522
  0.00053057399974911  0.00053139203322121  0.00053221006669332  0.00053302810016542
  0.00053650210632768  0.00054214257149095  0.00054884934966758  0.00055841141909014
  0.00056619762813647  0.00057816617424460  0.00059706441018167  0.00061387752026145
  0.00062721429569936  0.00064176753019109  0.00065895930790152  0.00067475981835987
  0.00068434448449523  0.00068942222535813  0.00069450571251298  0.00069960147071642
  0.00070462424117329  0.00070942371974424  0.00071606536566422  0.00073196611187317
  0.00074981099502978  0.00076724155293825  0.00079233602738856  0.00080962464023895
  0.00082211749896580  0.00083712193683838  0.00085116815558952  0.00086390375013098
  0.00087659823423345  0.00088308462912430  0.00088816777287202  0.00089332094731674
  0.00089815467997449  0.00090360301431686  0.00091165063095464  0.00092025655307475
  0.00092995301068729  0.00094360188094198  0.00096128287126970  0.00098956093975909
  0.00101219731213730  0.00103254866763511  0.00105672762673370  0.00108772296745330
  0.00111931656359616  0.00113741057392861  0.00114399443622026  0.00115170494430118
  0.00116277297469362  0.00117363474268734  0.00118379518514932  0.00119574817756524
  0.00121151526118718  0.00122751003967344  0.00125619346880468  0.00131040266755949
  0.00136568558862178  0.00142324455347625  0.00148903717398338  0.00156036514559112
  0.00163060926324584  0.00169959464208603  0.00180909099218059  0.00193329957584642
  0.00207668099346094  0.00221127887176492  0.00239921580804556  0.00262642192299221
  0.00283522585312166  0.00306788062896900  0.00337982012392808  0.00370172917525748
  0.00398015080769745  0.00464100457474242  0.00632785378044612  1.00000000000000000
  0.00973330439620016  0.01649257445971236  0.02318604457530184  0.02873879299878798
  0.03293084275199666  0.03787682843896915  0.04905494400356480  0.05803497297204422
  0.06586704100457691  0.07351915574085750  0.08063964515304192  0.08776013456522633
  0.09580615619438192  0.10426281257845559  0.11478506315224507  0.13995162219240881
  0.16357752748607030  0.17836269579481645  0.18824672239817108  0.19452594216708780
  0.20170594478910348  0.21010106796185030  0.21851936952009002  0.22720693452090129
  0.23589449952171254  0.24353978171975513  0.25382931821228083  0.27127060483063498
  0.29254931529484746  0.30852775335918692  0.31994318061722288  0.32793205739178383
  0.33523159723060048  0.34170019913631383  0.35009155201183823  0.35913705954182845
  0.36842290497800650  0.37943318287100547  0.39095516552936543  0.39842263501002950
  0.40467583076400138  0.41026180818454505  0.41331516251487349  0.41752036273041027
  0.42172672455923965  0.42616140248525630  0.43043546357055612  0.43470228691877705
  0.43851231540696300  0.44213135064784292  0.44543428591736750  0.45554085346040019
  0.47515954558300044  0.49238036284533732  0.50930435325773882  0.52396510139633568
  0.53967213569047323  0.55691613420857944  0.56970084809511712  0.58520741801615195
  0.60099153354613744  0.61330152975555075  0.62484207331355013  0.63758823482238569
  0.64782093990379952  0.65166574081489492  0.65601486497773120  0.66111057362435088
  0.66932181589359041  0.68669295445161382  0.70263987920742854  0.71327128361476766
  0.72074751214273480  0.72666494934756332  0.73270563626622243  0.73890892756963678
  0.74792614149362902  0.76025961228561101  0.77106395590968357  0.78300739232790317
  0.79283508514516610  0.80299112645501025  0.81324331034815533  0.82915295537855116
  0.84643889257594795  0.86114778740490183  0.87389370525443411  0.88438089275918774
  0.89288535810753422  0.90149643575939142  0.91435915191777295  0.92800067944726972
  0.94206108293150703  0.95574837067071694  0.97368029345365736  1.00000000000000000
 -0.00040056716555830  0.00400908945091391  0.01301038562674683  0.03110392142802688
  0.05492059618675267  0.07091822276576826  0.08458700435665756  0.09574693138230603
  0.10595957801332094  0.11034005578276425  0.11508223826009072  0.12427232037724636
  0.13442534773295375  0.14560992270173259  0.15896237083918863  0.17194800665201812
  0.18463428515479355  0.19374591260368723  0.20212193032477424  0.21066101888029432
  0.21997985152368235  0.22929868416707039  0.23861927798231483  0.24794107274856148
  0.25756448942398247  0.27323792816319808  0.28417840308490622  0.29413512685382415
  0.30301047932184644  0.31490352179737152  0.32324534042968178  0.33018245047651401
  0.33848845197260469  0.34920004142296568  0.36111535466286371  0.37379403809194833
  0.38598914066114887  0.39869189128805860  0.41475343240406903  0.42836761765767756
  0.44099974155169197  0.45322140227849977  0.46670275703242553  0.47975549289528180
  0.49645403198070437  0.51347230131445420  0.53042094406334839  0.54141397400988711
  0.55260916758723144  0.56472709860877091  0.57679132851788095  0.59245500114807581
  0.60584470420590464  0.61525679253729204  0.62557401720507844  0.63700175787920810
  0.64967999738558724  0.67660461567466490  0.70063543932312689  0.71246238467463840
  0.72201473704033770  0.72747285862268796  0.73674519812753658  0.75271224116823909
  0.76543033996860910  0.77378872202776738  0.78132348632584747  0.78717360875206821
  0.79453184245065778  0.79637963664376299  0.79800200945692967  0.79963848680723282
  0.80180627243984148  0.80337162246463900  0.80493403172435352  0.80691858454497245
  0.80833537094673469  0.80931434850121897  0.81033203138211207  0.81139868115359248
  0.81246548363247462  0.81353266791713719  0.81490577234701411  0.81816871326887852
  0.82299906256715061  0.83190495647868912  0.84266798043752766  0.85519706584322408
  0.86801768029214554  0.88120354982542193  0.89841638835019400  0.91742016262226755
  0.93637079481674301  0.96013715228048879  0.97998224689099489  1.00000000000000000
 -0.00428229888401998  0.01920288065893295  0.02755166920065636  0.03589785960943007
  0.04423993458880195  0.05550912566079261  0.06809868135760462  0.08532360795818812
  0.09287474464642026  0.10116551207357204  0.10934762614803521  0.11535640052562365
  0.12419202289579086  0.13233590254956448  0.13791507647253803  0.14431576292685189
  0.15747355371562660  0.18348580714377832  0.20308542802685203  0.22668526211054429
  0.24920756189462853  0.25842595420908399  0.26400522138480659  0.26933509519898791
  0.27489116893508320  0.28071743648277686  0.28563322186006601  0.29055042794117114
  0.29201350709085083  0.29321843572622214  0.29487210739551367  0.30092975324319771
  0.31596609043415974  0.33063606920499256  0.34531555317892110  0.35496090737766473
  0.36798857301690741  0.38068758053884533  0.39324056516927763  0.40312763384716088
  0.41056639430079389  0.41650163556233599  0.42096727573233556  0.42543291590233512
  0.42958381807486951  0.43289866991775677  0.43621352176064404  0.43955886500105379
  0.44383051724292982  0.44810216948480580  0.45621347080164987  0.46547920834784901
  0.47252922231849426  0.47969373605457227  0.49006354986957340  0.50084055866479071
  0.51184242200541286  0.52299425580445702  0.53110362446232429  0.54256081426765435
  0.55099134064681310  0.55817019195824336  0.56504587051002975  0.57394093054205542
  0.58494783419644003  0.59799304845217582  0.61423322685561532  0.63264648158070436
  0.65050944506219188  0.66554985710570191  0.67892253851769213  0.68854667248031953
  0.70326147071918055  0.71978031651519070  0.74017721201781428  0.76075611642527641
  0.77945823831919192  0.79367114562434382  0.79927279379272831  0.80299581475382087
  0.80732285091443456  0.81174079738414318  0.81773946690046551  0.83161993936500445
  0.85004687267849033  0.86227123235956593  0.87136165436527013  0.88075812302072165
  0.89073080130467186  0.90364198129168727  0.91840509923934810  0.93231424952256903
  0.95135439139947320  0.96828443530839026  0.98427319791708812  1.00000000000000000
 -0.00270068923570920  0.01272234384740021  0.02363616051020095  0.03308007302899715
  0.03871121601505842  0.04256905586167048  0.04631860030417199  0.05149234188276052
  0.05851931546530762  0.06911765554314249  0.08066842394113952  0.08676027605255222
  0.09048575570345771  0.09368955952457833  0.09970315062002472  0.10681891762535414
  0.11385430293601831  0.12119338231453033  0.12857029857261859  0.13654916092262792
  0.14184048830690910  0.14813815235535252  0.15945428475077267  0.17396534165725902
  0.18515971386608454  0.19479223572516063  0.20533248788038055  0.21749530719033727
  0.23237577955104818  0.24711351169398182  0.26394549470736345  0.27384479250651611
  0.28271494658638768  0.28956967342725393  0.29833191557634081  0.31382564494612364
  0.33019817710289218  0.34418965071247948  0.35584414051639879  0.36527036428962567
  0.37235479433185570  0.37770459579922339  0.38365422711165637  0.39077073150761088
  0.39813070985828136  0.40630188890652641  0.41571276228455517  0.42937546797045195
  0.43949637210662063  0.44658694265641702  0.45117541238381464  0.46018777405357270
  0.47395237400738421  0.49101290253630314  0.50886112617266721  0.52680838336308544
  0.54248795523749316  0.55997183042797483  0.57963405272955526  0.59863259068281494
  0.61469720159218988  0.62603026234335213  0.63918392420145076  0.66217765967269127
  0.68220889427087816  0.69421123354338832  0.70246515495631356  0.71042200483705364
  0.72011406659863531  0.73230065895098495  0.75549230463372263  0.77044146222541288
  0.78216158247198542  0.79017413497354283  0.79862348898090219  0.80378624206941485
  0.80718552947951006  0.81008718993643336  0.81253090636713310  0.81497462279783295
  0.81848317760565814  0.82315586795220841  0.82782855829875868  0.83223212442966510
  0.83660217024544303  0.84523336271617955  0.86032229603116250  0.86787257472432366
  0.87641473094151623  0.88289443954316427  0.88851663776572087  0.90268339741739811
  0.92122704185983895  0.94109427315301386  0.96717368864876274  1.00000000000000000
 -0.00270308582806579  0.00866615468289648  0.02157928697529034  0.03508412182928426
  0.04882896981939436  0.06191846146026139  0.07318282797074335  0.08426942354540902
  0.09907814820740897  0.10849133033015160  0.11968590916565770  0.14430794861436202
  0.17323739404595215  0.18829998128733577  0.19593446067919407  0.20426591101451677
  0.21222922432542071  0.22071478604620834  0.22858845518859652  0.23868487913243636
  0.24841176986474262  0.25612488060880667  0.26493658652454249  0.27308527728592746
  0.28045748072952281  0.28799933646781428  0.29096669625194399  0.29336680878018162
  0.29580677054202492  0.29839582853355978  0.30098488652509470  0.30501907364535702
  0.31046628837760204  0.31591350310984712  0.32949607181616314  0.34063069800030488
  0.34963968982847976  0.35561495849429603  0.36093016202487471  0.36571653317801478
  0.37420032299355271  0.38301439348473776  0.39158916106531994  0.40804571417252800
  0.42645677880352917  0.44207429369661211  0.45638004938035970  0.47004692061526132
  0.49124662416390380  0.51382052743279449  0.53039311953516599  0.54299609057446119
  0.55410506388272895  0.56578450742125719  0.57999461247799511  0.60790345742531471
  0.63587967103693011  0.66074114551464125  0.68048826181454170  0.69253358946888433
  0.70257507262785979  0.71110422201512813  0.71736599555072889  0.72592993656107863
  0.73916363290239528  0.75170589742472449  0.76021833343194845  0.76913048311772370
  0.77917544400761551  0.79737923232364172  0.81690607988834363  0.83510422019540909
  0.85045422038058427  0.86354564163572267  0.87623420582135525  0.89240476540376823
  0.90858170728790655  0.91442209978232791  0.92008460997373276  0.92410400686898653
  0.92801509687043504  0.92932992599772923  0.93068262243862809  0.93527590339719791
  0.94024974479078849  0.94392548036227442  0.94726369629943707  0.95053480294785453
  0.95403914848298754  0.95898864934814854  0.96614269049376655  0.97515966116994424
  0.98333390524458242  0.98986900940308420  0.99515869657689116  1.00000000000000000
 -0.01308819360305945  0.00546297968679378  0.02259627157955692  0.03972956347232005
  0.05565890727154671  0.06203455656128007  0.06841020585101343  0.07478585514074679
  0.08354319983362098  0.09295574678439708  0.10265434021709365  0.11849199350870067
  0.13777032693001012  0.17396539886664669  0.20059192732576564  0.21770506613048260
  0.23276869863698829  0.24187989716283667  0.25106235896327467  0.26230245814814096
  0.27208052567037883  0.27909570654133170  0.28528896915338636  0.29400979390350912
  0.30904222926209496  0.32627147692852304  0.34515640896264288  0.36357262543505670
  0.38345079244460401  0.39834920032360410  0.40769227258443086  0.41655100891217706
  0.42998767121573594  0.44772253196844697  0.46073612439027395  0.47388160074746222
  0.49211013527093050  0.50867602174619508  0.51555139531170080  0.52048546589207034
  0.52562647884061442  0.53057888681741061  0.53617703596018795  0.54476356390329328
  0.55869925015610944  0.57948941370408946  0.60462324561219349  0.61983000058452653
  0.63007382004706958  0.64041008405864541  0.65306750451619244  0.66964424312978421
  0.68533145239186954  0.69070078721466632  0.69375794750810416  0.69665936564258335
  0.69994038288509830  0.70323608169142682  0.70598397727456164  0.70886158656069131
  0.71219514669584560  0.71580833867416482  0.71973554710778664  0.72426769934346036
  0.73416310593396861  0.74408980556561999  0.75290508314345039  0.76202414020997100
  0.77247482455758754  0.77956008108871100  0.78514784359893053  0.79229108189260522
  0.80020179778260381  0.80914803945641978  0.81852432637327877  0.82567843235449023
  0.83297093904752217  0.83707556499648705  0.84205405997604488  0.85165899576438364
  0.87204618845747828  0.88144164398259373  0.89055933319549796  0.89750717321048123
  0.90425953177882723  0.90817147094186590  0.91214829760312488  0.91891234925258913
  0.92443157065395798  0.93013603980544335  0.93680703709893309  0.94376102767415582
  0.95254088800130476  0.96649541498382296  0.98311487112553453  1.00000000000000000
 -0.00196232801381712  0.01040729599443345  0.01820673274328431  0.02555877798749570
  0.03162243673840576  0.03856632755683863  0.04501134847386869  0.05141388969222648
  0.05765484960547755  0.06265808381725257  0.07207480776095496  0.08807374541762146
  0.10663149106590364  0.12544629013839306  0.14243056538699647  0.15191273584261905
  0.15953602233302946  0.16717044289448160  0.17443343453351129  0.18211285641626557
  0.19235999716198035  0.20658523223985470  0.22195776056437225  0.23417414231484079
  0.24771311784889680  0.26246924754058598  0.27591558825383083  0.28871131291237007
  0.29625739152298725  0.30485098406147149  0.32051548004236380  0.33332248052280938
  0.33915890685604966  0.34071899921445725  0.34248965347096932  0.34525309486884392
  0.34985979303424336  0.35414472133683739  0.35845770914161917  0.36243785023568675
  0.36631845494907089  0.36944041412434458  0.37840657036851261  0.39304601355520641
  0.40150057535353390  0.40941606118612012  0.41781099712757447  0.42636499455580323
  0.43498077532100038  0.44365555174900756  0.45376464299370556  0.46810585293963325
  0.48371117661316182  0.49607484854130757  0.50763191495279192  0.52043010109210008
  0.53676267240393316  0.55970418526870558  0.57347451861662679  0.58413344929055544
  0.59868551625054189  0.61485517295922831  0.62946190542904701  0.64376794614106825
  0.65555254759426396  0.66868243259541582  0.68937461529377619  0.70812148586121937
  0.72377081290821665  0.73536642957166065  0.74343400940401660  0.74891297538018342
  0.75293006470481338  0.76105856437179131  0.76947125678015427  0.77299950631885050
  0.77652775585754674  0.78006421357622613  0.78385949175612946  0.78765476993603289
  0.79199331278283835  0.79726541564004783  0.80253751849725719  0.82185756270035848
  0.84291347317574217  0.85880381341221423  0.87017220129991402  0.88067672221445403
  0.89261761483645119  0.90737468291609813  0.92368083269560497  0.93676019888069917
  0.94836312943285561  0.96009097154853029  0.97206798297566910  1.00000000000000000
 -0.00398152731906356  0.02486375495416093  0.05150722943869050  0.07293490226446961
  0.09058709335668358  0.10163140783445915  0.11313258557508132  0.12558274463493294
  0.13908026500101137  0.15362089937899476  0.16933267956464551  0.18767772001947305
  0.20348405986437429  0.21966453800907262  0.23743964798550374  0.25404358886411632
  0.26718914580906827  0.28798145908825756  0.31008817322972315  0.32903496554620065
  0.34492220019129777  0.35746186325578805  0.36640035823497330  0.37567437236865270
  0.37966210242731863  0.38274422218617088  0.38620073451957287  0.39025303987031407
  0.39430534522105531  0.39953693598789974  0.40492681109575890  0.41183967561633111
  0.42169733183908253  0.43329995679242428  0.44686074466898301  0.46158820106459136
  0.47011905144580451  0.47273597299221737  0.47521467660725097  0.47741537237173320
  0.47951169343035555  0.48206860018626052  0.48469346170299515  0.48727169059149422
  0.49009638948251844  0.49293575552121682  0.49863451615628740  0.50667921801145854
  0.51387956987827388  0.52400481607961324  0.53193364216869543  0.53638065288580461
  0.54117519050712859  0.54867444200085758  0.56019341632049380  0.57879258322007399
  0.60211063102409990  0.61496389812091445  0.62225751862884682  0.62816613178213276
  0.63381631224453283  0.64174241690096934  0.65909748028685833  0.67808677388278149
  0.69527275453351023  0.70332347243857307  0.71221601979442095  0.72142384342841859
  0.72975895366910193  0.73713756954488341  0.74393030858233211  0.75301696158113474
  0.76619028203262163  0.77773129508092842  0.79092082868930313  0.81033752476637932
  0.83610622373851928  0.85065752761805469  0.86077659913348958  0.86699278447076344
  0.87236202346043712  0.88218635678020008  0.89762849459407090  0.91921221626382354
  0.93543191672130310  0.94396584900007208  0.94896100577764442  0.95296513202218835
  0.95675074450595021  0.96035816494854298  0.96336687320430026  0.96562964272785468
  0.96935379738516136  0.97679619963053721  0.98735232696576336  1.00000000000000000
 -0.00195626650640805  0.00715990285854887  0.01752744928727769  0.02816876113139106
  0.04004496211073445  0.05393109710073237  0.06760473673887674  0.07562047347169833
  0.08316882776027362  0.09039928260828128  0.10110708913184707  0.11719564290740490
  0.12743221690361028  0.13476090851336553  0.14076212821941114  0.14686886960550366
  0.16650206299244480  0.18117361624610981  0.19404633048470546  0.20537306961195709
  0.21834392529295416  0.23284621392341889  0.24686050287960717  0.26020449273393848
  0.27448291619950604  0.28741319191624870  0.29237072570238887  0.29785716346091023
  0.30311507865410364  0.30618937911694405  0.30962526751130182  0.31313908350506553
  0.31663773781265231  0.32369282672318661  0.33128451871376657  0.33960820478570336
  0.34699087867777118  0.35331104439280325  0.36287057182863214  0.38164543577081483
  0.40436888237639851  0.42364563587194798  0.43099997451902339  0.43835431316609885
  0.44533905449999434  0.45226775371901673  0.45644603454573807  0.45951706218753241
  0.46463916733630928  0.47532980879444786  0.49293273438960433  0.50751630092838029
  0.52010800695915738  0.53337786687633271  0.54810349277965764  0.56021672727249272
  0.56978836926313092  0.57731042155410428  0.58294550729156136  0.58777247189001403
  0.59481424392072113  0.60311578450554049  0.61417838334527786  0.62475320527328260
  0.63072561853334908  0.63765804374130608  0.64485450206294581  0.65163368650353071
  0.65705714571111817  0.66196487587732034  0.66764109835160734  0.68139805831711764
  0.69305449655643203  0.70657715733471005  0.72703545100468270  0.74653113639787128
  0.77487255288592649  0.79269996764995543  0.80216033506091411  0.81123088622296025
  0.81670125359347112  0.82217162096398200  0.82746944815862833  0.83266962955075485
  0.84041216982587663  0.85825307703602627  0.87315542758103393  0.88374625550694352
  0.89539644963413845  0.91083121517833898  0.93154067909646987  0.95083808984841367
  0.96488788604083597  0.97832505777120105  0.98955351576722195  1.00000000000000000
 -0.00892753875455713  0.03502736314053134  0.05729777323379568  0.07140474643525883
  0.09136923550141461  0.11844741805177117  0.14307360842381561  0.15899474316098405
  0.16814387031220010  0.17423695741973672  0.18126084341283713  0.18860084153824697
  0.19812787324079797  0.20812516443869555  0.23906432610547121  0.26162001345770575
  0.27708813010677569  0.28952768089897607  0.30344113161832992  0.31954338308230845
  0.33284281617804096  0.33890337904820245  0.34207559508086632  0.34508331204452697
  0.34781348874907436  0.35052866631239910  0.35315852714569190  0.35578838797898465
  0.36296314774401844  0.37140998185662233  0.38085879922337301  0.38805533204541698
  0.39331147043393921  0.40148726117332090  0.41333211381550822  0.42821702873508510
  0.44176973323090157  0.45071634882755579  0.45799039730412638  0.46378321095023117
  0.46843193973207081  0.47325533582803503  0.48036947840533556  0.49096660621632771
  0.50185601044861650  0.51321624980654368  0.52733415437278153  0.54249322658221444
  0.55997813449407075  0.57378615971386360  0.58201970691033489  0.58777857849698334
  0.59071458118109554  0.59365058386520764  0.59610636322149435  0.59842248550087296
  0.60084569978159830  0.60340752757281846  0.60661376275746237  0.61492920084922842
  0.62259299777371147  0.63070285629996181  0.63818212533531249  0.65193269152005784
  0.66261144510660930  0.67204123409554106  0.67823419186405642  0.68388317081386862
  0.68887905069552469  0.69538269541485209  0.70553678539268461  0.71656189341842635
  0.72824138276749062  0.74977255316386471  0.76827164367198342  0.77873432397172271
  0.78278797015224155  0.78758356278833908  0.79165615054149829  0.79546889126052467
  0.79948050546597849  0.80383278235383082  0.80835478319116993  0.81302289522499227
  0.81593253278780964  0.82174517918479195  0.82945288553934460  0.83988830821480376
  0.85047402711145359  0.86841739848898969  0.89809349732822785  0.92828111938086932
  0.94677580364914848  0.96120360940094862  0.98042524019249189  1.00000000000000000
 -0.01020172050519255  0.04910038842212174  0.07786775924231236  0.09180069303315486
  0.10142212575086676  0.11091774450471628  0.12420081204513012  0.14064417693596296
  0.15549862316419649  0.16739388487014842  0.17370605533267941  0.17722748300255528
  0.18193410932281781  0.18606408426515145  0.18957320946757081  0.19366264476197620
  0.19802139356924253  0.20156649591315240  0.20436689999014540  0.20722960514027269
  0.20999488372827879  0.21828199417348437  0.23017146794342327  0.24776200392776612
  0.27008145691546870  0.29637433664342255  0.32147066897666926  0.34317012001431690
  0.36216370846019125  0.38067971029986525  0.40114047882100318  0.42190613821555878
  0.43915604255889829  0.45394312600974218  0.46644832875646852  0.47676542467975275
  0.48538572099982497  0.49493094924665870  0.50684787134904619  0.51955772950724721
  0.52683381672689489  0.53336814248525843  0.53992917009965047  0.54651667513981672
  0.55310316788905622  0.55967015754575100  0.56623714720244589  0.57521006014937515
  0.58634257532962031  0.59457423990255109  0.60243947058205494  0.61506190301260000
  0.62901866050071120  0.64081339331070097  0.65456570067915099  0.66735156560797337
  0.67831707627779425  0.68695873453355361  0.69353678912351746  0.70192936382777782
  0.71291812992250736  0.72300333393508531  0.73222446866357926  0.73997433555664360
  0.74945390063697515  0.76116978434023896  0.77045457425305530  0.77591469548439007
  0.78182321133133592  0.78523197539984535  0.78778711382931010  0.79154224174267407
  0.79659758007362746  0.80145079544244024  0.80595640771346089  0.81242832652142372
  0.82410584090102279  0.83300909133341405  0.83901523222092877  0.84701709238901801
  0.85578794841794736  0.86500606634692800  0.87391384259643101  0.88096983724142686
  0.88599394567216350  0.89065926513480320  0.89435787289278978  0.89831849677936360
  0.90279136839384744  0.90821559891640979  0.91512356819645801  0.92478045413213816
  0.93600548882876233  0.94993843202975903  0.96834803404605729  1.00000000000000000
 -0.00388316755715289  0.01131533566589244  0.02194489535865022  0.02986208961820810
  0.03761185027165812  0.04884278572031878  0.06108836212228035  0.07239414165510465
  0.08105348648351102  0.09755814633530532  0.11707639713264716  0.13374789233780729
  0.15132848756705219  0.16937286249745634  0.18334935401245511  0.19745614772550713
  0.21041395623136580  0.21865308608304668  0.22354898618801489  0.22962647130547803
  0.23555062347008462  0.24847877045279848  0.27235661229901653  0.29681040203347192
  0.31883247105791601  0.33830647987191381  0.36208354527605441  0.37556161710852370
  0.38045300350031896  0.38690478042935500  0.39173459374724046  0.39583666236458975
  0.40004923565717254  0.40530130120163910  0.41158049970269078  0.41645180691677430
  0.42003565442541357  0.42297349162955855  0.42613843624989201  0.43017539482491629
  0.43989026940791970  0.45409987301223276  0.47145546836633179  0.48941937884585751
  0.50481180467108355  0.52091214556484355  0.53810274324115148  0.55486896729512225
  0.57673373906994874  0.60370531369062908  0.62384240527533541  0.63539631298918842
  0.64871274304167659  0.66915975988747955  0.69328583233734675  0.71752627893427934
  0.73420005814654421  0.74223585172095863  0.74592696320994445  0.74849392073116328
  0.75077178762388486  0.75302688717527533  0.75556107460029620  0.75833932253696013
  0.76279779147364346  0.76992679077420012  0.77989973398218382  0.78633488978410870
  0.78997215174798985  0.79406794511797696  0.79797620186037610  0.80473488162248574
  0.81752690616421875  0.83442035670751813  0.84406692891594337  0.85020617713603164
  0.85503542860925530  0.85978878640102585  0.86447026374606617  0.86904770923270969
  0.87362235546063582  0.87827698235319196  0.88304083936134592  0.88780469636949977
  0.89236712017432507  0.89644672545120974  0.90052633072809440  0.90475510286865468
  0.91041836534268072  0.91608162781670666  0.92633590610157179  0.93848848721512779
  0.94945973641701209  0.96239057082749846  0.97718561155566275  1.00000000000000000
 -0.00289230830338335  0.01434506290139057  0.03068743127282865  0.04751531540992698
  0.06555855606229710  0.08954426155692764  0.11258334745030343  0.12705998276105634
  0.13452041179943328  0.14180506912333715  0.15301199528937268  0.15929398245696993
  0.16557596962456722  0.17023192934650228  0.17473949143474807  0.17774956883515952
  0.18046737216961714  0.18970049086256388  0.20644019309487191  0.22504704735442915
  0.24005235204654038  0.25307419918781637  0.26403496205801164  0.27299075292589348
  0.28156993485788667  0.29265742127816224  0.31110384776741423  0.32118281551536848
  0.32303451768149333  0.32482333806154290  0.32687980340580008  0.32858616352037501
  0.33013656208305930  0.33162770840930328  0.33384341123620009  0.33619596458012863
  0.33847015357513061  0.34079374169796367  0.34298690891170397  0.34492323267326258
  0.34986342358250072  0.36036775923171471  0.37105127477814814  0.38476553204922592
  0.40466537501109018  0.42497282907278011  0.44325133607162648  0.46910930112171956
  0.47773641486818197  0.48586226702336854  0.49321738804632975  0.49958896899699490
  0.50596054994765993  0.50928799805058278  0.51242076378648982  0.51967151460860062
  0.52930398618816643  0.54309515005041431  0.56030057025180613  0.56752804800752932
  0.57471057350138710  0.58092727001668987  0.58547282433974135  0.58952881819346570
  0.59305057415059992  0.59988247640399572  0.61168705836688497  0.62635041288227100
  0.64398314734473938  0.67328581487183436  0.69637045043796042  0.71710113162371736
  0.73602841118921114  0.74493313791522509  0.75541736040258045  0.76564868501871652
  0.77538845130947776  0.78283239361936419  0.78866155649058534  0.79627225177380623
  0.80314023652084454  0.80950994730165604  0.82123712883860989  0.83271415523643211
  0.84660543014708101  0.86525146972153877  0.88612451017760818  0.90265226991488900
  0.91409968086106497  0.92284318451170422  0.93205651840218640  0.94274189582892753
  0.95343480613631926  0.96852345140441809  0.98683643564789414  1.00000000000000000
 -0.01959031334772316  0.09084499422332862  0.12719330277642471  0.16840613046262698
  0.20931128492116266  0.22601609255058458  0.23813402916334747  0.25000156160900638
  0.26014684796235565  0.27085349658857072  0.28319219479667201  0.29550805318120110
  0.30429478358379947  0.31061422805085032  0.31643720444755402  0.32291755640730557
  0.32625708575902007  0.32720666744610882  0.32824919375982459  0.32949616554522299
  0.33041372470071534  0.33121732159627870  0.33278762390839411  0.33503434250534325
  0.33799197742355797  0.34125195286776389  0.34814755222040683  0.35464617631956186
  0.36038692723195792  0.36908986853006137  0.37622112213011205  0.38267826856788190
  0.38812469919557741  0.39325405186640200  0.39800513403788729  0.40635736514582271
  0.41689647597762458  0.42551147983622378  0.43335113454918062  0.44132514079228397
  0.45048423458532205  0.46262712021259927  0.47410925836001488  0.48254319845008797
  0.49087185785365062  0.49842980280111560  0.50585186593025344  0.51356343631896328
  0.51738550091876112  0.52120756551855896  0.52468576615894380  0.52764098160991613
  0.53059619706088845  0.53355141251186078  0.53591944446374462  0.53818011171104085
  0.54044077895833720  0.54286950847337834  0.54682176341488764  0.55077401835639694
  0.55562993862648868  0.56124313301653539  0.56679098526429983  0.57185624435343441
  0.57640105386251539  0.58048864004694878  0.58429724415530182  0.58818304370433661
  0.59274229748700846  0.59781950446882848  0.60288505367439005  0.60670231738399238
  0.61101918646517428  0.61534119987709701  0.61983200954771234  0.62360008222559649
  0.62937140794694102  0.63759418651907029  0.65553242655795974  0.67403638957416934
  0.68610151684958331  0.69576044116453317  0.70195581148787045  0.70734035150666930
  0.71427513308212998  0.72366679093419306  0.73532382542740082  0.75088414102243062
  0.76273809072157395  0.77255587128145364  0.78608477509438734  0.80584219675557245
  0.84503243117768767  0.88826883206351048  0.91107220332388106  1.00000000000000000
 -0.00329095960764884  0.01523298911819786  0.03141924929147975  0.04383171304481796
  0.04905022331159470  0.05554289578447057  0.06156405439260774  0.06703297778287162
  0.07465471208779985  0.08278592741919816  0.09047982110480393  0.09758728349949959
  0.10417183727653737  0.11049080674560960  0.11626506932261264  0.12214549631207010
  0.13149602511445335  0.14084655391683659  0.14636644744487901  0.15108679012853479
  0.15964536662317386  0.17853816144177886  0.20977354051470232  0.23047909715969214
  0.24340673836065965  0.25279915175383638  0.25915486410708244  0.26502440847624009
  0.27214485588853304  0.28121888768614384  0.29233102082664419  0.30674984126144850
  0.32421941506379498  0.33273295234572797  0.33824011276879612  0.34530464319995141
  0.35500244656813884  0.36612461657185158  0.37481177792863724  0.38335642205566572
  0.39446790039382040  0.40586450396778806  0.41670058295461027  0.42646054606806955
  0.43458361363345716  0.44192220670454951  0.45192607372449217  0.46402267519473084
  0.47627342410245588  0.48986119405253314  0.50262679533965204  0.51286197368449782
  0.52358572478470711  0.52935982877697174  0.53551981902004453  0.54352699411910699
  0.54732570917688683  0.55048063503461619  0.55526718210594428  0.56349387984725630
  0.57645359049148759  0.59411987519798837  0.60182992894678089  0.60860868862281992
  0.61583400656753717  0.62630280979568986  0.63583920082744527  0.64529857870059892
  0.65392609246148004  0.66037213505870629  0.66601988857149907  0.67226391313268108
  0.68418187651288798  0.70185678271659824  0.71996793248739932  0.73293357007162840
  0.74224922443642738  0.75152376873801785  0.76068259139702932  0.76984141405604078
  0.77797156607520046  0.78598607103867679  0.79353387419563115  0.80029426629534461
  0.80657715987340073  0.81575588039617386  0.83087030261895090  0.85643364870810901
  0.88389131179884439  0.90275952950508620  0.92222773568954697  0.94028745060332841
  0.95508875799265780  0.97027634291249232  0.98429731713028878  1.00000000000000000
  0.64276057322252500  0.74870773945598912  0.77251064737752662  0.79039336334973165
  0.80222213251811725  0.81406245656358722  0.82723185047832526  0.83405870406090421
  0.84215391224974556  0.85071853042840651  0.86232928632295047  0.87237914530574390
  0.88118826310169707  0.88634549396749329  0.89239561933267686  0.89833785291594281
  0.90241788699133108  0.90800195393192318  0.91282796577026515  0.91695658556664317
  0.92159771529861545  0.92501513689456993  0.92848493790207842  0.93211282210796420
  0.93500302056461049  0.93785081991058605  0.94071576295257742  0.94398987063853468
  0.94631863414352779  0.94800157766833903  0.94936016669705947  0.95047299268439467
  0.95126464696763768  0.95207525790964209  0.95289560559870778  0.95368254835256949
  0.95445203609826068  0.95538916737721769  0.95668187292769058  0.95824003727619256
  0.96000257768291519  0.96248407651124268  0.96448499483807382  0.96617851208553829
  0.96704548757976183  0.96734005521488786  0.96765108718858894  0.96791568232219538
  0.96811496400130714  0.96832339858310079  0.96852873661271854  0.96873823271701942
  0.96896574094882515  0.96927319884057628  0.96972339238806260  0.97022685008344511
  0.97076047477309857  0.97145952924713153  0.97201408240180631  0.97260307108337252
  0.97316608369955970  0.97348587625521577  0.97380566881087183  0.97410896191927521
  0.97440329714540674  0.97469763237153817  0.97503545873340780  0.97537368564585081
  0.97583357297662632  0.97652410855487515  0.97734966235750698  0.97823782597781128
  0.97923261661645444  0.98014352138139460  0.98097819520666207  0.98168959461221184
  0.98238191644835060  0.98329842178121907  0.98433577719932530  0.98525301633048701
  0.98612444907968877  0.98709607562808999  0.98798586594939530  0.98883225351745041
  0.98960530688011583  0.99030631949435188  0.99093221785028729  0.99147094468859442
  0.99204509755214387  0.99260442894506862  0.99316850499057152  0.99377650769847026
  0.99457391350185731  0.99573796030590578  0.99751718666922706  1.00000000000000000
 -0.04690201285757250  0.21133818351832950  0.22941096510992945  0.24085409608658456
  0.25002063365845717  0.26035177689714617  0.27350863326216995  0.28409931932872712
  0.29337120598629518  0.30112859103467021  0.30339973082408456  0.30495876394489574
  0.30651719070108513  0.30807491881060145  0.30967325275206803  0.31243491345311880
  0.31519657415416957  0.32391562495322818  0.33613351403171993  0.34341964947839027
  0.34963693539298940  0.35571819637494084  0.36458892824448957  0.37274525143551801
  0.38194566321479634  0.39257480345670481  0.40371876957092351  0.41748056078205303
  0.42887015634985876  0.44632543836979005  0.45929703058430349  0.46828655494618554
  0.47418054515387126  0.48008521567036216  0.48572883783981174  0.49304753702171344
  0.50054588790658261  0.50893944946801073  0.51726110204109343  0.52518253491043287
  0.53385732820889031  0.54254079983219150  0.55062547777650150  0.55750959343569129
  0.56403612028505923  0.57042088480535558  0.57615809646946547  0.58195912142788586
  0.58548811410304613  0.58897945334999113  0.59325975195940361  0.59897804239969943
  0.60382460522912729  0.60714778540813730  0.61213007240615602  0.61941297733806733
  0.62582309049867735  0.63086849257056543  0.63606956840216122  0.64369783988831930
  0.65554065415457075  0.66481420772519051  0.66986270286244010  0.67551513553360032
  0.67859439939377042  0.68050634871823812  0.68279352476191235  0.68567827320293329
  0.68870648680951807  0.69236239334521221  0.69610654715969000  0.70275607322220413
  0.70922803656677125  0.71497688484177846  0.72025817758297184  0.72528299404265084
  0.73160579389889846  0.73704051708555440  0.74281810973962137  0.75106986913517093
  0.75728705610534275  0.76419104724304154  0.77522100147843231  0.78434005884925406
  0.79064734531217529  0.79754058360298896  0.80260717320084662  0.80718268985083064
  0.81181300171989235  0.81800233489085961  0.82683014956341838  0.83882599656828416
  0.85531247216870154  0.88127861211948921  0.90889423841120387  1.00000000000000000
   2.5170463812115074E-018  -1.0000000000000000     
 F F F F F F F F F F F F F F F F F F F F F F F F F F F F F F F F F F F F F F F F F F F F F F F F F F F F F F F F F F F F F F F F F F F F F F F F F F F F F F F F F F F F F F F F F F F F F F F F F F F F F F F F F F F F F F F F F F F F F F F F F F F F F F F F F F F F F F F F F F F F F F F F F F F F F F F F F F F F F F F F F F F F F F F F F F F F F F F F F F F F F F F F F F F F F F F F F F F F F F F F F F F F F F F F F F F F F F F F F F F F F F F F F F F F F F F F F F F F F F F F F F F F F F F F F F F F F F F F F F F F F F F F F F F F F F F F F F F F F F F F F F F F F F F F F F F F F F F F F F F F F F F F F F F F F F F F F F F F F F F F F F F F F F F F F F F F F F F F F F F F F F F F F F F F F F F F F F F F F F F F F F F F F F F F F F F F F F F F F F F F F F F F F F F F F F F F F F F F F F F F F F F F F F F F F F F F F F F F F F F F F F F F F F F F F F F F F F F F F F F F F F F F F F F F F F F F F F F F F F F F F F F F F F F F F F F F F F F F F F F F F F F F F F F F F F F F F F F F F F F F F F F F F F F F F F F F F F F F F F F F F F F F F F F F F F F F F F F F F F F F F F F F F F F F F F F F F F F F F F F F F F F F F F F F F F F F F F F F F F F F F F F F F F F F F F F F F F F F F F F F F F F F F F F F F F F F F F F F F F F F F F F F F F F F F F F F F F F F F F F F F F F F F F F F F F F F F F F F F F F F F F F F F F F F F F F F F F F F F F F F F F F F F F F F F F F F F F F F F F F F F F F F F F F F F F F F F F F F F F F F F F F F F F F F F F F F F F F F F F F F F F F F F F F F F F F F F F F F F F F F F F F F F F F F F F F F F F F F F F F F F F F F F F F F F F F F F F F F F F F F F F F F F F F F F F F F F F F F F F F F F F F F F F F F F F F F F F F F F F F F F F F F F F F F F F F F F F F F F F F F F F F F F F F F F F F F F F F F F F F F F F F F F F F F F F F F F F F F F F F F F F F F F F F F F F F F F F F F F F F F F F F F F F F F F F F F F F F F F F F F F F F F F F F F F F F F F F F F F F F F F F F F F F F F F F F F F F F F F F F F F F F F F F F F F F F F F F F F F F F F F F F F F F F F F F F F F F F F F F F F F F F F F F F F F F F F F F F F F F F F F F F F F F F F F F F F F F F F F F F F F F F F F F F F F F F F F F F F F F F F F F F F F F F F F F F F F F F F F F F F F F F F F F F F F F F F F F F F F F F F F F F F F F F F F F F F F F F F F F F F F F F F F F F F F F F F F F F F F F F F F F F F F F F F F F F F F F F F F F F F F F F F F F F F F F F F F F F F F F F F F F F F F F F F F F F F F F F F F F F F F F F F F F F F F F F F F F F F F F F F F F F F F F F F F F F F F F F F F F F F F F F F F F F F F F F F F F F F F F F F F F F F F F F F F F F F F F F F F F F F F F F F F F F F F F F F F F F F F F F F F F F F F F F F F F F F F F F F F F F F F F F F F F F F F F F F F F F F F F F F F F F F F F F F F F F F F F F F F F F F F F F F F F F F F F F F F F F F F F F F F F F F F F F F F F F F F F F F F F F F F F F F F F F F F F F F F F F F F F F F F F F F F F F F F F F F F F F F F F F F F F F F F F F F F F F F F F F F F F F F F F F F F F F F F F F F F F F F F F F F F F F F F F F F F F F F F F F F F F F F F F F F F F F F F F F F F F F F F F F F F F F F F F F F F F F F F F F F F F F F F F F F F F F F F F F F F F F F F F F F F F F F F F F F F F F F F F F F F F F F F F F F F F F F F F F F F F F F F F F F F F F F F F F F F F F F F F F F F F F F F F F F F F F F F F F F F F F F F F F F F F F F F F F F F F F F F F F F F F F F F F F F F F F F F F F F F F F F F F F F F F F F F F F F F F F F F F F F F F F F F F F F F F F F F F F F F F F F F F F F F F F F F F F F F F F F F F F F F F F F F F F F F F F F F F F F F F F F F F F F F F F F F F F F F F F F F F F F F F F F F F F F F F F F F F F F F F F F F F F F F F F F F F F F F F F F F F F F F F F F F F F F F F F F F F F F F F F F F F F F F F F F F F F F F F F F F F F F F F F F F F F F F F F F F F F F F F F F F F F F F F F F F F F F F F F F F F F F F F F F F F F F F F F F F F F F F F F F F F F F F F F F F F F F F F F F F F F F F F F F F F F F F F F F F F F F F F F F F F F F F F F F F F F F F F F F F F F F F F F F F F F F F F F F F F F F F F F F F F F F F F F F F F F F F F F F F F F F F F F F F F F F F F F F
  <DiscreteSampler_grid>
  grouped_processes
  1 # 1 for a reference and 2 for a running grid.
  10 # Attribute 'min_bin_probing_points' of the grid.
  1 # Attribute 'grid_mode' of the grid. 1=='default',2=='initialization'
  0.0000000000000000 # Attribute 'small_contrib_threshold' of the grid.
  0.5000000000000000 # Attribute 'damping_power' of the grid.
 # binID   n_entries weight   weight_sqr   abs_weight
    61   10   7.744964864227055E-024   5.059387441557122E-046   7.744964864227055E-024
    62   10   7.744964864219562E-024   5.059387441546307E-046   7.744964864219562E-024
    64   10   1.548992972845411E-023   2.023754976622849E-045   1.548992972845411E-023
    65   10   1.548992972843912E-023   2.023754976618523E-045   1.548992972843912E-023
    67   10   9.991123125397406E-020   8.838093674761293E-038   9.991123125397406E-020
    68   10   9.991123125397139E-020   8.838093674760787E-038   9.991123125397139E-020
    70   10   1.998224625079481E-019   3.535237469904517E-037   1.998224625079481E-019
    71   10   1.998224625079428E-019   3.535237469904315E-037   1.998224625079428E-019
    106   10   7.744964864232076E-024   5.059387441564584E-046   7.744964864232076E-024
    107   10   7.744964864217786E-024   5.059387441543865E-046   7.744964864217786E-024
    109   10   1.548992972846415E-023   2.023754976625834E-045   1.548992972846415E-023
    110   10   1.548992972843557E-023   2.023754976617546E-045   1.548992972843557E-023
    112   10   9.991123125396965E-020   8.838093674760541E-038   9.991123125396965E-020
    113   10   9.991123125398419E-020   8.838093674763124E-038   9.991123125398419E-020
    115   10   1.998224625079393E-019   3.535237469904217E-037   1.998224625079393E-019
    116   10   1.998224625079684E-019   3.535237469905250E-037   1.998224625079684E-019
    151   10   4.264953972052769E-021   1.707999032715939E-040   4.264953972052769E-021
    152   10   4.264953972051641E-021   1.707999032715137E-040   4.264953972051641E-021
    154   10   8.529907944105538E-021   6.831996130863756E-040   8.529907944105538E-021
    155   10   8.529907944103282E-021   6.831996130860547E-040   8.529907944103282E-021
    157   10   1.471087538783938E-021   1.741680984633516E-041   1.471087538783938E-021
    158   10   1.471087538784655E-021   1.741680984635633E-041   1.471087538784655E-021
    160   10   2.942175077567877E-021   6.966723938534066E-041   2.942175077567877E-021
    161   10   2.942175077569309E-021   6.966723938542532E-041   2.942175077569309E-021
    196   10   4.264953972052660E-021   1.707999032715622E-040   4.264953972052660E-021
    197   10   4.264953972051231E-021   1.707999032715081E-040   4.264953972051231E-021
    199   10   8.529907944105321E-021   6.831996130862489E-040   8.529907944105321E-021
    200   10   8.529907944102462E-021   6.831996130860323E-040   8.529907944102462E-021
    202   10   1.471087538784251E-021   1.741680984633589E-041   1.471087538784251E-021
    203   10   1.471087538784361E-021   1.741680984635807E-041   1.471087538784361E-021
    205   10   2.942175077568502E-021   6.966723938534355E-041   2.942175077568502E-021
    206   10   2.942175077568722E-021   6.966723938543230E-041   2.942175077568722E-021
  </DiscreteSampler_grid>
