  0.00249916917597174  0.01300529559243428  0.02566368710825666  0.03718001520200486
  0.04636920063854218  0.05335907739679951  0.06544632442597730  0.07237456681240288
  0.07716323037733462  0.08155441887556227  0.08739105896272550  0.09408816068483877
  0.10061610613751561  0.10959524097172846  0.11936598229174483  0.12629936027576114
  0.13078757860560952  0.13565123252984929  0.14344819272144763  0.15341195487074974
  0.16449050224750575  0.17488877209240847  0.18489529143854186  0.19545696064513121
  0.20790561460757356  0.22307898461807957  0.23676654234012426  0.24523329319225051
  0.25338991645353126  0.26009325610893252  0.26558630265622002  0.27197855874871302
  0.27787839484425725  0.28617181721133295  0.29907581959834550  0.31667147739314966
  0.33373630779317065  0.34861318975943850  0.36272438445414468  0.37366381249784808
  0.38244430452160344  0.39060410465298073  0.39781284233277264  0.40544521006915829
  0.41521781940001457  0.43047983538844692  0.44814687151795957  0.46197521121901564
  0.47593857236553233  0.49020591166734057  0.50378597392305602  0.51564328236606605
  0.52526311172425943  0.53471497701134985  0.54405184506054027  0.55499910160384391
  0.56666546296459119  0.57927947657471435  0.59149245924593929  0.60257679886044380
  0.61147561967881936  0.62399020583396914  0.63831422567532903  0.65415335571027300
  0.66944256151031090  0.67929892024492811  0.68726108756848325  0.69305596887190069
  0.69839793893300828  0.70392196845813981  0.71034638138163397  0.71698994355295709
  0.72603282895896104  0.73568351327907078  0.74464772213256347  0.75661720448098746
  0.77373656277407132  0.79342069604212428  0.81277768744806322  0.83070553017623905
  0.84774575674944641  0.86241717286311248  0.87683688656181868  0.88973263954472315
  0.90513054773840551  0.92018503909258553  0.93207627178364283  0.94236239285528900
  0.95194183360424545  0.96260098933956662  0.97221926796383362  0.97708249272040826
  0.98215801958949378  0.98800631657782634  0.99171664078045108  1.00000000000000000
  0.00003207857527909  0.00003258223915370  0.00003308590302831  0.00003366602344997
  0.00003427154348959  0.00003508155074818  0.00003580545915037  0.00003769337162493
  0.00003898149144610  0.00003954703830740  0.00003987859358815  0.00004028470081221
  0.00004082454319154  0.00004218808500175  0.00004306243905884  0.00004396459513590
  0.00004505394266918  0.00004606619346175  0.00004686196878046  0.00004758921800090
  0.00004819310779470  0.00004900763173371  0.00004995156005538  0.00005100778274290
  0.00005217956213532  0.00005352890099381  0.00005497226429016  0.00005618394489309
  0.00005709670344195  0.00005807928992844  0.00005900141321505  0.00005977975157219
  0.00006040074008042  0.00006106462412295  0.00006171074778595  0.00006232989740440
  0.00006300908836758  0.00006367258432755  0.00006426768244034  0.00006480259801151
  0.00006519569375851  0.00006555669700429  0.00006604041057974  0.00006667399018800
  0.00006737561788490  0.00006829711070169  0.00006929844602758  0.00007022353816535
  0.00007121354048521  0.00007217674977379  0.00007323293485542  0.00007448499703016
  0.00007605165926977  0.00007732510898994  0.00007861046812101  0.00007995104262436
  0.00008128234456354  0.00008298869285326  0.00008489235873734  0.00008660421523053
  0.00008794999032757  0.00008906352794214  0.00009014717319797  0.00009116265918682
  0.00009236688571925  0.00009375253297622  0.00009534806112087  0.00009708377198706
  0.00009926324542465  0.00010207607969194  0.00010400411873974  0.00010563690052718
  0.00010735507646461  0.00010959938430401  0.00011231118953855  0.00011512389783699
  0.00011831335467752  0.00012137512961034  0.00012499797230300  0.00012811424807497
  0.00013141581542183  0.00013514989028142  0.00014085121576892  0.00014726921321555
  0.00015124254420298  0.00015589150055631  0.00016123824909777  0.00016794665880383
  0.00017877154087058  0.00020331911291141  0.00023601470645607  0.00026450164618622
  0.00044746135199793  0.13976392204356961  0.40521190734446344  1.00000000000000000
  0.00019081873244299  0.00019785659318892  0.00020236560845792  0.00020446217285003
  0.00020639348900597  0.00020828072058838  0.00021028650330326  0.00021233959033607
  0.00021431441315173  0.00021606747034313  0.00021774400099779  0.00021920608778146
  0.00022057804743715  0.00022194210520563  0.00022328659408014  0.00022460800946631
  0.00022631790246530  0.00022835725593354  0.00023057612406943  0.00023331151593685
  0.00023606569355600  0.00023875640454820  0.00024167712566238  0.00024453200288272
  0.00024722082436212  0.00024982735867245  0.00025222751900518  0.00025427792738616
  0.00025654351678660  0.00025937115939737  0.00026157223609634  0.00026391547268047
  0.00026635374658816  0.00026864494250601  0.00027133922099358  0.00027426264173850
  0.00027697582904316  0.00028029942849424  0.00028326938577792  0.00028623761022747
  0.00028973257136613  0.00029377380355079  0.00029832875979692  0.00030370937361610
  0.00030847803927064  0.00031215528480456  0.00031625881926790  0.00032095926502632
  0.00032574699447311  0.00033028272173969  0.00033487006081617  0.00034134647227736
  0.00034777357895516  0.00035231653495326  0.00035630083533474  0.00036036760039245
  0.00036437911335163  0.00036907889523684  0.00037435749525827  0.00037927029771773
  0.00038532908967506  0.00039495420272177  0.00040463821264254  0.00041327409073258
  0.00042328604545687  0.00043510002146521  0.00044575066333875  0.00045487258723731
  0.00046427354208467  0.00047380278264708  0.00048174610350217  0.00048818175371798
  0.00049381133993021  0.00050041191620777  0.00051036933122285  0.00052537447829942
  0.00054163043793328  0.00055162286408667  0.00055734294587973  0.00056088436583058
  0.00056641943279022  0.00057893833540270  0.00059838490245882  0.00062484801968137
  0.00065411771124364  0.00069988658938108  0.00074751343193082  0.00079631194356630
  0.00086254932533971  0.00095069827359138  0.00104237581102689  0.00113415586791968
  0.00146305160442408  0.00264657973004829  0.11332939414540499  1.00000000000000000
  0.00780631025210321  0.02382076095479386  0.03618971635838063  0.04909553421427108
  0.06633334526654021  0.07754261554990065  0.08513745719869867  0.09364120543045838
  0.10425606079055515  0.11185867856302438  0.11664876972070964  0.12231448436045267
  0.12850860175339790  0.13454679189705229  0.14245026627001589  0.15452344221442871
  0.16879645355703307  0.18448915927814302  0.20150287472697800  0.21660587407684867
  0.22483540349330966  0.22923594314549323  0.23353587696243364  0.23892666272109506
  0.24925717462360253  0.25745342658173992  0.26742470149012543  0.27575721289337862
  0.28494045904344178  0.29342602963766395  0.30086302660461017  0.30948120004864227
  0.31845165030480371  0.32639008832220756  0.33479270225530106  0.34549297272956631
  0.35940910113881180  0.37912786151523603  0.39865002083148265  0.41600817324072337
  0.42898833841473333  0.44210048830094661  0.45526774442677737  0.46729349715087848
  0.48035535015841335  0.49541290889866607  0.50774160523084855  0.51689920175212445
  0.52466299832902286  0.53287130313451958  0.54220423577815280  0.54850179466851012
  0.55418296096336828  0.56504064264024623  0.58261416415668366  0.59738897039179439
  0.60682094224406713  0.61162096218305373  0.61559174782771275  0.62023459561264227
  0.62914902644313753  0.63674067432542403  0.64105955682646976  0.64436208677224660
  0.64813928567148738  0.65189953909756737  0.65653940464430904  0.66476194077262929
  0.67503781624511938  0.69256425596058357  0.70700574791657778  0.72192907303020082
  0.73591292006219788  0.74965699003221153  0.76549426764085882  0.78395517692216732
  0.80244846465668485  0.81715341212562820  0.82747695227330742  0.83437144655722217
  0.84161489122121369  0.84787358925725520  0.85491936846062744  0.86425913461253223
  0.87547940707046734  0.88810187682662722  0.90011204375236664  0.90836527179909765
  0.91658343801459385  0.92493988651546921  0.93288921341959419  0.94157320154507695
  0.95179120158475350  0.96395788042795050  0.97856359993147168  1.00000000000000000
  0.00055754532327275  0.00058185631741092  0.00061016165021943  0.00064140817758420
  0.00067051049363769  0.00069685739191672  0.00072081370700619  0.00073482217942600
  0.00074294767677087  0.00075068390643513  0.00075832706561643  0.00077013621454834
  0.00078801455169513  0.00080636112938895  0.00082011428282308  0.00083045726134755
  0.00084033090291188  0.00084923769274993  0.00085707763992672  0.00086387922245074
  0.00086949336024059  0.00087639805546633  0.00088396431486235  0.00089453631748892
  0.00090923994425429  0.00092503093317635  0.00094033358315235  0.00095388174132527
  0.00096719267626235  0.00097652416013025  0.00098491188087060  0.00099336044989074
  0.00100689214632901  0.00102227835985291  0.00103833331691144  0.00105138506504815
  0.00106277518006604  0.00107748819177456  0.00109419889397001  0.00110915572939363
  0.00112259805789846  0.00113503194985640  0.00114693262469248  0.00115805920012586
  0.00116919923113354  0.00118396080088944  0.00120041041942903  0.00121760751600314
  0.00123344897314797  0.00124665620821637  0.00125836050748089  0.00127230181918115
  0.00128889486332900  0.00131532868502468  0.00133409629118686  0.00135326669094307
  0.00137228962694393  0.00138860724260795  0.00140622576356541  0.00142489302299848
  0.00145261709338067  0.00148216093021894  0.00150689518333004  0.00152927721037301
  0.00156361933422464  0.00160117724126422  0.00164541367530349  0.00170374208345296
  0.00176632515273987  0.00182378319935184  0.00188381485525004  0.00194142445387896
  0.00200526791535359  0.00209598336243097  0.00216727785120308  0.00222664912147935
  0.00232405375778717  0.00243133425408602  0.00255927980612890  0.00271698309034406
  0.00287245941305345  0.00300576931066325  0.00313656265778717  0.00328313230040284
  0.00356583860939510  0.00398847519425370  0.00459480927851718  0.00547121261242651
  0.00636055724448293  0.00712874740193209  0.00780910833234431  0.00900244061155752
  0.01069068250853761  0.01678239634122404  0.17822077286239013  1.00000000000000000
  0.00101894290446343  0.02106965852816094  0.03497319634875570  0.04782468518911692
  0.05967027083601643  0.06808567558433355  0.07540896468927216  0.08208807923434275
  0.08621549402961741  0.09024557672316522  0.09433255755650545  0.10083544830191421
  0.11233379662296576  0.12257921516446771  0.12952803667416415  0.13715889507713661
  0.14480224309998246  0.15302672326720559  0.16286202324211210  0.17405859799513543
  0.18845214783522676  0.20247612178645955  0.21474794681381082  0.22500077662271789
  0.23580888767968564  0.24904059715211030  0.26335414016285363  0.27471762523904525
  0.28418805000946057  0.29145100456425160  0.29796162760626843  0.30606861892271564
  0.31511516272633572  0.32566785084171329  0.33971041604299351  0.35323477520065660
  0.37091523997326031  0.38983167772668037  0.40582721801131966  0.42262053745244577
  0.43526639001636236  0.44955215183039349  0.46558047387335499  0.48029359522343956
  0.49898591561832356  0.51159959439793889  0.52275065796672726  0.53265104601463820
  0.54545667627816496  0.55383348876477734  0.55975729675903663  0.56738728548748119
  0.57562152715430515  0.58233103307719958  0.58797365085681996  0.59392572805562793
  0.60058865176341392  0.60774584000428322  0.61200418191049588  0.61811740955563188
  0.62544308678309612  0.63469586004590273  0.64086629443876653  0.64591784029954769
  0.65407775791865641  0.66322380142127169  0.67674210317822348  0.69370967578247511
  0.70850476191726142  0.71868474005868022  0.72654526493865168  0.73463041460667333
  0.74214966018643036  0.74893274540436205  0.75538535129777240  0.76226438197374058
  0.77264932606999526  0.78960814750685515  0.81308090904018171  0.83118743033939591
  0.85216958576127577  0.86907844463765516  0.87798418901551212  0.88655326539228740
  0.89447377611143275  0.90325880063632302  0.91152454969094654  0.91877376624889251
  0.92552226105767943  0.93189687306015023  0.93822426955397908  0.94815305131282090
  0.96228232470698993  0.97502020868997041  0.98420177050600033  1.00000000000000000
 -0.00023680629745728  0.00348489869922497  0.00940499873758923  0.01438993355116096
  0.02150025367704610  0.02959800569372585  0.03765241922147585  0.04464560546372377
  0.04975464228462501  0.05445900951345001  0.05966246696941679  0.06539255675981283
  0.07314692604493615  0.08084884017347896  0.09383139880376763  0.10754396981166503
  0.11731757958534694  0.12605576267783089  0.13306724068599166  0.14098807277246284
  0.14752272140242917  0.15239124175671268  0.15731466137118530  0.16478280100876347
  0.17494199399766594  0.18536563336564543  0.19460199117459681  0.20640497232774360
  0.21954179570366320  0.23446812597379257  0.25452183007197038  0.27360989926017093
  0.28615970262666091  0.29372905495631996  0.29954481538986449  0.30467787545062558
  0.31022115626994012  0.31623157562236542  0.32163072947319848  0.32629849538057748
  0.33028319061779543  0.33406750235658450  0.33809712029257938  0.34200276546834657
  0.34555725216767108  0.35066577277778765  0.35770541555105950  0.36557081652402507
  0.37318434781126675  0.38092975323547934  0.38854054576720914  0.39975777905259796
  0.41628959596208398  0.42932208194299687  0.44103018364283125  0.45143887359709189
  0.45963151037181854  0.46934827329426299  0.48024294543603574  0.48975802508878413
  0.49807382744032075  0.50522754723498853  0.51159140386382329  0.51960701803689546
  0.52706148502328865  0.53516379032676065  0.54562919441841440  0.55793952665564917
  0.57252607419894552  0.58926731566693946  0.61153960654458950  0.62900459429203603
  0.64266562318206544  0.65348599947244468  0.66441053153606233  0.67338378399587617
  0.67828764588208634  0.68317526480650692  0.68796804779766263  0.69325946941381345
  0.69871902311382927  0.70774457219084885  0.72122896221004396  0.73539503345883095
  0.75280336485709887  0.77062416385909815  0.78779342800663199  0.80526637010363278
  0.82616592572552094  0.85213463933922395  0.88168874819110898  0.90802114826620939
  0.92863479823894557  0.95053165914677429  0.97323149049837876  1.00000000000000000
 -0.00047143276743287  0.00280204840653362  0.00656665043780845  0.01045319400496416
  0.01543510898889098  0.02299680463364855  0.03279326648947146  0.04064510096904837
  0.05020347245444476  0.06171411407194874  0.07041604307213953  0.07712650913374083
  0.08428695556914632  0.08994916151290758  0.09532936149047423  0.10047630763303625
  0.10669417170518393  0.11504793896263103  0.12556718028161160  0.13401968880186083
  0.14348430691252664  0.15656433152875485  0.17166450986763204  0.18736850014760620
  0.20375593700659009  0.21495554766596539  0.22659482408004428  0.23814355874429263
  0.24788314600214856  0.25595623142298773  0.26323147821424309  0.27077656946475676
  0.27856360680808889  0.29528426304196964  0.31069526680765358  0.32268582775806326
  0.33630836997864366  0.35045444102694118  0.36429039851750350  0.37796218603771486
  0.39483011220428349  0.40857946168445414  0.41957673157574560  0.42845766819254522
  0.43742257088472858  0.44828798636438688  0.45777244757195512  0.46683837930627703
  0.47662624919993951  0.48782087485981707  0.50256114808680574  0.51491196624174917
  0.52469879022102339  0.53323626300176330  0.54139019495889551  0.54954532768817610
  0.55789816190691088  0.56903206126075645  0.58021378805257784  0.59189649544410339
  0.60683693312749076  0.61903182556921565  0.62898459749871982  0.63873220098939987
  0.64925919376231822  0.66094110228439562  0.67183592863822228  0.68716272674291945
  0.70282068352369576  0.71806108255536538  0.73153358936166946  0.74605774945898251
  0.75883059492023730  0.77057294115554709  0.78277972491142001  0.79569699798647642
  0.80719428587762954  0.82007988422607425  0.83344760728939526  0.84452731882639420
  0.85646983099289709  0.86315948729193737  0.87238941710403328  0.88054351353604698
  0.88941702585483295  0.89503391944250787  0.90063153525946449  0.90753342239002355
  0.91870833081258418  0.93384885677667828  0.95006253949642849  0.96386280050235940
  0.97440025260690366  0.98350443048164171  0.99199449721218758  1.00000000000000000
 -0.00687941503136905  0.01267514495387241  0.03098694523047173  0.04638980595131733
  0.06081144824786014  0.07219774707024633  0.08437547033371505  0.09354731876973536
  0.10248527727743836  0.11308306114095881  0.12445172940616080  0.13415250208321994
  0.14403339186412492  0.15449928614181718  0.16520129528051647  0.17747669587884998
  0.19052479585043952  0.20377499848290923  0.21372159635666890  0.22113959775436659
  0.22929766613254091  0.23919036299653335  0.24993218323296879  0.26065564940907859
  0.27116883381295764  0.28347661917787226  0.29809833076975573  0.31349371989568742
  0.32950770786713229  0.34133704439109214  0.35226541925671623  0.36206744134706009
  0.36903818996799792  0.37670211836609313  0.38492966916235499  0.39351741949857855
  0.40431722242112023  0.41427800567282252  0.42236312008958155  0.43014476967519677
  0.43675734619396028  0.44490918990490252  0.45557440577094771  0.46899550438562665
  0.48335746892072390  0.49465773663510815  0.50313667404257489  0.51228236281358641
  0.52404623530920103  0.53408073804960210  0.54687239015659794  0.55735889813217088
  0.56537551844184752  0.57325711038892713  0.58294859743339966  0.59185533425452586
  0.59748220225427295  0.60272271628053165  0.60771328549999293  0.61309131581603127
  0.61694232302241514  0.62044977581093830  0.62527711799975738  0.63162628392214515
  0.63847857778235861  0.64723756984536573  0.65999418727431047  0.66980748111804578
  0.67623000136923073  0.68330862467210329  0.69271974556377336  0.70526760185450554
  0.71968713961999620  0.73533283540263916  0.75001030668367963  0.76046043495818827
  0.76670106758991885  0.77344150573808335  0.78081219197009410  0.78591587598377521
  0.79174465741031763  0.79977287214820958  0.81016115554519530  0.82149027226219318
  0.83359986741274938  0.84645442631902723  0.86145775184961115  0.87193548067206827
  0.88067911580448510  0.88943311247437218  0.89987951112366493  0.91517478625760929
  0.93603623692115501  0.95643785399106396  0.97660965446120107  1.00000000000000000
 -0.00365787269400073  0.00634768884750540  0.01587049383140077  0.02447108079845732
  0.03002548701203934  0.03842983461381505  0.04809670190213603  0.05608847633195423
  0.05911910934148824  0.06182083662387099  0.06494543283191682  0.06848590702241994
  0.07165694360985954  0.08085875210337583  0.09309704469354584  0.10946087156749959
  0.12515947459226717  0.13863932766876644  0.15005151783401652  0.16147522672155562
  0.17785913554817870  0.19689546943093664  0.21437478296479445  0.22665231653365664
  0.23900027880444766  0.25152303864739689  0.26223900283437873  0.27268925992879117
  0.28436444891490481  0.29557232367377362  0.30212586324859680  0.31089973327371623
  0.31669742732668599  0.32164817347803298  0.32917330022518582  0.33732696459732237
  0.34670020491663334  0.35690074732254845  0.36852862949798310  0.38485480340077505
  0.39957653588335035  0.41318991236873182  0.42252155307255457  0.43084602605502598
  0.43924230637904771  0.44692598611684231  0.45453715651997068  0.46230102594958622
  0.47036328960876772  0.47896037111213835  0.48784116347225615  0.49659481708383463
  0.50783401028055819  0.52299541322202614  0.54073531530087549  0.55873621701102272
  0.57314159594814296  0.58481424950706418  0.59473332593727257  0.60358204167177254
  0.61221125005028232  0.62068138854561861  0.62757358595893853  0.63428259257820974
  0.64156807172005081  0.65092241779784021  0.66772660987464261  0.68738374037602412
  0.70592605233559524  0.72368599932270050  0.73631326738277314  0.74548323318805798
  0.75289263112488625  0.75892614841832373  0.76652152968708409  0.77609032994200611
  0.78676004415136425  0.80131174151690143  0.81652818345267031  0.83210937184476175
  0.84243684862752632  0.84920526459469980  0.85365064768514942  0.85661994693752208
  0.85931730374460946  0.86466067264168123  0.87140008846719652  0.87851069894066292
  0.88421733501648803  0.88924176272286504  0.89785528001334747  0.91136690252418395
  0.92756114311394633  0.94678049726403424  0.96938980513758799  1.00000000000000000
 -0.00116297389163118  0.00345441709752319  0.01128653958132242  0.02114987364460383
  0.03232624122141246  0.04358583065201128  0.05555740389211923  0.06755461394215274
  0.08546847977405536  0.10408161506690339  0.12024618028407374  0.13454731905100711
  0.14759280299432762  0.16214548938121112  0.17639786630290752  0.19007892731277465
  0.20253874284171525  0.21799714259710321  0.23777034224628216  0.25244346677758178
  0.26417683266679343  0.27237892163954736  0.28025532070652343  0.28884270892673219
  0.29865044852181982  0.30990668109120623  0.32103350318993112  0.32862596287156609
  0.33689143846669556  0.34570858970626012  0.34923647351008602  0.35319753335028969
  0.35735659569870065  0.36155833075300059  0.36674878109250864  0.37567737981736332
  0.38520280936139467  0.39386912673846081  0.40119313437859522  0.40849344301915452
  0.41765289957165769  0.42701991031580860  0.43104923771180442  0.43445812981177606
  0.43794485784138937  0.44220273838631857  0.45115296116164805  0.45886150460351066
  0.46607075703143186  0.47140858461146196  0.47655210378605284  0.48290881141118103
  0.48812168861826277  0.49196408963080301  0.49807584041969960  0.50607864034014793
  0.51493723020672022  0.52499301370629536  0.53596125330230937  0.54654960968443889
  0.55874737930609486  0.57721006391744090  0.59648070159684230  0.60799816861190081
  0.61735674123708872  0.62550928575539200  0.63261610593097251  0.64218939761589955
  0.65204713034936745  0.66379049688704850  0.67743088775352789  0.68870067433236892
  0.69424866075493064  0.69869104631224166  0.70201036563156805  0.70766513110811269
  0.71278918062756180  0.71766830993487729  0.72196257494296334  0.72548256336210348
  0.72975197652341506  0.73614243520664335  0.74369443551579151  0.75479412643217680
  0.77258224295939470  0.79568519014273786  0.82187289274103936  0.84960865306070699
  0.87617489606477850  0.90051980465879167  0.91784383782464696  0.93439157670762929
  0.95015718159803442  0.96232780524401973  0.97767547720612213  1.00000000000000000
 -0.00238062307637610  0.01246696681501635  0.02414585220779736  0.03413297674717748
  0.04266624949923687  0.05006316136005407  0.05755445236612380  0.06490036143051978
  0.07270069508008384  0.08331462302384141  0.10129202690408316  0.11760045166774474
  0.12808497597125790  0.13769393155308868  0.14575564713904116  0.15301037438907999
  0.16018554411039079  0.16614369567021858  0.17327404701691207  0.18240561726257187
  0.19242408947295053  0.20244021086875558  0.21234562722256367  0.22672441476304764
  0.23655297054893401  0.24743396704253415  0.25789433105317361  0.26717989045426183
  0.27287269695643579  0.27808288582865320  0.28443869729658611  0.29009162157607954
  0.29863965741868126  0.30756722674377479  0.31491389326440317  0.32483730950730927
  0.33138209117925443  0.34242405749174393  0.35776556187780362  0.37117819319491946
  0.38632588931801132  0.40285074670332893  0.41193358235602789  0.41991289650052421
  0.42991076548188045  0.44196196210575178  0.45161898890083735  0.46014045486928556
  0.46978975570525183  0.47739235038342653  0.48413644623589908  0.49111414536951459
  0.49774002830493314  0.50711939497514191  0.51763755171556913  0.52708465175059127
  0.53599864357016014  0.54425100495766809  0.55539513023499498  0.56799180295945872
  0.58127755046076435  0.59479364669388202  0.60859098149015245  0.62280072610291559
  0.63198137106587959  0.64022237099577617  0.64955636084266200  0.65841830753618258
  0.66825182071230826  0.68290017939364400  0.70212472087331468  0.72253482167335104
  0.74130069714843194  0.76204399565633263  0.78279748369267166  0.80221190534595421
  0.81897632020809941  0.83002116060171860  0.83889787013915407  0.84527005817434264
  0.85049297914567834  0.85565379331598079  0.86034128283890776  0.86565522369745018
  0.87391729252367867  0.88266873463423090  0.89487770397054878  0.90828005608506024
  0.92001502697944348  0.92800635733125503  0.93646378685854104  0.94526445508255952
  0.95420942756301652  0.96506044354785736  0.98105633034542405  1.00000000000000000
 -0.00699870313479865  0.01532246375240660  0.03307800563075637  0.04572248060635002
  0.05645292030611689  0.06623175992498002  0.07571788781162524  0.08742625726496581
  0.10068430833852919  0.11780507537205097  0.13044148633304845  0.13991843432252915
  0.14804103343164557  0.15736586643402026  0.16747234964080610  0.17664621378648498
  0.18536384707755366  0.19799733902318831  0.21594142814903369  0.23407599492838052
  0.24636422889640106  0.25414594634668991  0.26033737229420117  0.26571958359280795
  0.27161923981735603  0.27877901928131971  0.28734524490257285  0.29685094870222906
  0.30637784517321903  0.31565914170674919  0.32506972014913821  0.33535362875698849
  0.34231957352999687  0.35066084292112060  0.36000979806382583  0.37172142851266116
  0.37836469991426791  0.38384901651532721  0.39559263266642181  0.40768339484035265
  0.41911619608539330  0.42985130825636242  0.44516274553803248  0.46222460439374635
  0.47743723200845722  0.48905636882145259  0.50230427744567896  0.51552144450072324
  0.52824909250089946  0.53577974448782351  0.54358507349013185  0.55427863584823078
  0.56841245584814160  0.58597861788438610  0.60525451748781633  0.62114762492608222
  0.63324690294178620  0.64306356541153853  0.64932728724982647  0.65353284975940651
  0.65828005066603801  0.66351569316300141  0.66950067122917412  0.67680605257699633
  0.68247066047500993  0.68650690434823125  0.69297078394231726  0.69932625511263113
  0.70555084749460528  0.71604669132577536  0.72728890462526452  0.73570283748030985
  0.74354323246004506  0.75000572370826391  0.75520207647700566  0.75952381247540179
  0.76432453473695261  0.77038703926040386  0.78002708095512951  0.78973278298747385
  0.79806107292126260  0.80719068349757628  0.81539893675117014  0.82505804879230171
  0.83606592307615235  0.85330646359384843  0.86917197057312001  0.88490385807767269
  0.89948374344947857  0.91282167081901822  0.92476342873806050  0.93426049248665732
  0.94312948975952393  0.95366638850873331  0.97515048620154876  1.00000000000000000
 -0.00525621345605547  0.01894667778504016  0.03555525348274100  0.05123828209305675
  0.06441795267554684  0.07868489983647790  0.09162477491849001  0.10239148177077922
  0.11378403940161999  0.12539618827087917  0.13939443682896521  0.15384045288753609
  0.16735162039310100  0.18265989202368962  0.19944257587606917  0.21061718405569116
  0.21925652989695937  0.22632575759963244  0.23333852300942406  0.23947033170351584
  0.24646065274981313  0.25500228602906500  0.26469512994096772  0.27769227013943448
  0.28680478042992830  0.29440255986861463  0.30405603825194721  0.31206031392720385
  0.31901811293319798  0.32931841129284534  0.34376304220886628  0.36073239248005140
  0.37540532256162329  0.38475611511516739  0.39257637231104026  0.39830312316262018
  0.40308391609792377  0.40716144523623138  0.41460411607217762  0.42345568382339915
  0.43350339358988804  0.44342233932925568  0.45411848227324270  0.46582795200489996
  0.47753947943229308  0.48607559383524468  0.49293891665607792  0.50095883353103565
  0.50982395315224793  0.51734313657873643  0.52524979852182496  0.53810596938019040
  0.55613604776822556  0.57733463194767065  0.58939842364465045  0.59691933974094669
  0.60298309240522019  0.61002582988783371  0.61790461209132752  0.62416573317067414
  0.62977533556527676  0.63597846074538356  0.64315610954328251  0.64866618420680533
  0.65413162535386227  0.65921718724505263  0.66571309117655342  0.67309686113132217
  0.67994341694372085  0.68573538262846068  0.69105101981041550  0.69888948642417459
  0.70563876768867873  0.71395425938724577  0.72376682288329830  0.73569023287643698
  0.74960525519434262  0.76480689267627644  0.77566155961094718  0.78906501982808752
  0.80267066264277720  0.81454769913246317  0.82456900442561643  0.83503491692521936
  0.84702572918077823  0.86079873320252620  0.87767955261774000  0.89766907909608440
  0.91767991489141754  0.93568032672030566  0.94829190056073187  0.95980339386558522
  0.96902104857454152  0.97861787600027805  0.98878197454749828  1.00000000000000000
 -0.00266608042730924  0.01018736589746445  0.02199435132735503  0.03383147687790044
  0.04371425998423980  0.05317480062302513  0.06197206341128425  0.07099088134825733
  0.08080153367917420  0.09198328867745464  0.10371568528230472  0.11749934023625731
  0.12993339690362146  0.14004591212163750  0.14937193392439363  0.15878623966235197
  0.16871469023165367  0.18086948807818085  0.19280097668375282  0.20630043420926755
  0.21974983885253344  0.23229127571620617  0.24398425552898664  0.25488668224279104
  0.26757152922081373  0.28207099862456253  0.29515222459265839  0.30633801459050436
  0.31618097209617813  0.32361152298521423  0.33059790892953506  0.33933069045130948
  0.34947321003725029  0.36046591533895433  0.37759250797735966  0.39099376609227365
  0.40352011868334137  0.41297418882911330  0.42236765812463062  0.43055924631453146
  0.43859981328029163  0.44306037398696818  0.44638445439860158  0.45611686171809424
  0.46654335623256704  0.47334195175163957  0.48337445895039788  0.49265510115351346
  0.50245100331380443  0.51600073236526944  0.53082495375574512  0.54511927529773341
  0.55654153801291328  0.56512995900130858  0.57161103597575058  0.57644561304098951
  0.58087848965368971  0.58680628976659621  0.59678161483652581  0.60727833657244012
  0.61297577909496470  0.61711532370129352  0.62138516632949692  0.62587106280325056
  0.63166333558130594  0.63939461849306067  0.64699101832960026  0.65532374437522156
  0.66271104808552295  0.66922592245958568  0.67783222383226738  0.68653969830529982
  0.69554876467664273  0.70729037628125924  0.72014832521817485  0.73168644718429832
  0.74180796006962968  0.75250742249486624  0.76229710172950049  0.77286886111404585
  0.78840212365264528  0.79910164415512297  0.80708301267108307  0.81614436858069983
  0.82582315821718211  0.83343659077606536  0.83914510466269865  0.84538599033694395
  0.85692022108655763  0.87370404237577026  0.88792645608364473  0.90061137601054564
  0.91732905258409969  0.93865449630876630  0.96525504309631571  1.00000000000000000
 -0.00111275628271208  0.00333515744542367  0.00890192214963324  0.01526954121478236
  0.02184696660109897  0.02662022165761153  0.03179756057973538  0.03656614242436457
  0.04232972082519374  0.05121619983530454  0.06170281747070717  0.07880322501988522
  0.09107079075990379  0.09758576108951111  0.10445293471833091  0.11441869243124972
  0.12425259354747827  0.13129164175044761  0.13705864306613169  0.14021488980938501
  0.14376625171580101  0.14940869564019726  0.15547030479822738  0.16121123537614979
  0.16674470853931483  0.17300522480150324  0.18262495405738793  0.19258645646329042
  0.20140091660523793  0.20953610845480827  0.21944970891492602  0.23252258071982226
  0.24603088710229809  0.25852264653184814  0.26632475197923411  0.27189300094573271
  0.28075487986294656  0.29187989646883644  0.30142901337188222  0.30741164007731148
  0.31219781679712794  0.31819409841601831  0.32553330784479129  0.33230805886220982
  0.33917175318849507  0.34605628310788344  0.35306045286245441  0.36084066514035523
  0.36930841079879778  0.37690376970860867  0.38458915898181900  0.39275027504204713
  0.40390124208400613  0.41453940240477882  0.42569643733265200  0.43763035245837167
  0.44969749884162347  0.46195930801829488  0.47369050229740728  0.48503646438485415
  0.50456151537091942  0.52620862309718497  0.55246253788909316  0.58075098354890120
  0.59742375951929727  0.61047296504094473  0.62194161154398375  0.63720608343383445
  0.65365776908916595  0.66838218511171155  0.68260688775259704  0.69835897685569259
  0.71459016594611213  0.73050098223915427  0.74679843008913638  0.76140720150525176
  0.77396832815894523  0.78466358512809253  0.79634376322792788  0.80780003051204219
  0.82271164204152947  0.84350636212555186  0.86655001482351790  0.88558785253678474
  0.89764201887219830  0.91100298759549569  0.92517792331060944  0.93967655885283397
  0.95204784699074307  0.96111393134754930  0.96937202798868483  0.97771202547177571
  0.98575867219347124  0.98985361793949433  0.99468530702388736  1.00000000000000000
 -0.00130210754751297  0.00467038477598764  0.01013520144120839  0.01554751817078263
  0.02082244658959644  0.02766167335839841  0.03516172033832442  0.04526857806241149
  0.05741294990682756  0.07014045249359586  0.08044740920341993  0.08611444502745173
  0.08975075183300768  0.09567514934210136  0.10229580368155652  0.10893768898408099
  0.11480726482995844  0.11992579712596127  0.12485232900857762  0.13037435191607952
  0.13566434090297022  0.14126662847498048  0.14827453404883936  0.16212845160024561
  0.17695804189849018  0.19326788009609092  0.21014413141273905  0.21941126911503181
  0.22775908918699070  0.23591238595302433  0.24449607816335678  0.25188553964979715
  0.25801389587840456  0.26370141113826051  0.26943634021708412  0.27539391531780910
  0.28023154404181183  0.28557420019380469  0.29055353009421847  0.29859754468460176
  0.30693923018984881  0.31850863929660050  0.33059782300875323  0.34091463242679748
  0.35044312123476756  0.35926454144077080  0.36549824642107792  0.37141252140258457
  0.37714174677185658  0.38265949350396539  0.38803950262667408  0.39356631382690610
  0.40049223547738977  0.41170224388931592  0.42366265128611524  0.43541896526329843
  0.44654688495854133  0.45664178014320889  0.46564287909858743  0.47461234213211961
  0.48541699608893252  0.49824732646283287  0.51061649977039858  0.52108879820341458
  0.53139062469920295  0.54840609113537431  0.56748981642778729  0.58616007413989013
  0.60024328642478886  0.60771127024746163  0.61463836795746229  0.62171361602387742
  0.63276292123735334  0.64504409931006268  0.65589724451733700  0.66748970114745276
  0.67544805178075806  0.68215931238229788  0.69171858643829509  0.70186942464326774
  0.71666323094925100  0.73421259326591237  0.75544975513153467  0.77889561891001580
  0.80079552989110370  0.82118119947954249  0.84011525199196269  0.85691963790628145
  0.87418327048335931  0.88791844777941364  0.89896496045284846  0.91387502117659103
  0.93841541558919839  0.96272943338349448  0.98371466363496696  1.00000000000000000
 -0.00187823512135573  0.00854585600883130  0.02047956955997009  0.03206673017280472
  0.03984941650748846  0.04502294719872323  0.05145623456637004  0.05951730068610074
  0.06588699928819722  0.07166622710039977  0.07898691775898420  0.08983179599791406
  0.10609493461657345  0.12337484883609083  0.14122186439129261  0.15982536394522134
  0.17725884026948102  0.19098344362376551  0.20208995748943362  0.21451408067308769
  0.22383376113855841  0.23642107396034082  0.25034343401898917  0.26039191331619321
  0.27191756536091349  0.28378524263665023  0.29494901436966381  0.30534833875933420
  0.31642367949739397  0.32805056748313888  0.34063901683083087  0.35873025422728444
  0.37778732062164627  0.39454507453534321  0.40477188516981932  0.41046550569133261
  0.41663174949072246  0.42398159715878320  0.43168020657404171  0.43812058938502640
  0.44492525677367134  0.45189406192289616  0.45826713738719843  0.46206591100828548
  0.46680869982427331  0.47479640395290967  0.48177706820924471  0.48916346107568337
  0.49995719818294376  0.51057999531841469  0.51987455453463871  0.52779746699280872
  0.53419997848236567  0.54049410471405723  0.54980261606769676  0.56185522145120348
  0.57638361393081827  0.58819527034442198  0.59989965379834298  0.61327132182772870
  0.62460863857119053  0.63464549649127411  0.64335711907154358  0.65124858293937160
  0.66332996086525153  0.67533584039696393  0.68514293473960275  0.69536348020333327
  0.70709916705513964  0.72008701947409881  0.73320959311192035  0.74603845623713438
  0.76505532980854851  0.78522832239313034  0.80616008853132126  0.81836928046979907
  0.82726401277138539  0.83422908875574597  0.84265192222411300  0.84836928428034997
  0.85393480568771440  0.85883309033409039  0.86222014158140214  0.86695762924041286
  0.87091779094645894  0.88278183493331863  0.89890128209553999  0.91705544525117000
  0.93209277626768228  0.94459903359348951  0.95261873641039418  0.96046076095620592
  0.96813439358104503  0.97624524671120927  0.98580749837178117  1.00000000000000000
 -0.03125975093778757  0.14573689192458977  0.19922732557977510  0.21846902395963608
  0.23166560241578707  0.24242935101848512  0.25281197430943758  0.26345082712388068
  0.27479044568848898  0.28755967588118836  0.29576895127695885  0.30647407342040600
  0.31599039961787684  0.32305421811015056  0.33156499124632932  0.34152560120227266
  0.35142304451087159  0.35771399637137535  0.36188689522867568  0.36591147143619368
  0.37098251624735268  0.37694433108527908  0.38137538875978949  0.38523951395733275
  0.38934907729446150  0.39355889783359926  0.39799269510841412  0.40254958415131009
  0.40595645980703488  0.41054227397647580  0.41669766346463644  0.42162636473728587
  0.42696659588502900  0.43352993270754347  0.43968366223362404  0.44543854220342166
  0.45094108367114860  0.45649743998037240  0.46258771339567467  0.46959228984453616
  0.47504224299723341  0.48064779768503707  0.48519098005205546  0.48979004007969368
  0.49505875036212804  0.50075229817000733  0.50866792444840614  0.51659893912565236
  0.52269077400019592  0.52723438272222478  0.53160087812719647  0.53612386901683851
  0.54117979476151745  0.54645796845589489  0.55199448963685116  0.55603824111505795
  0.55913220232125838  0.56178038069118419  0.56427438483031223  0.56744002015750572
  0.57014868956127673  0.57285969964774341  0.57529845816179137  0.57855060059676167
  0.58252180679743126  0.58641025683882819  0.59164397417167136  0.59895169364897283
  0.60446694962764957  0.61046709219324491  0.61780223404762435  0.62491115095346661
  0.63040157147816334  0.63500119072182837  0.64082631520516165  0.64814761197482873
  0.65673040368963009  0.66568167100943765  0.67204351556035768  0.67663844314624177
  0.68010951803248321  0.68305672190222533  0.68749990768729941  0.69279245399699518
  0.69792214592137669  0.70627071232572591  0.71699273712552580  0.72623282992195648
  0.73509277609308221  0.74710605264973973  0.75981523036357546  0.77426745274339348
  0.79527890100809107  0.82552231956467514  0.88859417049479039  1.00000000000000000
 -0.00219852451961976  0.00941336395292439  0.01701575186766298  0.02406469045441675
  0.03237751496729409  0.04257601543483749  0.05384943157328973  0.06569059561164022
  0.07195189269520917  0.07768110104512620  0.08570555599357232  0.09290159972113347
  0.09772810480244878  0.10376968904741568  0.11475535101027527  0.12824261015711677
  0.14603872794932118  0.16215820660389671  0.17829399507774074  0.19118166642266898
  0.20307052612876458  0.21603971901651980  0.22927748118522168  0.24386283567574268
  0.26257067257373395  0.28092289618342398  0.30419522372393482  0.32091177117486075
  0.33265967486794878  0.34226352572630891  0.35033286020439353  0.35878395495147980
  0.36841073207802144  0.37948202945336745  0.38963803933486668  0.39912916020647876
  0.40829226189844969  0.41612196787926520  0.42251347505900305  0.42870846017095027
  0.43684719626104718  0.44823048578301278  0.45898820039830179  0.46894869087953095
  0.47923102374778032  0.48725736838697359  0.49406376979582778  0.50124151325349564
  0.51351771938862023  0.53015710890253609  0.54641520536314980  0.55857558277745967
  0.57361408208039233  0.59040857952743764  0.60267350315744794  0.61037692763453477
  0.61740157187288269  0.62397573297345910  0.63045860381844288  0.63883681864304531
  0.64799664388024003  0.65622698319231221  0.66399739457247697  0.67211743935931534
  0.68038302935609662  0.68678399179280725  0.69269231791519248  0.69914056743210518
  0.70751911434105330  0.71827703072032290  0.72529519327877168  0.73204279817417606
  0.73888440044755188  0.74572840100522730  0.75261265852623827  0.75970657215666693
  0.77039044147570712  0.78415816201127364  0.79712629795067036  0.80986730833893683
  0.82374105458790214  0.83733534457229319  0.84962607031694681  0.86130743246304420
  0.87195040485218223  0.88197488943455027  0.89996874266182991  0.91338058811585943
  0.92275153996885106  0.93082456304139050  0.93969815864220752  0.95424775150769747
  0.96560879025259694  0.97662292649620608  0.98769320593424104  1.00000000000000000
  0.55363822332112589  0.77609188919106575  0.81331371619689941  0.83585129382668910
  0.85707598796180717  0.87055855300949569  0.87752305806146147  0.88187323281216001
  0.88625933170033211  0.89052693592221177  0.89498447622545396  0.89853774849361079
  0.90281099820576194  0.90655948633061623  0.90955396471337946  0.91247528680725842
  0.91523365982644755  0.91832000699951621  0.92157974458619152  0.92483718370927803
  0.92727760724131314  0.92955061372027870  0.93217482054448431  0.93386836538711182
  0.93515234940135195  0.93629564883715288  0.93769530672068513  0.93943146970436475
  0.94128229452312906  0.94288200660913568  0.94392317828279271  0.94477288848299812
  0.94560012454282738  0.94640558904101302  0.94731360326988057  0.94828081688636034
  0.94915245767280187  0.95005174149379490  0.95075238334897494  0.95128128903712095
  0.95178096770028331  0.95245644186705603  0.95337175973147092  0.95427159455308608
  0.95517723714637914  0.95629218367446367  0.95735462744669153  0.95833267486274321
  0.95922338225655512  0.96010005306444668  0.96097505233134639  0.96193000076839308
  0.96268727037498136  0.96330098454102997  0.96386731168788242  0.96427989381185775
  0.96470864689147406  0.96513905259545729  0.96555565886749661  0.96613298695293492
  0.96691501743537744  0.96777193801439698  0.96855477304467807  0.96926497750120177
  0.96997780127890088  0.97069311106485034  0.97160771186572181  0.97263544581883876
  0.97370316166369109  0.97454446502990377  0.97508412656310262  0.97564693975902250
  0.97621650955501837  0.97681896182155248  0.97742979494917182  0.97803791805447660
  0.97861162527034928  0.97958260919321183  0.98066377583951625  0.98186096273842616
  0.98304637721965560  0.98418434787067621  0.98517536521684879  0.98596488589393894
  0.98675306828644715  0.98756732987295293  0.98840041077945962  0.98921988167822439
  0.98981679961608415  0.99045442739485223  0.99113490412233873  0.99187194340925400
  0.99301778470889301  0.99455574831221327  0.99673967438312905  1.00000000000000000
 -0.02022437114823618  0.11120904576134569  0.16309159186188016  0.19710900668230011
  0.21713328010881786  0.24951671583756518  0.27645498289415565  0.30038033401323222
  0.31986909259646790  0.33051612778381384  0.34168486673150811  0.35366710343736074
  0.36694623074236254  0.38230985676300988  0.39997024800629466  0.41541978615043196
  0.42600384522775303  0.43491590411029118  0.44198256758504356  0.44665002294246109
  0.45448324812785562  0.46237110591407810  0.46846965027921822  0.47210391140793428
  0.47654794843066711  0.48204053273733211  0.48847124390679819  0.49384214501999246
  0.49853944911618397  0.50475702782144616  0.51104823637713981  0.51748914435391180
  0.52258772293467060  0.52626891616779126  0.53013875226236362  0.53526438158186596
  0.53971627547603684  0.54561841346032669  0.55352285124020273  0.56070953069696994
  0.56652087809268215  0.57239661115976981  0.57684781948549058  0.58022112393113401
  0.58325295232524155  0.58582791899959019  0.58800909855487560  0.59008167272861278
  0.59218179285431127  0.59494078655387672  0.59816789345328381  0.60166442618069160
  0.60785746529542228  0.61399071990499510  0.61929209547571984  0.62464217551633139
  0.63007592647485056  0.63556257470941535  0.64058333342185181  0.64581509556587990
  0.65121011129883066  0.65650946995068082  0.66184611850200226  0.66766370658135132
  0.67671690964400344  0.68707510650240577  0.69636627045923338  0.70458015799952989
  0.71213456420272481  0.71849385379808983  0.72540181264347892  0.73296979599225776
  0.74091944887862748  0.74863464968107896  0.75418673639149358  0.76036396657265637
  0.76464372108744039  0.76752781212616705  0.77034211163857891  0.77284006816434980
  0.77593940902241976  0.78040775814247187  0.78627082914751911  0.79267626754674847
  0.79913410786339389  0.80485502257779351  0.80954671827832103  0.81564631491050488
  0.82429849485092022  0.83388735542961456  0.84291254862244058  0.85070933017412675
  0.86070503996622416  0.87383364244234452  0.89970767663957985  1.00000000000000000
   3.6861995300736465E-019  -1.0000000000000000     
 F F F F F F F F F F F F F F F F F F F F F F F F F F F F F F F F F F F F F F F F F F F F F F F F F F F F F F F F F F F F F F F F F F F F F F F F F F F F F F F F F F F F F F F F F F F F F F F F F F F F F F F F F F F F F F F F F F F F F F F F F F F F F F F F F F F F F F F F F F F F F F F F F F F F F F F F F F F F F F F F F F F F F F F F F F F F F F F F F F F F F F F F F F F F F F F F F F F F F F F F F F F F F F F F F F F F F F F F F F F F F F F F F F F F F F F F F F F F F F F F F F F F F F F F F F F F F F F F F F F F F F F F F F F F F F F F F F F F F F F F F F F F F F F F F F F F F F F F F F F F F F F F F F F F F F F F F F F F F F F F F F F F F F F F F F F F F F F F F F F F F F F F F F F F F F F F F F F F F F F F F F F F F F F F F F F F F F F F F F F F F F F F F F F F F F F F F F F F F F F F F F F F F F F F F F F F F F F F F F F F F F F F F F F F F F F F F F F F F F F F F F F F F F F F F F F F F F F F F F F F F F F F F F F F F F F F F F F F F F F F F F F F F F F F F F F F F F F F F F F F F F F F F F F F F F F F F F F F F F F F F F F F F F F F F F F F F F F F F F F F F F F F F F F F F F F F F F F F F F F F F F F F F F F F F F F F F F F F F F F F F F F F F F F F F F F F F F F F F F F F F F F F F F F F F F F F F F F F F F F F F F F F F F F F F F F F F F F F F F F F F F F F F F F F F F F F F F F F F F F F F F F F F F F F F F F F F F F F F F F F F F F F F F F F F F F F F F F F F F F F F F F F F F F F F F F F F F F F F F F F F F F F F F F F F F F F F F F F F F F F F F F F F F F F F F F F F F F F F F F F F F F F F F F F F F F F F F F F F F F F F F F F F F F F F F F F F F F F F F F F F F F F F F F F F F F F F F F F F F F F F F F F F F F F F F F F F F F F F F F F F F F F F F F F F F F F F F F F F F F F F F F F F F F F F F F F F F F F F F F F F F F F F F F F F F F F F F F F F F F F F F F F F F F F F F F F F F F F F F F F F F F F F F F F F F F F F F F F F F F F F F F F F F F F F F F F F F F F F F F F F F F F F F F F F F F F F F F F F F F F F F F F F F F F F F F F F F F F F F F F F F F F F F F F F F F F F F F F F F F F F F F F F F F F F F F F F F F F F F F F F F F F F F F F F F F F F F F F F F F F F F F F F F F F F F F F F F F F F F F F F F F F F F F F F F F F F F F F F F F F F F F F F F F F F F F F F F F F F F F F F F F F F F F F F F F F F F F F F F F F F F F F F F F F F F F F F F F F F F F F F F F F F F F F F F F F F F F F F F F F F F F F F F F F F F F F F F F F F F F F F F F F F F F F F F F F F F F F F F F F F F F F F F F F F F F F F F F F F F F F F F F F F F F F F F F F F F F F F F F F F F F F F F F F F F F F F F F F F F F F F F F F F F F F F F F F F F F F F F F F F F F F F F F F F F F F F F F F F F F F F F F F F F F F F F F F F F F F F F F F F F F F F F F F F F F F F F F F F F F F F F F F F F F F F F F F F F F F F F F F F F F F F F F F F F F F F F F F F F F F F F F F F F F F F F F F F F F F F F F F F F F F F F F F F F F F F F F F F F F F F F F F F F F F F F F F F F F F F F F F F F F F F F F F F F F F F F F F F F F F F F F F F F F F F F F F F F F F F F F F F F F F F F F F F F F F F F F F F F F F F F F F F F F F F F F F F F F F F F F F F F F F F F F F F F F F F F F F F F F F F F F F F F F F F F F F F F F F F F F F F F F F F F F F F F F F F F F F F F F F F F F F F F F F F F F F F F F F F F F F F F F F F F F F F F F F F F F F F F F F F F F F F F F F F F F F F F F F F F F F F F F F F F F F F F F F F F F F F F F F F F F F F F F F F F F F F F F F F F F F F F F F F F F F F F F F F F F F F F F F F F F F F F F F F F F F F F F F F F F F F F F F F F F F F F F F F F F F F F F F F F F F F F F F F F F F F F F F F F F F F F F F F F F F F F F F F F F F F F F F F F F F F F F F F F F F F F F F F F F F F F F F F F F F F F F F F F F F F F F F F F F F F F F F F F F F F F F F F F F F F F F F F F F F F F F F F F F F F F F F F F F F F F F F F F F F F F F F F F F F F F F F F F F F F F F F F F F F F F F F F F F F F F F F F F F F F F F F F F F F F F F F F F F F F F F F F F F F F F F F F F F F F F F F F F F F F F F F F F F F F F F F F F F F F F F F F F F F F F F F F F F F F F F F F F F F F F F F F F F F F F F F F F F F F F F F F F F F F F F F F F F F F F F F
  <DiscreteSampler_grid>
  grouped_processes
  1 # 1 for a reference and 2 for a running grid.
  10 # Attribute 'min_bin_probing_points' of the grid.
  1 # Attribute 'grid_mode' of the grid. 1=='default',2=='initialization'
  0.0000000000000000 # Attribute 'small_contrib_threshold' of the grid.
  0.5000000000000000 # Attribute 'damping_power' of the grid.
 # binID   n_entries weight   weight_sqr   abs_weight
    61   10   1.781287030170314E-017   1.226559330291633E-033   1.781287030170314E-017
    62   10   1.781287030170051E-017   1.226559330291327E-033   1.781287030170051E-017
    64   10   3.562574060340627E-017   4.906237321166534E-033   3.562574060340627E-017
    65   10   3.562574060340101E-017   4.906237321165307E-033   3.562574060340101E-017
    67   10   8.962258759697804E-017   5.870135721181421E-032   8.962258759697804E-017
    68   10   8.962258759697523E-017   5.870135721181388E-032   8.962258759697523E-017
    70   10   1.792451751939561E-016   2.348054288472568E-031   1.792451751939561E-016
    71   10   1.792451751939505E-016   2.348054288472555E-031   1.792451751939505E-016
    106   10   1.781287030170348E-017   1.226559330291671E-033   1.781287030170348E-017
    107   10   1.781287030169964E-017   1.226559330291227E-033   1.781287030169964E-017
    109   10   3.562574060340696E-017   4.906237321166686E-033   3.562574060340696E-017
    110   10   3.562574060339928E-017   4.906237321164909E-033   3.562574060339928E-017
    112   10   8.962258759697844E-017   5.870135721181418E-032   8.962258759697844E-017
    113   10   8.962258759697401E-017   5.870135721181364E-032   8.962258759697401E-017
    115   10   1.792451751939569E-016   2.348054288472567E-031   1.792451751939569E-016
    116   10   1.792451751939480E-016   2.348054288472546E-031   1.792451751939480E-016
    151   10   4.379854484112899E-017   1.841068164054516E-032   4.379854484112899E-017
    152   10   4.379854484112899E-017   1.841068164054516E-032   4.379854484112899E-017
    154   10   8.759708968225798E-017   7.364272656218064E-032   8.759708968225798E-017
    155   10   8.759708968225798E-017   7.364272656218063E-032   8.759708968225798E-017
    157   10   1.278601000264721E-016   1.200318126790692E-031   1.278601000264721E-016
    158   10   1.278601000264744E-016   1.200318126790697E-031   1.278601000264744E-016
    160   10   2.557202000529443E-016   4.801272507162770E-031   2.557202000529443E-016
    161   10   2.557202000529488E-016   4.801272507162789E-031   2.557202000529488E-016
    196   10   4.379854484112892E-017   1.841068164054510E-032   4.379854484112892E-017
    197   10   4.379854484112911E-017   1.841068164054527E-032   4.379854484112911E-017
    199   10   8.759708968225785E-017   7.364272656218038E-032   8.759708968225785E-017
    200   10   8.759708968225822E-017   7.364272656218106E-032   8.759708968225822E-017
    202   10   1.278601000264718E-016   1.200318126790685E-031   1.278601000264718E-016
    203   10   1.278601000264745E-016   1.200318126790704E-031   1.278601000264745E-016
    205   10   2.557202000529436E-016   4.801272507162740E-031   2.557202000529436E-016
    206   10   2.557202000529491E-016   4.801272507162815E-031   2.557202000529491E-016
  </DiscreteSampler_grid>
