  0.00005393662873313  0.00005411677137960  0.00005446539908866  0.00005488101503814
  0.00005518692533422  0.00005555880511024  0.00005586231161174  0.00005611849440032
  0.00005639117500581  0.00005666061075449  0.00005692536634654  0.00005728167985549
  0.00005765742411179  0.00005804335582726  0.00005844058683688  0.00005884920842199
  0.00005929027288211  0.00005968461709122  0.00006003079035668  0.00006031215502078
  0.00006055496034367  0.00006076209832827  0.00006107642736331  0.00006136030189598
  0.00006165737345178  0.00006198273602267  0.00006227483295763  0.00006249969969368
  0.00006272837090847  0.00006304229179487  0.00006334153407218  0.00006364774724346
  0.00006396894062002  0.00006431850968392  0.00006482781020242  0.00006537022921606
  0.00006583002446102  0.00006624117042902  0.00006662662400078  0.00006703174601480
  0.00006738507202370  0.00006760050259031  0.00006797457264300  0.00006838332747171
  0.00006880159866130  0.00006921942921430  0.00006966395324999  0.00007023880084113
  0.00007090671942874  0.00007149412538737  0.00007210117900248  0.00007274041244197
  0.00007349586538561  0.00007438361986801  0.00007541064057222  0.00007684506700799
  0.00007854844694624  0.00008007552248399  0.00008159700313654  0.00008339979837052
  0.00008510985183074  0.00008646737506664  0.00008753033760639  0.00008859778577918
  0.00008969652539825  0.00009115509257537  0.00009349247368499  0.00009578382545379
  0.00009798466232381  0.00010002289975112  0.00010235218532723  0.00010490419613283
  0.00010763263289685  0.00011051116018053  0.00011322368802408  0.00011577776171160
  0.00011871265211166  0.00012368955448143  0.00013008574788719  0.00013575729876096
  0.00014143688394622  0.00014702740816301  0.00015325189074292  0.00016027045588764
  0.00016928508120284  0.00018210913985755  0.00020203437932213  0.00022794594112218
  0.00026310707386726  0.00030921888216831  0.00037913065761327  0.00049153141702769
  0.00062650607987500  0.00122579387840226  0.17615162059477205  1.00000000000000000
  0.00112166141390871  0.01955479690483999  0.03474239671568063  0.04829128526286088
  0.06119915061294039  0.07689328157329284  0.09600302429196282  0.11103412368258252
  0.12033496340150535  0.12832814504882545  0.13649021761793795  0.14715520232118071
  0.15960625070287296  0.17575238834317441  0.19078353441348908  0.20751305272466039
  0.22187559252777136  0.23457263807769699  0.24345572781550412  0.25047770646301215
  0.25731294237754115  0.26449570687754587  0.27204883420146014  0.28263451814449836
  0.29121539312513234  0.29930957084403714  0.30757328407680201  0.31739507940607220
  0.32593849151364485  0.33210041312664995  0.33695585069963185  0.34085429663290556
  0.34416729547624575  0.34755464649557671  0.35297748623545511  0.35951526573505288
  0.36804728854398283  0.37566682415823272  0.38293334499909737  0.39086576676436546
  0.40071231134407859  0.41159611995721940  0.42461767094882535  0.43761122796835694
  0.45174128717895595  0.46374457141767556  0.47782006670795574  0.49376731165365828
  0.50900475307668436  0.52379595065319084  0.54212866540928983  0.55800290112743989
  0.57653359204422472  0.59453427416020910  0.60877477340358477  0.62006443819194235
  0.62972565754163634  0.64039434349433655  0.64969467049716123  0.65930805214145372
  0.67028035398179464  0.68311134280707797  0.69802931294784343  0.71685008759490243
  0.73827919478797943  0.75524332707672859  0.76890500723453814  0.78148838571116119
  0.79462157959717716  0.80518435443101710  0.81189629115980100  0.81822682959325144
  0.82598049472804147  0.83336386842916077  0.84121956785468521  0.84760479161891567
  0.85619956886053405  0.86478596746236502  0.87544739832437668  0.88130999166819690
  0.88428750623171037  0.88697798477505985  0.89047475120024633  0.89543982790432841
  0.90088696741023644  0.90511163017507312  0.90942271363561911  0.91564055297474467
  0.93104383208026220  0.94901346185474988  0.96166031677690467  0.96875426386576191
  0.97486976978341633  0.98116548359588285  0.98822995008546355  1.00000000000000000
  0.00017540843753736  0.00017973965616846  0.00018321395577224  0.00018622852505647
  0.00018912993815121  0.00019223217063043  0.00019568354589463  0.00019983462168915
  0.00020385846982056  0.00020634395363161  0.00020829601967534  0.00021017448364497
  0.00021195197114168  0.00021404981972404  0.00021629873496173  0.00021819260991881
  0.00022009302543151  0.00022216289556265  0.00022441179090448  0.00022711025047609
  0.00023041019308707  0.00023412148775852  0.00023816398738201  0.00024255168251464
  0.00024651309434413  0.00024885071681927  0.00025073002943125  0.00025242619708138
  0.00025409234930612  0.00025656709340772  0.00025918432052675  0.00026195237872850
  0.00026530372031418  0.00026786110291669  0.00027189180673465  0.00027690613852454
  0.00028186668617884  0.00028673899236497  0.00029138962964341  0.00029566545673511
  0.00029985936448282  0.00030405689736767  0.00030818268052993  0.00031261753629785
  0.00031981832373244  0.00032705602210523  0.00033444157935697  0.00034259276543740
  0.00035165833236562  0.00036049040530708  0.00036968609880436  0.00037897385631459
  0.00038747631618623  0.00039446078770966  0.00040145923044069  0.00040826127971473
  0.00041517092806796  0.00042121041536075  0.00042578559847051  0.00043054705854747
  0.00043550758033984  0.00044607311378828  0.00045526999709411  0.00046387457409210
  0.00047180762923738  0.00048385826651586  0.00049447478562176  0.00050174236962652
  0.00050696442023314  0.00051254050528399  0.00051709170132367  0.00052054536105340
  0.00052901647674272  0.00054655739066365  0.00057096795758969  0.00059085072223970
  0.00060934992948883  0.00062887863840110  0.00065709719023375  0.00069220510265551
  0.00073594383720448  0.00077781677907523  0.00081307279080164  0.00084031533790720
  0.00086807836699837  0.00092916264490736  0.00104629110948364  0.00118501833928844
  0.00132243147594567  0.00146668998336854  0.00171372100467749  0.00225760669888754
  0.00296430921885595  0.00647962807324958  0.28698133737781240  1.00000000000000000
  0.00574602233251839  0.02606549164508129  0.04471890861389207  0.06350726185022267
  0.08250391404155261  0.10275170560371877  0.11579406916971080  0.12534557045694641
  0.13471476116745626  0.14191207156466193  0.14953994024123179  0.15447977900716317
  0.16009778678973230  0.16621538546451048  0.17206463150047657  0.17787515506701604
  0.18231536658228834  0.18548680267654671  0.18851233309959198  0.19121980188455692
  0.19342375156869784  0.19628851308381032  0.20461108267778705  0.21310594985327247
  0.22178914511485151  0.22916556811811820  0.23693650157450893  0.24641732792085869
  0.25547460415977880  0.26251746405888088  0.26930799713940895  0.27576302581674578
  0.28186794681798233  0.28765230991881569  0.29298967592969416  0.29991350811421819
  0.30490221130428713  0.31087095876053888  0.31853883948474049  0.32998461471111229
  0.34319532497968402  0.35747271155947208  0.36806274336819583  0.37516660498312149
  0.38242335112684511  0.38950274119544170  0.39583699368952180  0.40288407958944156
  0.41293996803692357  0.42433315379863296  0.43243977354645513  0.43788559499992979
  0.44256577690131005  0.44747949724778091  0.45327270920224977  0.46126090658434826
  0.47335059027408743  0.48284837778721018  0.49364862854377967  0.50750242425410930
  0.52218252379815078  0.53733920546343883  0.55142536363469730  0.56485610150312660
  0.57762888045671212  0.58959795476384769  0.60181433179141774  0.61577782908136514
  0.63885153611362144  0.65440768978638819  0.66515635635789405  0.67533932592831525
  0.68487449512350385  0.69338756332601414  0.70210372267481647  0.70963357037515806
  0.71834871016423774  0.72714480851044050  0.73731853291855509  0.74867476325744631
  0.76244982310045284  0.77855610946031351  0.80156894728657602  0.81998381942810872
  0.83671798972148415  0.85190601192152304  0.86863658140622169  0.88426334530689010
  0.89729112686719770  0.90814545793270463  0.91925357681367148  0.93204172102361393
  0.95166358958224950  0.96510474866938278  0.97833226819758790  1.00000000000000000
  0.00054556704499336  0.00060673014853316  0.00064544111439457  0.00066994317350886
  0.00069202187073472  0.00071207511795353  0.00073044431248729  0.00075033713321726
  0.00078260839919881  0.00081083590578298  0.00083123002049043  0.00085188453720868
  0.00088096211279582  0.00092651336120812  0.00098938595774436  0.00105944873622247
  0.00112064277024255  0.00117823895991779  0.00123232631289022  0.00128773128593404
  0.00136334680235083  0.00146685616038593  0.00155067423711111  0.00161596728360729
  0.00167651970567142  0.00174008223859754  0.00181412408989973  0.00189739606804349
  0.00199201597364362  0.00210521057750513  0.00222618337175829  0.00232629880287006
  0.00240739081999465  0.00248555538458443  0.00256631573754914  0.00264206694075954
  0.00270843327864107  0.00280031400502426  0.00294894434548715  0.00314686966838762
  0.00337397178580375  0.00359953491355051  0.00370860648409232  0.00384728027158471
  0.00396275453718441  0.00408583184438838  0.00424385439442162  0.00443263155296198
  0.00457251198154258  0.00470491903174472  0.00491010661465660  0.00523816314939973
  0.00557810261715544  0.00585301510570472  0.00608898008551549  0.00628666601965096
  0.00652110497467961  0.00671668250149409  0.00683855139211169  0.00696821450305726
  0.00711214616970625  0.00726237485662014  0.00745570824732031  0.00767793716650973
  0.00796928700418341  0.00872528972381941  0.00915923376767921  0.00942523765415715
  0.00967344892299754  0.00990978893641724  0.01014953931037109  0.01039456028007367
  0.01079030407862446  0.01166281386746079  0.01276302716207073  0.01327138304091647
  0.01377667564782767  0.01438590912670913  0.01496199698230849  0.01586254395228416
  0.01654197292775396  0.01687384162567574  0.01731089426829048  0.01790566281151313
  0.01858457239099786  0.01936109472460989  0.02094716450108286  0.02347540493030134
  0.02723649927648658  0.03102063138920678  0.03371477764961581  0.03660947925330202
  0.04104248865910629  0.04888545490287164  0.43784143058187464  1.00000000000000000
 -0.00033315935533836  0.03787809176494449  0.05768996624259604  0.07734824769130381
  0.09820667686511289  0.11878699462090596  0.12971759139156550  0.14026381961732756
  0.14964319873429877  0.15986162433955003  0.16971908640535396  0.18415746400752295
  0.20523881589383761  0.21759227940200487  0.22859205126729912  0.23603907602687482
  0.24329627329857534  0.25036858998399447  0.25762851378301660  0.26959070090862031
  0.28552059688665615  0.29853144870116777  0.30823515054460948  0.32269630667821514
  0.34043136115502343  0.36313540759621521  0.37763082476962218  0.38850823229454357
  0.39824679783467404  0.40836455316046211  0.41921903814600653  0.43006457641339724
  0.44187426374478966  0.45720613843153685  0.46991716141458101  0.47859339593822947
  0.48544354947938029  0.49236644811506119  0.50008128766647808  0.51158298262974011
  0.53003192554884215  0.55106003586726326  0.57309897190742731  0.58647419283888280
  0.59371239107920781  0.59995701858925699  0.60572215807020280  0.60997377169511202
  0.61426626660005545  0.61663077290794843  0.62003450723677889  0.62400879791852992
  0.63134176619540006  0.63699863444153570  0.64246592690961191  0.64741096719602509
  0.65082330564132607  0.65522607344049388  0.66024804175152141  0.66568821223156693
  0.67128232004953026  0.67806971978718089  0.68381242282582921  0.68934003307598790
  0.69651804731341427  0.70491745390488547  0.71460592973556947  0.72451883201345568
  0.73007994615665095  0.73627500668444057  0.74473436750471278  0.75406233921714627
  0.76188817897983896  0.77300254801101709  0.78240328366822998  0.79184217062086137
  0.80152073021179693  0.81149970034862129  0.82506611784295858  0.84091640170963544
  0.85450012039368384  0.86772499920486490  0.87753402651906176  0.88397295466684123
  0.88998376334424523  0.89616233656616939  0.90248798111858186  0.91146970384637493
  0.92147605157493384  0.93262029051637785  0.94413188915477775  0.95736197967625047
  0.96927373137780926  0.97924346355886360  0.98973076130728399  1.00000000000000000
  0.00000791249835224  0.00001427929996272  0.00001827340576241  0.00002013411426775
  0.00002129675614635  0.00002278729720300  0.00002373576382161  0.00002412821034077
  0.00002453759607998  0.00002499114955096  0.00002580832413233  0.00002703016907118
  0.00002866784634352  0.00003132731773341  0.00003388931804378  0.00003666192470850
  0.00003975891064349  0.00004341941634966  0.00004747279323481  0.00005167773898231
  0.00005546922362961  0.00005994713221952  0.00006556611669559  0.00007097713834257
  0.00007555999258118  0.00007981418266944  0.00008444646306556  0.00008917265224456
  0.00009305864085053  0.00009691617070894  0.00010046690620643  0.00010382399247650
  0.00010712268074248  0.00011060813693198  0.00011477348325797  0.00012030343083985
  0.00012714652366887  0.00013428961121323  0.00014281686428450  0.00015313430877344
  0.00016411880102492  0.00017688842241300  0.00019593641985965  0.00022037087200518
  0.00024876202087950  0.00027806306749390  0.00030510102286307  0.00033345857253665
  0.00036744568933241  0.00040661437046988  0.00044989375984476  0.00049877138909923
  0.00056222691823781  0.00063428901209074  0.00070781482648943  0.00076757169042455
  0.00081751796591748  0.00086159311569414  0.00089778326689968  0.00092843569791875
  0.00096437836278681  0.00100103449778758  0.00103687143828507  0.00107270837878256
  0.00110876398358334  0.00114490807762578  0.00118268807930487  0.00122149644135813
  0.00128701035216349  0.00135337803540785  0.00141938119346441  0.00150414430268410
  0.00158155825509722  0.00166554798846874  0.00176820786911239  0.00188294498519462
  0.00204896617107532  0.00221967256111517  0.00235215572597685  0.00252771055257700
  0.00271777926232838  0.00287546848820941  0.00301624890928212  0.00312658925971140
  0.00327440693406216  0.00349631642849823  0.00392555495393201  0.00449284894411015
  0.00499081335177465  0.00533122077155401  0.00563998236446139  0.00640426489219459
  0.00796819874404217  0.01224537582544113  0.35289026077100011  1.00000000000000000
 -0.00114127827142173  0.00606014000961314  0.01052594662195050  0.01378060562032795
  0.01670006500542311  0.02055930897772040  0.02468129626959945  0.02911652973084770
  0.03537897393382713  0.03967905862709786  0.04379866585431462  0.04944125650540915
  0.05696663396739853  0.06391384903346108  0.07223514278782422  0.08124442695591920
  0.09052525804566881  0.10185034732657225  0.11112237734285299  0.11966933566643190
  0.12830321310819837  0.13972838768138146  0.15169867303806986  0.16463340821091405
  0.17842311726296528  0.19261851187791859  0.20721270690887941  0.22156143640867773
  0.23189792661538983  0.23858534959373759  0.24534344053515950  0.25212210200198465
  0.26007384793554850  0.26958331739250230  0.28173211320134273  0.29125320805168142
  0.29785538454505711  0.30382008482010003  0.30984444400312927  0.31702708032879040
  0.32632335049589956  0.33485150220327409  0.34275462170381021  0.35040129023039457
  0.35803077454718785  0.36564310855977761  0.37379129017124146  0.38342460916590998
  0.39440085214657572  0.40745315807814425  0.42221956889591861  0.43332264451309199
  0.44049400472930189  0.44557000258290702  0.45108215950732655  0.45973812429276173
  0.46965044182837323  0.48013373889935884  0.49058866814352309  0.51212944530626814
  0.52555742166075925  0.53560336372859818  0.54380953483127625  0.55131608138893007
  0.55701271150224407  0.56322437247794865  0.56965238635197946  0.57631737184684628
  0.58313605099687016  0.59141208828018776  0.61125931897440311  0.62594007803462093
  0.63784153562608947  0.64926263892797820  0.66083515670862980  0.67299736966816703
  0.68467045498155166  0.69266957021392184  0.70007645398568707  0.70865329181176417
  0.71781763627253647  0.73129021861667132  0.74623891150413546  0.76169269653073779
  0.76972512364309387  0.78173349092398325  0.79500849554998010  0.80489870335721958
  0.81865259341469032  0.83712055515145034  0.85267352910475713  0.86948232064244613
  0.89027050726088863  0.91481774619145806  0.95282887254408888  1.00000000000000000
 -0.00232101348264752  0.00543486317063076  0.01287994397869301  0.02014988818921096
  0.03081247975057503  0.04187640357452974  0.05439934958389374  0.06830092263823304
  0.07995492747507606  0.08913761667985502  0.09652319003026109  0.10215018619405872
  0.10710790973564410  0.11091374363505405  0.11480898296200612  0.11886050440156226
  0.12327209231698652  0.12818308983937796  0.13410168232142131  0.14526455540022351
  0.16178789030674395  0.18193034170237990  0.20169282813470235  0.21295474766994155
  0.22204272756040419  0.22897186781873982  0.23533791401237911  0.24249222955223126
  0.24913281097103918  0.25474899125488143  0.26152265215158182  0.27600123722078701
  0.29272871885834084  0.30382512719173083  0.31244898660576415  0.32050355899190353
  0.32645974616584406  0.33165525088324010  0.33609483255586725  0.34066911208800493
  0.34560943244206854  0.36045503585044891  0.37688526655901744  0.38993689178673230
  0.40074766738352940  0.40900501878363538  0.41691167217173203  0.42481296742954971
  0.43338031032434832  0.44357503473998894  0.45422501316033187  0.47174104722542087
  0.48151196722790168  0.48738123171815562  0.49394109884942516  0.50353487313239886
  0.51356023387650818  0.52251216019924163  0.52976090185918778  0.53648665674339435
  0.54616656398691421  0.56227452860141081  0.57253283426067647  0.58234870022020768
  0.59206824345523812  0.60107987149473285  0.61149571114779144  0.62612856507877157
  0.63929099420724989  0.65009023499326535  0.66011976670601058  0.67475393430737363
  0.69547381529077046  0.71663266781653012  0.73468880685222737  0.75092041441023705
  0.76238479742409382  0.77103790405325612  0.77993329476515483  0.78903900469657084
  0.79831043924764677  0.80838388768946445  0.82347655522368490  0.83852125082619988
  0.85040289601752617  0.86358444081753261  0.87637479403367069  0.88874526951074462
  0.90043242973772042  0.91300559501394196  0.92891927891281689  0.94891576289866586
  0.96679472402621058  0.97919215225855816  0.99004920262976315  1.00000000000000000
 -0.00397745156479819  0.01402106656977524  0.03278474086468689  0.06582773000980569
  0.09508486697571103  0.11131833689325979  0.12431043302399469  0.13612511132462665
  0.14481450380067806  0.16042823273347642  0.17483936912040718  0.18864686621521046
  0.20179392863914086  0.21658211086511486  0.23855140723055182  0.27048653694362501
  0.28342118177364384  0.29496773701824747  0.30543122485735580  0.31482167111285081
  0.32645324167092526  0.33429541557851350  0.34109995753328853  0.34612794432381799
  0.35027929156523785  0.35850681276182977  0.36542454719934930  0.36990157284988723
  0.37447473739132719  0.38221443331444682  0.39156194355467017  0.40253717091605951
  0.41537788147293586  0.42919733964734891  0.44354756161117770  0.45731540223571815
  0.46686948948243168  0.47698992561772746  0.48681311143565209  0.49544779980083176
  0.50616403686082467  0.51665596049005869  0.52726005755221772  0.53938490236684400
  0.55185952783252312  0.56234794834352519  0.57179046356232843  0.58100541296835273
  0.59261598033327667  0.60810263385790375  0.62058631046890311  0.63318097668737672
  0.64370971518966513  0.64947572834811729  0.65366813008004432  0.65788140167854947
  0.66398291978357871  0.67053698722957622  0.67688969842447011  0.68189153240875555
  0.68668810119917878  0.69299112948704522  0.70100081321512497  0.70721433723033789
  0.71611230586398988  0.72564932712905994  0.73500634053245917  0.74557285087998393
  0.75960352007253873  0.77092037461750285  0.78011839889336609  0.78906695515955516
  0.79824809626123627  0.80973389167234611  0.81771425151214050  0.82411336198989993
  0.82948900906069034  0.83456890516680327  0.83950912475088846  0.84463988630208375
  0.85041347259347400  0.86307761213426315  0.87522570544245581  0.88790576113065545
  0.90028438250173715  0.91170785873966398  0.92127159036549011  0.92660044669721497
  0.93399096791492719  0.94211442249630117  0.95084336099872280  0.95879592644331157
  0.96635160146797705  0.97369779968508152  0.98509643953132742  1.00000000000000000
 -0.00191517977344917  0.00670266436297035  0.01505264258028259  0.02603819599743046
  0.03522082275016065  0.04207167280212723  0.04857484744114192  0.05862297470390395
  0.07615146934064111  0.08890347291579111  0.09931341477865507  0.10829848893408336
  0.11763751401642945  0.12978596747185839  0.14472628393306763  0.15914860907066478
  0.17063437056362604  0.17767196327928772  0.18316522482735464  0.18809934628918754
  0.19326135190824251  0.19977807642290851  0.20529995258347897  0.20843010781558166
  0.21167077290829311  0.21502255264061382  0.21808690646943621  0.22228556313909617
  0.22828372439098918  0.24085369566830800  0.25854631781492232  0.27458760376257363
  0.29055223010144460  0.30172859083778331  0.30932172849388562  0.31471633442268387
  0.31985899259961759  0.32536173317187894  0.33185144975955994  0.34176907435809817
  0.35512504190556038  0.36828390133750877  0.38296580055707785  0.40085044202811698
  0.41493239818965139  0.42697122605099136  0.43862431329132134  0.45655371983884546
  0.47333895625030870  0.48807248944937237  0.50472102750941517  0.51938091125769470
  0.52990916467828486  0.53957421847430587  0.54949482285562790  0.55784811426815306
  0.56620062451443554  0.57477524007803404  0.58051002513722583  0.58528764729345184
  0.59298871638064565  0.60143728310374822  0.61049274017105448  0.61940182544923283
  0.63278097641958975  0.64470000017838214  0.65636316024442476  0.66744546503429059
  0.67911444958392153  0.69199188909640441  0.71340184131971096  0.73497008403269748
  0.74769732687496715  0.75795589337809288  0.76580910123383905  0.77424933744956559
  0.78483239460949716  0.79690946133726592  0.80963225199038180  0.82113672071912946
  0.83141583268186259  0.84101021683530930  0.85116597627430834  0.86358582094998959
  0.87891371022581410  0.89633696647127581  0.90907574268087710  0.91906539667306897
  0.92936927123016877  0.94101442707857508  0.95023450102573592  0.96036639760170517
  0.97194025824886621  0.98188314726250070  0.99111116721381387  1.00000000000000000
 -0.00717279938476361  0.02323113625718404  0.04971785040176811  0.07278274118319482
  0.09040882258395373  0.10152589217320615  0.10963072654476014  0.11771272272790095
  0.12924945718590172  0.13974051497963408  0.15546248415117725  0.16921057707489245
  0.18232988808223732  0.19452772888025974  0.20473193124384792  0.21316339603142906
  0.22071023047661326  0.22748378333512007  0.23352594813834532  0.24163537710908115
  0.24999549911701247  0.25970562650838264  0.26854744088838617  0.27966237203769373
  0.29549569089910671  0.31172427051718027  0.32947838827355808  0.34879053826374945
  0.37306497585014931  0.39658657744338077  0.41101374827953091  0.42365267892322661
  0.43778804519112657  0.44906597128974007  0.45748181398681009  0.46539232079535736
  0.47575036339065635  0.48883184145131897  0.50191536947498050  0.51420435661707531
  0.52530004219543169  0.53834709142574244  0.54763197242015660  0.55504444261840935
  0.56392362665524565  0.57388003257785247  0.58511441428759514  0.59899449145948791
  0.61220058052428394  0.62342642909087587  0.63572676535542583  0.65049844098591303
  0.66837128313472804  0.68502957131342856  0.69731082313710357  0.70841088778854377
  0.71848335289902787  0.72890496829817220  0.73990819315676981  0.74645541406269889
  0.74991035344663559  0.75329054340969648  0.75683028120165474  0.76108060108813946
  0.76630047676998214  0.77199512735372833  0.77634642221908723  0.78407658396599655
  0.79270453328887258  0.80368734538682818  0.81569644091776072  0.82470819488415381
  0.83149172314286990  0.83699549125289618  0.84168513326883942  0.84642683357756143
  0.85174435996107567  0.85750991536131005  0.86219861446206547  0.86708279772340002
  0.87382814006725018  0.88097020291689743  0.88687047559275312  0.89237355640891036
  0.89792820622415970  0.90246317058708647  0.90726003270718769  0.91298885211138914
  0.92247368341298619  0.93426373037058597  0.95097480739407014  0.96260108652049037
  0.97236762931114551  0.98148390568347266  0.99047529605246132  1.00000000000000000
 -0.00232270399551136  0.01107913266665314  0.02275600746642550  0.03566599961571733
  0.04591219308857784  0.05477138295906423  0.06377706198449819  0.07025789754300520
  0.07404182389808038  0.07762003622344454  0.08124697159034665  0.08547336012380435
  0.09240222015997925  0.10269818440061480  0.11593354338264314  0.12743094107301264
  0.13819066254684409  0.15012815796195206  0.16398104798061053  0.17537406725789473
  0.18460230233465474  0.19245308981003709  0.19962549499354657  0.20708586702297083
  0.21757186728435279  0.23069489340969734  0.24589891577328463  0.26018454219853809
  0.27354932283396138  0.28283744267203942  0.29201537289129037  0.30391882888546756
  0.32080352702366610  0.33920082136336915  0.35720383151397694  0.37091878681518858
  0.38520650602999912  0.39842798443501320  0.41086988748021036  0.41738092534150228
  0.42359032660099533  0.42865310978004595  0.43352512709860336  0.43820369222143285
  0.44275325169103141  0.44869202363186250  0.45790327773142714  0.46747363235820055
  0.47552766656615270  0.48158837606804378  0.48734056388085761  0.49457339044588516
  0.50403393416073794  0.51367166836986011  0.52299601178283617  0.53331652113080952
  0.54425132812622679  0.55544266116803509  0.56475971062358532  0.57451661195126247
  0.58555760237023435  0.60231716258950030  0.61512982597307564  0.62666184667429337
  0.63774010931260294  0.64977390988501948  0.66220171261053862  0.67112399724252991
  0.68018221898989373  0.69067423511156356  0.69946008983763652  0.70891524729218502
  0.71961855979991896  0.73251253198375466  0.74971339979498497  0.76363203399002832
  0.77647685864062554  0.78779148801116006  0.79845617696283111  0.81037301149771690
  0.82850175912358270  0.84899592377457489  0.86559894524062797  0.87903191064981112
  0.89301012747344388  0.91066182722768618  0.93148429615795159  0.94976617676848718
  0.96171516071169083  0.96770653193147715  0.97229792387864422  0.97656633580467767
  0.98031853667592761  0.98489656329836850  0.99149175681979329  1.00000000000000000
 -0.00272074560855227  0.01065366100111431  0.02254082594922905  0.03411559216721840
  0.04605051826122708  0.05875740991102628  0.06923994252904542  0.07777649070674698
  0.08707490161265664  0.09869130777523369  0.11122507839807519  0.12279314196133885
  0.13354253567973537  0.14186785902809082  0.15015536758201506  0.16028173710649909
  0.17158235515429038  0.18405787328733242  0.19757913004396754  0.20764340531664977
  0.21847586514195796  0.22986985977904248  0.24357348077896054  0.25798934638890070
  0.26986465304983381  0.28098812048154093  0.29226582485916841  0.30902841640674733
  0.32513019248752612  0.33747129750630700  0.34556230306998920  0.35006263334738419
  0.35473169569113999  0.35948066962167796  0.36786537939302955  0.37975902562168146
  0.39196360238390698  0.40375694618801122  0.41774312522772611  0.43112326564327164
  0.44358851619164563  0.45545896287758009  0.46843990596693119  0.48153129165532021
  0.49782410448158876  0.50983046634509332  0.52239393005816670  0.53343519623660629
  0.54638039820648954  0.55877608044255533  0.57258211167933593  0.58479555557279272
  0.59103308590354187  0.59525411062561606  0.59934036325070350  0.60454438548414080
  0.61405361489602528  0.62330560140170521  0.62935123567216511  0.63333315084782205
  0.63583901767033080  0.63894534911474821  0.64180111536390350  0.64449770138466855
  0.64887923628504085  0.65561630593378861  0.66527803460727575  0.67642298391381928
  0.68840581154080382  0.70161322458036468  0.71532851473602233  0.73063582072581690
  0.74378926420091118  0.75590269343110283  0.76682961076288680  0.77677579051996271
  0.78792233456460270  0.80101237243160550  0.81294987517841910  0.82483727213573454
  0.83760105098111726  0.85276479079427514  0.86661382414535015  0.87806591820905167
  0.88846557110784996  0.90165244852812809  0.91436521669777127  0.92533687503801942
  0.93461596629215737  0.94387949446844321  0.95100739002229107  0.95816226333380561
  0.96533965682781686  0.97343000452012263  0.98345043466646875  1.00000000000000000
 -0.00571417182048872  0.01646677633176789  0.03455726779802924  0.05081341747912616
  0.07057650173845523  0.09008948418395139  0.11130242096209092  0.13112562258290780
  0.14086255769044836  0.14691189708332336  0.15256925900956270  0.15863130129786482
  0.17152981321102673  0.18464845963669843  0.20027651519962730  0.21338359089272621
  0.22347877860080445  0.23421903812509412  0.24184020898304973  0.24760978823819252
  0.25214173040702692  0.25684187215117965  0.26254875933396055  0.27051764686952590
  0.27970680055735420  0.29254749079850112  0.30172724886982294  0.31021846874227116
  0.32070395674887442  0.33001536174185514  0.33978685172284029  0.35199919637169796
  0.36513306714985350  0.37434130732112381  0.38008521188413713  0.38805783222456891
  0.39630551059185221  0.40400959325846780  0.41149901542980943  0.41828172877123887
  0.42319730178614984  0.42733879237315125  0.43305648391782942  0.44355011209661754
  0.46118768104002611  0.47559452442265632  0.48768606055841141  0.50070958664555887
  0.51668584191979361  0.53359564881017130  0.54957233065847266  0.56464816088202907
  0.57908026169424798  0.58952264445136882  0.59749293810051396  0.60538459254751520
  0.61527190501082729  0.62994294165263787  0.64420551394181202  0.65185762597067076
  0.65778257888264868  0.66329958902031005  0.66905676175598128  0.67639858516165374
  0.68700159628290403  0.69888366739032337  0.70634471690528622  0.71405664528478052
  0.71985579465226524  0.72561210809950139  0.73176542835913527  0.73950707434810559
  0.75158259361523361  0.76311601086360481  0.77548813658760085  0.78824023371771279
  0.79928761842101070  0.81074406425121437  0.82126160687279337  0.83390902855645088
  0.85074847750694382  0.86507061143112463  0.87714082563183338  0.88808205903676873
  0.89825550481144978  0.90517510561306924  0.90993737592001800  0.91452479355053551
  0.91922821302637336  0.92427526974103702  0.93312278027717122  0.94355567939310014
  0.95292950173556423  0.96577580396414409  0.98157522507325223  1.00000000000000000
 -0.00607413717918194  0.05270959448191114  0.10340623161729602  0.13886401867793213
  0.15949680962576704  0.17419014383083056  0.18944780279686618  0.20294895490646989
  0.21942553552567720  0.23518770872161779  0.25112144493778965  0.26744694553346021
  0.27699604443419595  0.28579991799310500  0.29453043610277635  0.30401452791497602
  0.31356169907515247  0.32774955527131461  0.35000799208509670  0.36676925259538939
  0.37995505279614106  0.39197237830402942  0.40367566352364831  0.41754388209569882
  0.42972492735994317  0.44029355062274500  0.44869284287868283  0.45630734975666598
  0.46438047446706004  0.47121764491993784  0.47749044119981776  0.48475224440825054
  0.49183760429934281  0.49826989284607770  0.50445771040937837  0.51242683624609264
  0.51998537420046331  0.52682830673833736  0.53298918574134035  0.54010663672087234
  0.55054186101307423  0.56381986150292729  0.56771172797895364  0.57075609682774719
  0.57511586997241082  0.57920594495278688  0.58336403292671335  0.58711232542295944
  0.59097671527001638  0.59582473342133635  0.60281379863929785  0.60615139194388612
  0.60883450382201876  0.61148967300406420  0.61414831389188118  0.61868259747976828
  0.62484829499409278  0.63254177955205904  0.64213340530533092  0.65639028817154732
  0.66722063142103538  0.67771323094260061  0.68819307677100972  0.69894187578087053
  0.70965334861885276  0.71912193125554014  0.72754752509251353  0.73585278960539791
  0.74323075180756515  0.74956058844712969  0.75608803467639696  0.76327999779940869
  0.77295165359194284  0.78200332676463880  0.78769763767354750  0.79360401226784227
  0.80017468581183926  0.81024828732893273  0.81764172464467555  0.82409777599344414
  0.82886202850509816  0.83450055035212378  0.83997494661622851  0.84724336498121433
  0.85622555771031916  0.86476333841178088  0.87453012964145549  0.88418183061241440
  0.89404146455431499  0.90629454462837755  0.92203240688670729  0.93894412960041584
  0.95954612707358822  0.97878958899618018  0.99039131414263726  1.00000000000000000
 -0.00293236273275016  0.00766437168071306  0.01838515647121396  0.02928949003676794
  0.04091173118867517  0.05402098293149128  0.06037617962247828  0.06680735652827358
  0.07346231877938579  0.08005852447573708  0.08749857029253427  0.10500530878669781
  0.12278931713951152  0.13893315875634618  0.15209194717455032  0.16346768747579823
  0.17944164491886963  0.19453344696982616  0.20669845149484767  0.21447788773464574
  0.22142942947980351  0.22845413953776419  0.23696522542551465  0.25650035301172092
  0.27280347210015943  0.28434149293905064  0.29312530271002218  0.30211025406439379
  0.31178553919549512  0.32164434326440405  0.32962381712999539  0.33664977506475957
  0.34312678194947999  0.35018918289540979  0.35885385398695524  0.37143667734098618
  0.38557625165449083  0.39683487644919274  0.40294726589517998  0.40959394338188737
  0.41514856178632403  0.42052591914967963  0.42553833081262188  0.43308352419092794
  0.44846657034532711  0.46252297509245860  0.47406537504812940  0.48508761044215437
  0.49754187732728805  0.51204823442824932  0.52272283508379980  0.53436289811474103
  0.54907490258506308  0.56798073120315462  0.58433453422006076  0.59832637063088412
  0.61276416771053821  0.62756878011336414  0.64365480333872693  0.65980915652942795
  0.67234906927553395  0.68070641564001999  0.69280911907639375  0.70503685182148057
  0.71880331399654196  0.73119150406663758  0.73813511019051203  0.74465578097696128
  0.75249236214090454  0.75804180463300941  0.76555784135544414  0.77276299268233328
  0.77974846259483455  0.78568287647311086  0.79200715720837644  0.80251680251337165
  0.81502237940468236  0.82580862260251886  0.83548793672403698  0.84425344076053299
  0.85240788046469784  0.86240482210804736  0.87260644210821292  0.88204530724511976
  0.89242663094725594  0.90560703806557696  0.92140029244633836  0.93829472153842897
  0.95116598539175401  0.96302555787784050  0.97600871068622486  0.98367540235049056
  0.98835528230876823  0.99269778869590153  0.99645521402262571  1.00000000000000000
 -0.00548326843619846  0.03511673505770191  0.06216215954809016  0.08935409350667284
  0.11050941141601762  0.13048617833302384  0.14543147138471738  0.15642343533003769
  0.16684110074295000  0.17724964080051289  0.18785687648218266  0.20593138393819704
  0.22099337131003027  0.23459937022535771  0.24781336122106332  0.26263466953616466
  0.27706357974618623  0.28753777308272105  0.29805228461912181  0.31035876958471648
  0.32366955430038069  0.34015113651691864  0.35525710353816187  0.36800995660516356
  0.37975570132387715  0.39275353574294097  0.40379895419595335  0.41391116753850427
  0.42299445441126371  0.43016342088300763  0.43636535572753732  0.44345585686377936
  0.45048982310024460  0.45780378350344936  0.46692114843846549  0.47818379121458998
  0.49189521921139590  0.50350237205371573  0.50967732412133737  0.51467607765641954
  0.51998961893059137  0.52491019355922663  0.52963603112629642  0.53427742109577181
  0.53916848649364324  0.54455984518706946  0.54987264516011636  0.55539455318580766
  0.56253874272341486  0.57604991410739603  0.58954480323776581  0.60168322516764994
  0.61528403369482088  0.62912456948584716  0.64045031664659113  0.65327373409580303
  0.66380839885548726  0.67532199077561350  0.68787159796455899  0.69991373960836001
  0.70851136580869234  0.71424937900307794  0.72083886351762994  0.73047750841364478
  0.73866867568081918  0.74583707035001734  0.75193302895951097  0.75606032442381288
  0.76185426050946603  0.76686059201273193  0.77123590285239041  0.77603195879402809
  0.78270342883668520  0.79103730973407371  0.79975411988458056  0.80924992810187690
  0.82077456104300361  0.83409291279665121  0.84902846634315821  0.86747084056153301
  0.88822271508952499  0.90062061267103000  0.90650426106365745  0.90979711425403043
  0.91310895049409857  0.91804539885393532  0.92410017165669711  0.92880689654946813
  0.93277991278713546  0.93799492023423403  0.94455919502552066  0.95218241043895457
  0.96235458976930066  0.97471138044442174  0.98773565768308835  1.00000000000000000
 -0.00484122544352744  0.01477083979617555  0.02896168219992638  0.04087838703926068
  0.05290764333160047  0.06397416606455378  0.07370487657731897  0.08271189946706758
  0.09232522223516283  0.10301923651683677  0.11525623587942084  0.12894091332339627
  0.14104063546562581  0.15069748607902916  0.16040740662458108  0.17011912866956580
  0.17904778817425773  0.18794922893662852  0.19740328684140426  0.20608106597481804
  0.21419732999099989  0.22335576573694257  0.23527780326522552  0.24980498159374057
  0.26266293796814855  0.27190384054750738  0.28030335392830785  0.28948783949187812
  0.30012761788791870  0.31283323847394207  0.32026210318449988  0.32772487286809543
  0.33463907872860460  0.34044509796466849  0.34561366431249207  0.35075242036281451
  0.35671240378782182  0.36372461476405188  0.36839321471653258  0.37437582700066652
  0.38238729429818674  0.39274893450760640  0.40425670362272098  0.41459985219360224
  0.42465917167527611  0.43435997318730635  0.44044770337789718  0.44905155590901558
  0.45841738900987156  0.46592026945153653  0.47308174900786726  0.48011338911909374
  0.49268252506908344  0.51273728757329895  0.53682111681558109  0.55467143659203122
  0.56682174006620378  0.57354043433523028  0.57859175041120692  0.58356734742917915
  0.58950272662892067  0.59794002597566909  0.60954184796426902  0.62212586582409724
  0.63493279720687490  0.64675077983907026  0.65773085577653134  0.66884506373950647
  0.67864370391628004  0.68565776725201233  0.69217871395479103  0.69766302394239343
  0.70285177727850789  0.70842070692886538  0.72073561035068567  0.73274441407014224
  0.74631905172489132  0.76149179681753520  0.77663930918947377  0.78829051774949721
  0.79800220483348983  0.80771164333598799  0.81950641418793801  0.83038879712703351
  0.84123382871237329  0.85598632899488680  0.87120285923801821  0.88667904710610723
  0.90625339058105969  0.92603414090394875  0.94558386874443390  0.96251369968880152
  0.97457201875897237  0.98452145022351556  0.99228946790424355  1.00000000000000000
 -0.00344942445640571  0.02069392329944587  0.03814944821042576  0.05489954232712554
  0.07188249155040027  0.08888072045542379  0.10174693556033257  0.11645205733097448
  0.12935021828902032  0.14195888501559009  0.15681577756508402  0.17047038048937913
  0.18291704478872403  0.19776279354534140  0.20924331598496068  0.21774862669883310
  0.22854281672135687  0.23509068376328607  0.24230105041268907  0.25017295884774171
  0.25648698631758693  0.26446610809984800  0.27558014879515624  0.28566015273959006
  0.29430407555292409  0.30200334671556567  0.31188483661794369  0.32221333108765621
  0.33229464355133448  0.34029691053542793  0.34566423238150201  0.35017548090725448
  0.35372201223514244  0.35713706813413904  0.36093048873937139  0.36886730013085134
  0.37549701290996890  0.38222830863049789  0.39019487387819529  0.39839988956358580
  0.40476000497521103  0.40920319921436904  0.41323585452729572  0.41885591308730791
  0.43218291013085541  0.44392650888205842  0.45491586751330892  0.46337878449504694
  0.46803584417340821  0.47186808917325607  0.47563255707714303  0.47952686970864333
  0.48363049186835499  0.49013355386290747  0.50051159093235065  0.51505557351532916
  0.53006171265334923  0.54298159689657688  0.55924765474709981  0.58136674034430258
  0.60323010482863593  0.61624164516894486  0.62742345962977519  0.63944834463443290
  0.65316993754505359  0.66889193030066629  0.68600567987937788  0.70010057898697364
  0.71051662654850234  0.71895446634096005  0.72752737169037529  0.73950116344207806
  0.75296911434704794  0.76870770713590153  0.78644595759117031  0.79852763632429802
  0.80668537106840943  0.81551985677594618  0.82462244221416403  0.83278996606948785
  0.84121909212453061  0.85226438088062084  0.86093650463476368  0.86774650667124742
  0.87437620832578444  0.88269781271029957  0.89220356165906556  0.90219440907873660
  0.91311525520242398  0.92321398693625778  0.93212960243024501  0.94098616963092940
  0.94996548036819162  0.96468695904990931  0.98275094192046575  1.00000000000000000
  0.34103572930505921  0.46052989111732845  0.47918222715432229  0.50657825228679121
  0.52701402323936486  0.53900602878740533  0.55190948893755210  0.56425272690537032
  0.57679864071064935  0.58939980428984140  0.59941231617871205  0.60737619205659799
  0.61680370524980954  0.62925385307720572  0.64029166611165078  0.65208028500680348
  0.66559158316041256  0.67330109756720224  0.68139382650735236  0.69001373908285246
  0.69561710030432777  0.69942699050301504  0.70336509633658906  0.70924415749494740
  0.71624263654767695  0.72212258617720559  0.72681995704872049  0.73339240981981280
  0.74640279254654829  0.75774584563068004  0.76558584430391874  0.77228675095346122
  0.77983902479376965  0.78756517871324716  0.79498266057209965  0.80218377791357953
  0.80829828056697151  0.81331774881924146  0.82021514299893772  0.82716074670856643
  0.83377960242471794  0.84148619152489490  0.84869347167748521  0.85255801133876363
  0.85541217832365479  0.85819618418994936  0.86102190667198153  0.86406546519206673
  0.86698710514112631  0.86981101169258113  0.87355461189232120  0.87761916696682052
  0.88140346963819627  0.88483896321819788  0.88745099622958246  0.89009548359007740
  0.89282805622942762  0.89543673624010733  0.89814753414897086  0.90137628859046592
  0.90472626208501739  0.90808128015663236  0.91209906628786264  0.91604324559010974
  0.92000462607832600  0.92412096779074093  0.92727294891186651  0.93035547785218997
  0.93340802312579285  0.93593706914583341  0.93816603779491792  0.94004799009752649
  0.94165801481518474  0.94303760746146748  0.94441540915005007  0.94599888872393934
  0.94786587401834388  0.94954533512901118  0.95100698356011293  0.95282580440966691
  0.95559807450316736  0.95884598654499098  0.96224317150858218  0.96563110547806985
  0.96822892994271970  0.97047490376714762  0.97227152875450862  0.97395473582773517
  0.97594543878819262  0.97815482738980941  0.98072157348889444  0.98419845945096196
  0.98727389028532553  0.99051725184050410  0.99426018387532300  1.00000000000000000
 -0.01741658092911649  0.14146968074759747  0.20390580293527386  0.23100875670087190
  0.25724910374935817  0.28957487906071250  0.31061603414973321  0.32901680248255899
  0.34788264828764820  0.36281867959638614  0.37472136615347801  0.38496412645345013
  0.39435896711711188  0.40515728357431063  0.41326381536507273  0.42082612725658702
  0.42876792223316890  0.44046875202071101  0.45192708539667376  0.46144910560039454
  0.47019354327512808  0.47862569739955430  0.48811349227066442  0.49862531855788078
  0.51084300875978850  0.52109471664119789  0.53142152200125781  0.54331409750027193
  0.55420662767372131  0.56413057512238862  0.57076493968357844  0.57491841882943973
  0.57890899478671920  0.58288993421238244  0.58734548172681222  0.59182999334890607
  0.59502145205177492  0.60287125865834135  0.60982485905073169  0.61567550995981180
  0.62157883982743345  0.62765436405299702  0.63308524604544669  0.63943438941972419
  0.64667709831803377  0.65297646780457397  0.65956760052267049  0.66464611864437739
  0.66760838016829316  0.67012437550370407  0.67270853158621147  0.67574805377114111
  0.67966051478128719  0.68310449019827157  0.68660013233742045  0.69016728524480608
  0.69366482505415139  0.69697633083033306  0.69992346149063311  0.70272076314990561
  0.70621657626002166  0.70992533280613179  0.71412259261921540  0.71802774279446835
  0.72221555457063558  0.72676901395201077  0.73039861647308546  0.73613902652492458
  0.74152044729630850  0.74809929233927419  0.75422835150625467  0.75895492977949541
  0.76390718486607700  0.76921707046577792  0.77589927208097120  0.77999694792490037
  0.78459650553147531  0.78936442546811414  0.79523313093587378  0.80136822627781135
  0.80957926360389687  0.82040293158577082  0.83627879243066028  0.84954599807808884
  0.85663596912940054  0.85970320295781655  0.86289327709562180  0.86689493988596678
  0.87077650212929936  0.87416103628081998  0.87963688746484248  0.88615080579543126
  0.89512670673780870  0.90833731449041433  0.92874192149021517  1.00000000000000000
   1.3761120428292751E-015  -1.0000000000000000     
 F F F F F F F F F F F F F F F F F F F F F F F F F F F F F F F F F F F F F F F F F F F F F F F F F F F F F F F F F F F F F F F F F F F F F F F F F F F F F F F F F F F F F F F F F F F F F F F F F F F F F F F F F F F F F F F F F F F F F F F F F F F F F F F F F F F F F F F F F F F F F F F F F F F F F F F F F F F F F F F F F F F F F F F F F F F F F F F F F F F F F F F F F F F F F F F F F F F F F F F F F F F F F F F F F F F F F F F F F F F F F F F F F F F F F F F F F F F F F F F F F F F F F F F F F F F F F F F F F F F F F F F F F F F F F F F F F F F F F F F F F F F F F F F F F F F F F F F F F F F F F F F F F F F F F F F F F F F F F F F F F F F F F F F F F F F F F F F F F F F F F F F F F F F F F F F F F F F F F F F F F F F F F F F F F F F F F F F F F F F F F F F F F F F F F F F F F F F F F F F F F F F F F F F F F F F F F F F F F F F F F F F F F F F F F F F F F F F F F F F F F F F F F F F F F F F F F F F F F F F F F F F F F F F F F F F F F F F F F F F F F F F F F F F F F F F F F F F F F F F F F F F F F F F F F F F F F F F F F F F F F F F F F F F F F F F F F F F F F F F F F F F F F F F F F F F F F F F F F F F F F F F F F F F F F F F F F F F F F F F F F F F F F F F F F F F F F F F F F F F F F F F F F F F F F F F F F F F F F F F F F F F F F F F F F F F F F F F F F F F F F F F F F F F F F F F F F F F F F F F F F F F F F F F F F F F F F F F F F F F F F F F F F F F F F F F F F F F F F F F F F F F F F F F F F F F F F F F F F F F F F F F F F F F F F F F F F F F F F F F F F F F F F F F F F F F F F F F F F F F F F F F F F F F F F F F F F F F F F F F F F F F F F F F F F F F F F F F F F F F F F F F F F F F F F F F F F F F F F F F F F F F F F F F F F F F F F F F F F F F F F F F F F F F F F F F F F F F F F F F F F F F F F F F F F F F F F F F F F F F F F F F F F F F F F F F F F F F F F F F F F F F F F F F F F F F F F F F F F F F F F F F F F F F F F F F F F F F F F F F F F F F F F F F F F F F F F F F F F F F F F F F F F F F F F F F F F F F F F F F F F F F F F F F F F F F F F F F F F F F F F F F F F F F F F F F F F F F F F F F F F F F F F F F F F F F F F F F F F F F F F F F F F F F F F F F F F F F F F F F F F F F F F F F F F F F F F F F F F F F F F F F F F F F F F F F F F F F F F F F F F F F F F F F F F F F F F F F F F F F F F F F F F F F F F F F F F F F F F F F F F F F F F F F F F F F F F F F F F F F F F F F F F F F F F F F F F F F F F F F F F F F F F F F F F F F F F F F F F F F F F F F F F F F F F F F F F F F F F F F F F F F F F F F F F F F F F F F F F F F F F F F F F F F F F F F F F F F F F F F F F F F F F F F F F F F F F F F F F F F F F F F F F F F F F F F F F F F F F F F F F F F F F F F F F F F F F F F F F F F F F F F F F F F F F F F F F F F F F F F F F F F F F F F F F F F F F F F F F F F F F F F F F F F F F F F F F F F F F F F F F F F F F F F F F F F F F F F F F F F F F F F F F F F F F F F F F F F F F F F F F F F F F F F F F F F F F F F F F F F F F F F F F F F F F F F F F F F F F F F F F F F F F F F F F F F F F F F F F F F F F F F F F F F F F F F F F F F F F F F F F F F F F F F F F F F F F F F F F F F F F F F F F F F F F F F F F F F F F F F F F F F F F F F F F F F F F F F F F F F F F F F F F F F F F F F F F F F F F F F F F F F F F F F F F F F F F F F F F F F F F F F F F F F F F F F F F F F F F F F F F F F F F F F F F F F F F F F F F F F F F F F F F F F F F F F F F F F F F F F F F F F F F F F F F F F F F F F F F F F F F F F F F F F F F F F F F F F F F F F F F F F F F F F F F F F F F F F F F F F F F F F F F F F F F F F F F F F F F F F F F F F F F F F F F F F F F F F F F F F F F F F F F F F F F F F F F F F F F F F F F F F F F F F F F F F F F F F F F F F F F F F F F F F F F F F F F F F F F F F F F F F F F F F F F F F F F F F F F F F F F F F F F F F F F F F F F F F F F F F F F F F F F F F F F F F F F F F F F F F F F F F F F F F F F F F F F F F F F F F F F F F F F F F F F F F F F F F F F F F F F F F F F F F F F F F F F F F F F F F F F F F F F F F F F F F F F F F F F F F F F F F F F F F F F F F F F F F F F F F F F F F F F F F F F F F F F F F F F F F F F F F F F F F F F F F F F F F F F F F F F F F F F F F F F F F F F F F F F F F F F F F F F F F F
  <DiscreteSampler_grid>
  grouped_processes
  1 # 1 for a reference and 2 for a running grid.
  10 # Attribute 'min_bin_probing_points' of the grid.
  1 # Attribute 'grid_mode' of the grid. 1=='default',2=='initialization'
  0.0000000000000000 # Attribute 'small_contrib_threshold' of the grid.
  0.5000000000000000 # Attribute 'damping_power' of the grid.
 # binID   n_entries weight   weight_sqr   abs_weight
    61   10   7.687972786150515E-016   5.899289300132614E-030   7.687972786150515E-016
    62   10   7.687972786150486E-016   5.899289300132626E-030   7.687972786150486E-016
    64   10   1.537594557230103E-015   2.359715720053046E-029   1.537594557230103E-015
    65   10   1.537594557230097E-015   2.359715720053051E-029   1.537594557230097E-015
    67   10   6.516818533164673E-012   4.245737038713578E-022   6.516818533164673E-012
    68   10   6.516818533164685E-012   4.245737038713594E-022   6.516818533164685E-012
    70   10   1.303363706632935E-011   1.698294815485431E-021   1.303363706632935E-011
    71   10   1.303363706632937E-011   1.698294815485437E-021   1.303363706632937E-011
    106   10   7.687972786150523E-016   5.899289300132624E-030   7.687972786150523E-016
    107   10   7.687972786150487E-016   5.899289300132639E-030   7.687972786150487E-016
    109   10   1.537594557230105E-015   2.359715720053050E-029   1.537594557230105E-015
    110   10   1.537594557230097E-015   2.359715720053056E-029   1.537594557230097E-015
    112   10   6.516818533164681E-012   4.245737038713588E-022   6.516818533164681E-012
    113   10   6.516818533164689E-012   4.245737038713598E-022   6.516818533164689E-012
    115   10   1.303363706632936E-011   1.698294815485435E-021   1.303363706632936E-011
    116   10   1.303363706632938E-011   1.698294815485439E-021   1.303363706632938E-011
  </DiscreteSampler_grid>
