  0.00287096588251360  0.01323400075843067  0.02329525188778317  0.03527748835538236
  0.04553748312660310  0.05436314246042400  0.06351080327485589  0.07232147774157803
  0.08175692889801808  0.09177638449163311  0.10124752687304264  0.11120519541132227
  0.12314930327292205  0.13697284220410744  0.14965133700851960  0.16052068388762400
  0.17102605510232666  0.18188031752691278  0.19340725333731162  0.20918209405351298
  0.22291614801031961  0.23540303855235115  0.24738955354538153  0.25919522043989807
  0.27220399940013834  0.28346241239690229  0.29383224079280923  0.30359429294928603
  0.31261453312367127  0.32173431214284365  0.33054407819087556  0.33902695744402928
  0.34566968710238005  0.35180485780876586  0.35984164839395177  0.36978305561714531
  0.37953422604597353  0.38885494645956381  0.39854322266444864  0.40800715847041519
  0.41644433456470004  0.42598528231992455  0.43499588901231934  0.44529455703545429
  0.45715163484185783  0.47045968329277132  0.48300286859589692  0.49363349714201149
  0.50331058329916056  0.51167029338851067  0.51855861779234524  0.52607322021143477
  0.53517243474099974  0.54371806584408811  0.55194944517740296  0.56035188696071381
  0.56748302087787517  0.57784372683737639  0.58807851316981863  0.59678760480709425
  0.60344648117209909  0.61021005840918185  0.61811539213027278  0.62785451168775264
  0.63774642887569410  0.64737476702692487  0.65838858161205127  0.66915879605393769
  0.68120676302932204  0.69112917958055486  0.69920872068879636  0.70666262086645248
  0.71456253678067583  0.72595316004045929  0.73858978472512882  0.75073792775245640
  0.76323505120940660  0.77508714684092661  0.78575734898079186  0.79484775771660110
  0.80394114094304925  0.81304372147187476  0.82479635828508802  0.83691804999727193
  0.84796680595570006  0.85956193391467484  0.87159853551905164  0.88050164433282940
  0.88789662824124771  0.89575406363964005  0.90566534349366301  0.91792942850469572
  0.93050988281558111  0.94583887684647960  0.96505006359413992  1.00000000000000000
  0.00002403636454377  0.00003194656219676  0.00003665443498835  0.00003911103741457
  0.00004090769647067  0.00004199464495648  0.00004289557612350  0.00004369453468378
  0.00004434465623495  0.00004529668974541  0.00004631849779272  0.00004724746192694
  0.00004835704098610  0.00004937080412708  0.00005016388293407  0.00005084966523314
  0.00005153701865117  0.00005227587299422  0.00005298009514138  0.00005358858963356
  0.00005426971177419  0.00005498471901388  0.00005571523386829  0.00005637290275308
  0.00005696046918500  0.00005763165802387  0.00005840785755945  0.00005914559944706
  0.00005975656634834  0.00006030723854866  0.00006105078163414  0.00006181314048648
  0.00006264076819193  0.00006345894837862  0.00006428308961997  0.00006510668340735
  0.00006580127668631  0.00006642446651451  0.00006701565359336  0.00006753883782548
  0.00006803898459922  0.00006854078469306  0.00006939586682076  0.00007018798735600
  0.00007104011135450  0.00007193487333068  0.00007274577625411  0.00007360222948721
  0.00007448142203621  0.00007544396740709  0.00007642061397851  0.00007730410272105
  0.00007803829440387  0.00007872844830513  0.00007955309460380  0.00008060924546866
  0.00008183342593886  0.00008320153755246  0.00008478670103947  0.00008640753294080
  0.00008800332191176  0.00008943413982672  0.00009062599831927  0.00009163858033035
  0.00009282858270318  0.00009435790628470  0.00009602124753508  0.00009729434955345
  0.00009858007002306  0.00009996694330756  0.00010155216775440  0.00010333489325980
  0.00010535449129078  0.00010758998620823  0.00011016052865559  0.00011329138681993
  0.00011630460591021  0.00011989760042253  0.00012383583056457  0.00012785636818648
  0.00013151736275487  0.00013564318395107  0.00013953781780918  0.00014455880788462
  0.00014954810713797  0.00015475065673818  0.00016021616716500  0.00016605288806584
  0.00017288517458052  0.00018349515590888  0.00020583184515564  0.00024577009430033
  0.00030266766641613  0.00041744589313893  0.21729100478277535  1.00000000000000000
  0.00018553112809142  0.00018733354572291  0.00018890122763505  0.00019046015525965
  0.00019190013665970  0.00019316186233399  0.00019424807148634  0.00019525921052492
  0.00019629911567043  0.00019778241875393  0.00019927241890395  0.00020115002428970
  0.00020265735976269  0.00020369110114938  0.00020466347473670  0.00020564259448120
  0.00020664581955744  0.00020783972894859  0.00020990570564142  0.00021278215688555
  0.00021568746172414  0.00021769884905552  0.00021972758269363  0.00022168177684258
  0.00022384420207299  0.00022598703481722  0.00022794588264673  0.00023040804650112
  0.00023286752153626  0.00023512207342388  0.00023738453101866  0.00023999675392103
  0.00024273786010050  0.00024547534597732  0.00024794278220655  0.00025016881145844
  0.00025241710437144  0.00025422449581654  0.00025616554057917  0.00025886374739680
  0.00026311147557963  0.00026663242370879  0.00026963860926022  0.00027385689125622
  0.00027826756454998  0.00028296173450547  0.00028789829164215  0.00029292770007224
  0.00029829709889255  0.00030360131678376  0.00030872165575363  0.00031395874289849
  0.00031949055194679  0.00032512781661288  0.00033042813615199  0.00033512053014504
  0.00034081182324384  0.00034657393224020  0.00035265675675565  0.00035874979445821
  0.00036568560567194  0.00037458703371496  0.00038451557604611  0.00039525868399780
  0.00040716015790623  0.00042027906519041  0.00043264652458110  0.00044356431232547
  0.00045620543195859  0.00047196311348648  0.00048812940136123  0.00050238048054597
  0.00051796886727097  0.00053305215359610  0.00054883761633448  0.00056625015446884
  0.00058737923286747  0.00061409907918481  0.00064636002885725  0.00068211827160689
  0.00071294355029768  0.00074482737928070  0.00078522834276528  0.00082722282316708
  0.00089719935050599  0.00097246288605412  0.00107403290363935  0.00120687533260755
  0.00135476570328171  0.00152785641135343  0.00174499837249265  0.00209677184734738
  0.00269241862660262  0.00384648649944215  0.00811794340505336  1.00000000000000000
  0.00965428915013987  0.01499519248645813  0.02388478358529110  0.03636889930512729
  0.05161979031450213  0.06418448127217152  0.07496508634537623  0.08249669863252694
  0.08846308923183210  0.09360207373961398  0.09790638087177451  0.10367616796723199
  0.11168925113671228  0.11970125699650457  0.12938331193091593  0.14205554950571639
  0.15256544343229128  0.16242485308283808  0.17139182282862545  0.18111487987034330
  0.19218654427489443  0.20450805817886739  0.21453382511163593  0.22336850489188084
  0.23065872785877564  0.23820917301171315  0.24524487762593378  0.25371637816034631
  0.26274670488070423  0.27174693625651319  0.28109955399835929  0.29053395287313177
  0.29944386377304361  0.30892061614823552  0.31997237479028590  0.33239816816629986
  0.34190821657885273  0.35037494404241265  0.35910678801131912  0.36817641707208904
  0.37824472515201096  0.38859654485151646  0.40174850405099743  0.41709747246282008
  0.42742461035206669  0.43668866245562571  0.44593619239580684  0.45904306435757058
  0.46933083615190391  0.47741208501658300  0.48874539975594933  0.50104363062559598
  0.51234186641235180  0.52207537681948690  0.53140525287462514  0.54011585672421658
  0.54946553197755876  0.55959565863196603  0.57375138203281684  0.58497202475890220
  0.59472719300736165  0.60400793959301058  0.61200724078653235  0.62122890926668906
  0.63311240139195069  0.64756375584849912  0.66007443036715452  0.67149323387707671
  0.68248130713064437  0.69499613722092768  0.70836470846491495  0.72049892385238479
  0.73255960496485573  0.74798549986065044  0.76163124887036870  0.77524230643226144
  0.78800537426356987  0.79915057720701166  0.80981878961838727  0.82021857512416674
  0.83321245021716217  0.84710543637653679  0.86100410008548545  0.87728892220390897
  0.89065435786027991  0.90183540260248007  0.91284624440463802  0.92381015360882268
  0.93501133581284335  0.94665354607984653  0.95669022202079046  0.96546498841562267
  0.97553128737705108  0.98512996824648658  0.99034749980523529  1.00000000000000000
  0.00053999388310615  0.00056277885104345  0.00059023253813105  0.00061733332637510
  0.00064735926944997  0.00068743686660309  0.00071028285014566  0.00072361756088293
  0.00073640362804618  0.00074676848124371  0.00076307479929487  0.00078772808630513
  0.00081577384056348  0.00084715801480271  0.00087764372406275  0.00090643373700028
  0.00093705314991066  0.00096796986980294  0.00100077024204411  0.00103126201651752
  0.00106548844201776  0.00109995833866665  0.00113313494579871  0.00116873876109411
  0.00120690927740468  0.00124830954251743  0.00129323819483493  0.00134079154343723
  0.00139018789794835  0.00144760811112841  0.00150484406957007  0.00155670245130810
  0.00160186300333293  0.00164624852394676  0.00169401065792956  0.00174229462383662
  0.00178687983257556  0.00183168270210773  0.00188003462539404  0.00192816213878936
  0.00198023054545803  0.00203329767163306  0.00208146650491782  0.00212769619328812
  0.00217181586453551  0.00222029144310747  0.00227193471696204  0.00233015791123651
  0.00239713789859487  0.00247636749385069  0.00256167342674626  0.00265364542462946
  0.00274277364184813  0.00282382649980212  0.00290046758474171  0.00297404810813393
  0.00305449578171972  0.00315613590659350  0.00327915825614132  0.00339854609352114
  0.00350799630477154  0.00360118156014481  0.00369883614707472  0.00379708622915218
  0.00390302213580142  0.00405423635696413  0.00421287578247761  0.00438024645551379
  0.00456272712074872  0.00474912088320744  0.00495927143845636  0.00521051037611582
  0.00546979825861682  0.00574956233443056  0.00606752627219955  0.00639561240476396
  0.00667721232978118  0.00694032539291924  0.00724568558117926  0.00758602008661371
  0.00791150221347082  0.00818786048223173  0.00844738038784643  0.00874970157366571
  0.00907920144379906  0.00958050669759134  0.01035511909944133  0.01141075732737491
  0.01287407127793433  0.01462874926842967  0.01663246133077474  0.01888858934539652
  0.02159255176031453  0.02490552578242178  0.02892946749551362  1.00000000000000000
 -0.00260549467529611  0.03409562873677258  0.05457876364474101  0.06676732374962956
  0.07704121702920418  0.08697300802397169  0.09895776672408969  0.11065237959909181
  0.12140146318522016  0.12940949942743660  0.13774767345977426  0.14640661858601733
  0.15632411899421067  0.16948528888178219  0.18241723238177066  0.19331317710757784
  0.20260189450668467  0.21359183117727079  0.22620131238176494  0.23976056538399504
  0.25154207014629337  0.26259583760213873  0.27378888302514615  0.28611864110710611
  0.29887285609412373  0.30919266456875238  0.31799402774705238  0.32432208154377579
  0.33289855892629994  0.34317859886427687  0.35383251964855161  0.36596054671465250
  0.37941026244960202  0.39218171664049734  0.39968934812975587  0.40629148295778811
  0.41332569920694062  0.42085068555307886  0.43016734778112103  0.43982093241468628
  0.44941563064212275  0.45888574544553656  0.47359864577382904  0.48984084570957220
  0.50584723647398178  0.51802275204981374  0.52566589337478908  0.53264906413247604
  0.53902991215787266  0.54622154527326205  0.55547657459009359  0.56838053200867900
  0.58402054905302303  0.59904158572772770  0.61232835770750971  0.62479264120427069
  0.63554505941036166  0.64482309494627876  0.65424476781850116  0.66498730801239514
  0.67779243570020820  0.69129850013547667  0.70166497576462794  0.71027319144969792
  0.71885374726247742  0.72677266079364899  0.73613594467971655  0.74765876970333855
  0.75850951720928317  0.76963681754655267  0.77982672121558871  0.78852591954051365
  0.79650671695461461  0.80435711241188124  0.81302322473299782  0.82069930436671856
  0.82873432739975128  0.83931735281244524  0.84796928741676947  0.85362949973443580
  0.85830677555666091  0.86441758312350303  0.87106732476068405  0.88024925858583059
  0.89276572179559532  0.90614736905053261  0.91527760245079859  0.92695214570908402
  0.93768499330699906  0.94620724829924951  0.95708405827162535  0.96710530254183169
  0.97596513749544178  0.98278610847767256  0.99240068362372147  1.00000000000000000
  0.00000786499131436  0.00001539705447866  0.00001872613921033  0.00002213913147900
  0.00002617809349797  0.00003125248355286  0.00003636954825177  0.00004156333572885
  0.00004611509534340  0.00005042247885111  0.00005466943065601  0.00005918777995057
  0.00006360337454934  0.00006744852817053  0.00007163427538942  0.00007530509973517
  0.00007995586489542  0.00008393926716991  0.00008741888228526  0.00009099875673730
  0.00009479046351714  0.00009921542462746  0.00010429147425773  0.00010944381502420
  0.00011493541456401  0.00012052129860809  0.00012619033749374  0.00013379490266845
  0.00014245745864694  0.00015225254018413  0.00016291386379581  0.00017512809931015
  0.00018825833711795  0.00020213886989837  0.00021696466019916  0.00023325724010117
  0.00025111952256149  0.00026926544030246  0.00028714412979203  0.00030792174659410
  0.00033260413235383  0.00036648770733858  0.00040973316381211  0.00045360988147034
  0.00049263089261685  0.00052454330852040  0.00055032038710785  0.00058004376824334
  0.00061392513824953  0.00065759698835259  0.00071456259382500  0.00077558944582444
  0.00084023777433640  0.00091342074349508  0.00099724586417692  0.00106743031893148
  0.00114595519718815  0.00123396165073383  0.00131577654292190  0.00139077120645493
  0.00146502373414211  0.00153008436674349  0.00158266295087848  0.00164166659896006
  0.00170323214614088  0.00178530579403998  0.00185849640705591  0.00193495265672860
  0.00202818517569513  0.00215065677355855  0.00226794444817577  0.00236515011766961
  0.00242623905657912  0.00249753906851848  0.00260543847403643  0.00276809406532744
  0.00299629395352341  0.00322945503915940  0.00342312982149912  0.00362454236005189
  0.00389620446284122  0.00417596769669103  0.00439281024589682  0.00466064760301750
  0.00495735253778297  0.00535162214194811  0.00580493233729556  0.00628830713032010
  0.00739696979227514  0.00879224186913413  0.01041403925958184  0.01235311687563534
  0.01540962521534043  0.02648597320681273  0.08363384681586769  1.00000000000000000
 -0.00182976267441520  0.00778003837988736  0.01712607398194622  0.02520676875434940
  0.03261616101251840  0.04038884175986961  0.04813543305328610  0.05592761039480005
  0.06502057314503849  0.07535576145578318  0.08541376292567468  0.09733600084453248
  0.10883384188164220  0.11966787215274002  0.12952063018150725  0.13935476239691036
  0.15031404574637833  0.16094571841646829  0.17044885365548229  0.17856073401112388
  0.18511312538548680  0.19248144289143801  0.20063224845121577  0.21066444803477985
  0.21964669170143533  0.22966164049206414  0.23973067064676240  0.24934146385308126
  0.25711159978572451  0.26519410637854368  0.27218167619786032  0.27902852114962828
  0.28521850591967318  0.29198558839630495  0.30033057702584093  0.31026739772266937
  0.32183314714907252  0.33318143576489878  0.34264557624200703  0.35082993415418495
  0.36002565801497416  0.37149264711924573  0.38274584716453514  0.39346558193026254
  0.40462320659700152  0.41423538690312878  0.42210782450074907  0.42807256976273550
  0.43506204484808936  0.44360405325264796  0.45341342506524873  0.46409962266912447
  0.47515779256120005  0.48535397222418131  0.49392925754702960  0.50182055766803313
  0.50960604853907376  0.51879120615938490  0.52832310205091593  0.53708558031520526
  0.54566116944898602  0.55345207966272181  0.56118909461657618  0.56945081736043857
  0.57823281901057511  0.58655964463198829  0.59598628282480814  0.60448182663015915
  0.61082897522812929  0.61825226388545862  0.62856770746476009  0.63768045746699975
  0.64601270809928402  0.65539137960524507  0.66374473158800018  0.67178248088321968
  0.68006223654298370  0.68856277552272671  0.69768408920800051  0.71155591785246008
  0.72732864590486157  0.74061150142918364  0.75881453440832891  0.78006272537038779
  0.80124467333377303  0.81746472155240157  0.82816936901182081  0.83734518406735914
  0.84948182844933351  0.86721177170981101  0.89311468994791188  0.91797155917731155
  0.93669495571567163  0.95326380805382249  0.97546604034798046  1.00000000000000000
 -0.00397171796866581  0.01087808875860085  0.02239860318145053  0.03180137398163439
  0.03979519377153170  0.04616736286887824  0.05288738010451714  0.06029180876223646
  0.06964375375722920  0.08048005824235480  0.09047588179181748  0.10119578678111318
  0.11230463864592780  0.12517957437106131  0.13747117929996655  0.14811206428632542
  0.15738700425158428  0.16564802729293629  0.17300381383347657  0.18173230019699704
  0.19219974254296690  0.20154009405054082  0.21100226868837541  0.22001196893705041
  0.23013768491066458  0.24175374482065148  0.25389608838750438  0.26776203475647675
  0.28250469038289289  0.29603924563109918  0.30558519660606054  0.31364001389937840
  0.32090466894508096  0.32673187468016274  0.33333743265725263  0.34243482713231832
  0.35485110777934264  0.36759671958047563  0.37847325668814158  0.38973921955963697
  0.40240838267240714  0.41504632150652160  0.42721237015825714  0.43768261423573385
  0.44624264887134896  0.45469758597919063  0.46353460631710347  0.47124375604860513
  0.48031754852821562  0.48881612599043212  0.49621381347372379  0.50770228210470392
  0.52147362203982361  0.53747326204759782  0.55227529175055268  0.56514168060899150
  0.57726395191188062  0.58812334456700899  0.59875669438211243  0.61183680698678944
  0.62290110874802784  0.63548871181213751  0.64974708927040392  0.66578518718548341
  0.68400841907851240  0.70095366085370037  0.71405276470375989  0.72121242072854030
  0.72883567455079457  0.73531760191028406  0.74169668561385460  0.75070710128682516
  0.76173078763423585  0.77291201833097833  0.78369381360044676  0.79613982779888604
  0.80935891751687561  0.82354164434200194  0.83642855046389908  0.84614119593114834
  0.85411302692947400  0.86292514899959649  0.87312496313505539  0.88297239672190053
  0.89135205720406130  0.90346530727343410  0.91884493066205264  0.93424375525164483
  0.94343538973688368  0.95343047449687934  0.96440135777745295  0.97302034992262898
  0.97945192674601023  0.98563844028128733  0.99242328202715679  1.00000000000000000
 -0.00176217383751580  0.00830806084179888  0.01629124031987574  0.02535668359607894
  0.03326696905420138  0.04024459559874494  0.04952575764880855  0.05984102302449090
  0.06949435946760799  0.07721133757363283  0.08551919800885326  0.09327666944590599
  0.10186207148462204  0.11253614165721779  0.12555518380112715  0.14016437168702281
  0.15569679420261009  0.16937438150442291  0.17963644208985344  0.18812075777780174
  0.19639464118599934  0.20563308551091822  0.21492532057709185  0.22433980041286278
  0.23230392928663229  0.23919670352930028  0.24688409130543915  0.25791160883189557
  0.26844803064255129  0.27726654073236529  0.28634255738077224  0.29596574943084425
  0.30615244247528689  0.31862195651988129  0.33145059309919950  0.34113731507113509
  0.35026101210550553  0.35877196237167119  0.37027547376580583  0.38322855968979525
  0.39718367981941533  0.40836369762071451  0.41900928491314493  0.42892913289036960
  0.43873941846181863  0.45086806153736680  0.46625240472218832  0.47710805892844860
  0.48478897308383173  0.49179369516127169  0.50177488234052681  0.51050923410373483
  0.51932191070970035  0.52921032642512766  0.54040166520966448  0.55129239484757453
  0.56132599276976936  0.57214303345164419  0.58330488554451920  0.59282202814511209
  0.60393217147860245  0.61742924474210870  0.62844731252753983  0.63553573126424112
  0.64208241443818947  0.65145654582386137  0.66600076054466784  0.68162536449981070
  0.69610955215887871  0.71056409708700285  0.72355091413325345  0.73540939776071990
  0.74617811816736401  0.75643107660083875  0.76734991390434826  0.77935488536823272
  0.79286544890069977  0.80552212503555398  0.81829284129190749  0.82989735415693933
  0.83880679579797213  0.84629575431685466  0.85456753478847480  0.86472853222920165
  0.87618289705442365  0.88650592760567537  0.89431898263726228  0.90113256126333363
  0.90888818893610446  0.91925764408723587  0.93494467437998119  0.95404886139704226
  0.97173928054879177  0.98257498396888276  0.99173314859757411  1.00000000000000000
 -0.00218333864080545  0.01117374963064403  0.02182130751017966  0.03118658691621083
  0.04008904769066777  0.05021573879553398  0.06250780675792200  0.07727733534360759
  0.09195319121026913  0.10382580693501453  0.11189778231631593  0.12023557299698791
  0.12901624569297662  0.13829867776010574  0.14894344291615530  0.15971426466796837
  0.17061602250053173  0.18358195796299287  0.19607091964411602  0.20891605250126766
  0.22218734601926377  0.23460085087583191  0.24644665598327350  0.25669499120060324
  0.26660312190242436  0.27667681829804708  0.28428429743569950  0.29086696000354667
  0.29783678311949263  0.30293843638976953  0.30812284220732739  0.31482303372768322
  0.32285247804486922  0.33175468264547536  0.34200861420723483  0.35408934611734150
  0.36761648489535020  0.37836368606720150  0.38623420024139332  0.39356454926263790
  0.40050548393143137  0.40905475947587189  0.41822083266823940  0.42556585828240068
  0.43296239264476266  0.44197997934757305  0.45361711128128107  0.46650792166294880
  0.47671599286312016  0.48570995901350106  0.49503468172065695  0.50528857001319205
  0.51680341689038145  0.52831570686349227  0.53873710851577150  0.54863834395048561
  0.55894428735001545  0.56921956895406367  0.58001258182967874  0.59170804901195728
  0.60549274253413810  0.61937161163920595  0.63198044980453116  0.64288623290377478
  0.65240818744665308  0.66120152185292425  0.66964726862679524  0.68037779867325454
  0.69159820231815961  0.69965458379479895  0.70633903749824900  0.71269487969386691
  0.71896344459060690  0.72965075672744029  0.74687681558222552  0.75796261501332496
  0.76921603716388720  0.78041839200731289  0.78965329468612400  0.80220592083879061
  0.81536427440178383  0.82921391445932457  0.84427020261252428  0.86059032803790680
  0.87707242014861508  0.89042501254525530  0.90162631583060304  0.91307409542603846
  0.92463706037417659  0.93690955630147554  0.94919157342040461  0.96092394741082809
  0.97016058593555798  0.97965411050543649  0.98862736545905094  1.00000000000000000
 -0.00232806563267417  0.01109181956101157  0.01965998592639132  0.02935420770658513
  0.04154227603094888  0.05758488749759688  0.07383278510493350  0.08626723561284323
  0.09560677898780545  0.10242900418483371  0.10891867375454406  0.11715659175621031
  0.12495827584254364  0.13222720620501605  0.14172807572336640  0.14948671244061171
  0.15759127743529205  0.16608657134395682  0.17420840637378612  0.18282879034052971
  0.19112847380965164  0.20050626082258299  0.21099889073689071  0.22196984974283099
  0.23504590998668165  0.24588973045844656  0.25637806890170917  0.26624639134645178
  0.27527926157304378  0.28373530071611824  0.29170230670231551  0.30055357394495519
  0.30997966839941288  0.31825054525812269  0.32404320682414112  0.32958571833271982
  0.33574702789555105  0.34278974838746623  0.35205815223160641  0.36281936110428981
  0.37482657008553849  0.38489203389069360  0.39364497386673886  0.40352744174125021
  0.41453919383807669  0.42455842755329154  0.43402606234746832  0.44417549612744828
  0.45490062898051664  0.46563772027844580  0.47616881063341066  0.48790150428123380
  0.50052755738050403  0.51028110613168942  0.51811438697576895  0.52515468204630145
  0.53163467360903072  0.53933921678186436  0.55006707169123348  0.56165194054588874
  0.57044189234929299  0.57965647255637320  0.58969673676970114  0.59648523182807478
  0.60232225567921216  0.60718861591433004  0.61170351108466103  0.61762679255348785
  0.62659668958801895  0.63680966335310285  0.64451810738504300  0.65066744289713119
  0.65743147088739218  0.66463403576303037  0.67255160639115585  0.68342560261346974
  0.69576737920009835  0.70691756360886282  0.71872533062121069  0.73223170077783739
  0.74695595690313732  0.76213819236028757  0.77571731746728523  0.78840717877111455
  0.79769686992332345  0.80562707902644670  0.81397340341797575  0.82355901517517549
  0.83344361584672289  0.84512131781215116  0.85982685763119904  0.88224680156284518
  0.91436606499105455  0.94798817007756309  0.97678632083844863  1.00000000000000000
 -0.00108152155516362  0.00701928089866378  0.01557928148890864  0.02623061587874144
  0.03870915511801305  0.05109516940707425  0.06477437447394176  0.07770147938600171
  0.08902316112873535  0.09942235561492539  0.10946743514079460  0.11989677715690090
  0.13016377597676326  0.13626252694531435  0.14040989638281437  0.14695911749054047
  0.15501660980649110  0.16516295177021681  0.17945123671452307  0.19222738144367585
  0.20550291751368135  0.21822958333569414  0.22715762690018010  0.23646061612968833
  0.24726903405770595  0.25969962571629407  0.27262497879136915  0.28525686562552843
  0.29707028454718909  0.30793266262466357  0.31936681854231475  0.33058222403669624
  0.34041700756661070  0.35007629190103529  0.35910842442717461  0.36716531721995810
  0.37534576991961494  0.38393901229544369  0.39200440024290506  0.40065551044363162
  0.41027837939763573  0.42165296277330472  0.43446760494878528  0.44742960541126769
  0.46027635445269016  0.47405332057648808  0.48827307092285532  0.49964355748516409
  0.50843820080761137  0.51640689470157186  0.52451476897756499  0.53363309369914125
  0.54540795948884702  0.55690486475956535  0.56689617638775103  0.57713358494192113
  0.58731682391695694  0.59687929532702799  0.60609201493925025  0.61653875969767014
  0.62665289466960927  0.63666166280771319  0.64698708062857468  0.65774657923486479
  0.67074501649228391  0.68689626143381477  0.70227233554866542  0.71427725087522143
  0.72338052555639465  0.73130643591336586  0.73922955775694055  0.74703019462699272
  0.75674370759260934  0.76570743404854902  0.77594790314250472  0.78662367389591081
  0.79739814301949452  0.80909149176330297  0.82027455945118155  0.83297605255677365
  0.84488301991045067  0.85504101099644048  0.86368304988241262  0.87203533057877347
  0.88072396046175738  0.88841710066415636  0.89728128218458636  0.90494000224033844
  0.91497348287608404  0.92449103386221876  0.93395619261030127  0.94426997893738851
  0.95765763827451211  0.97139400403015042  0.98573567914481830  1.00000000000000000
 -0.00310141031977555  0.01364890683756342  0.02608281014429469  0.04158335857330316
  0.05856146361528210  0.07525722411778669  0.08888289871674696  0.10090430391138534
  0.11307778620760824  0.12652995158777214  0.14132203644322422  0.15433108461011907
  0.16654387529433287  0.18032985780706887  0.19303698637336428  0.20482000659382066
  0.21524906467324470  0.22446284475071468  0.23309181728761741  0.24112061687102260
  0.24904597812200149  0.25719675049053703  0.26572712975105278  0.27633562197496564
  0.28858867524819060  0.30025850718382441  0.31056071982595301  0.31956073289646941
  0.32575639336644291  0.33154255454154680  0.33880534376580340  0.34863156884694779
  0.36150284147150097  0.37465087862296204  0.38554249595292261  0.39398282494178760
  0.40284475487251037  0.41247727597483752  0.42233315467222160  0.43247480144701922
  0.44499890109111684  0.45506182419666680  0.46524015334800650  0.47674956042108113
  0.48692728721466194  0.49611660576529798  0.50738165638662780  0.51711311171040808
  0.52839076895089498  0.54038359124026980  0.55297415485153767  0.56574955998056231
  0.57731610189701132  0.58929375144081197  0.60213073353645730  0.61355208826416663
  0.62508515160113831  0.63644887934815209  0.64782063006494517  0.65969070478233438
  0.67110281759541612  0.68265392422621940  0.69418477692868452  0.70511485401214713
  0.71456168974977030  0.72383248075001194  0.73313376694523702  0.74338385609007018
  0.75369302639783642  0.76115538524772319  0.76840744783553672  0.77567442163374611
  0.78281149288765473  0.79098765045293162  0.79915421030952039  0.80863486367981874
  0.81785601254919849  0.82689086931724320  0.83594486397885748  0.84394140486071212
  0.85389418234020986  0.86342952884976043  0.87378369565627978  0.88363667396934797
  0.89096370927193269  0.89997759882097794  0.90882495664922425  0.91886630103595046
  0.93097439905809698  0.94229400559007825  0.95176244977007685  0.96031359525725601
  0.96768624520654434  0.97602833366971342  0.98614539975147764  1.00000000000000000
 -0.00183353584041052  0.00778701601641904  0.01665412127267128  0.02522858772844904
  0.03414699566227351  0.04363435859109555  0.05394734640484772  0.06374012059463904
  0.07663570351070802  0.09038325638162113  0.10188623993733134  0.11051232083871758
  0.11912756627230381  0.12820368009523267  0.13961942774604338  0.15097252930007338
  0.16218175356666020  0.17441401130383083  0.18861517137845035  0.20335461428869853
  0.21536816932835159  0.22546974664544187  0.23373254654532732  0.24085129017221632
  0.24959720451494355  0.25948954820877046  0.27116505937636609  0.28333201613561798
  0.29460831563595385  0.30377489572709970  0.31364029127312371  0.32346804194554873
  0.33323069934843158  0.34293383010840162  0.35152200781683574  0.35816517344771448
  0.36515737298117990  0.37214436919525273  0.38119969676479054  0.39214593214636706
  0.40599810925427077  0.42198493452840508  0.43933819859642181  0.45517555242639351
  0.46805867265491968  0.47907324184230748  0.48944112846562543  0.49951734722449981
  0.51072882236944994  0.52155950984276156  0.53189143992654730  0.54164752950464023
  0.54885939581939935  0.55757909588378840  0.56701437243763397  0.57502474160657713
  0.58263797093759884  0.59133472839347645  0.60029655720515906  0.60813554488373966
  0.61506933735660829  0.62239865552183504  0.62943729471419796  0.63755423352631235
  0.64453177178955168  0.65550412850244133  0.66773593153226396  0.68063089440780900
  0.69273989192090757  0.70477255915784986  0.71753003607811094  0.72918959210188172
  0.74139729115122066  0.75589603652148762  0.77243757544677538  0.78802125500001619
  0.80133980496414703  0.81287053028877287  0.82218907172750033  0.83205489488704443
  0.84259385444401436  0.85554853473733994  0.87017933687681825  0.88751228750630329
  0.90318878868707742  0.91525040748879471  0.92467067262846292  0.93385695269324120
  0.94326164237657473  0.95236963653615070  0.96011991431397470  0.96624173243799005
  0.97210841820100102  0.97795350011543669  0.98682402707175798  1.00000000000000000
 -0.00288538827247064  0.01586575223991797  0.02751910557275379  0.03769603027116982
  0.04918031505326636  0.06361652314408801  0.07563508701334287  0.08743982360509867
  0.10065189026120840  0.11458424302548956  0.12928834969852865  0.14280829253358399
  0.15539563915705107  0.16790182349664440  0.18096842619774342  0.19649610474997470
  0.21128809783230759  0.22413921204063542  0.23474958836069754  0.24327749359263906
  0.25225035663069972  0.26129859209805245  0.26928919920384370  0.27624041968183588
  0.28229311552180952  0.28886810717100625  0.29733370805782550  0.30602782661800992
  0.31307912082066369  0.31967461886513104  0.32486451924499909  0.33048132435121669
  0.33664986819883219  0.34360385552962558  0.35087599123335617  0.35786408493232430
  0.36495622477753198  0.37162077933502946  0.37794137202790690  0.38527612989954607
  0.39339954663524601  0.40200209231593947  0.41026516913054017  0.41833071515412112
  0.42674025327436432  0.43497006533318899  0.44292229792223353  0.45007151380698085
  0.45733422075683361  0.46440927064587595  0.47092001370710096  0.47724702571017125
  0.48512911185184004  0.49351022158468522  0.50338459828916371  0.51457923880571366
  0.52499380022181297  0.53426733994008768  0.54350005197646989  0.55277544273410273
  0.56169123311451019  0.56965803844265095  0.57676945346854369  0.58354462044982480
  0.59018543850356542  0.59879586142234076  0.60556866791070174  0.61005790005827298
  0.61472714646679461  0.61891459996712561  0.62405336755601037  0.63144833152269730
  0.64035077430213660  0.64926295460152861  0.65665184159861456  0.66254585547458988
  0.66993879230631914  0.67780101854801378  0.68598971264104991  0.69448810125094274
  0.70406537831091931  0.71422931967066317  0.72400829485755980  0.73646616511663054
  0.74694705057853661  0.75579941816675822  0.76715110305156786  0.78019509570453194
  0.79637475397627433  0.81650592128772670  0.83807951846146211  0.85946733423125832
  0.87956746514373207  0.89806071971608192  0.92707997745930193  1.00000000000000000
 -0.00351428341318728  0.01281399780124709  0.02274861545114606  0.03067872643744101
  0.03810298596257828  0.04561857684120518  0.05328673269488984  0.06208297228562649
  0.07289934369199380  0.08518187683375966  0.09907645068802813  0.11265694582995552
  0.12755469633323574  0.14075221550641673  0.15032003202006652  0.15742579090630099
  0.16542947221740842  0.17615219643467275  0.18699107745723240  0.19705686459147442
  0.20641852056436166  0.21664152486036753  0.22668950173163541  0.23762105057394944
  0.25042054160512239  0.26607900806403534  0.28345839861466049  0.29625908037808008
  0.30607277553557871  0.31484915067118685  0.32491213389198392  0.33742005340350650
  0.35298159539483298  0.36899577182652110  0.38105146603906126  0.38798821120730215
  0.39514114892047925  0.40344190588428636  0.41585373988444202  0.42722979362718816
  0.43594235355736710  0.44283226674418880  0.45087335923077237  0.45946956738957667
  0.47018418621754732  0.48306443309177050  0.49573656659042742  0.50776286806181747
  0.52066317727854039  0.53213888480667249  0.54335630799562140  0.55520359571188427
  0.56330516612770831  0.57110052946918988  0.58036145115285498  0.58956176209722277
  0.59896335136371415  0.60880152192148229  0.61663003524824156  0.62377426924879686
  0.63273393283638091  0.64178588031960659  0.65015068514141539  0.65738324657248026
  0.66543338931991691  0.67557993361995161  0.68878905534614476  0.69957114895865347
  0.71104785003264970  0.72343730300161657  0.73306559124152670  0.73972983059942643
  0.74766012418329608  0.75462337580199601  0.76321467969908763  0.77388962473062939
  0.78692357052948725  0.79916961684911580  0.81124679867396188  0.82390820672448595
  0.83764136577496784  0.85194528995096885  0.86490539556565416  0.87607950027548587
  0.88707405085102342  0.89651400170923690  0.90506239965673851  0.91395637291685372
  0.92377684976103958  0.93446075169535892  0.94510980931922606  0.95473080256876408
  0.96414560217454537  0.97304754707499341  0.98651151703674511  1.00000000000000000
 -0.00132767486702569  0.00470934966361215  0.01355253543066931  0.02042729222409197
  0.02704757429268966  0.03730920975074097  0.04689549875603846  0.05571084245392542
  0.06360341820587581  0.07083385845434967  0.07811311880935194  0.08702658633014237
  0.09809143767933751  0.10892110493874391  0.11886528124821223  0.12767167154449729
  0.13532345124048550  0.14162497931605597  0.14804578189556677  0.15492742125235293
  0.16293445280496979  0.17114926266368907  0.18032229071176911  0.19112790414182207
  0.20044592296190197  0.20822445383824156  0.21587782710343853  0.22296797526002574
  0.23011822164666770  0.23799501786348667  0.24587456560192267  0.25354480145475722
  0.26280934593996536  0.27343451153410775  0.28370105666911805  0.29107011992562537
  0.29928718871421195  0.30714905331717651  0.31702810660483038  0.32710158817271301
  0.33888265280080604  0.34955944067393457  0.35824510580101299  0.36549337881807031
  0.37334297987816528  0.38174431014572741  0.38868294759396116  0.39545571890942383
  0.40223408910721614  0.41099091896500539  0.42077527644805557  0.42842520567785158
  0.43449332163644439  0.44025321776383286  0.44643871910581212  0.45439577353865296
  0.46279354324895172  0.47299007268992610  0.48383570115818497  0.49405507852826192
  0.50433271174375438  0.51428921672414096  0.52448594759645473  0.53410234777377497
  0.54280693283239467  0.55117108174100904  0.56005843170249703  0.56871616912318568
  0.57598292157029529  0.58163357290732542  0.58849389060481982  0.59591906647886339
  0.60459548074781577  0.61516858464539304  0.62922441931702289  0.63951357408535914
  0.65120008438507326  0.66221943389452720  0.67375065088876473  0.68553165423976714
  0.69663703492007889  0.70803485524856868  0.72109120815667893  0.73471467365206922
  0.74888992707220559  0.76476637253528801  0.78169562921569269  0.79951364877779718
  0.81755137275705192  0.83852901456691253  0.86706062544162521  0.89450095308500599
  0.91511187048438203  0.93692479146894514  0.96242974785243729  1.00000000000000000
 -0.00181509338949395  0.00765240028666819  0.01685165759128268  0.02719382143007143
  0.03939485951930797  0.05188886666196364  0.06550547810586579  0.07950871983420742
  0.09438411058458999  0.10953392461029678  0.12373711832840303  0.13548956242718466
  0.14458025652081785  0.15217993329947072  0.16061106352030433  0.16945891612655400
  0.17802955767936138  0.18657462629622892  0.19477005259817776  0.20344318649228682
  0.21294305047319009  0.22234382150485185  0.23031930779193605  0.23717904870149040
  0.24424660986315805  0.25267894313399397  0.26271611268660156  0.27408385526535461
  0.28716861918521397  0.30062617055427721  0.31524088427659858  0.32680404962323195
  0.33774409394669214  0.34904610843808742  0.35850237434694249  0.36687980032055628
  0.37469048596411503  0.38281285285045313  0.39131396494271320  0.39892465328887527
  0.40671921887651624  0.41584237663589391  0.42752691777556856  0.44042854573314233
  0.45393884142225338  0.46562314740047278  0.47682477870052276  0.48841488057586069
  0.50104581652203417  0.51234759738410596  0.52214319778529339  0.53236468080145294
  0.54051528817110495  0.55025773886921814  0.55798711136913459  0.56561576368130628
  0.57576322240816002  0.58476944584953439  0.59280127048646514  0.59878054284708970
  0.60563341648597435  0.61435800631183268  0.62548762612836994  0.63741291247512666
  0.64881624934146431  0.65989992153592780  0.66968924325018464  0.67964300984833148
  0.69297584116960464  0.70822905416902504  0.72308153545000342  0.73721263403790871
  0.75083896939601025  0.76327459733704250  0.77650050984372299  0.78961062943774163
  0.80238200554051609  0.81468227219920808  0.82658813755126403  0.83769680643635935
  0.84702750372802937  0.85501462038836273  0.86342900520367150  0.87176727285265354
  0.88065889321920099  0.89203518053723807  0.90373981365310974  0.91375971565697933
  0.92510922321918831  0.93461511946661258  0.94367830121185070  0.95300382636288083
  0.96272711877667538  0.97397927034744347  0.98579307730044174  1.00000000000000000
 -0.00137615521279685  0.00587440843931418  0.01529571166472121  0.02402237328102400
  0.03731064808897300  0.05376290367736399  0.07131093948398651  0.08868461033838711
  0.10476533973009319  0.11768877984817343  0.13007827844650774  0.14272402007268617
  0.15584286256249447  0.16857269229881749  0.18021525625217266  0.19234943234542298
  0.20400154806571730  0.21526013240551342  0.22659313287146038  0.23949398481556886
  0.25582469871464053  0.27133324604820191  0.28271572753702157  0.29138052931099151
  0.29927312335552175  0.30634856544587180  0.31364010601779313  0.32111507286417568
  0.32681922939470320  0.33319918209307176  0.34387485198085593  0.35781892366355988
  0.37135157247944289  0.38237193023892335  0.39236076094807576  0.40366524013940502
  0.41471515200153619  0.42533657307722261  0.43540502258820785  0.44503911210172564
  0.45606411266371039  0.46775910627617601  0.47919562630018625  0.48851411639136244
  0.49556635926449005  0.50275110064563366  0.51048876489316697  0.51878073951193504
  0.52927720141379808  0.53680567880020813  0.54345961828131018  0.54991112444784884
  0.55604958575212904  0.56405805036505807  0.57305737035507298  0.58408741328397040
  0.59673883162104746  0.60972569080010541  0.62316857432565553  0.63716419359912813
  0.64792276326218967  0.65970146752149794  0.66956598737181316  0.68055716380825049
  0.69345527439647303  0.70836537144570577  0.72451162820619963  0.73772044165716222
  0.74733577957210251  0.75603144184152427  0.76373827977877018  0.77213838703319004
  0.78250767386483977  0.79519000420522223  0.80929210360404391  0.82178172348969092
  0.83189219976159068  0.84175454846986342  0.85130161601367882  0.86147323272985799
  0.87024726852845236  0.87840470760037326  0.88548819077279495  0.89309123057732032
  0.90127646118703753  0.91088535504395485  0.92031866488025982  0.92890858622673422
  0.93707488224101787  0.94417194104762514  0.95007935378873309  0.95734892922050385
  0.96480073321261739  0.97313462688738872  0.98322727757303741  1.00000000000000000
  0.63251311086126416  0.68889456782473790  0.71588631153470461  0.73858841258559960
  0.75373536037883326  0.76132413339589800  0.76715375425163246  0.77545946786676379
  0.78448653717241756  0.79298758849235740  0.79868810074975582  0.80354111607904544
  0.80772460204014374  0.81175850690344231  0.81619301380749487  0.82103558755253125
  0.82589347692036619  0.83092308733004916  0.83523710177385213  0.83900003601524076
  0.84350471223175760  0.84904706849225831  0.85321103776085339  0.85661609196425115
  0.86016945978776072  0.86391936348219356  0.86740483956344638  0.87004076172420663
  0.87259821108417657  0.87516755301693916  0.87836278035541981  0.88134994019915580
  0.88406316960066644  0.88663727233209977  0.88931554080041486  0.89209342307328088
  0.89486514582702903  0.89748556466345564  0.90080863715172677  0.90403254784779941
  0.90761295923779461  0.91065782172843757  0.91326397873187437  0.91597724533066172
  0.91834799880667595  0.92071499120636380  0.92296525543253360  0.92486296822073144
  0.92659044104258237  0.92831348212295206  0.93012516205750351  0.93205945744582663
  0.93390285412777496  0.93585315424022930  0.93786487487153414  0.93992877743397185
  0.94162907146212527  0.94316251156554864  0.94468766437253693  0.94598248881972835
  0.94703393291068938  0.94807447794496558  0.94913548873731535  0.95024176937688831
  0.95149916114210720  0.95293839348172404  0.95412168196788760  0.95528898698935782
  0.95644264719973082  0.95758279438499805  0.95877879184690118  0.96002022689087818
  0.96128115998842434  0.96248180455138743  0.96361784185954114  0.96473901901931503
  0.96592965910271067  0.96729677011527448  0.96889418304528308  0.97054503455197283
  0.97202749010080824  0.97333156991042546  0.97466668196237394  0.97609956378625584
  0.97762819128040801  0.97915292419427968  0.98056643766555662  0.98190444436204949
  0.98322340286501564  0.98460281129449700  0.98609725400022064  0.98780341416101947
  0.98932266408651748  0.99113882658071295  0.99366866740788773  1.00000000000000000
 -0.04413748098477317  0.17382277680104494  0.23121555850995942  0.26556208799978787
  0.29044406654024701  0.31093529887457116  0.32905208753414916  0.34797942806795912
  0.36405043597793890  0.37766893754536734  0.39085816159783715  0.40406720984977629
  0.41564744590952019  0.42559386109211994  0.43484504146034059  0.44359398990274312
  0.45135567531473858  0.45847932845863887  0.46544601118899837  0.47313973687776345
  0.48135577580236932  0.48844971395882725  0.49508054517417427  0.50136691742165884
  0.50852482495453466  0.51577704034367233  0.52299215945595534  0.53071635698144271
  0.53685255454848713  0.54207467317148950  0.54650120392678980  0.55067302703767373
  0.55509110436022446  0.56022696884937151  0.56501673580160383  0.57001724100958873
  0.57468202430864657  0.57823266544075891  0.58200995210049855  0.58693696475537283
  0.59240081142728396  0.59758792276135797  0.60283051366201190  0.60851583074305460
  0.61341611238789528  0.61810739060602971  0.62190100706075013  0.62463813618781194
  0.62770654758801137  0.63172601741888357  0.63656743993807385  0.64171577596214235
  0.64644720692917690  0.64986912392470919  0.65365808022048599  0.65743717511327548
  0.66095624184111268  0.66607887990559322  0.67211837047524514  0.67804662884537648
  0.68304194745440283  0.68779331581126479  0.69199080574669991  0.69682173559065574
  0.70190096471549746  0.70679924086736223  0.71042884901900105  0.71408907903354535
  0.71711760331253704  0.72006681333880085  0.72410844981930478  0.72920536648390377
  0.73410356251982567  0.73807540888537915  0.74190293360581439  0.74636413972450555
  0.75214629276947231  0.75851837671389755  0.76458647885387543  0.76947073698190094
  0.77289977115140440  0.77656772186238021  0.78104357476199127  0.78644031832260042
  0.79223369881238137  0.79738676546011822  0.80349776417994845  0.81017204946516630
  0.81787595349187103  0.82738708753022416  0.83705443762271292  0.84742012277909651
  0.86144836769298805  0.88060006618852027  0.91227301328604493  1.00000000000000000
   2.6435491648602620E-016  -1.0000000000000000     
 F F F F F F F F F F F F F F F F F F F F F F F F F F F F F F F F F F F F F F F F F F F F F F F F F F F F F F F F F F F F F F F F F F F F F F F F F F F F F F F F F F F F F F F F F F F F F F F F F F F F F F F F F F F F F F F F F F F F F F F F F F F F F F F F F F F F F F F F F F F F F F F F F F F F F F F F F F F F F F F F F F F F F F F F F F F F F F F F F F F F F F F F F F F F F F F F F F F F F F F F F F F F F F F F F F F F F F F F F F F F F F F F F F F F F F F F F F F F F F F F F F F F F F F F F F F F F F F F F F F F F F F F F F F F F F F F F F F F F F F F F F F F F F F F F F F F F F F F F F F F F F F F F F F F F F F F F F F F F F F F F F F F F F F F F F F F F F F F F F F F F F F F F F F F F F F F F F F F F F F F F F F F F F F F F F F F F F F F F F F F F F F F F F F F F F F F F F F F F F F F F F F F F F F F F F F F F F F F F F F F F F F F F F F F F F F F F F F F F F F F F F F F F F F F F F F F F F F F F F F F F F F F F F F F F F F F F F F F F F F F F F F F F F F F F F F F F F F F F F F F F F F F F F F F F F F F F F F F F F F F F F F F F F F F F F F F F F F F F F F F F F F F F F F F F F F F F F F F F F F F F F F F F F F F F F F F F F F F F F F F F F F F F F F F F F F F F F F F F F F F F F F F F F F F F F F F F F F F F F F F F F F F F F F F F F F F F F F F F F F F F F F F F F F F F F F F F F F F F F F F F F F F F F F F F F F F F F F F F F F F F F F F F F F F F F F F F F F F F F F F F F F F F F F F F F F F F F F F F F F F F F F F F F F F F F F F F F F F F F F F F F F F F F F F F F F F F F F F F F F F F F F F F F F F F F F F F F F F F F F F F F F F F F F F F F F F F F F F F F F F F F F F F F F F F F F F F F F F F F F F F F F F F F F F F F F F F F F F F F F F F F F F F F F F F F F F F F F F F F F F F F F F F F F F F F F F F F F F F F F F F F F F F F F F F F F F F F F F F F F F F F F F F F F F F F F F F F F F F F F F F F F F F F F F F F F F F F F F F F F F F F F F F F F F F F F F F F F F F F F F F F F F F F F F F F F F F F F F F F F F F F F F F F F F F F F F F F F F F F F F F F F F F F F F F F F F F F F F F F F F F F F F F F F F F F F F F F F F F F F F F F F F F F F F F F F F F F F F F F F F F F F F F F F F F F F F F F F F F F F F F F F F F F F F F F F F F F F F F F F F F F F F F F F F F F F F F F F F F F F F F F F F F F F F F F F F F F F F F F F F F F F F F F F F F F F F F F F F F F F F F F F F F F F F F F F F F F F F F F F F F F F F F F F F F F F F F F F F F F F F F F F F F F F F F F F F F F F F F F F F F F F F F F F F F F F F F F F F F F F F F F F F F F F F F F F F F F F F F F F F F F F F F F F F F F F F F F F F F F F F F F F F F F F F F F F F F F F F F F F F F F F F F F F F F F F F F F F F F F F F F F F F F F F F F F F F F F F F F F F F F F F F F F F F F F F F F F F F F F F F F F F F F F F F F F F F F F F F F F F F F F F F F F F F F F F F F F F F F F F F F F F F F F F F F F F F F F F F F F F F F F F F F F F F F F F F F F F F F F F F F F F F F F F F F F F F F F F F F F F F F F F F F F F F F F F F F F F F F F F F F F F F F F F F F F F F F F F F F F F F F F F F F F F F F F F F F F F F F F F F F F F F F F F F F F F F F F F F F F F F F F F F F F F F F F F F F F F F F F F F F F F F F F F F F F F F F F F F F F F F F F F F F F F F F F F F F F F F F F F F F F F F F F F F F F F F F F F F F F F F F F F F F F F F F F F F F F F F F F F F F F F F F F F F F F F F F F F F F F F F F F F F F F F F F F F F F F F F F F F F F F F F F F F F F F F F F F F F F F F F F F F F F F F F F F F F F F F F F F F F F F F F F F F F F F F F F F F F F F F F F F F F F F F F F F F F F F F F F F F F F F F F F F F F F F F F F F F F F F F F F F F F F F F F F F F F F F F F F F F F F F F F F F F F F F F F F F F F F F F F F F F F F F F F F F F F F F F F F F F F F F F F F F F F F F F F F F F F F F F F F F F F F F F F F F F F F F F F F F F F F F F F F F F F F F F F F F F F F F F F F F F F F F F F F F F F F F F F F F F F F F F F F F F F F F F F F F F F F F F F F F F F F F F F F F F F F F F F F F F F F F F F F F F F F F F F F F F F F F F F F F F F F F F F F F F F F F F F F F F F F F F F F F F F F F F F F F F F F F F F F F F F F F F F F F F F F F F F F F F F F F F F F F F F
  <DiscreteSampler_grid>
  grouped_processes
  1 # 1 for a reference and 2 for a running grid.
  10 # Attribute 'min_bin_probing_points' of the grid.
  1 # Attribute 'grid_mode' of the grid. 1=='default',2=='initialization'
  0.0000000000000000 # Attribute 'small_contrib_threshold' of the grid.
  0.5000000000000000 # Attribute 'damping_power' of the grid.
 # binID   n_entries weight   weight_sqr   abs_weight
    61   10   9.649127699103336E-013   6.653543613643603E-024   9.649127699103336E-013
    62   10   9.649127699107636E-013   6.653543613643687E-024   9.649127699107636E-013
    64   10   1.929825539820667E-012   2.661417445457441E-023   1.929825539820667E-012
    65   10   1.929825539821527E-012   2.661417445457475E-023   1.929825539821527E-012
    67   10   5.080752135938332E-012   1.373694615844650E-022   5.080752135938332E-012
    68   10   5.080752135939279E-012   1.373694615844651E-022   5.080752135939279E-012
    70   10   1.016150427187666E-011   5.494778463378602E-022   1.016150427187666E-011
    71   10   1.016150427187856E-011   5.494778463378605E-022   1.016150427187856E-011
    106   10   5.298323241286358E-013   1.310834558811810E-024   5.298323241286358E-013
    107   10   5.298323241286512E-013   1.310834558811802E-024   5.298323241286512E-013
    109   10   1.059664648257272E-012   5.243338235247241E-024   1.059664648257272E-012
    110   10   1.059664648257302E-012   5.243338235247208E-024   1.059664648257302E-012
    112   10   1.651523026142473E-012   9.420323817685470E-024   1.651523026142473E-012
    113   10   1.651523026144764E-012   9.420323817685727E-024   1.651523026144764E-012
    115   10   3.303046052284946E-012   3.768129527074188E-023   3.303046052284946E-012
    116   10   3.303046052289527E-012   3.768129527074291E-023   3.303046052289527E-012
    151   10   9.649127699103371E-013   6.653543613643599E-024   9.649127699103371E-013
    152   10   9.649127699107559E-013   6.653543613643727E-024   9.649127699107559E-013
    154   10   1.929825539820674E-012   2.661417445457440E-023   1.929825539820674E-012
    155   10   1.929825539821512E-012   2.661417445457491E-023   1.929825539821512E-012
    157   10   5.080752135938336E-012   1.373694615844650E-022   5.080752135938336E-012
    158   10   5.080752135939261E-012   1.373694615844655E-022   5.080752135939261E-012
    160   10   1.016150427187667E-011   5.494778463378598E-022   1.016150427187667E-011
    161   10   1.016150427187852E-011   5.494778463378621E-022   1.016150427187852E-011
    196   10   5.298323241286360E-013   1.310834558811810E-024   5.298323241286360E-013
    197   10   5.298323241286512E-013   1.310834558811803E-024   5.298323241286512E-013
    199   10   1.059664648257272E-012   5.243338235247241E-024   1.059664648257272E-012
    200   10   1.059664648257302E-012   5.243338235247213E-024   1.059664648257302E-012
    202   10   1.651523026142495E-012   9.420323817685483E-024   1.651523026142495E-012
    203   10   1.651523026144789E-012   9.420323817685713E-024   1.651523026144789E-012
    205   10   3.303046052284991E-012   3.768129527074193E-023   3.303046052284991E-012
    206   10   3.303046052289578E-012   3.768129527074285E-023   3.303046052289578E-012
  </DiscreteSampler_grid>
