  0.00048112992907077  0.02485734686139532  0.04600761451881363  0.06116231505396220
  0.07128825510858595  0.08064015039572033  0.08945530348294521  0.09837630535659628
  0.10712784685256359  0.11556715217189450  0.12363848277073032  0.13268482616847496
  0.14169022689289412  0.15140178194129486  0.16325785415995450  0.17142029278290324
  0.17993730650797832  0.18989009312332414  0.20009110174260239  0.20904452261231782
  0.21750098155337177  0.22618795181709134  0.23534142164196212  0.24504044729109858
  0.25363380230211929  0.26053011993924124  0.26610166432153282  0.27242730673994425
  0.27910210793486206  0.28642900127560272  0.29489288350324366  0.30627818985541011
  0.31750332441785029  0.33020616196514707  0.34226821041116934  0.34821227755702205
  0.35763923578769202  0.36552342866571624  0.37079903795054425  0.37609288962598864
  0.38406384326236670  0.39299162278517058  0.40403100627847943  0.41254486259461720
  0.41858047390669184  0.42571138515355667  0.43390461428518312  0.44261648992711683
  0.46060297695688668  0.48355127716450302  0.49993331416812747  0.51360268736753567
  0.52552481825186392  0.53974263761749697  0.55657018081589360  0.57300368787766287
  0.58675836726626751  0.59694656202107543  0.60403702549368665  0.61531285198111629
  0.62237270402756018  0.62885445409171836  0.63474755262452842  0.64112404993048533
  0.64425870947774821  0.64731451908764526  0.65095979881819510  0.65684914902083125
  0.66427562495311487  0.67026311988790566  0.67915465775898287  0.69226846630205729
  0.70852837788405998  0.72653024362178742  0.74386691622477885  0.76090023529207251
  0.77677870733232646  0.79681086725798034  0.81901777483165950  0.83990840731288374
  0.85669233184341564  0.87038821363509455  0.87983919712676872  0.88523248578231806
  0.88969443273899795  0.89465900858319014  0.89947384677011422  0.90482752503408848
  0.91038608901113305  0.91761556741588068  0.92666698732405728  0.93785127398647306
  0.95471196200887032  0.97255374938290962  0.98213750700653968  1.00000000000000000
  0.00914733605788064  0.01634390793255426  0.02686340497472697  0.03677182192367544
  0.04317300499188875  0.05094436969085751  0.06064203950780055  0.07159786299792986
  0.08717761306907380  0.10291534610872351  0.12204081291783245  0.13686769545201938
  0.14818878474257435  0.16351755597189116  0.16792422931096773  0.17055409653581824
  0.17349774362631357  0.17650827653617607  0.18006919424462306  0.18382545983870185
  0.18909421742362320  0.19516427052241775  0.20097803338295578  0.21270274060147826
  0.22879104162008132  0.23940755454190846  0.24314660088561454  0.24671931074417247
  0.25004339542815829  0.25460519670865228  0.25959496880415800  0.26488807806295978
  0.27006261809589416  0.27497082955437618  0.28065519240271947  0.29193921027977238
  0.30571858928538853  0.31982448592029045  0.33234763239994325  0.34015228922303720
  0.35409538858300732  0.37255500152108473  0.38395339041498938  0.40027524490411598
  0.42136527017029068  0.43723939151508906  0.44650288004732847  0.45485914293983903
  0.46343942994170789  0.47175681925614837  0.47880704521679773  0.48538584124459822
  0.49244153018039138  0.50595179699312798  0.52717995109706439  0.54565952490797842
  0.55780726593988572  0.57186498430629018  0.58363532848348787  0.59148637525535153
  0.60009210335339702  0.61519208655451663  0.63230329604209135  0.65284443556597260
  0.67569273482945835  0.69680809403704869  0.71780702526311047  0.72943912908618969
  0.74376000787026442  0.74957816902255203  0.75448687960125416  0.75933539462410082
  0.76595213416432695  0.77319167595349525  0.77877292683205923  0.78175619327789281
  0.78634679030154797  0.79183222412347676  0.79942061181228441  0.80733147447567877
  0.81577477321835923  0.82646769945143705  0.83507158832357264  0.84388086085271785
  0.85369521525980441  0.87580844529959256  0.90065257696020184  0.92377321963702008
  0.93635317974243881  0.94420157224125767  0.95529185874999945  0.96769912915155187
  0.97477352930620642  0.98248834032187871  0.99084103998095174  1.00000000000000000
  0.00018415106127715  0.00021979966224352  0.00022685803555103  0.00023080152357779
  0.00023353211112821  0.00023580830988926  0.00023830789575666  0.00024149393967835
  0.00024419184147653  0.00024626612623390  0.00024799847682093  0.00024968048826800
  0.00025134555998595  0.00025329775083431  0.00025531953455700  0.00025796267528057
  0.00025968145558228  0.00026104899081376  0.00026239728930229  0.00026368153317897
  0.00026525353523468  0.00026691957917556  0.00026843068026198  0.00027035721642713
  0.00027298586584547  0.00027594666508253  0.00027841757916481  0.00028076534500879
  0.00028352711558786  0.00028611684553303  0.00028854998588899  0.00029022593320057
  0.00029153054587114  0.00029292825926618  0.00029405962572542  0.00029521519968662
  0.00029677500695648  0.00029846104759693  0.00030046116697518  0.00030214100029691
  0.00030352252183055  0.00030474794045302  0.00030621369608294  0.00030802260142393
  0.00030954917068839  0.00031085316711658  0.00031241093177566  0.00031429832081162
  0.00031789528869694  0.00032109815192260  0.00032374177863224  0.00032628523023800
  0.00032928664851781  0.00033207950926376  0.00033527993961373  0.00033950873542772
  0.00034504882766182  0.00035117262118617  0.00035415969941380  0.00035594956067901
  0.00035770306093886  0.00035946835656985  0.00036101293276777  0.00036220508021065
  0.00036458031418823  0.00036838891664783  0.00037256740619266  0.00037905306419991
  0.00038730419804331  0.00039494787396575  0.00039964691788438  0.00040422176731924
  0.00041078078064500  0.00041746175819395  0.00042508813596997  0.00043234827756611
  0.00043992861131473  0.00044856842160888  0.00045562951942243  0.00046567985995282
  0.00047638969228560  0.00048889811669032  0.00050168018973973  0.00052137912982605
  0.00054515707628385  0.00057666913845975  0.00059777934279006  0.00062947893884161
  0.00065581253440436  0.00067231819068529  0.00069339746657633  0.00071949459400356
  0.00079830106466740  0.00270134998820026  0.22633267347913014  1.00000000000000000
  0.00024537092421548  0.00028717808907216  0.00030899665323639  0.00032696994143722
  0.00034291582572413  0.00036181770877015  0.00037584780466411  0.00038098210172760
  0.00038597253868355  0.00039089359729724  0.00039591623709810  0.00040284723740571
  0.00041047026823465  0.00042160698299142  0.00043552472931372  0.00046000494807069
  0.00047840639522688  0.00048147337023915  0.00048410122835824  0.00048568714878745
  0.00048765261999103  0.00049063038254564  0.00049325072487373  0.00049775590310197
  0.00050790563640504  0.00051885905799320  0.00053219119529806  0.00054697312599902
  0.00056026620020068  0.00056804468030919  0.00057473939151424  0.00058179369867099
  0.00058994457493468  0.00059638864659884  0.00060208185795384  0.00060789854614658
  0.00061537797539303  0.00062527257701369  0.00063515777023492  0.00064320372327999
  0.00064979712582618  0.00065668053103667  0.00067068951625625  0.00068442702880732
  0.00069787234127993  0.00070603804810511  0.00071451820129867  0.00072320751823753
  0.00073337384001891  0.00074320405508390  0.00075142715225679  0.00075946261870737
  0.00076756790992862  0.00077590807565247  0.00078439815435367  0.00079286422898714
  0.00080097307410189  0.00082061686380485  0.00084762326712638  0.00087462598341576
  0.00089967880797803  0.00092435276195632  0.00095220368604087  0.00098470009105030
  0.00101346604309147  0.00103818690049267  0.00105811274446243  0.00107598450898722
  0.00108909197262273  0.00110799945641175  0.00113104531460028  0.00116129289984708
  0.00120368986122750  0.00125831252031819  0.00131236669915983  0.00137183791341093
  0.00142854277932676  0.00148022859092612  0.00153446397634830  0.00159917290380000
  0.00168673788622888  0.00176444971861450  0.00184568566172905  0.00194581570203369
  0.00206111937627534  0.00216636546819797  0.00231566982204423  0.00258217617598384
  0.00278120048625300  0.00303599451935870  0.00334860909840852  0.00379812276106710
  0.00424529129943146  0.00499021387025291  0.74785603267735601  1.00000000000000000
  0.00051851576879959  0.00073881535785129  0.00076889247996742  0.00080260859986200
  0.00084037880598808  0.00087737107172168  0.00091381062403113  0.00098599290822930
  0.00105933093824453  0.00112985242966916  0.00117421706064690  0.00120031719343487
  0.00122700270522468  0.00124734682353236  0.00126580948300974  0.00128255204510694
  0.00130619041117168  0.00137325596919824  0.00148649397882724  0.00155968686579001
  0.00162023299602308  0.00169281116848774  0.00178528766141919  0.00187781142386595
  0.00197120398027832  0.00205527758724236  0.00215677452850080  0.00223831946303166
  0.00231466254271795  0.00238764673328511  0.00248150082535270  0.00262663727785615
  0.00269305535831919  0.00274319633387351  0.00282940994516959  0.00294657221315938
  0.00305684595222505  0.00312934965135261  0.00322937584347863  0.00340519973019688
  0.00365450386327121  0.00395693282649471  0.00416912654772553  0.00435025291230988
  0.00449597140846222  0.00459240164500690  0.00472990586416550  0.00491474143421179
  0.00511432145593990  0.00528243050039915  0.00544704883120285  0.00563820678835154
  0.00586063341872819  0.00614983676602931  0.00661626507524638  0.00694230534819564
  0.00728622989774196  0.00768258297685058  0.00814400394889641  0.00849811511458398
  0.00876303820757810  0.00905252156030756  0.00938286524389092  0.00976563047734455
  0.01027236130087543  0.01067763601946027  0.01085712974676603  0.01106679475528535
  0.01124475629152039  0.01143226710301876  0.01159841673747496  0.01180178661960774
  0.01212336953560696  0.01302044847234213  0.01448170099648363  0.01627181027138732
  0.01813710871788373  0.01980793917828867  0.02161174726450032  0.02392976297493761
  0.02756750060634727  0.02979331903714761  0.03131950717331979  0.03284569530949195
  0.03437188344566412  0.07137960225598106  0.23515395669576888  0.39892831113555682
  0.56270266557534465  0.72647702001513248  0.80304976512253123  0.84243981209802477
  0.88182985907351819  0.92121990604901172  0.96060995302450525  1.00000000000000000
  0.00300082104189945  0.01061225533625977  0.01893149346818823  0.02764118108776717
  0.03842123063615920  0.04988275668426255  0.05966322159511009  0.06705202503060903
  0.07221457445090371  0.07925921479525189  0.09228633450823792  0.10625454039085777
  0.12266634155983684  0.13878298414139251  0.15107068543615340  0.16196945133681456
  0.17085981176546250  0.17566004698928295  0.17904980748956539  0.18918417972090071
  0.19743945401363250  0.20621658220334030  0.21446648695184539  0.22048991753876429
  0.22752386719738776  0.23500594276901096  0.24439929654176032  0.25541514917332742
  0.26699516650662602  0.27875667215937933  0.28496746554215535  0.29110830930946252
  0.29756503751394425  0.30418358957988767  0.31004502027447522  0.31406744019140026
  0.31802944239384656  0.32261849430885609  0.32898140418107064  0.34210090759458273
  0.35653375545329824  0.36916850560583986  0.37870461369564751  0.38758384073272434
  0.39585590681411109  0.40483343062377514  0.41564887573364173  0.42732121270694551
  0.44251831031735189  0.45842988499500859  0.46738212333251289  0.47067149383262497
  0.47345010730324133  0.47683109737834273  0.48015163897522545  0.48335456175931030
  0.48728167481960388  0.49216319843157769  0.50074292729404979  0.51735382914501005
  0.53146854582327296  0.53830995134785908  0.54314943593758191  0.54871193590545930
  0.55557867555574580  0.56329754271685550  0.57335539690156034  0.58663271008833484
  0.60280885487663816  0.61228449519777417  0.62038361851399360  0.62858126476939702
  0.63864780467480264  0.64916863974606076  0.66572459347830659  0.68947775300963599
  0.72378990778149299  0.74075425126242622  0.75474166495227624  0.77040675537422121
  0.78977030158614248  0.81064102454043341  0.82834736243181228  0.84213762196621411
  0.85614274270774171  0.87329749131759327  0.88880286574781164  0.89657775886176216
  0.90366820564739159  0.91445353672487983  0.92982820460922144  0.94231956420266094
  0.95341444136652609  0.96451913569686454  0.97834192366541473  1.00000000000000000
 -0.00041326035326828  0.00439517064584183  0.00969344348270377  0.01431216543180041
  0.01827456668910175  0.02319445117694031  0.03106907918309907  0.04485920798247195
  0.05802013956154686  0.06666959589010947  0.07342069505569644  0.08122888492710026
  0.09189304154573852  0.10114381616918110  0.11037683318914027  0.11898866302432719
  0.12602373736435313  0.13391021569032391  0.14195466329307277  0.14838728541383966
  0.15436737926528601  0.16011096710337103  0.16545365648219412  0.17195212815952302
  0.18048163354248647  0.19470788691636989  0.20338197600847613  0.21186108649506802
  0.22227805764096203  0.23236070896634153  0.24102001575190724  0.24797249051165798
  0.25700950318533355  0.26416850453874513  0.27346070062410560  0.28243432023266118
  0.29049641711110746  0.30342972391979989  0.31765141584880480  0.33586274868387633
  0.36342392765367271  0.38592989133366967  0.40307980347854572  0.41445315190213255
  0.42086003775392367  0.42469881852532820  0.42884653822926971  0.43488794035342859
  0.44199424188192027  0.44739768383693845  0.45226980516384968  0.45765949142133738
  0.46311636541420126  0.46685819265224393  0.47235510963804062  0.47820104288405424
  0.48443516679892984  0.49650098312571495  0.51077476435771552  0.52590426420825576
  0.54144793996072405  0.55453571223966358  0.56457038500535184  0.57271922817772924
  0.58065834195762733  0.58985846953821608  0.59602995374804868  0.60240257601400138
  0.60944736522843224  0.61628127033661462  0.62263753802669053  0.63023213148730617
  0.63947485448403762  0.64456978670664689  0.64967744202492816  0.65563580010237454
  0.66521849495535879  0.68167003315780184  0.69721570304102143  0.70984962983138822
  0.72210861052458941  0.73566960387212665  0.75571287555802946  0.79925505158171073
  0.83608429723171240  0.86425233078130470  0.87834283451358586  0.89245553832002367
  0.90768352246282025  0.92377752646025169  0.93909511759443198  0.95275296339741378
  0.96679630581628961  0.97798692783000274  0.98896246391368825  1.00000000000000000
 -0.00604987796269867  0.01370881544358422  0.03214063680497880  0.04883774578046117
  0.06252129044360188  0.07363210611257678  0.08139636107863191  0.08923605162471622
  0.09625997121990915  0.10063381856674609  0.10531112693282842  0.10983407848023992
  0.11416704706856065  0.11947667971356110  0.12532297520510061  0.12907836522181193
  0.13308027624407154  0.13707337289665553  0.14345514814924051  0.15092860187022863
  0.16138068665628774  0.17127414125319157  0.18097715242822640  0.19018314098081185
  0.20791113664387750  0.21766986747368375  0.22972872505532624  0.24450283047434032
  0.25430537050071883  0.26015698289194966  0.26915403161320434  0.28805769816767846
  0.30997943812542739  0.32890215894958608  0.34562032524494246  0.35970323933408388
  0.37087517843369583  0.37815577009144041  0.38496293680441751  0.39187056421059679
  0.39711613795166423  0.40690257936694219  0.42055276975613903  0.43238070649882004
  0.43955821964153402  0.44459724589343913  0.44946029977994473  0.45413807958315838
  0.45839897057436702  0.46609198295358051  0.48294532065787127  0.50585692047749298
  0.52912602915968010  0.54743275664475799  0.55892880565012115  0.56870059836594167
  0.57664686544460242  0.58606323692911999  0.59615533532648601  0.60432528231839056
  0.61499597965711872  0.62816972767646539  0.63907352539818330  0.64340611119971014
  0.64545948536006570  0.64793615104843183  0.64953348006901312  0.65069248938100888
  0.65185105873499505  0.65300995294075503  0.65580930225075829  0.65813609739786028
  0.66050957869677251  0.66933916875783683  0.67986729663893453  0.69063456802429390
  0.70412701764738483  0.71915613175164628  0.73485191488250090  0.75862227337405475
  0.77604264547419133  0.78966477984765859  0.79975340836449360  0.81024181493754144
  0.82308337278381327  0.84227264057972373  0.86448438559485508  0.87611735532006085
  0.88737073226509955  0.90065930760432900  0.91498145539521925  0.92954924189825339
  0.94249075046877051  0.95497979111155795  0.97307402182658775  1.00000000000000000
 -0.00325944924832595  0.01338749174418672  0.02475586946827622  0.03361543944293297
  0.04083074607802541  0.04727746961199313  0.05614563276204252  0.06854218639330745
  0.08144921736765345  0.09414082645496136  0.10781070308091870  0.11929174148344526
  0.12645772213145226  0.13094108935214346  0.13556433093630041  0.14091755000144698
  0.14663759063863616  0.15297108729146694  0.15909211219053671  0.16420805095233867
  0.16992204272726708  0.18128961296451643  0.18887619944612513  0.19169136258694175
  0.19628163504612720  0.20159348032738322  0.21016994120051080  0.21652641732591540
  0.22381646668314548  0.23427942364078141  0.24017378059535260  0.24630311320964959
  0.25579515795534968  0.26435645558894783  0.27302994876809455  0.28034619044474413
  0.28984991726638354  0.30208514703326916  0.31714191766418676  0.33650158234162553
  0.35513414882320138  0.37150143461781782  0.38375328381846313  0.39182834614433587
  0.40224470829159420  0.41443590359038329  0.42961773567742872  0.45083251988926931
  0.47596936394438938  0.49825170679880698  0.51410220885327540  0.52466896867210433
  0.53408642757181679  0.54448572553853680  0.55645054826258977  0.56985900325136940
  0.58435003617769499  0.59817111778577592  0.61320691194103938  0.62940540646664389
  0.64217644272090313  0.65822090921812959  0.67367476442331276  0.68929026865128140
  0.69943900974938866  0.70807140679849101  0.71730384565387040  0.72953272586141860
  0.74260397402987133  0.75586109357135589  0.76567002894464831  0.77384913603160554
  0.78202770450355230  0.79263292160973320  0.80543162565382120  0.81871685236912806
  0.82946188768164153  0.83762202295009813  0.84434297571923367  0.85345073179798292
  0.86206915892341973  0.86732982734925002  0.87235851029620659  0.87517437951480559
  0.87916541315222485  0.88709204645686113  0.89710012040648401  0.90832793037020865
  0.92381213916204596  0.93733465865899135  0.94732241720567512  0.95628307746627583
  0.96627485026874949  0.97677146578342922  0.98851854242709969  1.00000000000000000
 -0.00008751484651540  0.00071961140755466  0.00329697839374103  0.00663904511580906
  0.01288289649337791  0.02075130595814528  0.02772393603457420  0.03219653075735440
  0.03746221993231412  0.04458492622729580  0.05272940426898496  0.06113801927563594
  0.06436220688277787  0.06825208392670266  0.07336478270684084  0.07904063985051063
  0.08510778734425276  0.10029689503622230  0.11580543156417776  0.12916809952203065
  0.14084468744095888  0.15312613910258105  0.16952477283958833  0.19006015243916013
  0.20370759968759347  0.21331607747767178  0.22616082781238370  0.23678936270532724
  0.24596683180364542  0.25667240325452395  0.26907139872158137  0.28052303246744692
  0.29055410901955525  0.29683117957639088  0.30447814641830617  0.31338250379883847
  0.32603422527745041  0.34080997556157905  0.35977820198079102  0.37076682897874724
  0.38152569270702841  0.39072973443723846  0.39670269089291654  0.40235069030344667
  0.40797497713174341  0.42081123344003762  0.44095183512699149  0.45916963072000394
  0.47749060946642852  0.49371362637721439  0.50805129943246774  0.52177145050154428
  0.53971104506942913  0.55113730619844625  0.56110275515767727  0.57070347083989115
  0.57848085456742504  0.58628201247518219  0.59419844522500331  0.60111468412223779
  0.60810911420920510  0.61568343962103367  0.62500430273946583  0.63325967415350148
  0.64167267557619256  0.64918352849659144  0.66047204102290624  0.67281250971515705
  0.68542788051612424  0.69675095819922850  0.70216286352204660  0.70797604926881497
  0.71349537454641454  0.71937239259607122  0.72496320159744487  0.73048102665942738
  0.73760770619451343  0.75077988830407116  0.76502002031853422  0.78090949552454481
  0.80433455386619657  0.83271586780110873  0.85384161526860380  0.86625520293716518
  0.87475357257269870  0.88233229726902607  0.89102066618181419  0.90107479299891879
  0.91275556912654143  0.92540781788312121  0.93928833306820914  0.95352919834704652
  0.96399197910211121  0.97102171040225560  0.98068196246634098  1.00000000000000000
 -0.00151020504406164  0.00760428328250667  0.01551771438702633  0.02340376073732288
  0.03156193345318923  0.04212089855553807  0.05475874517042579  0.06925760222846021
  0.08240119362780188  0.08984101777911124  0.09594310844600930  0.10281046990070039
  0.11083135204098953  0.11843313993994820  0.12663536810861489  0.13509519887531871
  0.14448650814922437  0.15091702249223662  0.15348278325412426  0.15853307349402151
  0.16357692680460356  0.16718342696895869  0.17054678509115026  0.17328531248312387
  0.17517054552641759  0.17941627140527217  0.18399129227113287  0.19081173558146933
  0.19817430729986821  0.20515577522228887  0.21148664404046461  0.22337548456416956
  0.24113786600793866  0.26476629194076901  0.28038823138622015  0.29321329710964583
  0.30952043293673165  0.32662060290321659  0.34221732384278064  0.35559014101876868
  0.37033862563823750  0.38059848170574445  0.38996653427045519  0.39923687779948713
  0.41142924942728920  0.42437492187989512  0.44183961780860820  0.45649514901843374
  0.46791301648632189  0.47834975652202100  0.48761318876022813  0.49528979553235497
  0.50427653836465591  0.51399650730520519  0.52412154205313399  0.53504146816719866
  0.54644027424810271  0.55680467290765456  0.56675791210467452  0.57645532831791435
  0.58694921386770971  0.59693970826133014  0.60806769633958846  0.62270425840940713
  0.64075580459364134  0.65588889443013720  0.66963169127415068  0.68007338927286332
  0.68610293900499253  0.69319425499410980  0.70495376553079470  0.71749911086334262
  0.72665309596043537  0.73486096405066681  0.74256228986708950  0.75127859865646907
  0.76168132756369067  0.77456443218929927  0.79179368925019156  0.80909555139345590
  0.82408328126971164  0.83748579664326606  0.84964956669265601  0.86210560523741497
  0.87723262282082382  0.88993512635778904  0.89659916042805576  0.90390456760998206
  0.91147764118537911  0.91765250893112005  0.92392474543605041  0.93104937211183270
  0.93955058973055794  0.95442013898703359  0.97595318385783925  1.00000000000000000
 -0.00078611256188060  0.00353649093599518  0.00842732813309677  0.01305662009996447
  0.01814753195245096  0.02442583727666849  0.03613002761040783  0.05509298516128060
  0.07383104591044305  0.09023857800549616  0.10360840792905186  0.11668317550426835
  0.13321702592889154  0.15503211706325712  0.17841309057172716  0.19235761579105268
  0.19735458460593153  0.20151841252270625  0.20737343945135348  0.21830396109493749
  0.22733161249929845  0.23530407447251248  0.24224507704748854  0.24784615859039591
  0.25109596143794632  0.25528126340280055  0.26011752762939905  0.26550493002723685
  0.27157986245064708  0.27986698744554167  0.28302680949083198  0.28726672290832717
  0.29283164658063049  0.30055021618195171  0.30962419499372734  0.32037508505375561
  0.32957708263285845  0.33559962922826397  0.34180122762072446  0.34725477902135810
  0.35251002300421053  0.35781860922793868  0.36347303215794874  0.37250278179237123
  0.37869673511918600  0.38333176549258841  0.39193548364468206  0.40498246970789153
  0.42238482480858303  0.43713845349454961  0.44220887049439694  0.44771487366985485
  0.45739714114259450  0.47239037922110116  0.48284026495215648  0.49218573918120623
  0.50468582420266228  0.53240873325181148  0.56508211745960579  0.58561672507892559
  0.60294647067485563  0.62078685198132155  0.63407553921452697  0.64031993626481754
  0.64679974935777451  0.65232228162898487  0.65884130523932660  0.66552115534460210
  0.67894219545107526  0.69170172428728383  0.70118767255133951  0.71082175355783817
  0.72466932010111151  0.75054053048238323  0.78122882967131124  0.80842634917211265
  0.83038082325308193  0.84873836504011291  0.86584503936104473  0.88093371383900854
  0.89272891154786116  0.90274345426195013  0.91091796331786246  0.91924084925100658
  0.92786960415881992  0.93487088371021609  0.93915074864601000  0.94174025666160566
  0.94403899155469639  0.94677000616915019  0.94977073951547519  0.95314568182501347
  0.96354090191694430  0.97933959462476505  0.99021024302757654  1.00000000000000000
 -0.00152564805276243  0.00616901154690179  0.01643732367781828  0.02635402223591215
  0.03569126047926584  0.04388827769631419  0.05020290843061712  0.05612085020361455
  0.06240620515641470  0.06975585524354400  0.07515621942416026  0.07762336921686223
  0.08082052690505431  0.08682150612076925  0.09360732235266596  0.10032717263740279
  0.10796692469811006  0.11960141460972726  0.13293663917214751  0.14776221689967314
  0.16650701935442769  0.18249175656002925  0.19806694515277956  0.20969470271290067
  0.21761764829484731  0.22544888515091369  0.23712537701667133  0.25504214292084110
  0.27237392402263316  0.28932660149433514  0.30215545457178750  0.31615731414033005
  0.33102816064774410  0.34471962904456399  0.35779210220012114  0.36859290318471732
  0.37894006421215498  0.38905186525050867  0.39766272152560772  0.40569787065540780
  0.41452145635161203  0.42362099828724303  0.43306072550998942  0.44096111637471985
  0.44970382418527005  0.45908729460109376  0.46811718828049548  0.48020249329843573
  0.49257219483907216  0.50254735342679524  0.50846923040201475  0.51785950808480041
  0.52799215239241637  0.53565850838410967  0.54050085575661533  0.54454789614081134
  0.54863733889353905  0.55251351385621517  0.55649678978998951  0.56416050339841728
  0.57576593170586998  0.58799544421058603  0.60120912146602712  0.61097422800009571
  0.62126199773355972  0.63009772976247846  0.63654535741919327  0.64355642256611523
  0.65564518353140455  0.66285958711322446  0.66779327746799133  0.67144658377379496
  0.67486128848957438  0.68023783500931412  0.68345129715811481  0.69235244659921180
  0.71032488186068166  0.72718981610085065  0.73965910440735638  0.75111322888232257
  0.76307020362194289  0.77919644388515952  0.79603493490587185  0.81320081597939942
  0.83580761870759601  0.86625116641582722  0.89307033999285612  0.90666347140258241
  0.91450157997296666  0.92182584635099285  0.92912968959106335  0.93783224273945143
  0.94891498053709922  0.96316999419588190  0.98037815430354569  1.00000000000000000
 -0.00363437472389709  0.00608913611088506  0.01563173416541280  0.02382543734630844
  0.03186935630069333  0.03975857736715105  0.05418031907518633  0.07209576172679708
  0.08505177267935794  0.09581242200497880  0.10448063804856005  0.11161902658280687
  0.12161576076122578  0.13432606468248862  0.14626498611163269  0.16226423324987208
  0.16901020465813968  0.17384878445559662  0.18031453701136552  0.18690031314221639
  0.19549814745261243  0.20768177001657617  0.21663156591328142  0.22570216657414488
  0.23636111574921720  0.24989760163882679  0.26596309175277144  0.27863539755195721
  0.28683784373140031  0.29404348536667385  0.29954900820496877  0.30381836105888943
  0.30918945439900775  0.31792007379199716  0.33092924880171837  0.34799924243476005
  0.36362459379623285  0.37320114656919712  0.37860773620021593  0.38245130563833935
  0.38654738688148416  0.39483102404074577  0.40576072728345347  0.41890658317906998
  0.43347982555767145  0.44315264809933963  0.44963097047064982  0.45842901815320564
  0.46644262409544907  0.47734926753361351  0.49695926071624547  0.52403844944540534
  0.53888926809339432  0.55389650830454817  0.56756639479963067  0.58103163264814472
  0.59799335553116117  0.61374439552035465  0.62464419981258201  0.63299710891491068
  0.64037715032730391  0.64892144676123065  0.66230036769888212  0.67637442010322402
  0.69425956197137073  0.71227545999377362  0.72655028815604250  0.74371961468951031
  0.75861509907554669  0.76980759133081034  0.78007391978391205  0.79074906550348778
  0.80090798371280669  0.81092671024307383  0.81638279816658321  0.82029691960530027
  0.82390931209356078  0.82658477495451721  0.82911878350430401  0.83154008497996812
  0.83372172091642782  0.83964593297554102  0.84741259044225670  0.85684832015398504
  0.86895683774453814  0.88330333333962496  0.90004787028959199  0.91549946624391620
  0.92773411947587381  0.93593404304593908  0.94108198900871676  0.94619148955811272
  0.95758929571234608  0.96834295895198852  0.98005188747981087  1.00000000000000000
 -0.00395999531449266  0.02185090145150982  0.03489422307035580  0.04156006866994810
  0.05095779010178332  0.06289097769862523  0.07809820469090668  0.09130396147254807
  0.10469790878636982  0.11462295904694486  0.12324779311195924  0.13618285667807398
  0.15259663009792732  0.16881462213313564  0.18259434960889628  0.19813042247644189
  0.21828651656625844  0.23154692691694559  0.24266500916254516  0.25560957443816607
  0.27065873859763173  0.28668908770570289  0.29840019746286256  0.30899571341021353
  0.32816910500376523  0.35958549184977628  0.36976292576593522  0.37934388764738797
  0.39118669821680924  0.40536261154650333  0.41694456905379801  0.42520945091297624
  0.43328771122706450  0.43976974555253479  0.44538486249360620  0.45098540051215202
  0.45672143057089637  0.46414140540395560  0.47504767941040060  0.48956975202156194
  0.50660018023107223  0.52202558998986526  0.52880580274009692  0.53347024549809241
  0.53890866728984188  0.54517843422265977  0.55202901702544727  0.55768423066054496
  0.56134455123328131  0.56514194601544665  0.57168923312241293  0.57723617235746094
  0.58410250796589003  0.59187481524364560  0.60456644690321826  0.61862676083044454
  0.63082082237352610  0.64394234186429899  0.65562539325836444  0.66766577741063449
  0.68240621632644582  0.69996045155971354  0.71866270775505059  0.73409094351443527
  0.74679334586549639  0.76179056889667296  0.77215046503734919  0.78424814978282487
  0.79777388946475203  0.80974475149452263  0.82129302349432254  0.83384562400477713
  0.84674547866714589  0.85725803709542647  0.86743607198126071  0.87628878073341887
  0.88265181141521820  0.89060218641863553  0.90179814774988099  0.91517896232421792
  0.92692715378804391  0.93103892453411485  0.93483242173699077  0.93848730107010514
  0.94186839219954888  0.94622632201499235  0.95215053665849037  0.95681728802946586
  0.95944841728656638  0.96235965616139840  0.96588392398860512  0.96845799612504158
  0.97191298090870781  0.97696045690865674  0.98199032861581781  1.00000000000000000
 -0.00570010804267005  0.02087489696953390  0.03753115090537659  0.04661108206074727
  0.05349818458173369  0.06135253818200875  0.07063863645242470  0.08075491431156807
  0.09105622905687144  0.10562167011063611  0.12363607478571524  0.13651906241170950
  0.14266558748511873  0.14655004114121653  0.14909129229429899  0.15108021370473124
  0.15611976102290268  0.16164399639305149  0.16731753684373826  0.17412765140134304
  0.18178884709700940  0.19034695468187432  0.21323342594880823  0.23788051075266306
  0.25364829127464533  0.26767556025026940  0.27766439348757838  0.28575959808950863
  0.29535026448838125  0.30552964802225441  0.31599401929051552  0.32918544772478409
  0.34410997011263689  0.35882210456174979  0.37497834919818196  0.39362381091490234
  0.40535326069824629  0.41644255328198243  0.42547126192676121  0.43588531774931694
  0.44860927524216643  0.46776164029874645  0.49102070663414071  0.50806173467006444
  0.52034684833152511  0.53544407183530485  0.54395945960815140  0.55068515506708826
  0.55542544876926259  0.56326134934331562  0.57526244843859597  0.59056858359148612
  0.60872160409135367  0.62672117883387013  0.64463448077387597  0.66378410113499631
  0.67577734399405331  0.68664718916567513  0.69790936489292599  0.71293537330658308
  0.72253669162091383  0.72769098625976547  0.73271119532764828  0.73764873324708380
  0.74570098350620462  0.75717777844964984  0.76131220552924228  0.76545213859579164
  0.76956889938599959  0.77362843492209066  0.77896114529815197  0.78400922905911052
  0.78921560484997344  0.79512214095287215  0.79968493835693821  0.80363430922157431
  0.80767942654946800  0.81316013701681278  0.82256635199597616  0.83486292527380157
  0.84860270791517323  0.86472835073861143  0.87601985843905616  0.88210987834821031
  0.88665005418349385  0.89107708952922315  0.89547010210093148  0.90061278253400279
  0.90746548070456023  0.91548799893066590  0.93103178469011105  0.94779927876384762
  0.96051743286636171  0.97244387452699688  0.98561862677069045  1.00000000000000000
 -0.00274293177226502  0.01150913916537439  0.02313241590611232  0.03912983350469897
  0.05213948255169072  0.06213069978904324  0.06782513802100473  0.07140106520141130
  0.07468745540679647  0.07843414105966572  0.08253771241532103  0.08776165197634263
  0.10157510910182917  0.11706393069692404  0.12863112773287372  0.13697864269332244
  0.14495484567487013  0.15525982141488068  0.15921793221080457  0.16267473145508754
  0.16614148249347829  0.17025710043644526  0.17652468688258427  0.18165843148597749
  0.18590837719816228  0.19056130268646543  0.19589603570814390  0.20172187576309536
  0.21095309648609362  0.21985267632044084  0.23020143846381586  0.24040602912435363
  0.24990222246633470  0.25884048978509111  0.26845764289113616  0.27942505673077928
  0.29405621901070189  0.31264709647604938  0.32952373862449652  0.34445045141767261
  0.35536972660948463  0.36476764467824235  0.37066837335399117  0.37656689870599358
  0.38183189243221538  0.38607872176060576  0.39413584784151445  0.40475492887300163
  0.41750376036977893  0.42421901532087647  0.42880738938936697  0.43445697763628471
  0.44002970472340541  0.44845693051378532  0.45771569481036928  0.46478868156930042
  0.47621903568927504  0.49472705676909262  0.51624434368662109  0.53412244856827429
  0.54179584210727594  0.54880314502570748  0.55492788977590146  0.56256938938403256
  0.57090745814341382  0.57809874322662669  0.58507744933094741  0.59297108765570339
  0.60964625981677578  0.62234229764977700  0.62963855965206594  0.63718450815696936
  0.64428806413348028  0.64873277188980216  0.65331787703943267  0.65802906588439614
  0.66272258785317117  0.66727448973919923  0.67195506240497904  0.67660354540374346
  0.69183125502578102  0.72952612493240665  0.76544224029315278  0.79920943717206916
  0.82166580828743108  0.84124281846034432  0.85302973503337376  0.86081356202912007
  0.86838461627116603  0.87780726824472255  0.88869086839955480  0.89598267043641688
  0.90295481311813663  0.91739318309598805  0.95072884063534480  1.00000000000000000
 -0.00474901040301439  0.02184080016549438  0.03850052755118247  0.06234728726883933
  0.08915460098585781  0.10587319734971692  0.11796997518954232  0.12967409808219243
  0.14301634153526302  0.15507464208457272  0.16953029479872628  0.18293878374667141
  0.19865830654112979  0.21301186651724108  0.22407851175567225  0.23428822524314047
  0.24495249310064654  0.25737383916912582  0.27211440006540027  0.28382820433965406
  0.29298837541732653  0.30063252632285398  0.30808230343164744  0.31585273545588527
  0.32386134296263519  0.32994156398456043  0.33526356025522352  0.33916737863264279
  0.34096618090262265  0.34369804182615760  0.35044693652786968  0.35807838798568459
  0.36182903161541452  0.36602196582543089  0.37172130381931939  0.37881701960803638
  0.38825381780484358  0.40375378675980167  0.42194638510448651  0.43631707895035454
  0.44745099577618841  0.45843095707516845  0.47040225343656206  0.48793731387408684
  0.49817013000458127  0.50713556129422510  0.51525518387303226  0.52296025311476935
  0.52917786927298016  0.53668313746031404  0.54383203321588636  0.55140867563984597
  0.56037743243342264  0.56976866746169208  0.57945820193417408  0.58584370982281964
  0.59211403310478694  0.59828757576852742  0.60417178936759530  0.61030582684357260
  0.61715861310372477  0.62379047741816174  0.63085292512508218  0.63842187644958470
  0.64742852745853940  0.65832636489416485  0.66703860169356100  0.67994492354343961
  0.68946475752126835  0.69703175664504446  0.70608551457033830  0.71909319680007788
  0.73639769559269375  0.75123353594918540  0.76937973287637063  0.79137635815356411
  0.80325157260019930  0.80931529670370805  0.81632190999600351  0.82297889506694577
  0.83184154720411130  0.83989431451062579  0.84810178862395369  0.86063567931489116
  0.87351618238470730  0.88620606506748267  0.89525197282139057  0.90558026321153084
  0.91938013219124459  0.92670673816915461  0.93368838075699834  0.94111117375715769
  0.94975197469704575  0.96066276739702439  0.96853689735047466  1.00000000000000000
 -0.03243225301543537  0.14610076144590559  0.19946964288626964  0.22297546803152085
  0.24433761420359706  0.26559063366711877  0.28978718999555730  0.30622586705102117
  0.31748669900242515  0.32960853114723132  0.33769232636007107  0.34154070782579693
  0.34444358374585082  0.34725391466145672  0.35012692987357141  0.35210859193253013
  0.35384726211033485  0.35559485789990097  0.35737917007923625  0.35945568015172535
  0.36367870228216459  0.36760280344582080  0.37213189735482965  0.37802471753626282
  0.38441255666332119  0.38940426565481479  0.39357129058314766  0.39927181421162206
  0.40785316097198648  0.41496062871630784  0.42011619063835648  0.42517970501946817
  0.43158430568493783  0.43985744251478720  0.44884270772297868  0.45835871306420661
  0.46656479626051200  0.47154940024216063  0.47765369438267496  0.48271997832893404
  0.48732229945591582  0.49325410623156740  0.50083874478203660  0.50889602275911971
  0.51772395191128973  0.52715857233479579  0.53633183708575149  0.54550253918162273
  0.55233593868210495  0.55695273328626993  0.56069334589224962  0.56353607275035378
  0.56605614872033350  0.56875753083782266  0.57117838021186651  0.57330437528963940
  0.57593354369722849  0.57869147379715125  0.58141241668753385  0.58394749196000073
  0.58627757116032209  0.58874840882549084  0.59520183429724938  0.60216100083656909
  0.61186385597643089  0.61890866858918769  0.62370297624169380  0.62750283333350831
  0.63113241542303267  0.63494672934367824  0.64027530044091518  0.64577323893278882
  0.65027763633973901  0.65413079678244357  0.65778882540862371  0.66128525834285068
  0.66510522857719834  0.66961920180420531  0.67618064586201276  0.68270468189721212
  0.68977753986642421  0.69705721008773491  0.70257413742561348  0.70961810640276901
  0.71938588979790441  0.73015887181575156  0.73945662328168327  0.74658036269683825
  0.75722068607033000  0.76937381685960426  0.78330293456996325  0.79595024276413862
  0.80653863568991624  0.82276327499511881  0.85969003022436608  1.00000000000000000
 -0.00328948425553812  0.01415604999038943  0.02606531478305919  0.04039200379917774
  0.05333560550359510  0.06732854673780186  0.08150414942735507  0.09581587974933618
  0.10591440550359484  0.11474223580478657  0.12528229185071602  0.13665977952074293
  0.14788816467327115  0.15880726999550918  0.16768811883293247  0.17696927671081944
  0.18595256505436236  0.19127879212477403  0.19700025501172250  0.20428196054475803
  0.21547151191341640  0.22610651452281255  0.23554559119587315  0.24338144225967262
  0.25095524304744032  0.26194363226192635  0.27943990165144889  0.29400188041678688
  0.31143303965940011  0.33238091552105653  0.34458784226530087  0.35359890633189400
  0.36238625404657560  0.37081525930306170  0.37892763063282842  0.39031898176164614
  0.40681384475398313  0.42508298674716527  0.44234048249998092  0.45683004845839864
  0.45981292366022292  0.46515425027227958  0.46805455130862395  0.47049258449802545
  0.47365970752318481  0.47734729295859002  0.48193432916608603  0.49371569153918721
  0.51582292518098483  0.53254013786244370  0.54391884062244888  0.55443602814415494
  0.56562257253309312  0.57803644284805766  0.60061696000400389  0.62457230272957598
  0.63774404348464930  0.64824434724592972  0.65799438396857735  0.66551887400945309
  0.67474583688691026  0.68130462580412299  0.69195215124259524  0.70734218804572457
  0.71611755342379024  0.72395384713757083  0.72913164836113820  0.73553768365493322
  0.74451954688371036  0.75476069395398671  0.76465363270007436  0.77065828087066690
  0.77765553216775785  0.78716748011218440  0.80332162536795548  0.81485191389404843
  0.82675023119420610  0.84040983445981621  0.85355330351714842  0.85795643300523805
  0.86314847744523138  0.86910013569769884  0.87949471918887201  0.88710230656635536
  0.89321914455217855  0.89844206786042047  0.90502622293093049  0.91462434680204507
  0.92816796935449364  0.94213078481881984  0.95437851448618960  0.96377877087444253
  0.96820914467699626  0.97497004976337043  0.98485990420582203  1.00000000000000000
  0.65719661813651553  0.81803653127868459  0.87263516349381498  0.89899517147337005
  0.91027254782309097  0.91812299107539974  0.92495047035677536  0.92866523466417961
  0.93156021756120133  0.93291407949277749  0.93415605280240410  0.93532308530285746
  0.93646159181921429  0.93876972904386613  0.94126407540935675  0.94319185159520680
  0.94517920824920043  0.94670996770929583  0.95046631900984579  0.95408483632116581
  0.95644895246525741  0.95856820895537242  0.96047559038828023  0.96256420038727453
  0.96407860253550359  0.96513125732389871  0.96592884520317002  0.96672474497550376
  0.96740312811659346  0.96769906696805186  0.96792658195550574  0.96814639915307299
  0.96835566528914507  0.96858906463219085  0.96889596478987883  0.96912530695520938
  0.96932966374725416  0.96971352000742594  0.97069022177162345  0.97163973332181031
  0.97264064607134060  0.97367359800129671  0.97497136328708467  0.97625273006308622
  0.97739688670882174  0.97812411272310051  0.97856810706069708  0.97902334431341809
  0.97947320907177793  0.98009635784114302  0.98081442988270129  0.98143505970234790
  0.98187760259664869  0.98234264577773889  0.98288767379549669  0.98354227378267411
  0.98422945921383087  0.98488018429190805  0.98549756695760904  0.98586853110844463
  0.98623571726643577  0.98667622648144493  0.98714019312498380  0.98757722099412504
  0.98794568934582871  0.98824535393323498  0.98849632792617459  0.98868706366851145
  0.98887437917322030  0.98912453353290808  0.98940395557994520  0.98959752224695974
  0.98971592891806803  0.98983255450014807  0.98997389079255893  0.99018743921104901
  0.99033368556375745  0.99046754045788832  0.99060114572499969  0.99074552097289548
  0.99114225976955905  0.99163765091646539  0.99211813469320154  0.99254411492262928
  0.99292056938096396  0.99327994239770534  0.99367677299720136  0.99419918150741471
  0.99479725065811508  0.99531104926081715  0.99571055490540106  0.99616407231214343
  0.99667937828055120  0.99743220735651539  0.99828935921221340  1.00000000000000000
 -0.04868874261422845  0.21594756741125709  0.27896122662272593  0.30857462612101855
  0.32155018719979983  0.33371600668080792  0.34470541872432880  0.35707531281134181
  0.37071922913311101  0.38766583682237099  0.40191891668721069  0.41185471291043302
  0.41979292788421169  0.42603975589620990  0.43410583382978568  0.44487564693408577
  0.45340464559989707  0.46025400778559306  0.46720148524922656  0.47257144450726241
  0.47706128084932026  0.48305466750097215  0.48998955673954159  0.49646590817699648
  0.50479968949994170  0.51087258963984616  0.51812233408184638  0.52695308492058435
  0.53527330849686594  0.54439893681702090  0.55347625116750654  0.56142893959213347
  0.56700426393933834  0.57044375259316815  0.57416448974182865  0.57881608518317551
  0.58382580947403351  0.58860180971323761  0.59335125521251131  0.59767560254343899
  0.60196196192991358  0.60755471285817919  0.61368966151705029  0.61793260932147498
  0.62133066846377005  0.62461983414137534  0.62798588129245714  0.63230763684736035
  0.63491468281922592  0.63656183150500445  0.63815431546457912  0.63943822484419033
  0.64058206226675629  0.64160076563710888  0.64254221575911175  0.64356648387895810
  0.64467924817422129  0.64616791319334832  0.65028995968397951  0.65814033390336923
  0.66602080740221625  0.67160899353849435  0.67836443894600207  0.68788003844021972
  0.69537378796949834  0.70144432295245362  0.70599478681315309  0.71028648462266286
  0.71492979098402565  0.71969273529888700  0.72410231120316737  0.72829440588399452
  0.73363774100229240  0.73562246934282816  0.73840677004248589  0.74106720675765192
  0.74364312544736255  0.74666625739603687  0.74878001985259934  0.75220413600606340
  0.75527515333340312  0.75734520984567855  0.75950078263055365  0.76176559919946796
  0.76529199043707974  0.76869056766155663  0.77155517590549694  0.77544073097802657
  0.77936508833346807  0.78396123906177517  0.79083810110316244  0.80631806047528132
  0.81990591293113990  0.83756619490272888  0.87812297990356780  1.00000000000000000
   6.0860319767734781E-021  -1.0000000000000000     
 F F F F F F F F F F F F F F F F F F F F F F F F F F F F F F F F F F F F F F F F F F F F F F F F F F F F F F F F F F F F F F F F F F F F F F F F F F F F F F F F F F F F F F F F F F F F F F F F F F F F F F F F F F F F F F F F F F F F F F F F F F F F F F F F F F F F F F F F F F F F F F F F F F F F F F F F F F F F F F F F F F F F F F F F F F F F F F F F F F F F F F F F F F F F F F F F F F F F F F F F F F F F F F F F F F F F F F F F F F F F F F F F F F F F F F F F F F F F F F F F F F F F F F F F F F F F F F F F F F F F F F F F F F F F F F F F F F F F F F F F F F F F F F F F F F F F F F F F F F F F F F F F F F F F F F F F F F F F F F F F F F F F F F F F F F F F F F F F F F F F F F F F F F F F F F F F F F F F F F F F F F F F F F F F F F F F F F F F F F F F F F F F F F F F F F F F F F F F F F F F F F F F F F F F F F F F F F F F F F F F F F F F F F F F F F F F F F F F F F F F F F F F F F F F F F F F F F F F F F F F F F F F F F F F F F F F F F F F F F F F F F F F F F F F F F F F F F F F F F F F F F F F F F F F F F F F F F F F F F F F F F F F F F F F F F F F F F F F F F F F F F F F F F F F F F F F F F F F F F F F F F F F F F F F F F F F F F F F F F F F F F F F F F F F F F F F F F F F F F F F F F F F F F F F F F F F F F F F F F F F F F F F F F F F F F F F F F F F F F F F F F F F F F F F F F F F F F F F F F F F F F F F F F F F F F F F F F F F F F F F F F F F F F F F F F F F F F F F F F F F F F F F F F F F F F F F F F F F F F F F F F F F F F F F F F F F F F F F F F F F F F F F F F F F F F F F F F F F F F F F F F F F F F F F F F F F F F F F F F F F F F F F F F F F F F F F F F F F F F F F F F F F F F F F F F F F F F F F F F F F F F F F F F F F F F F F F F F F F F F F F F F F F F F F F F F F F F F F F F F F F F F F F F F F F F F F F F F F F F F F F F F F F F F F F F F F F F F F F F F F F F F F F F F F F F F F F F F F F F F F F F F F F F F F F F F F F F F F F F F F F F F F F F F F F F F F F F F F F F F F F F F F F F F F F F F F F F F F F F F F F F F F F F F F F F F F F F F F F F F F F F F F F F F F F F F F F F F F F F F F F F F F F F F F F F F F F F F F F F F F F F F F F F F F F F F F F F F F F F F F F F F F F F F F F F F F F F F F F F F F F F F F F F F F F F F F F F F F F F F F F F F F F F F F F F F F F F F F F F F F F F F F F F F F F F F F F F F F F F F F F F F F F F F F F F F F F F F F F F F F F F F F F F F F F F F F F F F F F F F F F F F F F F F F F F F F F F F F F F F F F F F F F F F F F F F F F F F F F F F F F F F F F F F F F F F F F F F F F F F F F F F F F F F F F F F F F F F F F F F F F F F F F F F F F F F F F F F F F F F F F F F F F F F F F F F F F F F F F F F F F F F F F F F F F F F F F F F F F F F F F F F F F F F F F F F F F F F F F F F F F F F F F F F F F F F F F F F F F F F F F F F F F F F F F F F F F F F F F F F F F F F F F F F F F F F F F F F F F F F F F F F F F F F F F F F F F F F F F F F F F F F F F F F F F F F F F F F F F F F F F F F F F F F F F F F F F F F F F F F F F F F F F F F F F F F F F F F F F F F F F F F F F F F F F F F F F F F F F F F F F F F F F F F F F F F F F F F F F F F F F F F F F F F F F F F F F F F F F F F F F F F F F F F F F F F F F F F F F F F F F F F F F F F F F F F F F F F F F F F F F F F F F F F F F F F F F F F F F F F F F F F F F F F F F F F F F F F F F F F F F F F F F F F F F F F F F F F F F F F F F F F F F F F F F F F F F F F F F F F F F F F F F F F F F F F F F F F F F F F F F F F F F F F F F F F F F F F F F F F F F F F F F F F F F F F F F F F F F F F F F F F F F F F F F F F F F F F F F F F F F F F F F F F F F F F F F F F F F F F F F F F F F F F F F F F F F F F F F F F F F F F F F F F F F F F F F F F F F F F F F F F F F F F F F F F F F F F F F F F F F F F F F F F F F F F F F F F F F F F F F F F F F F F F F F F F F F F F F F F F F F F F F F F F F F F F F F F F F F F F F F F F F F F F F F F F F F F F F F F F F F F F F F F F F F F F F F F F F F F F F F F F F F F F F F F F F F F F F F F F F F F F F F F F F F F F F F F F F F F F F F F F F F F F F F F F F F F F F F F F F F F F F F F F F F F F F F F F F F F F F F F F F F F F F F F F F F F F F F F F F F F F F F F F F F F F F F F F F F F F F F F F F F F F
  <DiscreteSampler_grid>
  grouped_processes
  1 # 1 for a reference and 2 for a running grid.
  10 # Attribute 'min_bin_probing_points' of the grid.
  1 # Attribute 'grid_mode' of the grid. 1=='default',2=='initialization'
  0.0000000000000000 # Attribute 'small_contrib_threshold' of the grid.
  0.5000000000000000 # Attribute 'damping_power' of the grid.
 # binID   n_entries weight   weight_sqr   abs_weight
    61   10   6.132137766168995E-020   3.004376679414466E-038   6.132137766168995E-020
    62   10   6.132137766168877E-020   3.004376679414360E-038   6.132137766168877E-020
    64   10   1.226427553233799E-019   1.201750671765787E-037   1.226427553233799E-019
    65   10   1.226427553233775E-019   1.201750671765744E-037   1.226427553233775E-019
    67   10   9.280076900032734E-020   7.060640156074481E-038   9.280076900032734E-020
    68   10   9.280076900032579E-020   7.060640156074277E-038   9.280076900032579E-020
    70   10   1.856015380006547E-019   2.824256062429792E-037   1.856015380006547E-019
    71   10   1.856015380006516E-019   2.824256062429711E-037   1.856015380006516E-019
    106   10   1.920698610581585E-019   3.688747984307698E-037   1.920698610581585E-019
    107   10   1.920698610582015E-019   3.688747984309348E-037   1.920698610582015E-019
    109   10   3.841397221163171E-019   1.475499193723079E-036   3.841397221163171E-019
    110   10   3.841397221164030E-019   1.475499193723739E-036   3.841397221164030E-019
    112   10   1.825425843287098E-019   2.972536307515570E-037   1.825425843287098E-019
    113   10   1.825425843287528E-019   2.972536307517042E-037   1.825425843287528E-019
    115   10   3.650851686574196E-019   1.189014523006228E-036   3.650851686574196E-019
    116   10   3.650851686575056E-019   1.189014523006817E-036   3.650851686575056E-019
    151   10   6.132137766168994E-020   3.004376679414460E-038   6.132137766168994E-020
    152   10   6.132137766168868E-020   3.004376679414351E-038   6.132137766168868E-020
    154   10   1.226427553233799E-019   1.201750671765784E-037   1.226427553233799E-019
    155   10   1.226427553233774E-019   1.201750671765740E-037   1.226427553233774E-019
    157   10   9.280076900032855E-020   7.060640156074671E-038   9.280076900032855E-020
    158   10   9.280076900032542E-020   7.060640156074219E-038   9.280076900032542E-020
    160   10   1.856015380006571E-019   2.824256062429868E-037   1.856015380006571E-019
    161   10   1.856015380006508E-019   2.824256062429688E-037   1.856015380006508E-019
    196   10   1.920698610581580E-019   3.688747984307678E-037   1.920698610581580E-019
    197   10   1.920698610582003E-019   3.688747984309303E-037   1.920698610582003E-019
    199   10   3.841397221163161E-019   1.475499193723071E-036   3.841397221163161E-019
    200   10   3.841397221164007E-019   1.475499193723721E-036   3.841397221164007E-019
    202   10   1.825425843287097E-019   2.972536307515564E-037   1.825425843287097E-019
    203   10   1.825425843287517E-019   2.972536307517004E-037   1.825425843287517E-019
    205   10   3.650851686574194E-019   1.189014523006225E-036   3.650851686574194E-019
    206   10   3.650851686575034E-019   1.189014523006802E-036   3.650851686575034E-019
  </DiscreteSampler_grid>
