  0.00005405007867969  0.00005412609490563  0.00005425176024172  0.00005440464244245
  0.00005454243254642  0.00005468880628727  0.00005482524668416  0.00005496406235484
  0.00005508535909534  0.00005524225372214  0.00005545061835935  0.00005569654472007
  0.00005599011655272  0.00005621251379651  0.00005640777207017  0.00005659412970160
  0.00005678721748524  0.00005698959389479  0.00005720390773851  0.00005751240266038
  0.00005783067253393  0.00005815040479563  0.00005847827368508  0.00005881314022985
  0.00005914858093426  0.00005962156365649  0.00006004674820498  0.00006041473390542
  0.00006072176527544  0.00006101930032931  0.00006130498633212  0.00006157395677754
  0.00006180845503949  0.00006200646753387  0.00006220771512439  0.00006239648145802
  0.00006258168592234  0.00006275704080175  0.00006292412958800  0.00006311010253767
  0.00006340633996192  0.00006372971101315  0.00006406794870620  0.00006460579320258
  0.00006532375508397  0.00006597609585964  0.00006659415732397  0.00006714652701813
  0.00006776324330519  0.00006847940248727  0.00006925472904201  0.00007008123018969
  0.00007093548996578  0.00007193369552164  0.00007299965095813  0.00007410127877808
  0.00007518966709473  0.00007623035847205  0.00007729421092986  0.00007850052578902
  0.00007965249316119  0.00008092586956724  0.00008256231636873  0.00008423494775992
  0.00008580859763086  0.00008738794644334  0.00008914681475203  0.00009126819462614
  0.00009383924366761  0.00009659075578723  0.00009906192238462  0.00010140360009631
  0.00010388547109710  0.00010604921939838  0.00010850840896233  0.00011079949304317
  0.00011273450145826  0.00011535059962661  0.00011944027371977  0.00012408429513878
  0.00012891305857617  0.00013437577603624  0.00014078746769141  0.00014767873812789
  0.00015636490788077  0.00016728852006132  0.00018296692349419  0.00020375874816403
  0.00023121051564639  0.00026187920354444  0.00032578694870430  0.00042281087770099
  0.00060304544699230  0.00098693832003736  0.42964137516989764  1.00000000000000000
  0.00315658038548639  0.01288631953707608  0.02511864633641723  0.03990416890618937
  0.05309902902032283  0.06598154961185634  0.08112169618766950  0.09593054024472916
  0.10836482207185585  0.11914271060487427  0.12712329276718762  0.13708154435366049
  0.14701047355802510  0.15090024758499668  0.15586598709324603  0.16020797910473464
  0.16368167869360095  0.16692626190312798  0.17289502055840050  0.18065601386635025
  0.18803103902934010  0.19562672061297032  0.20546236717467306  0.21545044534294946
  0.22723014954901394  0.23883985264999766  0.24996678883464582  0.26038142317120017
  0.27019873380094328  0.28329597871441214  0.30006227349064274  0.31436163989006405
  0.32625551085510240  0.33644422221458770  0.34569315208397616  0.35606869642118405
  0.36651718191851024  0.37656877100612673  0.38858030323607679  0.40365367760556603
  0.41869936013440529  0.42776720642373861  0.43785593860979555  0.44983769697992204
  0.46563149914305058  0.48046633904975544  0.49521554690780845  0.51027335736161217
  0.52330921242507311  0.53359913846602469  0.54365291975106489  0.55302767308593503
  0.56574325242268542  0.58194385528954262  0.59528379040285895  0.60630796540660548
  0.61729601649745991  0.62857140007258239  0.63924612822910343  0.65000300382942233
  0.66237690272867100  0.67550391921289710  0.68840983711880899  0.69848055149602495
  0.70661600090800758  0.71479508168104455  0.72294444342327868  0.73321530569779592
  0.74717852456103340  0.76055967430778104  0.76964044483573568  0.77643718722435762
  0.78205634482026232  0.78714161899905011  0.79291641591389828  0.80082097418143483
  0.80774179811583868  0.81653055576966183  0.82995003326277594  0.83923919469092523
  0.84887914057697766  0.85762624101953167  0.86437755429860685  0.86938416133646190
  0.87423974475749222  0.87929854456801526  0.88592697989154234  0.89420831283936497
  0.90228506254213303  0.91336111957155186  0.92455329812604881  0.93596830993064339
  0.94873618821674044  0.96507889392416091  0.98156312859051176  1.00000000000000000
  0.00015517691692892  0.00018213533895300  0.00019364502240845  0.00019829730413103
  0.00020207870368638  0.00020531665410033  0.00020753353368634  0.00020990645902243
  0.00021241229496486  0.00021528871010680  0.00021914257663569  0.00022275987785407
  0.00022554713964608  0.00022815892096454  0.00023075531991774  0.00023405949668324
  0.00023746044172704  0.00024149099407138  0.00024577300395638  0.00024980128572342
  0.00025388201659039  0.00025773174423237  0.00026153136961415  0.00026505919069706
  0.00026842934965501  0.00027242664497473  0.00027621165965077  0.00028057398417115
  0.00028580160965879  0.00029233519910775  0.00029962248250935  0.00030610325303775
  0.00031142865177619  0.00031632381477426  0.00032075162465609  0.00032392752184001
  0.00032761523662202  0.00033138681460927  0.00033574797700507  0.00034082017313551
  0.00034610718454664  0.00035112209415811  0.00035722309081536  0.00036552483072808
  0.00037486450956454  0.00038440940834763  0.00039462156935139  0.00040397615057406
  0.00041399488930144  0.00042352440459807  0.00043383262612520  0.00044420726331546
  0.00045502439553335  0.00046541320395979  0.00047714064325049  0.00049294782854905
  0.00050828834040373  0.00052529685750459  0.00054612581828083  0.00056380656368016
  0.00058124447627973  0.00060066430442853  0.00061623036356411  0.00063907184292398
  0.00066919439418631  0.00070384255517679  0.00073461002801315  0.00075926417795206
  0.00078307427337023  0.00080767438914398  0.00083411077475745  0.00085999266561038
  0.00089253341286903  0.00093981485698570  0.00097956817708237  0.00101991918562199
  0.00106050654055279  0.00114302531921985  0.00125387828515620  0.00137729457761573
  0.00150483813978668  0.00161887859974470  0.00174070272840402  0.00187688103737952
  0.00204956563894232  0.00224581559499317  0.00251584422139925  0.00299502365628569
  0.00353809420556602  0.00437663423410586  0.00614594611949816  0.00845153355596525
  0.01135211007183001  0.01465437222411746  0.47567844519511621  1.00000000000000000
  0.00174366040552654  0.01755319297558306  0.03264273536947646  0.04538237415599154
  0.05678448524482797  0.06862451994455290  0.08147122681441483  0.09398895507464990
  0.10733325961976597  0.11940459999428961  0.13067438962036804  0.14185739120829180
  0.15173932944263613  0.16314427000823303  0.17450611367204646  0.18581132276454082
  0.19434433146735478  0.20533717964176146  0.21768456604572689  0.23080701989502819
  0.24226140902296900  0.25050157650520660  0.25752488576210747  0.26503384674247760
  0.27260464927500283  0.27951667610244008  0.28688742433799380  0.29518012287323703
  0.30501988872608848  0.31362379811691748  0.32282045778706908  0.33264318117716524
  0.34293175104697132  0.35441830646692085  0.36676805789028155  0.38076950061859866
  0.39593014094584533  0.40983791139793313  0.42141988489384219  0.43279862952124060
  0.44297328638521433  0.45174755094546515  0.45909289286509430  0.46632084815148461
  0.47312206107902777  0.48056945970213633  0.48993004961045478  0.49927590741000716
  0.51104038451780942  0.52328754495294005  0.53695939217928990  0.55045268650205670
  0.56424661701680312  0.58017917532985663  0.59551135182975712  0.60662702357222942
  0.61642551958705494  0.62588435612984361  0.63638382084765555  0.64733459099302626
  0.65870159732874467  0.66913728476298140  0.67787296334645220  0.68692107698816818
  0.69704861481096381  0.70744070664041381  0.71814568895155417  0.72953893020827254
  0.74307347969312609  0.76130452885375555  0.78189567132405913  0.79877684266760474
  0.81188299508341955  0.82175417716434751  0.83174786100187303  0.84180402288055300
  0.85204339495800063  0.86260235185578527  0.87231266148851672  0.88161501146696308
  0.89147993688974125  0.90266000814343750  0.91294444902554051  0.92197604776241282
  0.93470238726297650  0.94790913200133908  0.95667572609070506  0.96173791692697808
  0.96719762811679000  0.97278195121411892  0.97862121312407480  0.98038134433518354
  0.98400862449430804  0.98804858176883237  0.99135567537965030  1.00000000000000000
  0.00877702951749055  0.01727023677486026  0.02829830890231470  0.04424371424471843
  0.06363687919701218  0.08122579600457544  0.09558685873761494  0.10887986479588166
  0.12034833556676564  0.13072445000171207  0.14000484858289339  0.15081163900689595
  0.16305940796962393  0.17574157871027085  0.18797398256329645  0.19564666945765444
  0.20315271158368275  0.21047954848313988  0.21708384073188408  0.22491577371970500
  0.23309669488218304  0.23823052041324030  0.24350392554110870  0.24864492758989884
  0.25517143145579374  0.26187655994511028  0.26710286910571102  0.27404286962774332
  0.28271773420521085  0.29276806012542644  0.30438731800143992  0.31739875214877356
  0.33189988621835648  0.34967874780919467  0.36691633185077571  0.38283001820531010
  0.39521524174527217  0.40543818554603228  0.41423400827599066  0.42210683992127640
  0.43021626189914713  0.43837492223660851  0.44672055132982336  0.45604782888412065
  0.46566319232486525  0.47548104186897849  0.48541707883248764  0.49530432104947353
  0.50685947620290139  0.52177394641979336  0.53655496479163201  0.55282572561454979
  0.56791584937831840  0.57898674312810527  0.58476141627177280  0.59036844409637845
  0.59651456610837650  0.60165852943958975  0.60793376873792504  0.61631780480891873
  0.62723380438059484  0.63925758439699665  0.65206152540312023  0.66184448650395711
  0.67189642406803629  0.68328246000055326  0.69517641817826870  0.70796137864248654
  0.72026559240386279  0.73281362259832605  0.74375836286370389  0.75458366897542983
  0.76580504734648225  0.77645285920978990  0.78803824137286393  0.79911848537357788
  0.81005797284070291  0.82018434812594654  0.83136267565241140  0.83822907745072195
  0.84328610368938650  0.84826113650517487  0.85542829828688904  0.86215400548824606
  0.86940695591234218  0.87757363942520183  0.88571083590723121  0.89442291080004632
  0.90660828589985509  0.92386033906903042  0.94107823312255201  0.95474664859723235
  0.96543193434314079  0.97576555286941025  0.98729189086080527  1.00000000000000000
  0.00016412746086222  0.00020191122121091  0.00023703172422226  0.00025401771631450
  0.00026699570924095  0.00027958272241559  0.00029237441687063  0.00030469921080441
  0.00031674394732210  0.00032865250528514  0.00033845355364573  0.00034568360543116
  0.00035179056787524  0.00035791331635662  0.00036379793397317  0.00036958695067270
  0.00037574618402484  0.00038417038737684  0.00039402808237797  0.00040798102966185
  0.00042035412256091  0.00043179227113262  0.00044376007707580  0.00045540622893199
  0.00046802997179352  0.00048390698695163  0.00050131088462262  0.00051950837097039
  0.00053918631158844  0.00056113563610139  0.00058370876095470  0.00060628026870034
  0.00062671012728818  0.00064647373003573  0.00066849699513289  0.00069051835439048
  0.00071116866635295  0.00073554022241658  0.00076812223774719  0.00080567425530558
  0.00084077712661445  0.00087838870851516  0.00091353162657569  0.00094580743285283
  0.00097824674635956  0.00100109675291099  0.00101970482886281  0.00103902053944887
  0.00106172042964385  0.00108860228544891  0.00111714875957726  0.00114865562521456
  0.00118751826634234  0.00122839829142462  0.00126835476706129  0.00132897504466055
  0.00140453831674320  0.00146463623277900  0.00154300283555109  0.00163280390199140
  0.00170186796197172  0.00175801232163331  0.00181175460025656  0.00186615563638670
  0.00194175869670346  0.00201747272631469  0.00207560935692249  0.00214588773616894
  0.00226883510683007  0.00246929073611884  0.00271337263290347  0.00300515875449937
  0.00329991607358030  0.00353959222643059  0.00377579678494898  0.00410009000591109
  0.00457336694645993  0.00508820691067193  0.00554174191161990  0.00595832063134382
  0.00636982053901500  0.00719637252852154  0.00790313845926325  0.00807274953329872
  0.00832707781636664  0.00869382060922465  0.00918750695360827  0.00988815696056113
  0.01061067487913744  0.01122548167209682  0.01200760150220601  0.01276593836585506
  0.01557279376201909  0.03031440108756882  0.07692741297686802  1.00000000000000000
  0.00004547848914202  0.00005621991873539  0.00006683994630147  0.00007714812358129
  0.00009381045087327  0.00010546571329387  0.00011402672923811  0.00012210846021311
  0.00013030492181908  0.00013979224797493  0.00015090870724671  0.00016368092828697
  0.00017610735531050  0.00018683575767334  0.00019677928679586  0.00020585002634779
  0.00021405497008081  0.00022423445178416  0.00023540293742016  0.00024678344782953
  0.00025625880737856  0.00026464475008542  0.00027297288920789  0.00028195149574390
  0.00029266060876705  0.00030837244980355  0.00032762579040856  0.00034499620668800
  0.00036217593786541  0.00037948805051180  0.00039672468848856  0.00041410711270804
  0.00043049354304035  0.00044581486901235  0.00046300978244820  0.00048095334055683
  0.00050768491287235  0.00053304063924949  0.00055715794105602  0.00058506643499878
  0.00061084165137313  0.00063197531349632  0.00065121398496115  0.00067127434309230
  0.00069679904917850  0.00071770228952039  0.00074955576198082  0.00078161195979292
  0.00082012577946731  0.00085985998473368  0.00090315299495890  0.00095368768819263
  0.00100387942362747  0.00105467574045899  0.00111979212426895  0.00117538248368462
  0.00123613601282172  0.00129251155188435  0.00133218603145436  0.00136477117908602
  0.00140727636176322  0.00146093066987832  0.00151379167261103  0.00156175719464273
  0.00161213335217180  0.00166326413608099  0.00170701798184150  0.00176106161643379
  0.00185942001250518  0.00199090248228012  0.00209616915038264  0.00219338731547069
  0.00227071448568997  0.00233928881022419  0.00241012794208001  0.00249214599450898
  0.00257456497976440  0.00263823123876682  0.00274745969960465  0.00294440586883816
  0.00320880360807053  0.00347390597939255  0.00372676715709317  0.00395981661840993
  0.00426322267113162  0.00459169830530465  0.00500582782711608  0.00534962326567977
  0.00562209721413405  0.00595798822402883  0.00631627364179973  0.00681415142313179
  0.00757030876627735  0.01000227641155706  0.34734301844444526  1.00000000000000000
 -0.00276041997720422  0.01187742427637167  0.02393858734960660  0.03863727775917866
  0.05095506032508550  0.06317442646015048  0.07532248510000580  0.08617188664018881
  0.09979257623122666  0.11314729878372150  0.12507286941473658  0.13607084827457366
  0.14546775694805522  0.15303817385541482  0.15992629551222523  0.16678108486269083
  0.17318660316883211  0.17951682767677118  0.18980917438369413  0.19900940069449283
  0.21039845947304614  0.22392556802780247  0.23970241609959556  0.25832310298621242
  0.27576975679369403  0.28837589357956700  0.29830720929588034  0.31005494755508267
  0.32297949426076117  0.33470870106355954  0.34119994583418012  0.34829526853645842
  0.35561641497474084  0.36288194868576518  0.37113920538043865  0.38153384399204560
  0.39717275269411850  0.41083355532868399  0.42337638655834081  0.43616860501365495
  0.44691445476698016  0.45667783769569709  0.46556546855343911  0.47361253305684098
  0.48185601973177189  0.49032694862866494  0.49905446542650062  0.50909028817864344
  0.51837858118405433  0.52743776984508095  0.53627914763399354  0.54281736959155824
  0.54962573913733148  0.55635182654288717  0.56284228999395536  0.56777966646771538
  0.57250548023680159  0.57776511655266671  0.58319039545587004  0.58884724666900734
  0.59568074903259982  0.60236932752370009  0.61084650443292310  0.62240228965877931
  0.63203859747917179  0.63810531660466474  0.64383000417409253  0.64973580209713144
  0.65550622832199401  0.66126727793270523  0.66806456914322043  0.67752437205331695
  0.68774382597735506  0.69728357133511143  0.70669774537219154  0.71644397277597638
  0.72560029186404751  0.73416832979472701  0.74041567665799035  0.74860577351142332
  0.75705897420505575  0.76979994821813036  0.78340897622143446  0.79944561197552344
  0.81557623239436483  0.82548959322669146  0.83211549923444328  0.84218662929454502
  0.85235199819875151  0.86214692948785221  0.87692581873144959  0.89486690113269529
  0.91596050212793556  0.94347438973642195  0.97244582234397703  1.00000000000000000
 -0.00323171885516598  0.01397732619139502  0.02934825473754349  0.04439192960170232
  0.05917027057998594  0.07350739048835465  0.08600778022808427  0.09884006015721179
  0.11511874394335748  0.12934344955716504  0.14214400684606396  0.15436452772768125
  0.16631685266007146  0.17630408493240882  0.18530318544475105  0.19601462348156701
  0.20800743679169131  0.21828494400171494  0.22757378376080245  0.23647132016240160
  0.24741699464610536  0.26377110634644729  0.28020677275442107  0.29442762355498620
  0.30648721839382570  0.31480456449248184  0.32453101095117237  0.33580163613161002
  0.34847273801440243  0.36232567175227270  0.37322964502820277  0.38380896441119483
  0.39434229772075907  0.40465122614406152  0.41159386030477541  0.41965224733940876
  0.42553230786451529  0.43089131317841955  0.43679150844548437  0.44331920140620418
  0.45020694601116101  0.46173035251402039  0.47489755656328414  0.48882111843114345
  0.50226099376737854  0.51605996400731213  0.52626501906487577  0.53427823098785876
  0.54202612089539748  0.55041180397837519  0.55936226029893221  0.57050904880698905
  0.57999750804994210  0.58819866614699423  0.59794186632786295  0.60922840453641269
  0.62164384322432931  0.63405316851776716  0.64622772068038237  0.65750999573710722
  0.66933647887305803  0.68189362783719254  0.69391590033736250  0.69930049897128810
  0.70449094432333526  0.71159165997272456  0.72016512283786449  0.72738547971093215
  0.73383726337651489  0.74217428283215303  0.75146074547915953  0.76069168525072406
  0.77068332993813793  0.77999891705457858  0.79026967610647691  0.80255862354425966
  0.81519081251995407  0.82852525974730862  0.84324103498254199  0.85360684773351092
  0.86012601132233069  0.86767058634365146  0.87572796612798365  0.88438811194451772
  0.89258841985994419  0.90087450598459340  0.90906929970752404  0.91751461148098556
  0.92586849225597911  0.93338732252597800  0.94144374095279393  0.95207114292222961
  0.96407222972210860  0.97609518469736023  0.98748505160840039  1.00000000000000000
 -0.00086326121162427  0.00499652948906215  0.01125933906635073  0.01773596614611743
  0.02515452315795465  0.03344676490099063  0.04345701094335502  0.05489634394102302
  0.06677243342550729  0.07932257371146607  0.08801401485578153  0.09672907995217155
  0.10681297670660803  0.11593909216165973  0.12775414128168175  0.14110365001292893
  0.15526881402029102  0.16554734477623928  0.17353390672373306  0.18100664258944626
  0.18880402222217171  0.19766116156983426  0.20801150390327222  0.21819380527201784
  0.22396018725478670  0.22804234367239623  0.23213584322527631  0.23572404370279040
  0.23901159335120045  0.24264557402444270  0.24534359839181874  0.25041969735415992
  0.25656090657127573  0.26311779914117661  0.26877093036254085  0.27654745740997144
  0.28406001486929772  0.29211233106640683  0.29971539869049330  0.30647490633584445
  0.31310588297292596  0.32074601797642055  0.33159745258965384  0.34101039608968003
  0.34935917062320615  0.35658646308577235  0.36319124289976662  0.37014141266968387
  0.37667956978128886  0.38634620380443641  0.40024686909840584  0.41467518946069848
  0.43188110039759614  0.44633717590008587  0.45752264876721654  0.46770596373683532
  0.47802370435709679  0.48832983082130060  0.49944596116071199  0.50989517832916476
  0.51833687494000535  0.52585770855156388  0.53485521722711116  0.54624913301438549
  0.55732676913923973  0.56414118424151893  0.56998893377794724  0.57614204378642675
  0.58385882677515166  0.59451924044232551  0.60650629501432418  0.61905547656971471
  0.63168374073186329  0.64297703069244228  0.65257256126661245  0.66344332803299122
  0.67872732262098512  0.69719278501927850  0.71249622956815017  0.72680258410834209
  0.74022541321319502  0.75190059041376589  0.76232525287061270  0.77371940201305500
  0.78624906284887075  0.79872188946025124  0.81404497916336593  0.83162692295420948
  0.85385528134924638  0.87773257990348130  0.89381115834443348  0.90425849475068010
  0.91660192515787842  0.92834630878878643  0.95631612156930668  1.00000000000000000
 -0.00526437758272004  0.01932022718754792  0.03373655209073430  0.04314863316961914
  0.05106699303487314  0.05987898305743473  0.06834402207549038  0.07542897977797765
  0.08346442703707589  0.09187061707627595  0.10035326897158356  0.10969827455223262
  0.12035709226766320  0.13161553808169732  0.14403219194635755  0.15879679542739344
  0.17512536933999442  0.19101071797376071  0.20105053469374931  0.21112669993389049
  0.22107667799777705  0.22924093837268344  0.23710272059913542  0.24536731738291906
  0.25196385101925395  0.25933653543835167  0.26816892541492382  0.28063038372187243
  0.29311846676450998  0.30345129227446099  0.31281340336788899  0.32263972760752446
  0.33284451734992820  0.34376297750092044  0.35438819677634054  0.36638086780335061
  0.37962030263126550  0.39275890871052038  0.40881386340140075  0.42532894898508333
  0.44240228410411531  0.45746972071599334  0.46795528230782873  0.47698099372141040
  0.48682069398550604  0.49623933332826931  0.50673905723625201  0.51874386423448082
  0.53136033450776121  0.54968286900481789  0.55937562851382649  0.56874705330547504
  0.57615802238910185  0.58320666959696588  0.58965317711639365  0.59525148603310341
  0.59965765309223285  0.60764983008045381  0.61394570445114938  0.62047075710045452
  0.62764054359897514  0.63442923489615277  0.64231132127409596  0.65572311394104332
  0.66920378961265492  0.68440705986302208  0.69827741230076568  0.70762775735857342
  0.71681775988188001  0.72785582274132810  0.73866021300817675  0.75632944440443972
  0.77356867613576530  0.78457501213297198  0.79202276393142756  0.80011331800183694
  0.80614965696412710  0.81274882846143603  0.82091649309966319  0.82736777171768106
  0.83823205489710084  0.84363307063274195  0.84879350064051939  0.85756706809503691
  0.86791991759748244  0.87770255491292126  0.88738515911142191  0.89984097277443187
  0.91401010635142044  0.92641514473779873  0.93697576770402324  0.94751422137574559
  0.95868340797110052  0.97116639112837655  0.98588987679039286  1.00000000000000000
 -0.00150090347008183  0.01210697083203651  0.02530248000376262  0.03624201892227977
  0.04580578740611120  0.05716136297992219  0.06784602960184416  0.07703935814488753
  0.08503984256980546  0.09225305327578835  0.09926349970922581  0.10608478673684214
  0.11499536851332011  0.12788681297082521  0.14097487173674861  0.15633594626137301
  0.17423690129700198  0.19302403710540911  0.21159822849900722  0.23161843958413436
  0.25064900671732449  0.26753347935966804  0.28109820542250735  0.29176094165359562
  0.29960522209261353  0.30422416516925210  0.30942948415544680  0.31519615713003918
  0.32213517542982678  0.33075082999424227  0.33842537304029680  0.34573754503281395
  0.35377398575996732  0.36512386935199437  0.37462824482503354  0.38301441006739240
  0.39078989830534050  0.39859390950979678  0.40876136310710898  0.42063423037146758
  0.43150621080247281  0.44220526130410603  0.45209378010035894  0.45991578047552512
  0.46679278121071716  0.47349689037434634  0.48074051202761720  0.49009821913609170
  0.50024323596465781  0.51047423412658022  0.52107026985510785  0.53294871908123098
  0.54497269301840723  0.55800337100884079  0.56691502739544353  0.57458149368670153
  0.58239372090705199  0.59076118351209528  0.59960873521860347  0.60855747944717142
  0.61576415097092596  0.62254154277220308  0.62965746714066451  0.63791792658958613
  0.64862723330575522  0.65959726568729737  0.67027083932683951  0.68071421760093276
  0.69085840204325399  0.69882057649373941  0.70641961003980913  0.71580698197198245
  0.72470633302122645  0.73356462059115268  0.74538834099641993  0.75951502797259485
  0.77381982102865676  0.78741989335200535  0.80120810207602067  0.81332210484920175
  0.82490086858958667  0.83660436276036998  0.84659090988877839  0.85572374149150965
  0.86471177998451032  0.87446855640066956  0.88680078825922870  0.90095936715933500
  0.91386849259031233  0.92467713888473679  0.93466204308812595  0.94462913655848901
  0.95711691266753818  0.97154979498466909  0.98552873840381205  1.00000000000000000
 -0.00163866066230515  0.00813720777203616  0.01864615401192287  0.03100114066705167
  0.04415645526361235  0.05579215379743769  0.06558181193466384  0.07490197675102321
  0.08456305496830850  0.09585371392761820  0.10849560368017767  0.12224726681936009
  0.13413399186575536  0.14490773184373390  0.15621238382780875  0.16419969362022094
  0.17192780703469920  0.18067163095644131  0.18654264171683466  0.19150688534530053
  0.19671435096605036  0.20216617715136220  0.20800141904401098  0.21435446848428957
  0.22228721123971446  0.23160970134821615  0.24034566446015265  0.24958729114498182
  0.26248845676211463  0.27578942379857935  0.28680993212439659  0.29812138210746042
  0.30825902208286582  0.31776169322579284  0.32805448655236502  0.33675130698822692
  0.34687665692226066  0.36012779373309245  0.37297363111507076  0.38099160760002071
  0.39132163722175844  0.40429333569781811  0.41676751625158615  0.42731299189296790
  0.43826410439609093  0.44930558515494956  0.45988388737354441  0.46944594684743773
  0.47827060294759810  0.48748478467357736  0.49880123231076734  0.50806556193933072
  0.51699670147271848  0.52378975387472415  0.52931389681569774  0.53329081694924763
  0.53793593026970798  0.54406825870657471  0.55129897434727526  0.56819197075710826
  0.58497460712908167  0.60277908714416639  0.61326279027309483  0.62033176514969501
  0.62881849957345615  0.63610122334166508  0.64283378277308079  0.64972042771817495
  0.65787214887336709  0.67214362317534648  0.68485990275532271  0.69678537206801328
  0.70947359176889047  0.72412845581953600  0.73867269681478698  0.75187090196398332
  0.76447115544147881  0.77532940580120580  0.78605221807689185  0.79735044726445869
  0.80996289292481161  0.82197153170076342  0.83487334494171295  0.85062559664222381
  0.86437436822096048  0.87636669372530851  0.88782378633031633  0.89931032021517576
  0.91109469748629235  0.92917083436891057  0.94156084521079475  0.95222964369662455
  0.96369081831598113  0.97380217151498216  0.98406845298717660  1.00000000000000000
 -0.00315445163830534  0.00937254861079082  0.02096132297212239  0.03072759256437146
  0.03880629069834007  0.04603279259663552  0.05469988381121792  0.06066587897365151
  0.06526056802967511  0.06943714749830508  0.07387842572304240  0.07745713311950075
  0.07994596259911195  0.08268063530574075  0.08566235185519583  0.09154425534079684
  0.09910667039185622  0.10887489441466448  0.12120532763240521  0.13031647212094810
  0.13579385699272098  0.14087163601278635  0.14586746406293424  0.15166506494128570
  0.15741465534243118  0.16210465640137778  0.17062812769179092  0.18098260478245623
  0.19156993117775747  0.20285280740671893  0.21343989744129541  0.22090257319307990
  0.22538957926246866  0.22907733416403794  0.23355622072224486  0.23814460640335672
  0.24330533056346423  0.24946124477156578  0.25652392507486815  0.26410827337364734
  0.26949547821319447  0.27462748958514310  0.28094225556821151  0.28799145441521706
  0.29615742055720118  0.30576220445165864  0.31465676122437308  0.32471141649470953
  0.33501309743627661  0.34457473367728192  0.35316049769960572  0.36272171912529522
  0.37349069334910162  0.38500364949730853  0.39452343553207325  0.40273273535028953
  0.41021166210690485  0.41752647702890239  0.42497961129845485  0.43291512756831746
  0.44365120742675168  0.45568593025765741  0.46750553934228500  0.47640888189768787
  0.48437994365113096  0.49288462342808292  0.50279118421413305  0.51745567734155740
  0.53367563712091348  0.54691813388823585  0.55865628578615334  0.56873501084904432
  0.57945409683272719  0.59081899353407030  0.60373660251731520  0.61897105077521664
  0.63537382882329085  0.64930528093788653  0.66221058039380476  0.67463036593180947
  0.68761944356231408  0.70023075370945320  0.71345381046544953  0.72825353853552188
  0.74515729756824234  0.76613229462372556  0.78912309251857859  0.80614253543781922
  0.81975893241340614  0.83382683780461508  0.84817520003923386  0.86255478047609080
  0.87998185809082885  0.90847630657737577  0.95235210685948168  1.00000000000000000
 -0.00367829776701836  0.01468262393024497  0.02477325633552723  0.03052444772160072
  0.03662652967849872  0.04269267999249476  0.04994022651145476  0.05637470702232147
  0.07169592373943656  0.08542482736008765  0.09889640558159613  0.11323483714645925
  0.12711046224180284  0.14175218128069547  0.15770382192138171  0.17489730033868497
  0.19107440474221485  0.20586245277151716  0.21750650612011560  0.22677648034644868
  0.23569437066299923  0.24716470865020834  0.25901193863432470  0.27033778863663349
  0.27980034925241676  0.28846054171988278  0.29649328148092413  0.30794790427125834
  0.31738813237714253  0.32862869247528853  0.33912090811999135  0.34919856284127831
  0.35963105281565211  0.36813838029076063  0.37604127226087108  0.38416214148743522
  0.39189342938725302  0.39984006097298053  0.40686233670225558  0.41317786748285429
  0.41989836245366763  0.42674831066134167  0.43422812433282892  0.44459493654344601
  0.45515424113353109  0.46359496237088027  0.47212344457275002  0.48466004162033616
  0.49568980620507552  0.50847693399141924  0.52144611358354442  0.53579933499381172
  0.54770859978489261  0.56005910297015460  0.57280054482893272  0.58456373410498341
  0.59635191162929779  0.61040531233971240  0.61896381184695948  0.62877670994304868
  0.63948534458309492  0.65138348623633213  0.66713994546652755  0.68236833044246714
  0.69568721813157719  0.70400204666155508  0.71235517066614273  0.72049976054856768
  0.72887869063148658  0.73708460049940816  0.74668219912180978  0.75717392281974505
  0.77143081680172076  0.78574013823680000  0.79808143572759915  0.81052252725665330
  0.82316659350335109  0.83633230444411510  0.84991975731531855  0.85864465928589662
  0.86342196630944601  0.86694383809392939  0.87071735724513066  0.87585927585939527
  0.88676248199477115  0.89784389716961410  0.91174046645397844  0.92808598430128475
  0.94584279258903137  0.96007706777059543  0.96705297401615775  0.97201782879742038
  0.97719709066685534  0.98380878138228145  0.99088254559696343  1.00000000000000000
 -0.00223037255371742  0.00794647118798290  0.01869903814009245  0.03170834868644284
  0.04639253577012269  0.06344552784048801  0.08020509608521362  0.09386721514789718
  0.10498718967698141  0.11698253525832127  0.12876021118036235  0.14057864089675406
  0.15048540041200315  0.16020879225836140  0.17205736798096652  0.18454609055001722
  0.19760851199622598  0.21241077715538817  0.22592605015123990  0.23969693984106413
  0.25361246718363373  0.26407778776205831  0.27181717466434518  0.27892931118117226
  0.28705458343312007  0.29687723316507042  0.30756522548469251  0.31604401438678720
  0.32182182128311232  0.32732887680662315  0.33562514810627475  0.34728862130089405
  0.36056986021459603  0.37308585070903844  0.38609216011130998  0.40015453234565446
  0.41216957565864393  0.42404807771979774  0.43543545213252460  0.44601139593552763
  0.45758480691282005  0.46892225988392588  0.47776515247022910  0.48551871057072965
  0.49289442960482299  0.50069160452646588  0.50732555103617816  0.51479827020711122
  0.52749651949818754  0.53899745645213160  0.54925663458896434  0.55863457435269370
  0.56727732894696847  0.57829406902468705  0.58929042385985575  0.60046156620868640
  0.61176319949199176  0.62252480830041446  0.63238096035513136  0.64485777781196463
  0.65823748190413367  0.67128044947454524  0.68441032752253761  0.69762376001001347
  0.71082335151858411  0.72326711232700303  0.73300909874688469  0.74115425957670289
  0.74860773119125612  0.75458965555763169  0.75857988766947360  0.76408552250057482
  0.76872119707173547  0.77097803296474166  0.77348592013940820  0.77706271186946452
  0.78543697775152210  0.79378165825170155  0.80256110829973948  0.81219619448500358
  0.82245981025268311  0.83502910481529946  0.84891120122561625  0.85928571232046902
  0.86860474433620138  0.87784633077518737  0.88803987863428846  0.89955753150430029
  0.91256145181254300  0.92451565535776403  0.93761035729351250  0.94870664620148248
  0.95862810914814067  0.97073870581029331  0.98414378978727579  1.00000000000000000
 -0.00346199548518763  0.01133852375182060  0.02271195637961446  0.03209303211615450
  0.04115028959105604  0.04891714766285751  0.05750311678726245  0.06789702822432513
  0.07547903222853783  0.08609604841672487  0.09939390319395972  0.11520469400015568
  0.12700134135705290  0.13787275919185418  0.14794585638497512  0.15708981542338840
  0.16458522118363106  0.17204598780211924  0.17954594316764874  0.18832245429253228
  0.19867970913438276  0.21083361009453916  0.22430271878330785  0.23956465388286136
  0.25354744151347802  0.26745406570213542  0.28222108992484479  0.29668063544175011
  0.31110642476339601  0.32475144477300955  0.33678439773257757  0.35363555481393205
  0.36659385995104021  0.38122942069620525  0.39615902049775725  0.41062591616588001
  0.42306237861192897  0.43566469327020790  0.44552487279186181  0.45150758780809125
  0.45610222737167438  0.45980434177315271  0.46383556374787810  0.47086844021460239
  0.47678255465628561  0.48230276968003716  0.49100847269720793  0.49878220878153662
  0.50637369189945669  0.51430212702293110  0.52168320321278594  0.52910968685992610
  0.53522544287232943  0.54097532237964319  0.54645487292729522  0.55601354348008880
  0.56793807488505821  0.58024773773411842  0.59107908712280188  0.60205461833109719
  0.61530371878629386  0.62798078464372664  0.63701435214532653  0.64392774392760255
  0.64968056982867617  0.65680272691845676  0.66461283105467828  0.67539488031319883
  0.68909120886486930  0.70439674684621567  0.71888405089657370  0.73060774025913067
  0.74150809583467581  0.75302020802080794  0.76416759626183262  0.77653656543064942
  0.78624894113536969  0.79507341624443695  0.80373484828043351  0.81251183904779134
  0.82138429383535394  0.83035299998244361  0.83897294806328782  0.84927077141812635
  0.86171551373918931  0.87286254596863622  0.88329068566127900  0.89353587393036549
  0.90509223470723366  0.91812178043567361  0.92963092946438852  0.94228784910741992
  0.95485776388529209  0.96809735056497226  0.98371363141213752  1.00000000000000000
 -0.00382651956593810  0.01478560908200143  0.02215544805335887  0.03075393247706834
  0.03656708116359170  0.04111026901380880  0.04957188212552976  0.06457955486768226
  0.08122492404772236  0.09600392483698349  0.11102015992684625  0.12695302145693269
  0.14397016873333196  0.16353923077170762  0.17761433388697379  0.19123725196043609
  0.20408083543084340  0.21538273671087427  0.22641149733877239  0.23660976134933986
  0.24377349974066609  0.25040883172083811  0.25630789832267109  0.26129360827563713
  0.26645802176158218  0.27176472456340606  0.27711074267643454  0.28305816280221602
  0.28841912444671641  0.29874410196142875  0.30597508355316322  0.31351236043963726
  0.32121155381747257  0.32856930393285022  0.33702005761139736  0.34495358118064456
  0.35368874135338485  0.36250617381369454  0.37254574164804388  0.38254394618481125
  0.39291845532102976  0.40319175156069897  0.41332060737021131  0.42332792186685581
  0.43147517250772799  0.43879867263986844  0.44609348811215388  0.45162122228886709
  0.45662775927318489  0.46284277741000174  0.46933208315787062  0.47726850524972880
  0.48691633504532611  0.49802964301856800  0.50995595439798402  0.52142188051271032
  0.53076921751235617  0.53828843984288566  0.54565372542181068  0.55368688277396083
  0.56201902213100063  0.57038915529220668  0.58206894586003721  0.59219160298319040
  0.59942762191215404  0.60594136008012645  0.61175276446848637  0.61810695419063877
  0.62563280373077135  0.63392130156974336  0.64277910431267304  0.64916433199792944
  0.65445833410619447  0.66269276880496975  0.67166811957263872  0.68105265854821484
  0.69035390701093091  0.69935566258473991  0.70619423974651419  0.71565237744722798
  0.72860564487224411  0.74031995330395683  0.75298337606563903  0.76742140306527795
  0.78204457423766272  0.79711376167416792  0.81314790009871740  0.83234201994637991
  0.84951600164709729  0.86292834754286862  0.87676383014720505  0.89033586303439993
  0.90542082046209649  0.92584273607734513  0.95645148246986411  1.00000000000000000
 -0.00481890877540608  0.01867160273570857  0.03673351319853672  0.05722644278464196
  0.07463858380872757  0.09068473660926378  0.10376120169626643  0.11731839582928538
  0.12987842693970048  0.14173380941690278  0.15355722735058080  0.16307354457440137
  0.17291306162258135  0.18241859045679323  0.19392343678903684  0.20699294958245551
  0.21403706747257717  0.22158191983501604  0.22871726144128479  0.23476086191999002
  0.24207723078843488  0.25172699656658398  0.26261632091334880  0.27040819043322584
  0.27770525332431278  0.28735332898762439  0.29966216537829021  0.31278947653361638
  0.32865585713554679  0.34714989912588534  0.36431675048152534  0.37851825295693575
  0.39005935786471424  0.39876466384638470  0.40476840945715709  0.41085947528560313
  0.41693982274490071  0.42038807536726452  0.42383296230276080  0.42748497591024298
  0.43133459425146881  0.44350115340051266  0.45648426755066129  0.46991501972542271
  0.48369321514301689  0.49761860890758453  0.51094256394112592  0.52423225386444705
  0.53530351710022162  0.54543602948680148  0.55564073152021165  0.56607559773294158
  0.57516044182462489  0.58325106411542194  0.59147586676865072  0.60027600916700330
  0.61022982430958372  0.61949732897698617  0.62827620355238578  0.63677511102600837
  0.64582938950032764  0.65916971062999352  0.67241387821676124  0.68619018977922308
  0.69644963429664264  0.70568243101602868  0.71387253128991235  0.72522662203561672
  0.73531669672708821  0.74599838845015998  0.75893873328735739  0.76971261166472849
  0.78275502852960888  0.79625765113508862  0.80896153474903798  0.82256838045756364
  0.83329481538930628  0.84246830349560731  0.85111533132350470  0.86000947529620619
  0.86902234366442765  0.87863010884831527  0.88964249344424995  0.90214034464864967
  0.91555834927978941  0.92837389135057746  0.93877503888084890  0.94715740963942352
  0.95524872868146271  0.96225641815280039  0.96862472719553117  0.97636738633543163
  0.98440686573985714  0.98925939856029821  0.99432590981471014  1.00000000000000000
 -0.00135714528788228  0.00639265030088318  0.01371170345417390  0.02015064760882958
  0.02704092630220501  0.03419174623782034  0.04363845494389915  0.05340155977647925
  0.06485360502635178  0.07801041875732377  0.08696042008610505  0.09287264397058179
  0.09879965778026975  0.10448631537895209  0.11047446366737611  0.11677765400074346
  0.12462518899596686  0.13472005151461744  0.14607987786256435  0.15970598445752515
  0.17776870722047841  0.19415227764249493  0.21033800255477791  0.22550181998165916
  0.23988193285548767  0.25459098599439156  0.26686568809272193  0.27849003653999754
  0.28933642197651777  0.30118313535482394  0.31488518036568092  0.32866378023473924
  0.34257304164356989  0.35869262638172122  0.37702590790865625  0.39455622459721013
  0.40751356606580907  0.41801037340770564  0.42907820464616825  0.44003101321073684
  0.45177484631487391  0.46355481152230693  0.47376113429246069  0.48280450381387346
  0.49202999661728802  0.49965484598169108  0.50718492853768815  0.51535367900319251
  0.52543099013330208  0.53778228375031756  0.55014248648395514  0.56144154826681347
  0.57066263631969683  0.58418244113421347  0.59528486575895290  0.60346104995129801
  0.61093351599942969  0.61750441783763321  0.62390187647089401  0.62891222019004123
  0.63473232655728284  0.64193926025407089  0.65453423705898173  0.67070392336902485
  0.68699206168891347  0.70051725787677088  0.70992735667028206  0.71921390757844961
  0.72772596693929115  0.73332311353926571  0.73794945020607750  0.74362581787486381
  0.75213664831584881  0.75991593430955962  0.76802738626744826  0.77581891536096248
  0.78426367388136675  0.79515509143393426  0.80586975917868053  0.81661371259075066
  0.82833322448543800  0.84205486391428297  0.85708815713324649  0.87090395055254599
  0.88269819503134428  0.89532110841718249  0.90615583701000357  0.91799847105970722
  0.92911762052948477  0.93852590444784867  0.94785071879894789  0.95638271885557691
  0.96471363234300322  0.97477736740735921  0.98690027638350353  1.00000000000000000
  0.30950332488601401  0.48041964635784457  0.52683441037322398  0.55333255488885946
  0.57915059273162328  0.59857861605386253  0.61604528953068638  0.63238538455183213
  0.64378028960082545  0.65484884149948841  0.66560571665202506  0.67571263545870386
  0.68353319813303826  0.68970625560693111  0.69579346467901515  0.70268071285413058
  0.70868204969534987  0.71367325852199459  0.71819865578145969  0.72308185839296113
  0.72864690340234139  0.73353984698758801  0.73869825608912865  0.74394455473794152
  0.75070813267734393  0.75643714747371193  0.76171669758407778  0.76708696506996710
  0.77240268176997273  0.77917444689889370  0.78595986842190413  0.79213236638327444
  0.79784460298453241  0.80346319778355468  0.80898678669454205  0.81406600274746022
  0.81874925167905810  0.82307331621211621  0.82710335957754455  0.83144152998814114
  0.83636679107494938  0.84153284008991780  0.84648497597305483  0.85095279530408185
  0.85488126213939675  0.85795200711096287  0.86073296076297956  0.86340235536281373
  0.86625030593556507  0.86954464361877259  0.87286719467323504  0.87547725436034118
  0.87694580379870113  0.87865353429903115  0.88096609872778975  0.88328946950617648
  0.88494345884575720  0.88708322286485108  0.88991210034241652  0.89335771909734207
  0.89616892423101280  0.89883344489075612  0.90177206552371880  0.90444966118396464
  0.90743304308575845  0.91060621657234742  0.91373610876617961  0.91678003985915801
  0.91987764799883809  0.92326404656934102  0.92687339238143196  0.93050012527759995
  0.93394243607096228  0.93719293610685417  0.94011638158106992  0.94296540165993603
  0.94622717898884134  0.94978794721218496  0.95225651433411063  0.95404730061299692
  0.95540059154241663  0.95667593163382392  0.95839037863677323  0.96069280974503846
  0.96271375662043335  0.96417936067427035  0.96542509082707428  0.96756956178851006
  0.97024327733718196  0.97289077412709846  0.97554831479713289  0.97814924202754228
  0.98156161404433595  0.98646362544085808  0.99296143242972601  1.00000000000000000
 -0.03595528535884292  0.17190304702672887  0.22256210473812327  0.24601483964947526
  0.26577368090632303  0.28646184213522441  0.30491156513194340  0.32169072599256915
  0.33677144090080152  0.34909528443154869  0.36158331066424765  0.37290713886268484
  0.38261503732988295  0.39271645070159078  0.40384489936592310  0.41653632161608900
  0.42948247851504312  0.43937484098158019  0.44570700094856242  0.45021652366237236
  0.45519102901838432  0.45985916530278176  0.46295831284964639  0.46597710017804095
  0.46974698887221467  0.47497167162385673  0.48238886512119233  0.49280096403540957
  0.50099027512725258  0.50832528092519325  0.51412267869654282  0.51886041052622556
  0.52334711503642639  0.52767356632802309  0.53222159857162232  0.53751458463727764
  0.54410659814762929  0.54907317265017552  0.55321757928703619  0.55707868528440074
  0.56096042520430445  0.56515170618723487  0.57021383695515160  0.57508003118875772
  0.57976945609147335  0.58525390208117556  0.59143574224205375  0.59788293657753089
  0.60471348848609974  0.61048212039840921  0.61717983204471316  0.62418834582634142
  0.63090919774481691  0.63668326508294926  0.64237905958192554  0.64699862390720608
  0.65044484428766136  0.65320122328075358  0.65597544511547867  0.65948757473312680
  0.66287354124438957  0.66633325611071603  0.66947707061609951  0.67225833296974902
  0.67773252423357921  0.68432575198793821  0.69050503263803675  0.69667517484673436
  0.70267914753684690  0.70803076534677012  0.71238195647964320  0.71614850361506888
  0.72094530396436174  0.72595774466833440  0.73220542887359463  0.73721787346033296
  0.74219883671304376  0.74748265655123769  0.75320115173229407  0.75949307312350023
  0.76559343061954832  0.77137599466648687  0.77682836501816810  0.78217163193174133
  0.78779001990663278  0.79423315910347725  0.80122665439568741  0.80864158478346271
  0.81606747989862038  0.82360120461908115  0.83229525474156718  0.84480263429969693
  0.86080716732899842  0.88018125705610317  0.91339205964120962  1.00000000000000000
   9.2025501917071845E-016  -1.0000000000000000     
 F F F F F F F F F F F F F F F F F F F F F F F F F F F F F F F F F F F F F F F F F F F F F F F F F F F F F F F F F F F F F F F F F F F F F F F F F F F F F F F F F F F F F F F F F F F F F F F F F F F F F F F F F F F F F F F F F F F F F F F F F F F F F F F F F F F F F F F F F F F F F F F F F F F F F F F F F F F F F F F F F F F F F F F F F F F F F F F F F F F F F F F F F F F F F F F F F F F F F F F F F F F F F F F F F F F F F F F F F F F F F F F F F F F F F F F F F F F F F F F F F F F F F F F F F F F F F F F F F F F F F F F F F F F F F F F F F F F F F F F F F F F F F F F F F F F F F F F F F F F F F F F F F F F F F F F F F F F F F F F F F F F F F F F F F F F F F F F F F F F F F F F F F F F F F F F F F F F F F F F F F F F F F F F F F F F F F F F F F F F F F F F F F F F F F F F F F F F F F F F F F F F F F F F F F F F F F F F F F F F F F F F F F F F F F F F F F F F F F F F F F F F F F F F F F F F F F F F F F F F F F F F F F F F F F F F F F F F F F F F F F F F F F F F F F F F F F F F F F F F F F F F F F F F F F F F F F F F F F F F F F F F F F F F F F F F F F F F F F F F F F F F F F F F F F F F F F F F F F F F F F F F F F F F F F F F F F F F F F F F F F F F F F F F F F F F F F F F F F F F F F F F F F F F F F F F F F F F F F F F F F F F F F F F F F F F F F F F F F F F F F F F F F F F F F F F F F F F F F F F F F F F F F F F F F F F F F F F F F F F F F F F F F F F F F F F F F F F F F F F F F F F F F F F F F F F F F F F F F F F F F F F F F F F F F F F F F F F F F F F F F F F F F F F F F F F F F F F F F F F F F F F F F F F F F F F F F F F F F F F F F F F F F F F F F F F F F F F F F F F F F F F F F F F F F F F F F F F F F F F F F F F F F F F F F F F F F F F F F F F F F F F F F F F F F F F F F F F F F F F F F F F F F F F F F F F F F F F F F F F F F F F F F F F F F F F F F F F F F F F F F F F F F F F F F F F F F F F F F F F F F F F F F F F F F F F F F F F F F F F F F F F F F F F F F F F F F F F F F F F F F F F F F F F F F F F F F F F F F F F F F F F F F F F F F F F F F F F F F F F F F F F F F F F F F F F F F F F F F F F F F F F F F F F F F F F F F F F F F F F F F F F F F F F F F F F F F F F F F F F F F F F F F F F F F F F F F F F F F F F F F F F F F F F F F F F F F F F F F F F F F F F F F F F F F F F F F F F F F F F F F F F F F F F F F F F F F F F F F F F F F F F F F F F F F F F F F F F F F F F F F F F F F F F F F F F F F F F F F F F F F F F F F F F F F F F F F F F F F F F F F F F F F F F F F F F F F F F F F F F F F F F F F F F F F F F F F F F F F F F F F F F F F F F F F F F F F F F F F F F F F F F F F F F F F F F F F F F F F F F F F F F F F F F F F F F F F F F F F F F F F F F F F F F F F F F F F F F F F F F F F F F F F F F F F F F F F F F F F F F F F F F F F F F F F F F F F F F F F F F F F F F F F F F F F F F F F F F F F F F F F F F F F F F F F F F F F F F F F F F F F F F F F F F F F F F F F F F F F F F F F F F F F F F F F F F F F F F F F F F F F F F F F F F F F F F F F F F F F F F F F F F F F F F F F F F F F F F F F F F F F F F F F F F F F F F F F F F F F F F F F F F F F F F F F F F F F F F F F F F F F F F F F F F F F F F F F F F F F F F F F F F F F F F F F F F F F F F F F F F F F F F F F F F F F F F F F F F F F F F F F F F F F F F F F F F F F F F F F F F F F F F F F F F F F F F F F F F F F F F F F F F F F F F F F F F F F F F F F F F F F F F F F F F F F F F F F F F F F F F F F F F F F F F F F F F F F F F F F F F F F F F F F F F F F F F F F F F F F F F F F F F F F F F F F F F F F F F F F F F F F F F F F F F F F F F F F F F F F F F F F F F F F F F F F F F F F F F F F F F F F F F F F F F F F F F F F F F F F F F F F F F F F F F F F F F F F F F F F F F F F F F F F F F F F F F F F F F F F F F F F F F F F F F F F F F F F F F F F F F F F F F F F F F F F F F F F F F F F F F F F F F F F F F F F F F F F F F F F F F F F F F F F F F F F F F F F F F F F F F F F F F F F F F F F F F F F F F F F F F F F F F F F F F F F F F F F F F F F F F F F F F F F F F F F F F F F F F F F F F F F F F F F F F F F F F F F F F F F F F F F F F F F F F F F F F F F F F F F F F F F F F F F F F F F F F F F F F F F F F F F F F F F F F F F F F F F F F F F F F F F F F F F F F F
  <DiscreteSampler_grid>
  grouped_processes
  1 # 1 for a reference and 2 for a running grid.
  10 # Attribute 'min_bin_probing_points' of the grid.
  1 # Attribute 'grid_mode' of the grid. 1=='default',2=='initialization'
  0.0000000000000000 # Attribute 'small_contrib_threshold' of the grid.
  0.5000000000000000 # Attribute 'damping_power' of the grid.
 # binID   n_entries weight   weight_sqr   abs_weight
    61   10   2.608435286825608E-013   2.145409000499227E-025   2.608435286825608E-013
    62   10   2.608435286756367E-013   2.145409000403597E-025   2.608435286756367E-013
    64   10   5.216870573651215E-013   8.581636001996907E-025   5.216870573651215E-013
    65   10   5.216870573512733E-013   8.581636001614386E-025   5.216870573512733E-013
    67   10   5.341188876474366E-013   9.029409489487594E-025   5.341188876474366E-013
    68   10   5.341188876410870E-013   9.029409489434670E-025   5.341188876410870E-013
    70   10   1.068237775294873E-012   3.611763795795038E-024   1.068237775294873E-012
    71   10   1.068237775282174E-012   3.611763795773868E-024   1.068237775282174E-012
    106   10   2.608435286824151E-013   2.145409000496792E-025   2.608435286824151E-013
    107   10   2.608435286756708E-013   2.145409000404163E-025   2.608435286756708E-013
    109   10   5.216870573648302E-013   8.581636001987169E-025   5.216870573648302E-013
    110   10   5.216870573513417E-013   8.581636001616653E-025   5.216870573513417E-013
    112   10   5.341188876473299E-013   9.029409489486061E-025   5.341188876473299E-013
    113   10   5.341188876411161E-013   9.029409489435160E-025   5.341188876411161E-013
    115   10   1.068237775294660E-012   3.611763795794424E-024   1.068237775294660E-012
    116   10   1.068237775282232E-012   3.611763795774064E-024   1.068237775282232E-012
  </DiscreteSampler_grid>
