  0.00249432599436238  0.01704443339117281  0.02574774257024044  0.02993076234581095
  0.03525498344364527  0.04253546458096347  0.04822160925750489  0.05357663936092175
  0.05851498252766423  0.06371730458522468  0.08299007559147382  0.11684017117788020
  0.14423785079777854  0.16284715201984290  0.17210363407651960  0.18153820119085898
  0.18566593422314759  0.18989424858905893  0.19398693299563843  0.19828555213679672
  0.20416679452671527  0.21128012851119785  0.22317914450560722  0.24109240349304925
  0.26750117179977839  0.29676400545795617  0.31950979540329982  0.33364063325576038
  0.34336563838612716  0.35240358784637155  0.35994577951715678  0.36946826639763597
  0.38559453333354676  0.39942420327524830  0.40466631560894251  0.40827774511185577
  0.41508697441296882  0.42068776591801149  0.42379593538762744  0.42665868247383154
  0.43032452108306141  0.43396090338713256  0.43778880932868364  0.44630472682264194
  0.45330353656012956  0.45803062977237502  0.46326011726319027  0.46860788700160227
  0.47545249138752171  0.48447370604869411  0.49293095541190246  0.50456074122060646
  0.52523611155615901  0.55133356249555976  0.56637720594922514  0.57590188094129835
  0.58299339424456176  0.59459770663838696  0.60977252452794739  0.62405389693705426
  0.63689988977268941  0.64960464599586576  0.66213760070188843  0.67316534715830034
  0.68188755245654220  0.69385059407969596  0.70814243244651276  0.71780677949435145
  0.72601500823083942  0.73429746110658289  0.73956890209171711  0.74840767820908771
  0.76066851449586181  0.77055279091956363  0.78102660370354438  0.78967712577025484
  0.79701802209310446  0.80467607196857172  0.81547077345138252  0.82766085444371951
  0.83858138023553963  0.84402114075797041  0.85236957226202181  0.86142565216092515
  0.87054856861492613  0.87557161107228521  0.88148616416309866  0.89000477638599085
  0.89830595584005668  0.90615577816341764  0.91510052417184706  0.92389787167800419
  0.93752185169580593  0.95299897584456239  0.97178663069834037  1.00000000000000000
  0.00887683931925474  0.01949707873603774  0.02936229146302579  0.03953028909680590
  0.05740005131535755  0.07233525887936540  0.08626044812193764  0.09860421492085468
  0.11016579451916937  0.11806951135036844  0.12503940468792205  0.13630989663293283
  0.14476041986035554  0.15440944081545979  0.16477019316209626  0.17482160730166027
  0.18608838481052054  0.19787572165664336  0.20473320836556042  0.20722687047742580
  0.21081497800338228  0.21585795516994485  0.22460537772915312  0.23578453374658359
  0.24937261423061841  0.26422772233316860  0.28060778547062598  0.29409273876867831
  0.30726519771502614  0.31834651869411690  0.32932775613155457  0.33988717028797638
  0.35111736700537910  0.36332052636267814  0.36976133744364648  0.37534785935233350
  0.38025092447927417  0.38533671405905867  0.39416355257258168  0.40213704125324584
  0.40758953858296926  0.41390254235216584  0.42537676413245679  0.43602080835605023
  0.44699014051072600  0.45869948831359597  0.46971380636078292  0.47493620105417633
  0.48036362742574668  0.48486458694724943  0.48890585541268711  0.49515364459753419
  0.50926367197066025  0.52170288148670130  0.53442117459426808  0.55009885643344048
  0.56035838115937431  0.57013316396010638  0.58209837177871593  0.58685893310297599
  0.59029836220562537  0.59395504475496064  0.59767901748283614  0.60152556549460834
  0.60543671619936945  0.61108762896485047  0.62200482201655383  0.64000349155639713
  0.66033257241519561  0.67389456127107539  0.68576078225138615  0.69797529444791062
  0.71107355132415562  0.72536951117654536  0.74124345660210367  0.75950265633466818
  0.77571089291626183  0.79147942154423467  0.80435652044501771  0.82052750952104436
  0.83810611508796617  0.85072351649068878  0.85818124111890481  0.86549955495963260
  0.87319503422382494  0.88114506575030194  0.89037367161036385  0.89647910658438423
  0.90277067241205955  0.92007939246703829  0.94231189564794970  0.96214429735096829
  0.97604515082986254  0.98476063335429376  0.99260085408313314  1.00000000000000000
  0.00018741014907221  0.00022447757924757  0.00022731433829938  0.00022991662632552
  0.00023192774747683  0.00023388733369086  0.00023564648096125  0.00023755155326812
  0.00024065647659580  0.00024479569804853  0.00024998456871276  0.00025408883401942
  0.00025669760949510  0.00025902037007384  0.00026127027389742  0.00026285160979370
  0.00026447521125167  0.00026625773980200  0.00026872238044296  0.00027150838506914
  0.00027455985527208  0.00027670450346968  0.00027895935125114  0.00028178535300603
  0.00028520083675400  0.00028839347120542  0.00029109677153894  0.00029351975587417
  0.00029520161405220  0.00029636338727525  0.00029783997851508  0.00029937883476799
  0.00030085733811447  0.00030235036141156  0.00030433758452478  0.00030640142183669
  0.00030812590341469  0.00031042063844746  0.00031278288350299  0.00031523482123011
  0.00031757715827291  0.00032155462093972  0.00032542384257459  0.00032938542404842
  0.00033254559458782  0.00033562498341027  0.00033964916595004  0.00034662910407739
  0.00035346020493677  0.00035880118387805  0.00036221267956167  0.00036559795592969
  0.00036907242627372  0.00037277301889161  0.00037735248463943  0.00038081948743810
  0.00038480727017939  0.00038984021302825  0.00039564664754893  0.00040233644924693
  0.00040996260179392  0.00041892608680384  0.00042714770348045  0.00043373481463183
  0.00043889668678202  0.00044321118392142  0.00044770791390000  0.00045336934252040
  0.00046065373954687  0.00047072919432768  0.00048234858157515  0.00049539342938369
  0.00051147168032432  0.00052316830314419  0.00053942406725887  0.00054737191863031
  0.00055051540754474  0.00055288393701849  0.00055540972079129  0.00055852178657548
  0.00056233257680456  0.00056773796195106  0.00057428296964364  0.00059051724555428
  0.00061407390855060  0.00063969682466166  0.00066403783851646  0.00068337774168136
  0.00070688817292054  0.00074247079748803  0.00079925257070681  0.00090353012188839
  0.00107928712725947  0.00156728155983437  0.83537744317152796  1.00000000000000000
  0.00023450386961297  0.00033115032506244  0.00037552969877438  0.00039302316939934
  0.00040353718922364  0.00041289341725488  0.00041762644408628  0.00042312648975621
  0.00042906748595791  0.00043533091457306  0.00044317890202146  0.00045497505265425
  0.00046895836307493  0.00048459684467181  0.00050243490719874  0.00051526910589522
  0.00052225679766355  0.00052635500320703  0.00053056329854621  0.00053533232445023
  0.00054260294873110  0.00055712599883017  0.00056967599618036  0.00057654864374487
  0.00058496750514443  0.00059795022771797  0.00061263753052769  0.00062999082096987
  0.00064319448392680  0.00065180041450118  0.00066273151185216  0.00067651120118271
  0.00069377213602973  0.00071562054143976  0.00073460537345387  0.00074831343702931
  0.00076277179166295  0.00077938518020573  0.00079375050236032  0.00080652114285772
  0.00082157527957730  0.00084189359443897  0.00086498459026736  0.00089246777677941
  0.00092333049730622  0.00095708449461005  0.00099477478990443  0.00102933496194827
  0.00105076500595177  0.00107030367686633  0.00109843726839334  0.00113120953483034
  0.00115493762042267  0.00117018381919577  0.00118330717670842  0.00119623004165622
  0.00120934930972858  0.00122323938751987  0.00123787212118183  0.00125549975299927
  0.00128968313397350  0.00132099506359458  0.00133926513976744  0.00135062982082280
  0.00136258222977256  0.00137939235805086  0.00139620248632916  0.00141848536113562
  0.00144323016395100  0.00147980095509310  0.00153507491527614  0.00160507265033529
  0.00167506582556170  0.00173442985545336  0.00177396243111329  0.00180272209360492
  0.00183898755449925  0.00188418652340823  0.00192897600098599  0.00197143106640993
  0.00203820546747834  0.00208846172953066  0.00213517970550651  0.00218223939429202
  0.00220404883328693  0.00222227172340363  0.00225317047349369  0.00232539721015430
  0.00240446817215867  0.00247829507804502  0.00264170706140115  0.00289641184074360
  0.00339557697351893  0.00404732912272421  0.00594406671260547  1.00000000000000000
 -0.00395152299326558  0.03590730927195695  0.05275299195043641  0.06440467085788447
  0.07370938217875217  0.08147487750573837  0.09235095365574225  0.10584830461439586
  0.12094621342947916  0.14501206838726771  0.16245487864189487  0.18129953969955073
  0.20106808866767872  0.22086309347366151  0.23863503684867254  0.25204866878568538
  0.26181200070076510  0.27047297118211211  0.27855569184275430  0.28880945528378960
  0.30038099300392107  0.31379499331709632  0.33067696871931845  0.34155509524515404
  0.34892129943947320  0.36318295079052776  0.38136401113045171  0.40235653587639730
  0.42476047288824964  0.44141171024974707  0.45795227280670192  0.47339992807401149
  0.49281853294064265  0.52097580560061940  0.54930014519770043  0.55884104225222087
  0.56216106688269862  0.56538862105723064  0.56879610475851916  0.57244042852030819
  0.57866717509713428  0.58148088056406899  0.58412210056485558  0.58579948994038966
  0.58746867384936130  0.58906515921653602  0.59066164458371073  0.59343429917040369
  0.59679016453297429  0.60245451797239902  0.60631653921158468  0.61111302990278416
  0.61439739611438460  0.61711507209239735  0.61882630638047986  0.62100419094641934
  0.62424111523750303  0.62879302749221200  0.63344967080704984  0.63963207993727178
  0.64718826134303453  0.65349726877647141  0.66021880910780617  0.67015054745897262
  0.68480570473263735  0.70531484919944876  0.74255208509529869  0.76692449594828871
  0.79199452011534610  0.81250961468430660  0.82346915837189971  0.83084971122073847
  0.83906185199279004  0.84666828061631860  0.85581317157363757  0.86578324037655252
  0.87417548226949293  0.88044818009205816  0.88664062182026160  0.89419626913194605
  0.89988510654209797  0.90322508417866898  0.90697427402521946  0.91053339252946508
  0.91356910899030963  0.92006486574111412  0.92848715622576039  0.93647478486542579
  0.94360526119627863  0.95099839071630832  0.95778808134469462  0.96345114067130977
  0.96827824535765672  0.97388555287011513  0.97951008646818527  1.00000000000000000
  0.00001878961847393  0.00003967379556829  0.00004746634381151  0.00005086946272902
  0.00005470277416272  0.00005758238983442  0.00006034701053109  0.00006261578758243
  0.00006538538986228  0.00006951389880843  0.00007409234788198  0.00007951747152727
  0.00008552155419776  0.00008966399655069  0.00009392990464804  0.00009856765657164
  0.00010212188435262  0.00010746051448896  0.00011608568147769  0.00012660589993065
  0.00013668604198092  0.00014446628176216  0.00015234902898297  0.00016142998730020
  0.00017042115376784  0.00017850807452587  0.00018571820394664  0.00019230803521122
  0.00019853321584493  0.00020907937424550  0.00022138833325491  0.00022913074365798
  0.00023212157085172  0.00023522838480953  0.00023896685085350  0.00024282204618511
  0.00024701542324651  0.00025102259912720  0.00025892215923364  0.00026639467902975
  0.00027327126084248  0.00027966797141894  0.00028460427908631  0.00028897907898026
  0.00029241357196980  0.00029577071588391  0.00029881851852778  0.00030147475063516
  0.00030477511985996  0.00031494215533953  0.00033112600633804  0.00034285870910743
  0.00035055884205111  0.00035596062616151  0.00036165571108528  0.00036856038415421
  0.00037729384570618  0.00038474350856262  0.00039391016333348  0.00040555238892649
  0.00042020224089203  0.00044160966771550  0.00046837792149364  0.00049345953349791
  0.00051652611455593  0.00053958254847159  0.00057389834669374  0.00060676873788117
  0.00063804644803925  0.00067628781728080  0.00071554774362901  0.00075443567232042
  0.00076731540929437  0.00077936442244573  0.00079154476875973  0.00080382328749741
  0.00081900168437297  0.00084461205414826  0.00087148970842607  0.00095441441371266
  0.00099876353576540  0.00105742898973130  0.00109377663921801  0.00115918677609178
  0.00127633036125422  0.00141794909214743  0.00164665736831473  0.00193761193552251
  0.00235323600786663  0.00298795806339158  0.00353715675293224  0.00375747919453873
  0.00447856305236470  0.00598558963968370  0.49024073846004979  1.00000000000000000
 -0.00029963356059610  0.00265838822630464  0.00532973434674325  0.00806694940331024
  0.01419454558014299  0.02141268574007437  0.03009243231833568  0.03952162778240604
  0.04871153021497517  0.05635347303167743  0.06484963346445960  0.07327290643986449
  0.08179660367023898  0.08920794665757223  0.09517598247890817  0.09896507767794280
  0.10196307933170115  0.10458233693373180  0.10862514630270156  0.11315719525972300
  0.11854564329336310  0.12719998813250166  0.13236827453222560  0.13665995963030061
  0.14373781383327489  0.15025783076683119  0.15598098312781106  0.15945922325604922
  0.16584733805825466  0.17480950633490994  0.18059333934999949  0.18618962225988331
  0.19239214910306518  0.20007321706191672  0.20934747368523721  0.22083552626746517
  0.23188933617351198  0.24192347288409058  0.24976998027221073  0.25719785126034239
  0.26481389003924732  0.27021232066390999  0.27659257138089077  0.28285095647545083
  0.29154348107239242  0.29799085150060473  0.30228377803165557  0.30576516926559305
  0.30885278650798603  0.31244953264719699  0.31626744582134286  0.32016185268926600
  0.32574485245745399  0.33194669859854725  0.33907902670715029  0.34367592184118867
  0.35087565254958425  0.36064533507122959  0.36987124316544090  0.37614899165992549
  0.38564406184951372  0.39550372810213347  0.40655557904665035  0.41994456512160921
  0.43765326538099675  0.46066898530595018  0.48329657247909652  0.50004968560503804
  0.51230513164677138  0.52258215655444984  0.53371915450928087  0.54507025981315749
  0.55103549545019381  0.55693109922181583  0.56235875392610790  0.56776139655236202
  0.57201541965507874  0.57626944275779535  0.58772596486749007  0.60453567382586371
  0.62222808910191929  0.64271491765598632  0.66761582341886139  0.69260640160229892
  0.71648803031053443  0.73738957639190905  0.75975674284400863  0.78374345653328381
  0.80140373354228200  0.82136250323945692  0.84214928693941282  0.86383329357735461
  0.88968303010154115  0.92274851865688956  0.96260471158720140  1.00000000000000000
 -0.00354786523469426  0.01071405300258003  0.02400814793309727  0.03705332275122730
  0.05066826195718309  0.06308063056047331  0.07705738662718205  0.09104988007196615
  0.10224424737711882  0.11463356564335422  0.12687337942635091  0.13758044926484259
  0.14686793670794224  0.15434464021848812  0.15898071167384850  0.16361678312920891
  0.17060164355638546  0.17770915445019203  0.18733443338318945  0.19815635821143562
  0.20986108721076432  0.22129882512009860  0.23600581600031720  0.25099248640415772
  0.26700180647094529  0.28541261527895578  0.30135419246193268  0.31115424057125313
  0.31873946682749216  0.32510855104681285  0.32896163743796702  0.33150407410825888
  0.33374760156568961  0.33857148112755509  0.34453270935249580  0.34892806092464079
  0.35879638361262711  0.37414037151383112  0.38331178133256644  0.38999517190451261
  0.39684269330880267  0.40595380820577120  0.41597277056613030  0.42184405822233950
  0.43147499642975229  0.44522358427338105  0.46177958704837657  0.48569663739215246
  0.50160910821851035  0.51414181191549080  0.52340939572282397  0.53104151665827504
  0.54320305032375060  0.55778852593369688  0.56994673131601015  0.58156183399997696
  0.59131642940936047  0.60012902210672148  0.61110626042343230  0.62751640957443067
  0.64358906803140148  0.65622479501244513  0.66495059743644869  0.67427860263211248
  0.68475097674719110  0.69341115935411346  0.70495030840277340  0.72223075934905800
  0.73197901582776104  0.73513619765359473  0.73766080109367194  0.74110496173406504
  0.74593289969903387  0.75156908289771673  0.75790603108741150  0.76946452347858374
  0.78033849376445430  0.78613751747099125  0.79063737663604117  0.79474245968113277
  0.79932398439223207  0.80442669821719903  0.81040130901325902  0.81891256025587356
  0.83054311101668865  0.84819032899730540  0.86555121536274693  0.87884324739265007
  0.88831981154301376  0.89850713460377563  0.90925678698534496  0.92255123158175456
  0.93904148850117253  0.95898464137417971  0.97854630674632970  1.00000000000000000
 -0.00215240603859774  0.00460400602332408  0.01224069013463441  0.02141317015443146
  0.03283704532009309  0.04665080124712740  0.06393379573680619  0.08151239581857876
  0.09429772048171944  0.10276339702552169  0.10972937683476393  0.11720919937196726
  0.12566309177870058  0.13447635919836787  0.14146801414459648  0.14663071272905026
  0.15485779538638861  0.16290817790934323  0.16951200802193775  0.17780193940573055
  0.18530767600559594  0.19578157913154448  0.20232179855299179  0.20763715329668073
  0.21406995551434491  0.21928905159667886  0.22471619970146711  0.23120051956686238
  0.23814696818457065  0.24464345123876985  0.25058806161100888  0.25802417035999364
  0.26536185759231784  0.27584520553683323  0.30410970354723427  0.34102879144819087
  0.36831080299261798  0.38685421553019678  0.40008898739158216  0.41459203554182639
  0.42523761696762913  0.43219832272241115  0.43847119087344061  0.44617565661873637
  0.45799420236283322  0.46983210696169092  0.48219270108380230  0.49677411861136778
  0.51087425645567308  0.52038926312463973  0.52603700628632144  0.53031378940965235
  0.53951672963478803  0.55093776823173779  0.56179977926287139  0.57095419656891400
  0.57980950291378064  0.59027253872577845  0.60135844828173268  0.61382285996715258
  0.62734596220355654  0.64509268449620560  0.66644535276911754  0.67972755634438442
  0.68736411331598535  0.69437259296300813  0.70121609869241197  0.70770851977150206
  0.71379439582847071  0.71980492980064137  0.72866654813529252  0.73674696358324965
  0.74551639780810608  0.75558645020053383  0.76974275941635917  0.78221932270869088
  0.79448133622694428  0.80166798446629539  0.80752449338494670  0.81390515156956866
  0.82303432281508537  0.83823916993403313  0.85367213225164418  0.86444461043306287
  0.87160382079391785  0.87885215457286658  0.88952710789230649  0.90228798770019258
  0.91986478327023102  0.93460754647151589  0.94647945726423022  0.96382082779759892
  0.97213418734273127  0.98075054199158940  0.99011800323054167  1.00000000000000000
 -0.00154197771408123  0.00781016646031825  0.01320999074078095  0.01870646446896670
  0.02376655933836012  0.02767153415620679  0.03096231679234136  0.03220931585217779
  0.03510635730511383  0.04016429701987578  0.04599026580028918  0.05258638439966815
  0.05924316529733754  0.06595090257067647  0.07345849376593730  0.08295885762620973
  0.09187280458696978  0.09780078834118033  0.10385410280732249  0.11389068471786082
  0.12602884229453204  0.14018838229991534  0.15731416879738272  0.18247208524423097
  0.20170305658372065  0.21725597328622392  0.22909346981214551  0.24010098500205893
  0.25440135935441310  0.27205913086841671  0.29148104012599707  0.31703659838746756
  0.33804238406018672  0.35115497334192664  0.36458374986120312  0.37421343671258761
  0.38638704494045900  0.40062208653044656  0.41129801424870421  0.41671781497225197
  0.42269341372653924  0.42627371070315612  0.43048151468478935  0.43480260049700514
  0.43997685763667882  0.44999846342428818  0.46791065614827415  0.49320509939043111
  0.51321110418956850  0.53365690165439461  0.55048044933059015  0.56173425243757846
  0.56774354389996307  0.57433602500680636  0.58145628873278588  0.58679029060615184
  0.59446784950419562  0.60519850136052655  0.61391542625577589  0.61904496124629849
  0.62462930472895872  0.63378345579124207  0.64514712199636193  0.65734940224712635
  0.66836674191468370  0.68130880380284997  0.69006041911024263  0.69761126360445758
  0.70390827114317545  0.71036066215968063  0.72120794926385234  0.74511147256053156
  0.76999013948839834  0.78925297845340414  0.80578362675208859  0.81298809690662055
  0.81865836805371262  0.82327967543397196  0.82711916030540700  0.83228005219538492
  0.83960885788281292  0.85017528022279165  0.86488870807687468  0.87981890918010464
  0.89196891658468647  0.90573308771915972  0.91834849546052477  0.92867356915395272
  0.93701624585561138  0.94397570788183027  0.95339006713453456  0.96014708824915285
  0.96555401965428045  0.97560514724101610  0.98651086755986450  1.00000000000000000
 -0.00353079040911726  0.01674507472517998  0.02512115040964874  0.03204765891318491
  0.04233759685158634  0.05674968213072902  0.07326199570018367  0.09098633749100070
  0.10853861280184819  0.12541895323687979  0.14051265668162297  0.16186561763962307
  0.18600897955210166  0.20840855412628245  0.22636982707237352  0.23328044987115004
  0.23912663864629005  0.24486537312522877  0.25043601633156115  0.25633019887998548
  0.26247697992789437  0.26916889095554281  0.28074750375412166  0.28930325486869307
  0.29389895205771094  0.29770607053172399  0.30153823113701295  0.30405065629083938
  0.30618313785438722  0.31294217011418968  0.31911310193858827  0.32882161865043591
  0.33503193636232309  0.33883258641060693  0.34254431981291328  0.34690035700746813
  0.35287432387663237  0.35754724740823329  0.36333966611677521  0.37020340348924707
  0.37833734794175949  0.39268486479181075  0.40458108895464157  0.41407111427886556
  0.42303247138473749  0.42912916642248056  0.43378597167381916  0.43897972534046575
  0.44361705905279603  0.44719563989009981  0.45353422928452608  0.46160365279421772
  0.46865954835497192  0.47641179994038951  0.48400462664632965  0.49211753282867193
  0.50111895501706105  0.51250788123693769  0.51818489671702850  0.52377158135129231
  0.52958080000629892  0.53565485189625761  0.54172890378621641  0.54731319631758713
  0.55285949018889213  0.56314186902932617  0.57902607270174367  0.59272067650808302
  0.60524401437767394  0.61517975286382953  0.62605900454216401  0.63497508277358794
  0.64409623833584306  0.65300989139934917  0.66268824167714335  0.67568532946369275
  0.69281437807358925  0.71378318634407167  0.73358304944250063  0.74455560988009872
  0.75496298202300860  0.77037735282350683  0.78574707243503028  0.80139149287868128
  0.81465723243339172  0.83053895194378136  0.85076093367282335  0.87399521424442184
  0.89208853610319305  0.90573445742928749  0.92237059544464295  0.93885518481426800
  0.95314020204714167  0.96854648498502971  0.98419840420015170  1.00000000000000000
 -0.00458169896941457  0.01290272448557219  0.02670672165927815  0.03739446029417239
  0.04563450806213203  0.05313479882903344  0.05706865093202253  0.06287706991144348
  0.07148343996557724  0.08227191305998788  0.09222039764998609  0.09944052165086252
  0.10804734350095044  0.11884586026926225  0.13262391490197145  0.14558941238534995
  0.15647426996426114  0.16779404004140960  0.17876496719378998  0.18665487461385735
  0.19376419740881390  0.20244394302355143  0.21025693672116316  0.21750581122112828
  0.22441015257573438  0.23144631536016458  0.23933247504561384  0.24582046637378760
  0.25182552529121655  0.25829293315332907  0.26527695276612490  0.27000226471178890
  0.27445892498494412  0.27954349611234103  0.28642401160243958  0.29710711737324247
  0.30902668239670300  0.32224563660586369  0.33526404998383058  0.36200911306737255
  0.38125694418927886  0.39424794371897121  0.40643883610671261  0.42154563762391850
  0.43546499655233134  0.44872234347420170  0.46008877133766507  0.46971934023070283
  0.47934990912374054  0.48917038104010857  0.49901101920642832  0.50860307064543797
  0.51768884909342749  0.52677462754141691  0.54553151235400810  0.56502138864087659
  0.58104249173718037  0.59722890689920760  0.61488001022820193  0.62941789769081602
  0.64084111186203729  0.65297042121529036  0.66408701372793955  0.67296667169620217
  0.67968080011231957  0.69266113696049858  0.71280081951796903  0.73061059277530638
  0.74369791603513924  0.75320802462168202  0.76221187683327263  0.77223809345002892
  0.78146189859842141  0.79354843485587734  0.79815677090091797  0.80229288177770630
  0.80653313438377883  0.81168088672299088  0.81815732168056987  0.82943313016457942
  0.84541922720517537  0.85570843446659761  0.86096052604265938  0.86880833366443533
  0.87749794751109811  0.88411711710332996  0.88937152803812169  0.89275653629271901
  0.89861768348144000  0.90624371770404177  0.91554925963251055  0.93115949934626152
  0.94833051035793958  0.96294316601899421  0.97820012545710611  1.00000000000000000
 -0.00954424678186167  0.03662859320663654  0.05116741162099925  0.06154570060731521
  0.06916372294521138  0.07824500789225321  0.08985923503469775  0.10014270304332966
  0.10849259554148187  0.11391893630144410  0.11885147741352002  0.12548506257907110
  0.13300994631943799  0.14841486706190604  0.16273939242010005  0.17100520600299457
  0.17758507872669693  0.18166545694814995  0.18631428540206124  0.19178976813642928
  0.19771434637083643  0.20035366877376148  0.20338931535963792  0.20702079888139743
  0.20957061846413530  0.21152046203783370  0.21438904426624061  0.21765470644956500
  0.22044107485332476  0.22365196098560139  0.22968942496093264  0.24318674451082525
  0.25802400050577434  0.26854708894613921  0.27494388381338863  0.28063112526283623
  0.28772154801111305  0.29795913801194213  0.31264492877929462  0.32892419127441985
  0.34658088790641689  0.36536448332797078  0.38036711203426476  0.39224942400780871
  0.40409766043057055  0.41615771181508204  0.42887145251049114  0.44503585663081813
  0.46800792406668656  0.49565020707435570  0.52098315613237656  0.54116486029919697
  0.56099595978304617  0.57693690877515791  0.58597344532903628  0.59332283981731104
  0.60101147121017284  0.61235898938370636  0.62137960284705318  0.62975820249306425
  0.63951816456680888  0.64881352910026480  0.65466733676104039  0.66004191379665378
  0.66695315292458501  0.67539447437522626  0.68110738903444712  0.68512261583589007
  0.68916135866459449  0.69227341202746040  0.70698413592182785  0.73300711724220413
  0.74976763306281025  0.75678373063926163  0.76517855364480769  0.77749171580062204
  0.78888980006457765  0.79896412540662287  0.80841769445365097  0.82052197163412322
  0.83188553874208204  0.84086560260095855  0.85054627771510594  0.85788481208213374
  0.86644373425211929  0.87823492056112318  0.89813894055374199  0.91508984778796043
  0.92977551521319557  0.93978257026309919  0.94614496458225250  0.95186506541248994
  0.95707376553121448  0.96702315463269772  0.98271854001493519  1.00000000000000000
 -0.00166314653595382  0.00665881363653559  0.01486114581107484  0.02330614940862965
  0.03089090969599939  0.03762743562024386  0.04494858974717095  0.05407817995500797
  0.06488432842442286  0.07541231808634538  0.07959116450231422  0.08436440777003304
  0.09090173056951356  0.10057131929315763  0.10848369635718035  0.11558507423456812
  0.12306781963487863  0.13258863782764446  0.14402693147267956  0.15755498414739399
  0.17004994937787207  0.18088854874616342  0.19106786794476158  0.20759748903191899
  0.22539397634320990  0.23914681605075927  0.25597568664510989  0.27124934067671364
  0.28259222272666401  0.29131308414667878  0.29761071622506846  0.30186161014987545
  0.30577957835547875  0.31046486290051539  0.31887418728981737  0.33362248768759850
  0.34358721882094945  0.35403309937174304  0.36619734465583775  0.37606275047201576
  0.39067022094636872  0.40842726936748741  0.42254027073004047  0.43837354835937387
  0.45974066334788327  0.46903697895663410  0.47308901299129197  0.47723618046382971
  0.48175963951844170  0.48644972148651194  0.49249285811893123  0.49853599475135046
  0.50958252157769490  0.51695928924884338  0.52442228480233899  0.53423009462504911
  0.54860055360745230  0.56496311421481360  0.58052508949145532  0.58650665934155166
  0.59320366985087980  0.59865065435303677  0.60552498932472776  0.61286533941186627
  0.62573733586374836  0.64659696865569238  0.66155854618061316  0.67659763355455804
  0.69408664116349150  0.71298037519528745  0.73351846289452005  0.74952603984934496
  0.76292507271616905  0.77423999750136974  0.77857098850903028  0.78294823442869899
  0.78737392434350817  0.79256224973074252  0.79988667832693550  0.80959844717846330
  0.82283146333107571  0.83503798885672331  0.84529343383639544  0.85565988301436646
  0.86697509818390994  0.87920125195200727  0.88892897513150093  0.89718387821793555
  0.90426307336320366  0.91298090944615617  0.92200334146488172  0.93288340224021538
  0.94427467224122219  0.95722511882337413  0.97635583139395510  1.00000000000000000
 -0.00620108429048829  0.02600711552482655  0.03949701191450139  0.05367888639393853
  0.07260218102502604  0.09345651226561565  0.10918551105642055  0.12581145684652101
  0.14736741001555476  0.16748121101031713  0.17965639486903023  0.19210466729962883
  0.20253216839148708  0.21245061042185953  0.22331615634579824  0.23451794225966713
  0.24493170240967882  0.25614187911523550  0.26581813261786869  0.27378166303549095
  0.27979910678866754  0.28451438456402456  0.29007338627107565  0.29558342936377069
  0.30369554337863114  0.30983201485956813  0.31619774040396059  0.32523486353475983
  0.33549646134295646  0.34262888884423054  0.34828280386164095  0.35584307664829778
  0.36508207113451613  0.37363018084736926  0.38020920533094982  0.38698981147985689
  0.39845383257297595  0.41093054454837519  0.42129737263984440  0.43102103009083248
  0.43786629044159736  0.44455612103931258  0.44959896748948064  0.45354877569222357
  0.45894808379339447  0.46395276896876098  0.46754441170789263  0.47015614974245429
  0.47303108172762481  0.47523038605017298  0.47712548360608775  0.48106569712440794
  0.48721798906558184  0.49371423054087149  0.49950373625172673  0.50281057321280009
  0.50893432882000611  0.51707509115709893  0.52624468375667000  0.53616237251398646
  0.54201719438123730  0.54696269432332778  0.55441035181268017  0.56129586760237127
  0.57016352559196792  0.57970917615781403  0.58729847908753485  0.60294162800865880
  0.62260217047183308  0.64354581907435437  0.65883737312246615  0.66919341623248019
  0.67685634902977299  0.68704347260649978  0.70319072249139580  0.72120655455755256
  0.73414632681673897  0.74300655327706411  0.75065284151674949  0.76319426517585787
  0.78941787024543708  0.81851737360044674  0.83763477137944842  0.85071465075231656
  0.85926515193257269  0.86682766673818490  0.87401162832922952  0.88114357605885885
  0.89137508738151694  0.91309999560647670  0.93164319070658796  0.94642198951778200
  0.96241522260804202  0.97410610723514945  0.98823603707994090  1.00000000000000000
 -0.00148055490833358  0.00736790290665486  0.01426224156306913  0.02060134516441323
  0.02812420601815402  0.03936662500725872  0.05079361250317171  0.06045976453001749
  0.06814612724339213  0.07480729915433305  0.08382244669208326  0.09545203612136868
  0.10812276689314565  0.11467711384129092  0.12167081658380635  0.12802753999382363
  0.13187177084048210  0.13599803722969603  0.13937774425935071  0.14253793404310469
  0.14762609391770426  0.15419785381217779  0.16023253343048433  0.16603594815014591
  0.17199016379117613  0.17859508547187486  0.18513282843519027  0.19110066893555161
  0.19706850943591295  0.21437936819012465  0.23608829484623572  0.26268605155707947
  0.28731963813224382  0.30227600657087594  0.30996705713379319  0.31792459615869462
  0.32863240986837239  0.33370154893863790  0.33694247115442338  0.34366575597523541
  0.35267891613519475  0.36254824521282653  0.37126883865259663  0.37998168390127862
  0.39195845890193709  0.40275982288092960  0.41673895378687004  0.43014360808687890
  0.44600914417996146  0.46323616519186500  0.48029486352381290  0.49768862797882019
  0.51542270552794212  0.53237879746448835  0.54438481234730340  0.55314235126353706
  0.56040525815846076  0.56813517745563979  0.57880007572260017  0.59897705271062363
  0.61893149565850369  0.63144277455528419  0.63859135690465607  0.64390938744090687
  0.64847778162154190  0.65327987060358750  0.66139106500988754  0.67028833486353312
  0.67994063379172143  0.69250050832838494  0.71132316490861969  0.72751750610815891
  0.73933367093636726  0.74895545407744191  0.76054069368271549  0.76944072970197308
  0.77534016924308713  0.78151637813819275  0.78758491927149521  0.79433292322239835
  0.80082911831499126  0.80786798045312125  0.81470163846038357  0.82118645782477950
  0.83095451712439472  0.83928665966691340  0.84793659458195425  0.86047965420634775
  0.87291804398993589  0.89335646884636311  0.91416632725239966  0.92718498397997562
  0.93890711602979104  0.95303570082491307  0.97426984959184593  1.00000000000000000
 -0.00750893764972592  0.02736291784863998  0.04764576681085561  0.06242998658914697
  0.07315280729495802  0.07938658993186935  0.08530946531383359  0.09262630017159092
  0.10054755488781036  0.10875977395830672  0.11623260110119898  0.12296750399692324
  0.13138957917912378  0.14045248140156072  0.14295915934918427  0.14527202649203463
  0.14816401878104044  0.15203584249782001  0.15381151567694501  0.15535489480792480
  0.15689845987936121  0.15844203824474432  0.16405032490512594  0.16985777476720079
  0.19181365095930278  0.21105891894555334  0.22636466138173611  0.24174090757859526
  0.25569363180990956  0.27368958147882028  0.29170503188045488  0.30478620250047211
  0.31723978791507507  0.33196835914326728  0.34633196601109650  0.35649287389799966
  0.36250023071229581  0.36765689300928017  0.37448926350120282  0.38492145683341616
  0.40106798382355702  0.41285947813557861  0.42434951685775529  0.43250954737185604
  0.43952994795523520  0.44826756848520943  0.46149921058430948  0.47701278778776690
  0.49566051360922631  0.51625688253863733  0.53582022169122390  0.55315049310426800
  0.56448364988623001  0.57571070026666837  0.58479541499609411  0.59329870836634868
  0.60086617360140659  0.60800131223301257  0.61456463765142311  0.62002950572116899
  0.62526912733748941  0.63782576370548594  0.64902415309052697  0.65754734598573039
  0.66366730280363939  0.67522802383513059  0.69338066380038543  0.70883298471953038
  0.72137413777512316  0.73168934383980322  0.74162546914947680  0.75580471694681450
  0.77021241612062630  0.78415209107877326  0.79779956548836495  0.81438828576564526
  0.83050406206236549  0.84906596894833486  0.86802948591458551  0.88559414115501578
  0.89829268875749946  0.90801661310543746  0.91635679946510429  0.92416266346680764
  0.93398309414321612  0.94457611254022189  0.95251195609198114  0.95751037600400546
  0.96176969223953512  0.96661273982512141  0.97261149982262407  0.97858617357848465
  0.98298801101420097  0.98697592097481168  0.99175198892267746  1.00000000000000000
 -0.00741249585419199  0.02517105672014206  0.04396954161206043  0.05538228995159335
  0.06357857047266431  0.07080159384194490  0.07898408573624337  0.09077796579277346
  0.11262887212404372  0.14446417690177474  0.16423334956685187  0.17868356729009297
  0.18976227872068541  0.20062377922024999  0.21223347168949058  0.22631939878918611
  0.24279919104605260  0.25780120399540424  0.27129852386550091  0.28222070570105490
  0.29004114520733310  0.29687573880917018  0.30559252957622907  0.31224710421564633
  0.31972784122012671  0.33047937183097131  0.34075285217378681  0.35090750011408772
  0.35893310100150588  0.36509423637376359  0.37105728095945567  0.38336962707071592
  0.39771607744298093  0.40836547905864284  0.41746374317582058  0.42689026334708102
  0.43629951492205793  0.44724543145694273  0.45647658154171522  0.46996288313932405
  0.47890438552256726  0.48274998787921358  0.48729724182761680  0.49145972717758935
  0.49414044152850650  0.49753782517842421  0.50071583269159603  0.50303601086277561
  0.50420181100495121  0.50544413485483319  0.50677882644689742  0.50988997446306916
  0.51657994586933675  0.52648970978562926  0.53729075986035912  0.54424146822109576
  0.54942284729932833  0.55298273570018419  0.55611753188032176  0.55916499592569457
  0.56417471225184868  0.57114258787242356  0.58205162590198856  0.59506625012624759
  0.60570196374457208  0.62168925742665337  0.64042293876320544  0.65660706482555997
  0.66915096685534359  0.68229557133116647  0.69472212266105160  0.70462813745182373
  0.71084010345238757  0.71524722364223570  0.71935350904719142  0.72345301173142629
  0.72766359493259414  0.73218537747864931  0.73912486091182072  0.74916451612735091
  0.75941125172599033  0.76940723816809298  0.78130834166856344  0.79532644801010988
  0.81285101631052881  0.82972179403456059  0.84542975456298497  0.86534581630089535
  0.89021095704674358  0.91287847432650038  0.93136369436158029  0.94785930727463397
  0.96504131289382200  0.98057111008333186  0.99122352654301071  1.00000000000000000
 -0.00203907191115123  0.01563011823594758  0.04148672385025239  0.06219567854370282
  0.07903906643412796  0.10148183761628182  0.11618939308654008  0.13236961778906281
  0.14416025150173495  0.15989237145078986  0.17302585667829198  0.19062549172032370
  0.20946271470827030  0.22901340286306965  0.25068664010778852  0.27149209806778402
  0.29259848140619282  0.30885085244280647  0.31589173036344270  0.32047983906100952
  0.32377518497118435  0.32671618552917459  0.33004635885317507  0.33333089165424623
  0.33601166142244254  0.33823248753559015  0.33985464717858960  0.34209745981135542
  0.34463983340209770  0.34732853036542416  0.35069949234311731  0.35482976990756765
  0.35866729962735311  0.36222232064535492  0.36569601044990846  0.37002691773899665
  0.37518092970487155  0.38495725710622486  0.39473463290916633  0.40044515948389359
  0.40599261214249888  0.41247363541751908  0.42142329291185932  0.43095446967741408
  0.43952666323015238  0.44966900720796732  0.45722902558651335  0.46431929544593142
  0.47226694142108594  0.48130298444327202  0.48953416281527784  0.49657428761556793
  0.50358467348003066  0.51200108861070881  0.51980416034130661  0.52254403260470383
  0.52528096176058581  0.52763906665007310  0.52995519061600171  0.53248772359124130
  0.53485050038471171  0.53958837981258168  0.54401245529628028  0.54987431357718886
  0.55620079219684615  0.56437602830026268  0.57295256057043009  0.58220174606819775
  0.59234769583875413  0.60121843613547998  0.60950596175334015  0.62110983543096054
  0.62874566774197105  0.63277727599233036  0.63615624029470585  0.63985761693035936
  0.64483101918576902  0.65290243465018549  0.66386131611009858  0.68055495550741874
  0.69918760840149963  0.71159863263144407  0.72462733493703224  0.73838290554030384
  0.75385165140233601  0.77081670810179270  0.78719044266438365  0.80084966657443835
  0.81365642532079807  0.83001616902447273  0.85946380135781009  0.88775187562699898
  0.90498645128145039  0.93010017542824508  0.96505008771412160  1.00000000000000000
 -0.00698421940972000  0.02183758746186972  0.04196117108418707  0.05631165955192888
  0.06847071995702486  0.08043394729656575  0.09310791085727710  0.10538902277664050
  0.11773569851238520  0.13102866414638159  0.14207230030978524  0.15358764166396882
  0.16556750952655985  0.18160225297104796  0.19501251652997545  0.20460225771896920
  0.21067817077005904  0.21642528312043383  0.22227445140235361  0.22805176290611823
  0.23375849143538774  0.23889563741380360  0.24342521461268679  0.24715105891345118
  0.25187414747529219  0.26134167972611771  0.27468218182711973  0.29048261651213386
  0.30515059704329017  0.32016872165393917  0.33332563676611415  0.34285384195137919
  0.35489410558131768  0.36927733071207602  0.38557770977945366  0.40692559774788079
  0.43038564161255138  0.44330392223108184  0.45266895709808203  0.46093816715899749
  0.46899408478294374  0.47435205144679343  0.47981286934656986  0.48778415175724466
  0.49900416290257571  0.51752329904087591  0.52704728964729752  0.53388769075886044
  0.54272056235431199  0.55760597561163561  0.57310006152108683  0.58742598558744052
  0.59382669937564159  0.60022741316384265  0.60604454879241931  0.61177443336069404
  0.61729225002919397  0.62274597720653513  0.63282589887105245  0.65109812701240066
  0.67640429218943465  0.70651037487062451  0.72010480771352581  0.72859053971003351
  0.73778517508754426  0.74872532849853124  0.76002845648439121  0.76972907733380358
  0.78152757047960175  0.78989842949538303  0.79646177508390636  0.80255825772688427
  0.80807035020707463  0.81364929363614225  0.81931171893166599  0.82520103350277085
  0.83155248721265596  0.83869009439887010  0.84636608783622425  0.85622155945719991
  0.86866774171167704  0.88242580300005513  0.90028747360267913  0.91842810236263928
  0.93191624656701133  0.94003160907921479  0.94524932557276276  0.94845497054566252
  0.95213521716224914  0.95664681707323451  0.96125195744916714  0.96548127837671416
  0.97064140647058150  0.97968401466444055  0.98974691207893772  1.00000000000000000
  0.62095965138210441  0.81265263147347877  0.85368701217237275  0.86423749696362018
  0.87122462433949199  0.87562599166988941  0.87849137635949792  0.88368948326629371
  0.88818879418577135  0.89214905471605188  0.89875033653143910  0.90908613523781368
  0.91594453465654757  0.92303435213651752  0.93058136461636576  0.93744873994092071
  0.94196159985154948  0.94451901493279478  0.94625528463166753  0.94774999616428757
  0.94931091978442783  0.95034588215596638  0.95077475049805604  0.95119757305623298
  0.95168601656074048  0.95218181116156642  0.95282193701595874  0.95349901580841212
  0.95490955142503364  0.95642964513939266  0.95789664454888435  0.95915239204180858
  0.96018851146751016  0.96135392873704340  0.96232364637318701  0.96313371368695799
  0.96386858532529285  0.96438281123083081  0.96480525475318080  0.96511782799785217
  0.96543191294898723  0.96578806030934472  0.96626654355504760  0.96680261178809113
  0.96730239307973986  0.96792347892317865  0.96871560438870219  0.96951832183146835
  0.97024617464436735  0.97095919670297548  0.97190005443184502  0.97270818567375439
  0.97317275373294287  0.97359153747655758  0.97402115235160558  0.97457124804781303
  0.97506624312526391  0.97554365505233087  0.97616546674858862  0.97699890670940159
  0.97801525825219437  0.97909299003863492  0.98016681256859739  0.98112501544604647
  0.98196239355848658  0.98253667992261262  0.98300832348520795  0.98338772699836341
  0.98385334204572794  0.98443161312459815  0.98501875006829920  0.98558362294583457
  0.98614954235365526  0.98676706931662173  0.98750964715939449  0.98832033056146662
  0.98898253831684102  0.98945572059409126  0.98978668587886054  0.99004920509128835
  0.99030182069624673  0.99057267293840889  0.99084137616638435  0.99115753767257808
  0.99155148046837671  0.99190924631085053  0.99225722822477647  0.99259312796416854
  0.99291124730462332  0.99328102879401636  0.99376663898408235  0.99427471439088910
  0.99482804009354320  0.99547098535185785  0.99681372957842385  1.00000000000000000
 -0.03421580446275339  0.16379213703821502  0.20139544802389345  0.24943617614432231
  0.29896112514358075  0.31711507624795382  0.32626918585907394  0.33229111014399521
  0.33632132345167526  0.34047044191711512  0.34588189882212494  0.35365372014569085
  0.36432291199135325  0.37581234099500449  0.38512376333274367  0.38989591034459486
  0.39465218799073176  0.39934245796134021  0.40413524978169879  0.40951527873775256
  0.41489530769380634  0.42106095280258993  0.42677482980343534  0.43199219551859364
  0.43845041044468136  0.44472341886301475  0.45411114688841492  0.46369933409253622
  0.47109905585193684  0.47723729798281328  0.48448084062712715  0.49236598975549445
  0.49771861188591515  0.50275874868874493  0.50778286916685467  0.51263137712893425
  0.51938272582705314  0.53016953142364753  0.53939006369822173  0.54896820980723393
  0.55887828232404202  0.57011671449274404  0.57646104282324284  0.58112268158734737
  0.58477897774237220  0.58714469222181320  0.58978856333256890  0.59221763658793247
  0.59500672137832700  0.59924114725853694  0.60516259636086167  0.61114850771796037
  0.61862438919681417  0.62505591573713493  0.63023631964177074  0.63418118781610344
  0.63626788486863062  0.63863535344513012  0.64068872952396427  0.64183284419645270
  0.64372942977518832  0.64650087609658213  0.65098086469712968  0.65500124852175645
  0.65870094623948428  0.66189069469752737  0.66551734848782951  0.67142755555539368
  0.67817779839387982  0.68370777335239219  0.68925986278238138  0.69626281508531984
  0.70300174172574248  0.70595350374992394  0.70753607844160515  0.70948078076073895
  0.71161815203839107  0.71393050581024153  0.71709750493855118  0.72170216922889807
  0.72546370321413134  0.72978406158349041  0.73686701090582440  0.74528945303417549
  0.75338963547027094  0.76153582533317199  0.77094605061873256  0.78158046238203271
  0.79230267065015447  0.80303719453706690  0.81719087942603408  0.83309486869201810
  0.85034410587187959  0.87524616223887253  0.92381596468283633  1.00000000000000000
   5.1228141398341985E-018  -1.0000000000000000     
 F F F F F F F F F F F F F F F F F F F F F F F F F F F F F F F F F F F F F F F F F F F F F F F F F F F F F F F F F F F F F F F F F F F F F F F F F F F F F F F F F F F F F F F F F F F F F F F F F F F F F F F F F F F F F F F F F F F F F F F F F F F F F F F F F F F F F F F F F F F F F F F F F F F F F F F F F F F F F F F F F F F F F F F F F F F F F F F F F F F F F F F F F F F F F F F F F F F F F F F F F F F F F F F F F F F F F F F F F F F F F F F F F F F F F F F F F F F F F F F F F F F F F F F F F F F F F F F F F F F F F F F F F F F F F F F F F F F F F F F F F F F F F F F F F F F F F F F F F F F F F F F F F F F F F F F F F F F F F F F F F F F F F F F F F F F F F F F F F F F F F F F F F F F F F F F F F F F F F F F F F F F F F F F F F F F F F F F F F F F F F F F F F F F F F F F F F F F F F F F F F F F F F F F F F F F F F F F F F F F F F F F F F F F F F F F F F F F F F F F F F F F F F F F F F F F F F F F F F F F F F F F F F F F F F F F F F F F F F F F F F F F F F F F F F F F F F F F F F F F F F F F F F F F F F F F F F F F F F F F F F F F F F F F F F F F F F F F F F F F F F F F F F F F F F F F F F F F F F F F F F F F F F F F F F F F F F F F F F F F F F F F F F F F F F F F F F F F F F F F F F F F F F F F F F F F F F F F F F F F F F F F F F F F F F F F F F F F F F F F F F F F F F F F F F F F F F F F F F F F F F F F F F F F F F F F F F F F F F F F F F F F F F F F F F F F F F F F F F F F F F F F F F F F F F F F F F F F F F F F F F F F F F F F F F F F F F F F F F F F F F F F F F F F F F F F F F F F F F F F F F F F F F F F F F F F F F F F F F F F F F F F F F F F F F F F F F F F F F F F F F F F F F F F F F F F F F F F F F F F F F F F F F F F F F F F F F F F F F F F F F F F F F F F F F F F F F F F F F F F F F F F F F F F F F F F F F F F F F F F F F F F F F F F F F F F F F F F F F F F F F F F F F F F F F F F F F F F F F F F F F F F F F F F F F F F F F F F F F F F F F F F F F F F F F F F F F F F F F F F F F F F F F F F F F F F F F F F F F F F F F F F F F F F F F F F F F F F F F F F F F F F F F F F F F F F F F F F F F F F F F F F F F F F F F F F F F F F F F F F F F F F F F F F F F F F F F F F F F F F F F F F F F F F F F F F F F F F F F F F F F F F F F F F F F F F F F F F F F F F F F F F F F F F F F F F F F F F F F F F F F F F F F F F F F F F F F F F F F F F F F F F F F F F F F F F F F F F F F F F F F F F F F F F F F F F F F F F F F F F F F F F F F F F F F F F F F F F F F F F F F F F F F F F F F F F F F F F F F F F F F F F F F F F F F F F F F F F F F F F F F F F F F F F F F F F F F F F F F F F F F F F F F F F F F F F F F F F F F F F F F F F F F F F F F F F F F F F F F F F F F F F F F F F F F F F F F F F F F F F F F F F F F F F F F F F F F F F F F F F F F F F F F F F F F F F F F F F F F F F F F F F F F F F F F F F F F F F F F F F F F F F F F F F F F F F F F F F F F F F F F F F F F F F F F F F F F F F F F F F F F F F F F F F F F F F F F F F F F F F F F F F F F F F F F F F F F F F F F F F F F F F F F F F F F F F F F F F F F F F F F F F F F F F F F F F F F F F F F F F F F F F F F F F F F F F F F F F F F F F F F F F F F F F F F F F F F F F F F F F F F F F F F F F F F F F F F F F F F F F F F F F F F F F F F F F F F F F F F F F F F F F F F F F F F F F F F F F F F F F F F F F F F F F F F F F F F F F F F F F F F F F F F F F F F F F F F F F F F F F F F F F F F F F F F F F F F F F F F F F F F F F F F F F F F F F F F F F F F F F F F F F F F F F F F F F F F F F F F F F F F F F F F F F F F F F F F F F F F F F F F F F F F F F F F F F F F F F F F F F F F F F F F F F F F F F F F F F F F F F F F F F F F F F F F F F F F F F F F F F F F F F F F F F F F F F F F F F F F F F F F F F F F F F F F F F F F F F F F F F F F F F F F F F F F F F F F F F F F F F F F F F F F F F F F F F F F F F F F F F F F F F F F F F F F F F F F F F F F F F F F F F F F F F F F F F F F F F F F F F F F F F F F F F F F F F F F F F F F F F F F F F F F F F F F F F F F F F F F F F F F F F F F F F F F F F F F F F F F F F F F F F F F F F F F F F F F F F F F F F F F F F F F F F F F F F F F F F F F F F F F F F F F F F F F F F F F F F F F F F F F F F F F F F F F F F F F F F F F F F F F F F F F F F F
  <DiscreteSampler_grid>
  grouped_processes
  1 # 1 for a reference and 2 for a running grid.
  10 # Attribute 'min_bin_probing_points' of the grid.
  1 # Attribute 'grid_mode' of the grid. 1=='default',2=='initialization'
  0.0000000000000000 # Attribute 'small_contrib_threshold' of the grid.
  0.5000000000000000 # Attribute 'damping_power' of the grid.
 # binID   n_entries weight   weight_sqr   abs_weight
    61   10   1.914681084687144E-015   1.124785828792494E-029   1.914681084687144E-015
    62   10   1.914681084687473E-015   1.124785828792555E-029   1.914681084687473E-015
    64   10   3.829362169374289E-015   4.499143315169976E-029   3.829362169374289E-015
    65   10   3.829362169374946E-015   4.499143315170220E-029   3.829362169374946E-015
    67   10   3.616853969651191E-015   3.833041502487701E-029   3.616853969651191E-015
    68   10   3.616853969652873E-015   3.833041502490940E-029   3.616853969652873E-015
    70   10   7.233707939302381E-015   1.533216600995080E-028   7.233707939302381E-015
    71   10   7.233707939305747E-015   1.533216600996376E-028   7.233707939305747E-015
    106   10   1.914681084686969E-015   1.124785828792360E-029   1.914681084686969E-015
    107   10   1.914681084687408E-015   1.124785828792513E-029   1.914681084687408E-015
    109   10   3.829362169373939E-015   4.499143315169440E-029   3.829362169373939E-015
    110   10   3.829362169374816E-015   4.499143315170054E-029   3.829362169374816E-015
    112   10   3.616853969651027E-015   3.833041502487363E-029   3.616853969651027E-015
    113   10   3.616853969652948E-015   3.833041502491232E-029   3.616853969652948E-015
    115   10   7.233707939302053E-015   1.533216600994945E-028   7.233707939302053E-015
    116   10   7.233707939305896E-015   1.533216600996493E-028   7.233707939305896E-015
    151   10   3.098993365942853E-015   7.517494010227367E-029   3.098993365942853E-015
    152   10   3.098993365942077E-015   7.517494010223206E-029   3.098993365942077E-015
    154   10   6.197986731885706E-015   3.006997604090947E-028   6.197986731885706E-015
    155   10   6.197986731884153E-015   3.006997604089282E-028   6.197986731884153E-015
    157   10   3.048412563713743E-014   4.425833708480770E-027   3.048412563713743E-014
    158   10   3.048412563713601E-014   4.425833708480336E-027   3.048412563713601E-014
    160   10   6.096825127427487E-014   1.770333483392308E-026   6.096825127427487E-014
    161   10   6.096825127427203E-014   1.770333483392134E-026   6.096825127427203E-014
    196   10   3.098993365942651E-015   7.517494010226265E-029   3.098993365942651E-015
    197   10   3.098993365942102E-015   7.517494010223339E-029   3.098993365942102E-015
    199   10   6.197986731885302E-015   3.006997604090506E-028   6.197986731885302E-015
    200   10   6.197986731884205E-015   3.006997604089336E-028   6.197986731884205E-015
    202   10   3.048412563713805E-014   4.425833708480948E-027   3.048412563713805E-014
    203   10   3.048412563713365E-014   4.425833708479739E-027   3.048412563713365E-014
    205   10   6.096825127427610E-014   1.770333483392379E-026   6.096825127427610E-014
    206   10   6.096825127426729E-014   1.770333483391896E-026   6.096825127426729E-014
  </DiscreteSampler_grid>
