  0.00112433918729588  0.01957202733752057  0.03734339811292558  0.05176628567675062
  0.06221744668948727  0.07121232002533405  0.08023187179817119  0.08806293030365037
  0.10009258818607714  0.11102834880192437  0.12270184457881166  0.13325513882604312
  0.14528008731504577  0.15735702663372622  0.16739406970716011  0.17573041257795380
  0.18528625731464834  0.19831179898063683  0.21386354582938821  0.22853060164111649
  0.23978180900027724  0.24891044795847797  0.25741756816207750  0.26548182377308605
  0.27351406545869134  0.28190283591998572  0.29234565280864649  0.30367111747877140
  0.31502453391920349  0.32449293953791486  0.33363190660854647  0.34306535749934808
  0.35316786192492428  0.36302900773481445  0.37247030138501525  0.38207996507766195
  0.39271607570842654  0.40556897259744867  0.42078763738907654  0.43522938255977589
  0.44442535153620655  0.45364300208805675  0.46112710119469108  0.46725635884194150
  0.47373480563493164  0.48276929801581814  0.49290262586525424  0.50013731713225884
  0.50713771395504437  0.51533997241834040  0.52423691330106581  0.53652412245127623
  0.54910651541980826  0.56033755258261408  0.57033932660794673  0.58095639417896239
  0.59435977302671028  0.60948964846455000  0.62131713779255326  0.63411012038386882
  0.64415807052223173  0.65595553360432690  0.66928548316879410  0.68369698528771838
  0.69617769969967602  0.70567633797127083  0.71616086647663169  0.72718906918142734
  0.73473494757166302  0.74005356241070408  0.74561359156768836  0.75201231851861161
  0.76052139464051427  0.77152337339471233  0.77990902769981763  0.78781176886050397
  0.79568273194397654  0.80401110762524475  0.81441853839819844  0.82726147046063780
  0.84237994172616870  0.85800099689080722  0.87089759868383598  0.88170611101174046
  0.89117167692442278  0.89984180138862191  0.91017247799773171  0.92438469264802015
  0.93865476337014786  0.95317876696996173  0.96681668008748067  0.97510154863777265
  0.98217162690045312  0.98913746242979128  0.99192959812408410  1.00000000000000000
  0.00962253235253798  0.01558402050334420  0.02276188079958992  0.03475040081559961
  0.04495134244782772  0.05759012349353494  0.06669818565739385  0.07391342935758530
  0.08046245290142919  0.08742884092627140  0.09573545660144284  0.10543327554622940
  0.11810185035593931  0.13043852731472783  0.14366743295036141  0.15640798419307561
  0.16775967809373102  0.17993531190450168  0.19669612674996156  0.21579042561280448
  0.23129049237792959  0.24402994687166885  0.25651664325972867  0.26844103211890913
  0.27730004897894439  0.28497749429968577  0.29369834076457824  0.30417115240385151
  0.31470648376066651  0.32295536010323278  0.32921308476036210  0.34103791839318087
  0.35754879945597340  0.37062833572115872  0.38191846790606049  0.39462024285159347
  0.40764028470313457  0.42004733063307320  0.43272925027380327  0.44690810215021259
  0.46183656377894261  0.47904680285626011  0.49506128374510644  0.50800802871409756
  0.52046541825253578  0.53265788746143294  0.54440262460944122  0.55359609791289144
  0.56318300335910632  0.57291262880421390  0.58647767549613661  0.60148871215871302
  0.61164919475046353  0.61947074745451103  0.62578399663420736  0.63078699076949540
  0.63498923632795035  0.64110635285106810  0.64781958545078311  0.65681670066176867
  0.66882560882029252  0.67701487438937824  0.68420525090173223  0.69046122275073962
  0.69797821932856652  0.70793405739555049  0.71697797876987235  0.72669780871292111
  0.73610667696389398  0.74805614996534131  0.76068934930017440  0.77572216722628062
  0.79082103303072826  0.80394219548784773  0.81642744512652810  0.82697454104454726
  0.83574105153627132  0.84332278916174674  0.85109460909188961  0.85847719688922763
  0.86400272453211280  0.86979661183486789  0.87553151024414366  0.88207575150266393
  0.88930208359083274  0.89624169614487859  0.90362610634194851  0.91057277253683588
  0.91994799174990249  0.93048115314849045  0.94089917380116539  0.95202838387203881
  0.96309031575551507  0.97524242002517036  0.98759184115592524  1.00000000000000000
  0.00018188614518449  0.00022236534062215  0.00022895089372752  0.00023353936851098
  0.00023726235641948  0.00024029825629084  0.00024315187716500  0.00024590549142807
  0.00024858826393657  0.00025123447959476  0.00025308879510267  0.00025503325204831
  0.00025717162020464  0.00025930434506087  0.00026143189993530  0.00026375055820230
  0.00026624054121718  0.00026909861630367  0.00027202799013789  0.00027545175740103
  0.00027940407137351  0.00028320266780654  0.00028685303145659  0.00029060953596513
  0.00029448541922562  0.00029851501220590  0.00030223061197681  0.00030554691229928
  0.00030861979950863  0.00031152852023240  0.00031427524448542  0.00031718218027860
  0.00032027476699050  0.00032370134409153  0.00032797174114654  0.00033274464024759
  0.00033707605761148  0.00034070771923243  0.00034440469329028  0.00034773310367056
  0.00035119293855350  0.00035516903633819  0.00035983203003603  0.00036520696299379
  0.00037070378610138  0.00037572071053050  0.00038035158776953  0.00038496655140794
  0.00038966940835402  0.00039487108571563  0.00040165999898943  0.00040955158340899
  0.00041672978328698  0.00042302051743312  0.00042940394657123  0.00043580960168196
  0.00044248345983395  0.00045036404143439  0.00045987897198993  0.00047174074789758
  0.00047981341561223  0.00048843346539850  0.00049813468523380  0.00050835051646317
  0.00052161955952623  0.00053890465347859  0.00055677324986139  0.00057211547490429
  0.00058634918316857  0.00060544682274956  0.00062534700862530  0.00064859359566357
  0.00067418753351750  0.00070416937849832  0.00073681481797613  0.00076715773548143
  0.00079388023555773  0.00082244797608270  0.00085509441638355  0.00089161422193601
  0.00093296153948576  0.00096472933900778  0.00099977818630644  0.00104019719983566
  0.00108985839369108  0.00118249010367940  0.00128623665507769  0.00141907045968892
  0.00165044435378494  0.00190738916370984  0.00225413766361831  0.00296236178809797
  0.00385760596380113  0.00489944712326763  0.00750432594668552  1.00000000000000000
  0.00005386709925029  0.00005412550007315  0.00005469763825846  0.00005542254440649
  0.00005599794711515  0.00005659020219267  0.00005720596617181  0.00005768194002971
  0.00005817280470030  0.00005867979813253  0.00005923309437841  0.00005989566306573
  0.00006063478720714  0.00006139385468149  0.00006207399423037  0.00006280193419471
  0.00006357058858440  0.00006429692495223  0.00006497096911222  0.00006559438729000
  0.00006617040603859  0.00006673489200140  0.00006736667129930  0.00006809369439499
  0.00006898458397219  0.00007026556193571  0.00007155063852958  0.00007275401234603
  0.00007382162561237  0.00007486079091434  0.00007591452743041  0.00007701457007988
  0.00007825296051376  0.00007947083660982  0.00008066075361126  0.00008196099129149
  0.00008325890260720  0.00008449505898045  0.00008596634687067  0.00008745608850005
  0.00008940883670818  0.00009163833482304  0.00009398949640447  0.00009709869069162
  0.00010013395326246  0.00010313647508306  0.00010643141634245  0.00011033339373345
  0.00011481401360848  0.00011942886637941  0.00012401865060984  0.00012870368964884
  0.00013312687244734  0.00013688104946251  0.00014110128167961  0.00014572252216095
  0.00015192382598552  0.00015987036983514  0.00016693221922907  0.00017535272092574
  0.00018595368425535  0.00019894462219443  0.00021258908652361  0.00022627163151793
  0.00023612423533335  0.00024485593915908  0.00025275139709391  0.00026046083628989
  0.00027027454622356  0.00028489334476942  0.00030070560315336  0.00032257080182340
  0.00034146727611716  0.00035964579377089  0.00038029228676367  0.00040754650288780
  0.00043826431666406  0.00047120944956052  0.00051195488695455  0.00056449235641835
  0.00062960509995730  0.00068634915890123  0.00073862769540591  0.00078916596270438
  0.00084787738357164  0.00093147447844646  0.00102486984973954  0.00111372443450450
  0.00123096083936983  0.00149387616340870  0.00177512970160201  0.00209943296899316
  0.00269995432380360  0.00458776309015519  0.29800669890493248  1.00000000000000000
  0.00054767873012825  0.00058319570206687  0.00060672611868323  0.00062392265995772
  0.00063897312726356  0.00065681599996178  0.00067114950225065  0.00068439524130536
  0.00070089777650550  0.00071783926056446  0.00073783593051125  0.00076298511907810
  0.00078058714993807  0.00079519446829775  0.00080758966822453  0.00082125348247201
  0.00084553518935252  0.00087565494279458  0.00090241830759608  0.00092689289863648
  0.00095000160568394  0.00097450909656885  0.00100198573063329  0.00103087760363842
  0.00105665969626796  0.00107796599936821  0.00109956277485441  0.00112565741086026
  0.00115237787867008  0.00117658780051564  0.00120041593634435  0.00122834875641972
  0.00127532972972981  0.00133123697783085  0.00138937484684446  0.00143814008187902
  0.00148355721495989  0.00153199309584570  0.00158814641729789  0.00164567251611576
  0.00170221341512773  0.00175240154375483  0.00180117914420317  0.00185211581209011
  0.00190590291197362  0.00197239741096120  0.00206888208519066  0.00219919994541502
  0.00228604613715819  0.00236577001392381  0.00244589175920144  0.00253705466520423
  0.00262833019596411  0.00270681797427510  0.00279368965035608  0.00289134382950854
  0.00301030743811092  0.00312779245049185  0.00326336288069388  0.00339444239901850
  0.00352017437183383  0.00364177309324177  0.00376372231140575  0.00390764198169487
  0.00407201711361349  0.00429381888099207  0.00457628390070049  0.00482769821032181
  0.00500503371624262  0.00516776677422089  0.00537805344230694  0.00570044396547541
  0.00618383046365912  0.00672140517020746  0.00721668445963298  0.00760146464555428
  0.00795487268721447  0.00839788543094676  0.00891702677638206  0.00957110977288284
  0.01032977054235420  0.01115821500190975  0.01207240816356465  0.01305127359075854
  0.01406606740073208  0.01502555515373177  0.01570100707626975  0.01657908325864357
  0.01760760874906854  0.01893972661421879  0.02343235508635989  0.03264937397204423
  0.03989370307296318  0.06326956382126399  0.69618484190314978  1.00000000000000000
  0.00046028440287408  0.02116509275743607  0.03477101185163871  0.04503783188154879
  0.05549862447018684  0.06910790215218576  0.08267950136986763  0.09268469601905573
  0.10252760477400122  0.11178569162412436  0.12263684036799771  0.13416363218690691
  0.14651696391446950  0.15999979871261499  0.17874265463101124  0.19542613544430462
  0.20638717024474779  0.21652794582420110  0.22696392734091389  0.23790019101169871
  0.24888249925434872  0.25815759771743790  0.26572709706514636  0.27300430617607579
  0.28021298229546793  0.28889623236658202  0.30152579113408845  0.31719895514478841
  0.33386780254811171  0.34951850370629339  0.36682248285076491  0.38204141348977722
  0.39594614243993409  0.40752914860305878  0.41825760457061512  0.42707688785122117
  0.43582715858892995  0.44516064045324544  0.45580039690184693  0.46835332903285520
  0.48022139096130001  0.49406798763132836  0.50599630238158932  0.51758849262602047
  0.52829216837103654  0.53895344341995999  0.54755318975340950  0.55499042594522285
  0.56154116714822289  0.56768768904319600  0.57378449325374559  0.58023521915854348
  0.58664653902614439  0.59207311340458979  0.59736683327522755  0.60432243410570397
  0.61043966870019706  0.61808888727616074  0.63072665577228548  0.64358965317221573
  0.65552723028170545  0.66518490924271101  0.67527071624422164  0.68589229048443645
  0.69539876758385444  0.70530246895661264  0.71474993211966187  0.72677562390012418
  0.73881983230073955  0.74911842166758946  0.76172809539329656  0.77016695969216631
  0.77955224013393987  0.78802209294075443  0.79787671885597256  0.80650355259990014
  0.81484948705656834  0.82336486533087305  0.83133226389028059  0.84010437295734042
  0.84830943296376526  0.85639698723610880  0.86500666303666474  0.87457814907963938
  0.88804659467315428  0.90764093482583807  0.92181700831702285  0.93091846794048316
  0.94061867950966660  0.94927770758027807  0.95690033205979397  0.96536134044811839
  0.97364677911594399  0.98438769546451199  0.99235997527831943  1.00000000000000000
  0.00001044433199129  0.00001781098916294  0.00002256672204373  0.00002571036007000
  0.00002851807589883  0.00003081370018811  0.00003332696331384  0.00003580685914425
  0.00003903796198359  0.00004125763020465  0.00004332455179237  0.00004497845159239
  0.00004646936225332  0.00004824387881558  0.00004996655762648  0.00005197133599752
  0.00005484865731384  0.00005930593434813  0.00006385891239081  0.00006919822030575
  0.00007340060014170  0.00007827529930541  0.00008306649683171  0.00008742513798339
  0.00009157764068214  0.00009690609661927  0.00010297422295923  0.00011095699860133
  0.00012002694904206  0.00012984453640349  0.00014061437456848  0.00015214613811532
  0.00016471649308379  0.00017795036812416  0.00019187390450319  0.00020717109821580
  0.00022405555142762  0.00024459464246537  0.00026753071606043  0.00028908334470128
  0.00030985559235860  0.00033048641325377  0.00035167254989569  0.00037271356179866
  0.00039508044327334  0.00042202919166617  0.00045210267374084  0.00050273566845058
  0.00056173817278732  0.00062061754534295  0.00067413568578004  0.00073855837072317
  0.00081009702304680  0.00088459884094812  0.00095147276268325  0.00102548051364285
  0.00111322766963936  0.00118841789779628  0.00125477368792783  0.00131991670571565
  0.00138794517864799  0.00146416103701523  0.00154918544951279  0.00164639420446661
  0.00174246550086954  0.00183517170470814  0.00193578868746189  0.00205936079058293
  0.00218155761574031  0.00230507867906794  0.00243230122446642  0.00251826517247291
  0.00259819423327616  0.00267451120114654  0.00272797260623746  0.00279870201882094
  0.00287009187389083  0.00291544898532409  0.00296675977383780  0.00302629473089406
  0.00310230535439961  0.00318934036104977  0.00331077553760424  0.00343417229877571
  0.00357464524387195  0.00401816458924127  0.00472695248326085  0.00561123720958008
  0.00635020346087610  0.00698798395620137  0.00758929797583884  0.00837213638560083
  0.00974918832515859  0.01669126580425101  0.16810764519550103  1.00000000000000000
 -0.00219837983668766  0.00817153947156833  0.02069433140978679  0.03494797887647796
  0.04976223809301591  0.06079902217160817  0.06958370501914737  0.07694342979367862
  0.08564918109462373  0.09533497259128913  0.10336674672891374  0.10949141472288211
  0.11467178486417097  0.12021731110141795  0.12754559949211935  0.13706099238656194
  0.15153642568851125  0.16626379637918379  0.18108516325803634  0.19523878961743799
  0.21071855625558419  0.22256839634795753  0.23387584056300667  0.24396837868887519
  0.25317553626377393  0.26198637108397016  0.27083936333684866  0.28155202527033291
  0.29258571715834020  0.30044879185857010  0.30650491022208548  0.31221912804932334
  0.31784098445314551  0.32379151061193195  0.33068913803794170  0.33745247763043723
  0.34418963722868312  0.35121351617266189  0.35872675135620363  0.36774629264045477
  0.37892719741088943  0.39164347300041441  0.40433163402833272  0.41461228284456086
  0.42313424509098679  0.43197277669728890  0.44079180776588761  0.45044414747126033
  0.46118337129284981  0.47137770938408302  0.47914937681711361  0.48677561466901514
  0.49425362903152059  0.50214796048761534  0.51155505921081734  0.52360628098755768
  0.53694220046185537  0.54742053192432460  0.55803370149383547  0.57030251716156888
  0.58519380078691807  0.59868516146815076  0.60609815304989056  0.61271387584898696
  0.61890939306176063  0.62721602177993452  0.64149254722073734  0.65262674080874972
  0.66401755312208732  0.67693062070058585  0.69216935708887228  0.70760318228482488
  0.71970119046376091  0.72926015282586054  0.73851216844254441  0.74872433167922681
  0.76158664589654379  0.77278438033839336  0.78210124715030094  0.79145318254742869
  0.79819448732892428  0.80450640685873542  0.81417682820320780  0.82430895677963456
  0.83136565368461468  0.83865672300906291  0.84854701441953584  0.85965309751347074
  0.87261885060663968  0.88825651636292413  0.90608648059930308  0.92319358256644968
  0.94108403336261193  0.95930751604725961  0.98215466630748893  1.00000000000000000
 -0.00264441949290728  0.01102559611027753  0.02087987152522440  0.03206532474145042
  0.04700001329472644  0.06341245860774329  0.08402125025549059  0.10588787291544251
  0.11968305166161433  0.13259703748258467  0.14511722212618602  0.15761185140375189
  0.16966248810542073  0.18050728121911180  0.18994271040094290  0.19866496803742173
  0.20763882663829097  0.21759265564212565  0.22806312638228238  0.24312842188741934
  0.25764026715105914  0.26959104649992460  0.28081153263128295  0.29145561197890940
  0.30152334880852316  0.31275080434070507  0.32473938469324981  0.33682459186348618
  0.34732257789091470  0.35752374794233305  0.36749934351363617  0.37491477939814077
  0.38390199739305880  0.39367654989858403  0.40104321291461537  0.41115573367290981
  0.42078793494958100  0.42924173762470003  0.43586386509303732  0.44199116465849914
  0.44826073452525944  0.45464247867689417  0.46188452617239917  0.47143271009421239
  0.48177345474258354  0.49323930090933343  0.50258023656735717  0.51262338551670616
  0.52560881792760672  0.54084271726716915  0.55065250526454512  0.55936508813164898
  0.56912995632010011  0.58216819307257051  0.59512017195148403  0.60912739502711766
  0.62384649667019543  0.63836608185618504  0.65206230824234135  0.66528425102315925
  0.68017309024654216  0.69310464676974481  0.70360547323395128  0.71197892221660086
  0.72043887620511160  0.72994797556458024  0.74173920992340370  0.75267363585631097
  0.76325026234645399  0.77280853708642938  0.78181250616674669  0.79098589091647975
  0.80297452810271164  0.81475306797302705  0.82388004978900942  0.83153812456001142
  0.84035284954614686  0.84795400962029188  0.85655005052140309  0.86559078147547974
  0.87464635770915511  0.88345597872703974  0.89122321730880727  0.89910798563144090
  0.90752193999112896  0.91489190007412069  0.92341932191204601  0.93461027538599317
  0.94607528159223986  0.95622327362471982  0.96600567986382646  0.97556396969551307
  0.98262670237152938  0.98837092563531426  0.99428404153915340  1.00000000000000000
 -0.00241108646139286  0.00864644016911473  0.02021610687698045  0.03235368024052276
  0.04749285323817486  0.06137202433056575  0.07010816109827156  0.07808214261856000
  0.08683976116328185  0.09440568251154299  0.10234155188297350  0.11148031973270067
  0.11882948908641444  0.12684553531081533  0.13596481872578187  0.14547993310692808
  0.15447087717496477  0.16282449283951814  0.17245425297036251  0.18189709164111267
  0.18988595713220560  0.19647507027309039  0.20413694242700628  0.21516126724106599
  0.22775220597693374  0.23951714629367724  0.25045137419790875  0.26148489288804855
  0.27400709294862552  0.28736515098933507  0.30014686099640364  0.31501111066413862
  0.32816048831119904  0.34002515756058443  0.35155703314013642  0.36396837144101934
  0.38018887750247865  0.39681224470489601  0.40923568885985656  0.42113498265613292
  0.43042595905208647  0.43862112812871490  0.44790227816260048  0.45883385413132088
  0.47366459131259087  0.49041731005958389  0.50598473384103182  0.51976724751090697
  0.53324623041336205  0.54682523794750593  0.56003375105764819  0.57360747671773671
  0.58496764309437077  0.59632114127547553  0.60423844541595273  0.61354843181779573
  0.62546644694062126  0.63525585196915413  0.64359543862984214  0.65253848160196792
  0.66095356714453579  0.66932651652557362  0.67859385334607425  0.68838234964988643
  0.69873490934003413  0.71139093782626528  0.72426200383975603  0.73459364112819525
  0.74470041143164889  0.75385829066244314  0.76352162714098781  0.77409267983017049
  0.78471575140921179  0.79493756278679617  0.80540092367622540  0.81457481202813609
  0.82396247141632506  0.83200474693324666  0.83824297785615121  0.84455179775981593
  0.85176663837866440  0.85931807324517462  0.86556424980797575  0.87211136048839177
  0.87939457568672730  0.88714339087788996  0.89585308459099799  0.90723670002302637
  0.91637306687447551  0.92688025961406917  0.94198507669907328  0.95311368930542228
  0.96248230372251509  0.97155095277882619  0.98318338824796825  1.00000000000000000
 -0.00292441880752039  0.01362165690530180  0.02802393771805300  0.03976628230610087
  0.05024337007034611  0.06058525501240875  0.07070120710906508  0.08167602699922698
  0.09188325713120758  0.10146346876062801  0.11095980941488559  0.12049529102753943
  0.12758021893748847  0.13475566191735325  0.14200377556340740  0.14884177310984756
  0.15688161060463526  0.16616664723346009  0.17657571354526777  0.19048266202567707
  0.20121706567680364  0.21107640628594582  0.21805838467148322  0.22352521653952664
  0.22875114753347636  0.23474377696720150  0.24332734578607673  0.25413970935473579
  0.26669379066872795  0.28207706917860487  0.29354141204547524  0.30427365851101346
  0.31426049223641961  0.32826614261679665  0.34710279061237931  0.36381724294186468
  0.37551589965056209  0.38351717884055980  0.39153207625526532  0.39876033575213160
  0.41157901296404914  0.42421749532609854  0.43497116382321055  0.44524130316005417
  0.45708546795187177  0.46902453693549878  0.48033581972998940  0.49097498018596142
  0.50144665627765228  0.50863551661816819  0.51948796724356294  0.53181262191334688
  0.54319010002508938  0.55344175087877612  0.56074559379835121  0.56835458024948327
  0.57669997871631473  0.58496726959207090  0.59548309869250193  0.60671426518987803
  0.61825990951162513  0.62943786769863397  0.63987740728519416  0.64988775596786597
  0.66008500856083052  0.67122169225650941  0.68034306232180297  0.68815922807788243
  0.69562592715642391  0.70504982891884560  0.71504940570026299  0.72374565041616878
  0.73187592083902420  0.74112171298615370  0.75112692982097218  0.76507232198407882
  0.77802925371810527  0.78950762834622878  0.80339019563902214  0.81609528551246968
  0.83122261104123529  0.84587595273657890  0.86021350727494139  0.87372082259218764
  0.88722736277201919  0.89947315813925244  0.90935892199207224  0.91866034231251681
  0.92888655863987646  0.94154446922631174  0.95529669378575188  0.96908970706543163
  0.98104511087461699  0.98863868960509493  0.99449502197628969  1.00000000000000000
 -0.00172894069845748  0.00662538594938883  0.01786426466674794  0.03292623434090938
  0.05610681790958048  0.08351977085491594  0.10620571333406972  0.12639083327398298
  0.14164544764962522  0.15713216571320740  0.17204134347748043  0.18943154224011854
  0.20489470642624322  0.21595719832889007  0.22338865072967556  0.23146838846472545
  0.23991396451469488  0.24829406813110502  0.25704615905434874  0.26616815155586959
  0.27463796752358510  0.28255071476252430  0.28896962918298752  0.29572958438304497
  0.30301537238806153  0.31124410978721206  0.32080365708572084  0.32948646103815588
  0.33861373064572603  0.34891949839404152  0.35875779201831748  0.36932375684047036
  0.37922546626455544  0.38615849823477505  0.39143929490147844  0.39656429718066688
  0.40255915128288361  0.41429594051547575  0.42494905433574925  0.43161493166500514
  0.43723167623594089  0.44305432241913528  0.44976551700211093  0.45705073671934604
  0.46352274584586139  0.46959615542560268  0.47569629057394064  0.48123149669785664
  0.49123421522225175  0.50263826445575099  0.51460916551795133  0.52588548562760040
  0.53543317058873796  0.54480036652392150  0.55493826002167113  0.56582740814531718
  0.57845527750362702  0.59070454431988972  0.60212296725353665  0.61312553343094345
  0.62394153111294093  0.63912974861899186  0.65677366531499071  0.66833541797245732
  0.67727631662832588  0.68528426970812584  0.69304719464458797  0.70190223788546635
  0.71175911954485005  0.72115011261894835  0.73307412940871419  0.74216109114807594
  0.75182827413856301  0.75938435364229739  0.76627193278325156  0.77254662940877972
  0.78013406536107333  0.78980262228836962  0.80475440999852366  0.81889849834766737
  0.83206942505147097  0.84390195595495632  0.85607632649824461  0.87015408684856044
  0.88266236081577198  0.89264378386962118  0.90530988660713385  0.92023136876651124
  0.93548126900265116  0.94818723344267386  0.95809918056216037  0.96751303696081836
  0.97660824635693277  0.98561355213679225  0.99285630042907802  1.00000000000000000
 -0.00090975072799988  0.00650579699715099  0.01455448842472277  0.02322234395957341
  0.03398887126192446  0.04409481739405374  0.05189077795699210  0.05979963879580765
  0.06921732040593699  0.08198316726767296  0.09476711668569733  0.10504527211637854
  0.11582324758264533  0.12703503669617605  0.13693930559107609  0.14477687834244340
  0.15206649450621348  0.16023700736869229  0.17074586148301588  0.18189898783324368
  0.19177553750953583  0.19887526402018177  0.20612078502375983  0.21416210502241234
  0.22187907569307266  0.22946639190593113  0.23741575352408906  0.24519786963377951
  0.25618204963066393  0.26815462639901827  0.28017708732055202  0.29398167642051865
  0.30869645664087636  0.32464793003883718  0.34037520626177648  0.35425002940048017
  0.36373584308850943  0.37089091354932724  0.37687915372949587  0.38182910171395251
  0.38601536245977747  0.39381143341424368  0.40288644745536212  0.41253920250835163
  0.41954565204842237  0.42536248576290903  0.42979554653606705  0.43412451773767208
  0.43955651926367240  0.44958246500740684  0.46120238890648396  0.47362723133569540
  0.48363836340588390  0.49288298908818318  0.50350390102010512  0.51487225272437809
  0.52680781740273208  0.53771042303245176  0.54918839222245808  0.56221617525385259
  0.57608036878653424  0.58824348212878741  0.60292510925175458  0.61666042751360828
  0.63497059765209174  0.65376205626572692  0.66665607837620400  0.67482606232108222
  0.68271127232563378  0.69269746908508478  0.70276688124518039  0.71182984912682956
  0.72040945848888738  0.72636895537844459  0.73606325259075756  0.74637823524932523
  0.75754972913673768  0.76946826074116426  0.78026171586762283  0.79060270596079796
  0.80178130490713495  0.81634736832829979  0.82808631143618150  0.83697387079699648
  0.84433385544656736  0.85353582905323366  0.86568044110990749  0.87692256065389362
  0.88967093260780805  0.90433350284880709  0.91916052309869978  0.93683629931390378
  0.95405297313332471  0.96957216175213856  0.98416275783928409  1.00000000000000000
 -0.00207648459657979  0.00629683239007924  0.01266210504359763  0.01815709734798939
  0.02393253729248167  0.03173881091453525  0.04098963025996200  0.04831319315438051
  0.05585499013853208  0.06454286878618989  0.07639396042075369  0.09074750978936309
  0.10341004706244758  0.11262235137492539  0.11985014498299917  0.12779601337022523
  0.13712392531955964  0.14528933747530895  0.15128272162499759  0.15587796239113466
  0.16063096711599728  0.16674178913110779  0.17355073921342562  0.18027133106167378
  0.18616864854718576  0.19201282472001435  0.19842685934321289  0.20610295737762860
  0.21669788605821680  0.23097128775533432  0.24524989775442296  0.25650819251319379
  0.26729834013600734  0.27864048056740726  0.29003419842098932  0.30044656009693094
  0.30887586661405936  0.31609203627695054  0.32242198060422506  0.32849071915801542
  0.33680996574330530  0.34709484492090914  0.36080497471671746  0.38049706990792387
  0.39702592628879768  0.41142612660873928  0.42366063556947015  0.43571259540424045
  0.44683934701443984  0.45668781936246056  0.46540362738335961  0.47312289703635640
  0.48218948532231881  0.49312504762194420  0.50631635995348734  0.52193954872491322
  0.53831497282334984  0.55373448259692515  0.56664299751344815  0.57712740091974768
  0.58569019305394421  0.59380033759042139  0.60238963132782908  0.61069951129787037
  0.61854914601571109  0.62736346828288714  0.63824011297851291  0.64743197360718185
  0.65332298059650384  0.65911462864693426  0.66655377160459761  0.67773547559212144
  0.68791835083161934  0.69544802522586713  0.70353509063734077  0.71314506839582992
  0.72888060423886880  0.74786374888493334  0.76425334720210525  0.77753927166044556
  0.78988616312570314  0.80126095908681916  0.81307600765999211  0.82419748136012727
  0.83321973699110041  0.84021456991018206  0.84740136256859400  0.85668396656551593
  0.86904416253647954  0.88529699953384677  0.90338764023300222  0.91793245376211052
  0.93417437926138991  0.95410817221797573  0.97679325544990281  1.00000000000000000
 -0.00211336425252978  0.00729287904864008  0.01649668732305896  0.02604524873177930
  0.03673863300618678  0.04848937218502274  0.06056293119204817  0.07308413867726835
  0.08504372009306485  0.09586928541241159  0.10530974527896925  0.11246362324307323
  0.12127080890780736  0.13298205221929552  0.14538688768918584  0.15995470690357702
  0.17114399644197612  0.18443482584452053  0.19806898715174243  0.21602469863668988
  0.23439678016567961  0.25300663665130102  0.26895019210807836  0.27770110806361986
  0.28351759517479030  0.28936513083900556  0.29533038153534125  0.30229406462030373
  0.30938497650127972  0.31632786293022658  0.32294053467524336  0.33124073777804575
  0.34061607559904294  0.34915591997930134  0.35616112781776132  0.36325416106675085
  0.37174406549488748  0.38045214730164956  0.38872082290741716  0.39621966457070518
  0.40263064180672387  0.40951778703843073  0.41817274135424914  0.42804527765449329
  0.43674848492859725  0.44533788283286024  0.45596267618619069  0.46513314990851834
  0.47459959428008869  0.48427123077670375  0.49322864825997004  0.50216855248121706
  0.51218337944486869  0.52360224418631918  0.53517634402328962  0.54543369186421797
  0.55421657794602153  0.56343576329690159  0.57459565186418671  0.58776026433535389
  0.60039731598654666  0.61202449597269748  0.62346511226056267  0.63419719777982086
  0.64371409292920756  0.65395351812540026  0.66371519581872862  0.67428299712516326
  0.68630302566981172  0.69570564468294449  0.70767768108539042  0.71957826105266331
  0.73132896292129768  0.74426383443989086  0.75745462885351200  0.77180266828400756
  0.78762656734495595  0.80427045706416100  0.82019692366491936  0.83376640250185785
  0.84963724018633613  0.86173681362639276  0.87210298693320654  0.88263742129607348
  0.89583579165850735  0.90666033108362531  0.91577670146688261  0.92397908788577665
  0.93362564601514109  0.94452652355300859  0.95368693217167311  0.96038753494348672
  0.96744953496755426  0.97565186604958554  0.98603270561600298  1.00000000000000000
 -0.00700537150302884  0.04345323335055315  0.07928531642771391  0.11166792440338982
  0.14839250798330139  0.18592906749692739  0.21433037052820697  0.23463739839277542
  0.25464401959770278  0.27395271926425896  0.29182957425246248  0.30621435976907208
  0.32030940959662518  0.33148912129338459  0.34095540126575374  0.34959415292019247
  0.35642606256697035  0.36617140850558261  0.37513607556460388  0.38511755979828977
  0.39469733605308788  0.40287184182064562  0.41129271050428312  0.41912264623407702
  0.42780677910396697  0.43600745499860910  0.44429311082033285  0.45202837934988327
  0.46043686452432525  0.46986244190293153  0.48108961405065015  0.49261837643413386
  0.50355192368369717  0.51054980627612057  0.51651052160647326  0.52128511477274353
  0.52567626237614939  0.52951730425666044  0.53405075880733865  0.53897500985286728
  0.54302053222189328  0.54753469982780434  0.55214877007436436  0.55792920569702020
  0.56360052126436344  0.56876647905681643  0.57497537441600155  0.58259472590379968
  0.59132724464424735  0.59883181432724986  0.60383121946742124  0.60891616025133166
  0.61482639424302110  0.62139571368247548  0.63001461667361303  0.63850839411021609
  0.64590438683183449  0.65285211846289093  0.65988399341275117  0.66765553840295799
  0.67639978856423388  0.68619770491087739  0.69436547962372686  0.70529626517109922
  0.71316837095061003  0.72022879646956728  0.72803042162698617  0.73767818338034519
  0.74544160110293778  0.75105080238535782  0.75801962841386616  0.76644015683374012
  0.77547406031504396  0.78536864705618104  0.79673561849157515  0.80916980266655802
  0.81997194811355290  0.82939164574839741  0.83667221385225077  0.84207588505341768
  0.84812254558591371  0.85451084210875705  0.86134017378914873  0.86981498323782869
  0.87838705902269443  0.88987256634963208  0.90419933367650762  0.91671985652976651
  0.92692406183972353  0.93665513575964410  0.94483439275095271  0.95313126436984197
  0.96170968634487575  0.97178042711700940  0.98322876382375890  1.00000000000000000
 -0.00389604068940139  0.01683915344477285  0.02840654870462073  0.03903008137242521
  0.04925748850569215  0.05820617617349542  0.06575587954517409  0.07301643180046147
  0.08188619022099784  0.09164992285056384  0.10224972570605204  0.11300532894245245
  0.12330964373568049  0.13512543732434462  0.14899586671188478  0.16514838758456080
  0.17888550163505224  0.19000680798060005  0.19947245171444447  0.20827757552866408
  0.21805635891405703  0.23036537641455240  0.24399367787515142  0.25852887516777034
  0.27193764497611239  0.28378723087303792  0.29307806436259243  0.30149574251967159
  0.31051422408614432  0.32189119369118568  0.33610988833264804  0.35013690619598598
  0.36362612696122038  0.37720383819146502  0.38579629102844726  0.39418345790493631
  0.40160035457244103  0.40768263342580496  0.41371263782722262  0.42249498521107387
  0.43195218411263869  0.43744871257894485  0.44358430544119881  0.45003923425145043
  0.45593379218808461  0.46103568488552460  0.46632203408392092  0.47316109918898469
  0.48444396681614660  0.49864966811277511  0.50878086254880872  0.52073185945325273
  0.53390838838123045  0.54462103770005088  0.55184085247666348  0.55764489492142066
  0.56332951221879379  0.56999302507695804  0.57859747480299673  0.59015513032129618
  0.60624630293476767  0.62003521206511281  0.63276047814356018  0.64554841944903252
  0.65633604100385901  0.66346003879767246  0.67126591354359688  0.68043192049464707
  0.68971493893822433  0.69803071414181028  0.70588926669413243  0.71395692943147804
  0.72280765896014210  0.72996015977945772  0.73775100618322464  0.74565278246094402
  0.75368715267734210  0.76641695954699696  0.78025724007885977  0.79246907806784894
  0.80424628445490864  0.81496050288114841  0.82495328068563012  0.83539851746164462
  0.84844073282436094  0.86029104381059651  0.87096207089601474  0.88086770041056650
  0.89118541325047274  0.90488818717689912  0.92103076294499053  0.93908857735480300
  0.95813629391745980  0.97449945506860491  0.98832905278928329  1.00000000000000000
 -0.00175520276592968  0.00738271793268960  0.01580535287597079  0.02260852613642764
  0.02932808302820980  0.03687565111773990  0.04642578123039279  0.05898879627169447
  0.06985990189555666  0.07874925451715331  0.08561246728132854  0.09092546667071350
  0.09634800711361677  0.10193849030579079  0.10876035284250536  0.11705628975984742
  0.12438024976177128  0.13066280635112087  0.13909774467354652  0.14901307626046401
  0.15983817367101930  0.16829444817356903  0.17715642073714524  0.18638888855936783
  0.19678333840218895  0.20671551643967129  0.21581299932344181  0.22632457363130454
  0.23374091474706232  0.23815619664310400  0.24247770021646289  0.24668413200296793
  0.25194825370908513  0.25945490455414150  0.26769639303152726  0.27731715333094548
  0.28758887467068595  0.29662051153750152  0.30320619570070023  0.30895826441342134
  0.31425272262854836  0.32064671231406361  0.32819899785148771  0.33677989788602958
  0.34333780722155238  0.34935208916318733  0.35697755260037745  0.36674373337905636
  0.37624345149411864  0.38857927330214631  0.40013553316918898  0.41150949349403126
  0.42322378527221360  0.44006926377713523  0.45069860163927250  0.45901331938532325
  0.46658810832378722  0.47353293017938097  0.47942978997544394  0.48580903177814333
  0.49279733355264160  0.50006591135517575  0.50933640667956948  0.51946474971607892
  0.52915642320493672  0.53900538155722955  0.54812446259815917  0.55691090176976243
  0.56558854728236507  0.57447837529184920  0.58407676021322696  0.59624364599680169
  0.61081963720021171  0.62548454496378592  0.63887458786534734  0.64979443811738358
  0.66146273485935481  0.67422731940121916  0.68591353093862728  0.69597332316913973
  0.70306291338619697  0.71036314215765417  0.71849945278987870  0.72794737758603667
  0.73948318923712297  0.76025920210889564  0.78897098556771883  0.81712329577265341
  0.84041968568861980  0.86230524973598310  0.88404415452225960  0.90644640896938300
  0.93297305087979976  0.95558382891548976  0.97745026515288080  1.00000000000000000
 -0.00365726106450026  0.01219704620507207  0.02401882956277113  0.03543792711240155
  0.04810237465891454  0.06084991451679146  0.07512923289628796  0.08883856105424333
  0.10062383348806785  0.11249665697543225  0.12290122760391728  0.13105547423474290
  0.13841079355398939  0.14662782925256029  0.16096767790478453  0.17513847327394949
  0.18955890605982728  0.20147757303087832  0.21001241501110804  0.21685027066160817
  0.22389932003499777  0.23241876541652895  0.24389147511335488  0.25312655518201316
  0.26120877287132360  0.26911811210498698  0.27719488655568253  0.28769689337844162
  0.29918995865751574  0.31337059593356698  0.32904203638613622  0.34215316329794765
  0.35401795886855414  0.36773660740375996  0.38097459213829166  0.39465190854190779
  0.41047590413708807  0.42398781218563769  0.43368997645488311  0.44132600877066819
  0.44919913647022502  0.45651078499181486  0.46371255546161777  0.47328295868191200
  0.48179666476344124  0.48969612326166956  0.49783098129629694  0.50787526295247587
  0.51693279864729691  0.52587841131987678  0.53649335075652926  0.54855525354231527
  0.56131044718010026  0.57541310038162452  0.58911276458213824  0.60117896678272686
  0.61198549354987963  0.62335450499758460  0.63667363946170785  0.65159246704494456
  0.66199925239574553  0.66982266037375515  0.67701371142288802  0.68388891242010585
  0.69080384776046910  0.69884902740304800  0.70876322039683715  0.71960850173380830
  0.73198998972431628  0.74185640493466909  0.75093600064288912  0.76170273547811784
  0.77507449979184162  0.78897519233505542  0.80358117524967598  0.82397254492935201
  0.83309663678322854  0.83968386471580125  0.84463301065833019  0.84928969974003365
  0.85531259930437842  0.86280627154393563  0.87274926523096341  0.88144053415167545
  0.89096954848214371  0.90395504673428284  0.91725992914856791  0.92754523043198955
  0.93537338041225404  0.94231212632624384  0.94956985396064708  0.95786433005074378
  0.96728486687657811  0.97758096455143673  0.98888162566377191  1.00000000000000000
 -0.00213312218712162  0.00877795169900676  0.01942119701242895  0.03040750058712113
  0.04456067108290342  0.05915434511629616  0.07256138195850172  0.08549904661123880
  0.10006112032127643  0.11752890877452034  0.13890099408919052  0.15686183887728292
  0.16926081817909391  0.17944711526759821  0.18771018066092884  0.19622835746628464
  0.20582011650522100  0.21784239313375758  0.22892038198653741  0.23836317404816509
  0.24757132428248008  0.25624970787904910  0.26668582830882026  0.27484905770696549
  0.28524354625342796  0.29507067667705850  0.30666226644979316  0.31700503253499068
  0.32588950255912869  0.33309308181202452  0.34096626581496264  0.34900519175293493
  0.35850590997724929  0.37025315666066916  0.38372928425809305  0.39542105600782945
  0.40213798880325996  0.40760449585247771  0.41513788643695315  0.42402495737059265
  0.43381972454245327  0.44267779925041273  0.45091483940485605  0.46101037622036395
  0.47755558963215217  0.49319642218698062  0.50590562996958821  0.51741923904063480
  0.52880383810830667  0.54273564174602718  0.55161035798523517  0.55862788750055525
  0.56472845282024775  0.57151839597251330  0.58026768697826858  0.59063329180801172
  0.60085490967562050  0.61165568138891269  0.62131805350381197  0.63131718038057438
  0.64197982718223623  0.65280739687780542  0.66336002497316082  0.67556643164199592
  0.68482731409736786  0.69297929147910875  0.69945225086543916  0.70613500859449907
  0.71479442957575401  0.72528036466193280  0.73800620259438243  0.75117333545635045
  0.76132724589212075  0.77022208041161688  0.77868920979123091  0.78718222196985677
  0.79630068956662392  0.80706333868535163  0.82063620471646026  0.83105808677283488
  0.83807202423071470  0.84511754407073547  0.85234926183779869  0.86017635413426630
  0.87558802628386256  0.89192175581222943  0.89931479690947269  0.90614963072896493
  0.91309266774792952  0.92081162229454394  0.93125761958410358  0.94392982247709123
  0.95914036238928080  0.97391478228177875  0.98761066814411236  1.00000000000000000
  0.25690220348843795  0.45121530261386539  0.48832714427075480  0.51982532392702230
  0.54531114585385176  0.56028764583207813  0.57762175937016891  0.59447979407056972
  0.60489153330418544  0.61317082833934122  0.62073916516892724  0.63431083375944497
  0.64620517078422401  0.65814188005882412  0.66945876914918478  0.68107485049885585
  0.68959920058680757  0.69616387892708986  0.70456366288848971  0.71182133651035540
  0.71714254312216197  0.72269294655551986  0.73011186359471514  0.73819086584813220
  0.74335796145694610  0.74760667333037267  0.75200280553483723  0.75913695571082251
  0.76724194362631104  0.77306929001952862  0.77883885909726669  0.78527702400171662
  0.79177915786177766  0.79688372149048892  0.79957547006161656  0.80206289513351892
  0.80449123585284699  0.80687960864984087  0.80931997083507468  0.81257287944770717
  0.81704031680856404  0.82218158870778424  0.82719443810233717  0.83151550960185761
  0.83582034841975650  0.84038498873314860  0.84605940410510094  0.85314087345582557
  0.85896131970059986  0.86347851995216485  0.86744067814704084  0.87139986056323104
  0.87535007131335518  0.87883373296613376  0.88253148274160775  0.88606332654375608
  0.88945199076607240  0.89240111785730436  0.89476129872128474  0.89696899985183909
  0.89918732790130362  0.90149803156314479  0.90411168637951189  0.90651961162899997
  0.90884137099773399  0.91108749587897175  0.91325416385659675  0.91546327335892286
  0.91755118765964516  0.91973958989050497  0.92213165163903277  0.92471844279330673
  0.92740950248367138  0.93017723890630544  0.93306841456853717  0.93580338022635867
  0.93825639205309275  0.94073621744561819  0.94337908116136504  0.94625286396930186
  0.94895093627188198  0.95167564578871977  0.95444618960139282  0.95708980040186309
  0.95939908201627311  0.96155512431142909  0.96388211582944316  0.96614864714497184
  0.96832865559968040  0.97082509843257769  0.97379967737752227  0.97708736682360942
  0.98090321352792287  0.98544543959404662  0.99135870015308503  1.00000000000000000
 -0.02031244624147897  0.13348013640750925  0.19119453196705768  0.22366985064008887
  0.24430717815920733  0.26245594265208999  0.27891753108586004  0.29174885658788291
  0.30076329328771545  0.30762611108152210  0.31470210826977346  0.32343832269503342
  0.33376951098016311  0.34496699529372454  0.35500646188079144  0.36560728415159971
  0.37661299122834802  0.38904310677316672  0.40241226606423747  0.41559453509168887
  0.42576467649933913  0.43644436468514247  0.44570244385399294  0.45278641328170854
  0.46026096862703503  0.46787238103617196  0.47660722047839543  0.48351620580384957
  0.48788832945817440  0.49185346026225879  0.49581623825746585  0.50014460884402012
  0.50483867730863774  0.50955912345835808  0.51425797278842322  0.51845384282939666
  0.52403759912388681  0.52902607611458330  0.53535260998917877  0.54150291730826339
  0.54762112457759893  0.55420608850430308  0.55979234940966294  0.56418596690424894
  0.56760024441606660  0.57037709361856703  0.57315516230761787  0.57603487077018545
  0.57950734838431484  0.58373977212978989  0.58872514995884351  0.59446561803429032
  0.59990738487544659  0.60659808594188624  0.61409318477777908  0.62228466390289294
  0.62875484974424245  0.63506727139715835  0.64203327996486381  0.64909035054349407
  0.65471753913642972  0.65916517224860116  0.66382436074763573  0.66850661978455095
  0.67326218513843561  0.67920204719229715  0.68519439478481781  0.69083616319106511
  0.69662792009220387  0.70287334255306255  0.70890324542149763  0.71465878310012498
  0.72045206202055201  0.72754185074478606  0.73574718860484467  0.74424232706384452
  0.75354550975653056  0.76373687005981128  0.77364364251109674  0.78337516226446480
  0.79195012691299138  0.79829244018387979  0.80499647343831648  0.81190344746282206
  0.81810597937314056  0.82454715484373409  0.83034613170952265  0.83703773255651459
  0.84387860139150306  0.85360514687955591  0.86464330134813638  0.87659825813173098
  0.88946025494834136  0.90444181806328994  0.93110068526982415  1.00000000000000000
   5.7390395248407220E-016  -1.0000000000000000     
 F F F F F F F F F F F F F F F F F F F F F F F F F F F F F F F F F F F F F F F F F F F F F F F F F F F F F F F F F F F F F F F F F F F F F F F F F F F F F F F F F F F F F F F F F F F F F F F F F F F F F F F F F F F F F F F F F F F F F F F F F F F F F F F F F F F F F F F F F F F F F F F F F F F F F F F F F F F F F F F F F F F F F F F F F F F F F F F F F F F F F F F F F F F F F F F F F F F F F F F F F F F F F F F F F F F F F F F F F F F F F F F F F F F F F F F F F F F F F F F F F F F F F F F F F F F F F F F F F F F F F F F F F F F F F F F F F F F F F F F F F F F F F F F F F F F F F F F F F F F F F F F F F F F F F F F F F F F F F F F F F F F F F F F F F F F F F F F F F F F F F F F F F F F F F F F F F F F F F F F F F F F F F F F F F F F F F F F F F F F F F F F F F F F F F F F F F F F F F F F F F F F F F F F F F F F F F F F F F F F F F F F F F F F F F F F F F F F F F F F F F F F F F F F F F F F F F F F F F F F F F F F F F F F F F F F F F F F F F F F F F F F F F F F F F F F F F F F F F F F F F F F F F F F F F F F F F F F F F F F F F F F F F F F F F F F F F F F F F F F F F F F F F F F F F F F F F F F F F F F F F F F F F F F F F F F F F F F F F F F F F F F F F F F F F F F F F F F F F F F F F F F F F F F F F F F F F F F F F F F F F F F F F F F F F F F F F F F F F F F F F F F F F F F F F F F F F F F F F F F F F F F F F F F F F F F F F F F F F F F F F F F F F F F F F F F F F F F F F F F F F F F F F F F F F F F F F F F F F F F F F F F F F F F F F F F F F F F F F F F F F F F F F F F F F F F F F F F F F F F F F F F F F F F F F F F F F F F F F F F F F F F F F F F F F F F F F F F F F F F F F F F F F F F F F F F F F F F F F F F F F F F F F F F F F F F F F F F F F F F F F F F F F F F F F F F F F F F F F F F F F F F F F F F F F F F F F F F F F F F F F F F F F F F F F F F F F F F F F F F F F F F F F F F F F F F F F F F F F F F F F F F F F F F F F F F F F F F F F F F F F F F F F F F F F F F F F F F F F F F F F F F F F F F F F F F F F F F F F F F F F F F F F F F F F F F F F F F F F F F F F F F F F F F F F F F F F F F F F F F F F F F F F F F F F F F F F F F F F F F F F F F F F F F F F F F F F F F F F F F F F F F F F F F F F F F F F F F F F F F F F F F F F F F F F F F F F F F F F F F F F F F F F F F F F F F F F F F F F F F F F F F F F F F F F F F F F F F F F F F F F F F F F F F F F F F F F F F F F F F F F F F F F F F F F F F F F F F F F F F F F F F F F F F F F F F F F F F F F F F F F F F F F F F F F F F F F F F F F F F F F F F F F F F F F F F F F F F F F F F F F F F F F F F F F F F F F F F F F F F F F F F F F F F F F F F F F F F F F F F F F F F F F F F F F F F F F F F F F F F F F F F F F F F F F F F F F F F F F F F F F F F F F F F F F F F F F F F F F F F F F F F F F F F F F F F F F F F F F F F F F F F F F F F F F F F F F F F F F F F F F F F F F F F F F F F F F F F F F F F F F F F F F F F F F F F F F F F F F F F F F F F F F F F F F F F F F F F F F F F F F F F F F F F F F F F F F F F F F F F F F F F F F F F F F F F F F F F F F F F F F F F F F F F F F F F F F F F F F F F F F F F F F F F F F F F F F F F F F F F F F F F F F F F F F F F F F F F F F F F F F F F F F F F F F F F F F F F F F F F F F F F F F F F F F F F F F F F F F F F F F F F F F F F F F F F F F F F F F F F F F F F F F F F F F F F F F F F F F F F F F F F F F F F F F F F F F F F F F F F F F F F F F F F F F F F F F F F F F F F F F F F F F F F F F F F F F F F F F F F F F F F F F F F F F F F F F F F F F F F F F F F F F F F F F F F F F F F F F F F F F F F F F F F F F F F F F F F F F F F F F F F F F F F F F F F F F F F F F F F F F F F F F F F F F F F F F F F F F F F F F F F F F F F F F F F F F F F F F F F F F F F F F F F F F F F F F F F F F F F F F F F F F F F F F F F F F F F F F F F F F F F F F F F F F F F F F F F F F F F F F F F F F F F F F F F F F F F F F F F F F F F F F F F F F F F F F F F F F F F F F F F F F F F F F F F F F F F F F F F F F F F F F F F F F F F F F F F F F F F F F F F F F F F F F F F F F F F F F F F F F F F F F F F F F F F F F F F F F F F F F F F F F F F F F F F F F F F F F F F F F F F F F F F F F F F F F F F F F F F F F F F F F F F F F F F F F F F F F F F F F F F F F F F F
  <DiscreteSampler_grid>
  grouped_processes
  1 # 1 for a reference and 2 for a running grid.
  10 # Attribute 'min_bin_probing_points' of the grid.
  1 # Attribute 'grid_mode' of the grid. 1=='default',2=='initialization'
  0.0000000000000000 # Attribute 'small_contrib_threshold' of the grid.
  0.5000000000000000 # Attribute 'damping_power' of the grid.
 # binID   n_entries weight   weight_sqr   abs_weight
    61   10   1.876705228585094E-013   2.815982349455498E-025   1.876705228585094E-013
    62   10   1.876705228584690E-013   2.815982349454129E-025   1.876705228584690E-013
    64   10   3.753410457170187E-013   1.126392939782199E-024   3.753410457170187E-013
    65   10   3.753410457169379E-013   1.126392939781652E-024   3.753410457169379E-013
    67   10   7.970250813563637E-014   3.377260194653764E-026   7.970250813563637E-014
    68   10   7.970250813585737E-014   3.377260194677110E-026   7.970250813585737E-014
    70   10   1.594050162712727E-013   1.350904077861506E-025   1.594050162712727E-013
    71   10   1.594050162717147E-013   1.350904077870844E-025   1.594050162717147E-013
    106   10   1.876705228585018E-013   2.815982349455238E-025   1.876705228585018E-013
    107   10   1.876705228584568E-013   2.815982349453722E-025   1.876705228584568E-013
    109   10   3.753410457170036E-013   1.126392939782095E-024   3.753410457170036E-013
    110   10   3.753410457169135E-013   1.126392939781489E-024   3.753410457169135E-013
    112   10   7.970250813564880E-014   3.377260194655062E-026   7.970250813564880E-014
    113   10   7.970250813586833E-014   3.377260194678270E-026   7.970250813586833E-014
    115   10   1.594050162712976E-013   1.350904077862025E-025   1.594050162712976E-013
    116   10   1.594050162717367E-013   1.350904077871308E-025   1.594050162717367E-013
  </DiscreteSampler_grid>
