  0.00005401085390784  0.00005408946847761  0.00005428065996785  0.00005447192863331
  0.00005466072723925  0.00005485314855024  0.00005511149832696  0.00005544449596750
  0.00005573978280677  0.00005603348666779  0.00005632968243009  0.00005664446457615
  0.00005704522058833  0.00005751197992863  0.00005787886932835  0.00005812736155441
  0.00005834434315113  0.00005856886472961  0.00005880340544011  0.00005910246139458
  0.00005946477310682  0.00005974090509405  0.00005991840740717  0.00006008900551867
  0.00006027778272641  0.00006048754244911  0.00006080038168508  0.00006096409562284
  0.00006110958075419  0.00006135094097271  0.00006169442704349  0.00006224171206695
  0.00006279626850036  0.00006330618774836  0.00006378253367202  0.00006419979849551
  0.00006454329496114  0.00006484073944060  0.00006510762567721  0.00006538730130131
  0.00006573279219150  0.00006619028687859  0.00006661807455811  0.00006697363667390
  0.00006733201228805  0.00006771903579129  0.00006812433089619  0.00006877865327844
  0.00006965525633371  0.00007051261261755  0.00007121066321816  0.00007213138371687
  0.00007301257563284  0.00007378102618322  0.00007454997148661  0.00007535398014092
  0.00007613752024539  0.00007673344978056  0.00007726435395161  0.00007768763373272
  0.00007805141361125  0.00007838782303407  0.00007867426367408  0.00007893912137409
  0.00007926159409533  0.00007964345712357  0.00008014604794119  0.00008092085231747
  0.00008181164945463  0.00008275891095406  0.00008357139259661  0.00008468491775530
  0.00008583336169181  0.00008704052241391  0.00008829768356815  0.00008962308438355
  0.00009074311493916  0.00009197295887914  0.00009355813505906  0.00009488098850722
  0.00009611177420328  0.00009804636074345  0.00010080164036425  0.00010334131858426
  0.00010610096344745  0.00010946963271349  0.00011227420027188  0.00011575140547545
  0.00012187870039329  0.00013493309575606  0.00014199491026320  0.00014998303931644
  0.00016959190765570  0.00025288059654890  0.48626778475951987  1.00000000000000000
 -0.00089433061902141  0.02151407415154679  0.04031850707151143  0.05738171792072159
  0.07430980811200112  0.08945885014654625  0.10067409517770119  0.10923839154297343
  0.11844033973104012  0.12628190837397163  0.13308413416330114  0.14152594790209444
  0.15283403894508804  0.16487702780046889  0.17162282526513442  0.17554075459021995
  0.17937228463915558  0.18418424248682561  0.18911937164387599  0.19612067006515180
  0.20321873727657261  0.21451454184272345  0.22811538983363655  0.24288043194847320
  0.26475992226366790  0.28850107585486745  0.31066159421396772  0.32082701216384935
  0.32563326860207525  0.33217261912983714  0.33832339618941848  0.34474761919500574
  0.35188175219156714  0.35844763406735575  0.36406963304882550  0.36991944249337499
  0.37937895547221706  0.39695245701210202  0.41936137488669994  0.43558761589356737
  0.44442618816503199  0.45019231424317430  0.45806642162246608  0.46622745178785507
  0.47731002512837650  0.48855629489041175  0.50776337859655629  0.52456663946191950
  0.54228201789096786  0.55775993502941390  0.56769733766828534  0.57661207347632160
  0.58428954178149184  0.59301155630812563  0.60216900847267463  0.60859235717467131
  0.61556477924894004  0.62259234970711386  0.62972859963735461  0.63645347821676590
  0.64359592805862809  0.64699131933944609  0.65141156047194815  0.65746568363220381
  0.66470182900935448  0.67275617858878489  0.68619583981302101  0.70823071257704129
  0.73140251371377563  0.74506786835230587  0.75185249619736616  0.75822557809998448
  0.76215242862928134  0.76697637512838079  0.77155084742052216  0.77761168195325570
  0.78753886976634146  0.79930486997449191  0.81173295872523155  0.81954516227208696
  0.82548464562486057  0.83107401999943131  0.83636903700366971  0.84196405019010834
  0.84774491377787298  0.85281968579056666  0.85960721874611934  0.86566775259934681
  0.87169186554840583  0.87800995830129591  0.89478681702171647  0.91454633261883744
  0.93009432894903488  0.94266451192610901  0.95524084912620710  1.00000000000000000
  0.00017923271947575  0.00018535473854639  0.00018877250683139  0.00019115366274837
  0.00019317428600298  0.00019507270360339  0.00019700503979465  0.00019931177909331
  0.00020187414476409  0.00020435937741906  0.00020664092803378  0.00020741703159104
  0.00020804968946487  0.00020898745252471  0.00021008754352466  0.00021064570784128
  0.00021157393535431  0.00021261597720686  0.00021359622377450  0.00021475497636826
  0.00021600792181345  0.00021697791689178  0.00021796688622121  0.00021912814633150
  0.00022031447343727  0.00022137899126668  0.00022235638637261  0.00022318671267438
  0.00022408714496178  0.00022535720281112  0.00022748111498200  0.00023063952835657
  0.00023447672783661  0.00023852371748266  0.00024192293940570  0.00024610232029326
  0.00025166676088563  0.00025641645594121  0.00026031207656498  0.00026398373494180
  0.00026731704520176  0.00027114880238855  0.00027496562672215  0.00027958649824396
  0.00028316106523041  0.00028622349186275  0.00028890010439446  0.00029100728571982
  0.00029283617525814  0.00029495476798524  0.00029728893886308  0.00030008108331300
  0.00030263587858492  0.00030529932470738  0.00030890911262883  0.00031315395615556
  0.00031817985208737  0.00032373740774873  0.00032713940696345  0.00032896326355805
  0.00033081461545666  0.00033328732869752  0.00033823449334131  0.00034247294412622
  0.00034634131515404  0.00035033308815581  0.00035382619401536  0.00035802843740251
  0.00036616886780676  0.00037636355826790  0.00038638857277520  0.00039343600045015
  0.00039792613064729  0.00040037788966499  0.00040173823523503  0.00040391457462843
  0.00040697681022299  0.00041044389609780  0.00041534660738007  0.00042096901315238
  0.00042391571958130  0.00042857594315266  0.00043638974718848  0.00044805130614300
  0.00046467494946548  0.00048619005724374  0.00051084655450278  0.00053143556705523
  0.00055800643485089  0.00060050092977324  0.00066623096130059  0.00076090581879297
  0.00082772128578018  0.00092286486036078  0.00122026989271531  1.00000000000000000
  0.00161000751864969  0.01263929548912109  0.02241698922477805  0.03490784778333401
  0.04554608830307022  0.05463101164584490  0.06854381754245295  0.08255202290581472
  0.09403212505861107  0.10812235982867745  0.11783339827500243  0.12632003182386473
  0.13774320558147835  0.15381595870539733  0.17220312723604297  0.18201522131088158
  0.19421541498430134  0.20823800362319136  0.22382245673069179  0.24485296451110344
  0.26559857028722672  0.28318984674276482  0.29387589138646791  0.30473676072284039
  0.31599071965233505  0.32542611712732405  0.33352849522581429  0.34623594724838702
  0.36040042485776408  0.37805412057256493  0.39493325084954506  0.41231470873932929
  0.42598921355496849  0.43426640033462754  0.44409096038714813  0.45473995286284996
  0.46561416389545413  0.47637601949986780  0.48192846058766936  0.48869665435386661
  0.49772065871639248  0.50619248935471139  0.51288489310573337  0.52111385627927220
  0.53300474678749266  0.54875068464142041  0.56470195989808669  0.57661895215650494
  0.58418598689896062  0.59141529051669717  0.59989339634309402  0.61712279686822413
  0.63226714392229155  0.64090568497739719  0.64628241203683279  0.64889404799717387
  0.65235791887252959  0.65622483074753446  0.65888838862625487  0.66310068397964150
  0.66708794990893761  0.67154422772112676  0.67693264535549802  0.68412550845946762
  0.69826474285056472  0.71345896289377020  0.72718296908942048  0.73376631780694501
  0.74004382397331825  0.74428827403911713  0.74808014529482458  0.75123509336013361
  0.75396629259486148  0.75643937896115865  0.76272360789800231  0.77870424287690121
  0.80568836021617329  0.82156003731009786  0.83273200155381333  0.84371204409020850
  0.85399591792245377  0.86377154770785036  0.87432888482135240  0.88618446184964939
  0.89904283575835942  0.91196110112632067  0.92166117338955933  0.93034704127914036
  0.93913336042097617  0.94835767766666945  0.95320848350712606  0.95683222485604702
  0.96158307350876582  0.97003573413627653  0.98320681721766090  1.00000000000000000
  0.00042261450992701  0.00042977363895978  0.00043474962863748  0.00043850414120033
  0.00044192324215876  0.00044465429619889  0.00044728622196646  0.00045000129659980
  0.00045272176016529  0.00045558598131187  0.00045845020245845  0.00046165748670446
  0.00046536470558004  0.00046907908052563  0.00047280061950539  0.00047944654593891
  0.00048828876223791  0.00049623889127498  0.00050006013058659  0.00050445778281043
  0.00050719650803116  0.00051342007679460  0.00052022847805019  0.00052791710372149
  0.00053964404686059  0.00055362361276369  0.00057117923754631  0.00058510829637842
  0.00059470858864355  0.00060541132666358  0.00061752565902073  0.00062709206124204
  0.00063177340960611  0.00063617494941311  0.00064123219380725  0.00064642373414559
  0.00065204675258211  0.00065870300291616  0.00067052755125453  0.00070496295529506
  0.00072785103572947  0.00073854888067525  0.00074841843542010  0.00075928386826288
  0.00077135711913268  0.00078312370817645  0.00079229548322996  0.00080332956762097
  0.00081781995237126  0.00083199239466800  0.00084087484289106  0.00085038579022318
  0.00086045805145489  0.00087062150124777  0.00088270825039949  0.00089936961369554
  0.00091651112342168  0.00092963841330390  0.00094217118146758  0.00095446324303531
  0.00096729149125850  0.00098370779527112  0.00100146238080311  0.00102718752006735
  0.00104284803732282  0.00104865883112876  0.00105793839694240  0.00106900070373773
  0.00107754438714163  0.00109262904575127  0.00110924595873753  0.00112416480094038
  0.00113943188324789  0.00117012782142835  0.00121047451137796  0.00124410177257142
  0.00132138862733535  0.00141426147688589  0.00147924079882563  0.00152828527673928
  0.00156874143809374  0.00161282005136451  0.00165290683878597  0.00169696008157989
  0.00175596646576795  0.00186801007449617  0.00202728002756572  0.00219856830600304
  0.00242088021117931  0.00279270414761503  0.00356257728108728  0.00427483938148324
  0.00516940027673522  0.00675059187949276  0.49664907069650599  1.00000000000000000
  0.01017234411331234  0.01412174607540627  0.02243471595261096  0.03019092866469668
  0.03533929252756869  0.04161646310863928  0.04719205101529083  0.05173260271678638
  0.05643746898677698  0.06571888882435645  0.07749712824455481  0.08008269202995320
  0.08185366103725353  0.08373169449549926  0.08678365016921756  0.09561249196850394
  0.10643045006820120  0.11001595831656411  0.11343898215682674  0.11693676711027101
  0.12044012410458925  0.12616144484105149  0.13224141915717222  0.14475762483014532
  0.15924525345412299  0.17045851271661511  0.18061900229542968  0.18947874695869846
  0.19645387822628091  0.20475101568192727  0.21437790408341861  0.22538208381157779
  0.23740372920384054  0.26206206657563863  0.27476522634157158  0.28287889743623923
  0.28904998156688910  0.29845575611126479  0.30954931114949713  0.32110257447861718
  0.33346253123620256  0.34877948347802018  0.36955579332219352  0.38931255713329083
  0.40912464626883477  0.42801615744268312  0.44500937705527926  0.46038084137970964
  0.47532401407918856  0.48922053277356226  0.50402291086621787  0.52817781376078365
  0.55608071421780880  0.58336939667348586  0.60616175171979381  0.62398243553834787
  0.63668435692795255  0.64663106992710062  0.65696364065165092  0.66853095769277060
  0.68311126384406706  0.69520708730702707  0.70348639872202379  0.71232787596808966
  0.71878005935263056  0.72386219185999312  0.72877566528501259  0.73322047440921923
  0.73735576215737775  0.74222216639268535  0.75168496235849780  0.76456310153963691
  0.77952094116306725  0.79144139652012768  0.80366607479789309  0.81683140690450839
  0.83229641660003928  0.84217877030646260  0.84910601833479216  0.85571539988199918
  0.86301936542554625  0.87143180393729358  0.88649704276390418  0.90050985947780748
  0.91259432587097600  0.92186613421789787  0.93181564742582479  0.93921377259907801
  0.94397684847575258  0.95103358114868675  0.96097409187605132  0.97122200279113424
  0.98096576771510102  0.98655876349055815  0.98991495248357975  1.00000000000000000
 -0.00013443904944262  0.00165364211447637  0.00783773401730919  0.01516873614441467
  0.02351159828459376  0.03027033129754085  0.03831049598967558  0.04568002466214657
  0.05239265243781598  0.05860997133138107  0.06321004194151283  0.06696851609620685
  0.07386507202290554  0.07986915962933713  0.08303310491696549  0.08542790072459493
  0.08758451300627117  0.08910608155144326  0.09202434284015996  0.09533030151477281
  0.09846315560331806  0.10184348842520873  0.11101830402573956  0.12394872354358283
  0.13858792248163387  0.15545263994114714  0.17840130765408399  0.19812981777092914
  0.21583046127464067  0.23310000454229080  0.24987218845143105  0.26309545675002488
  0.26979187991408121  0.27664159242585057  0.28414854981908355  0.29192140561975299
  0.30170235005030649  0.31148329448085998  0.32443016749448217  0.33351610846853719
  0.34149612161510273  0.35164965931655789  0.36253607052815096  0.36893153366468540
  0.37246034484392121  0.37733407454608964  0.38221549749645078  0.38713006041002823
  0.39133766043699247  0.39813354598734163  0.40767431754550026  0.41624644518986564
  0.42523786046231377  0.43690359362933218  0.45043581471939365  0.45562930475742125
  0.45849082874437702  0.46136694377823251  0.46759786016914534  0.47461145210847933
  0.48091448919452379  0.48766313579149406  0.49438546504743214  0.50266379804565986
  0.51195863626204452  0.52120893572221472  0.52912013821402348  0.54221125134902848
  0.55871192059056918  0.57621584189080521  0.58908225026726968  0.60096055430791784
  0.61190922170084183  0.62403997959513691  0.63907168451599716  0.65542426705353818
  0.67076017530161913  0.68487344315348919  0.70070273605919309  0.71631175784536516
  0.73128420734580835  0.74976922044329963  0.77078410912210560  0.79304310669185230
  0.81626415211083148  0.83728255473494162  0.85696989643871113  0.88105823708047837
  0.89620003299185480  0.90677999081243843  0.91821875585623070  0.93270393504515714
  0.94982088002497067  0.96817478593526352  0.98576313665149262  1.00000000000000000
 -0.00460876382247715  0.01170599573248771  0.02805389960292086  0.04511883056034926
  0.06432214774750183  0.08335511794179792  0.09874810323597566  0.11377346289777535
  0.12286507860987017  0.13145263718653916  0.13835442472856907  0.14611397480533453
  0.15493318989511656  0.16176518459736655  0.16695820542117384  0.17341693041964171
  0.17960574011724156  0.18584336910060789  0.19243898850279581  0.19927634055430538
  0.20651003523027109  0.21916097062364157  0.23714070198594744  0.25439530202509886
  0.26863975944886226  0.28188809050947944  0.29575645994595268  0.30978732436967021
  0.31951209195454355  0.32584796702055152  0.33412218101772900  0.34716702733662114
  0.35768078126314240  0.36737302123433579  0.38165584258561797  0.39386676984761360
  0.40279818880252843  0.41174356165407450  0.42016632835877216  0.43039778091002728
  0.43846442548559822  0.44575232834079920  0.45489598036988244  0.46422821360372596
  0.47708620456558398  0.48682288426338893  0.49595342114440871  0.50887934342225094
  0.52206638493409807  0.53437904202885467  0.54662193009552529  0.55764573282191698
  0.57234694982924095  0.58474850316593630  0.59615906189224188  0.61097492128440078
  0.62628465443849490  0.63111397827180094  0.63773104943055003  0.64577441969698257
  0.65335573895027421  0.65904312005440369  0.66455105069102682  0.67007177140854557
  0.67568393384707415  0.68180643271351637  0.68982109116664247  0.69909584203134578
  0.70708477418653581  0.71547657023322919  0.72896348561519120  0.74839810413239793
  0.76769070311942000  0.78163859517375667  0.79166548367118150  0.79979855755040774
  0.80678496930028265  0.81449672402794304  0.82224833548447940  0.82557873879267341
  0.82720257064856662  0.82874733922080990  0.83113219477089151  0.83684007606447486
  0.84500504435112744  0.85486689945652072  0.86196915124785711  0.86719210440669281
  0.87336423307042543  0.89877245286278362  0.91708708623536650  0.93270095096100691
  0.94918426281807622  0.96423720348257214  0.98034839659619655  1.00000000000000000
 -0.00105686541719660  0.00983003566774848  0.02178826611756568  0.03219824123368262
  0.04761157730443735  0.06634164724430483  0.07882224376647544  0.08924744196033646
  0.10131218828580660  0.11500909423843275  0.12881516909594740  0.14289036745837394
  0.15296582800716169  0.16135807821097037  0.17442813552412345  0.20033664693114414
  0.22464578014961542  0.24174014276755448  0.25357991167504740  0.26282543235066208
  0.27100110411979156  0.27930432421169038  0.28988277304083487  0.30535581826714009
  0.31715268035360783  0.32575160451982910  0.33163646045757961  0.33627428353663413
  0.34045097214818570  0.34391303642954946  0.34786983861313842  0.35652438288079208
  0.36729775474904325  0.37426286112870205  0.37779973053170673  0.38008123419990786
  0.38526444042217900  0.39378630578126200  0.40291115989395754  0.41220977412697574
  0.42559028026490592  0.44001216573734120  0.45224285696381217  0.46411162274434214
  0.47598692877066989  0.48962331523845470  0.50530567103440482  0.52362778874175675
  0.53952693070897573  0.55156391884100975  0.56139229927809242  0.57096077441429727
  0.58118608236966762  0.59228232897600974  0.60561950354387628  0.62386011540902253
  0.63987286095182938  0.64575508062489007  0.65114532432563799  0.65517025893116876
  0.65917719621763859  0.66515496774731486  0.67020565716072478  0.67359942389256977
  0.68041996877813560  0.68839445321771853  0.69894475822562896  0.71222721276353929
  0.72998720408187778  0.74976511682715496  0.76936165394058487  0.78582296575263433
  0.79735527386533178  0.80540386388859508  0.81244190564747865  0.82342651853484061
  0.83713434455264013  0.85404324309796276  0.86251507710448516  0.86917638294141941
  0.88001382931963146  0.88824873638791679  0.89475599659332583  0.90285303717984555
  0.91052545200844592  0.91414795691794448  0.91569667147103162  0.91812063030600255
  0.91977934757471735  0.92288138257452934  0.92855131195488139  0.93536087773763965
  0.94374533651362991  0.95652250288666307  0.97744733776467085  1.00000000000000000
 -0.00091657649937081  0.00383566744687953  0.00883933143898970  0.01404146443107300
  0.02109053264111059  0.02813890654041518  0.03530644017949167  0.03934047198138795
  0.04886903017027986  0.07271906859469633  0.09756638816781432  0.11348417397993060
  0.12329188934445923  0.13032775830372334  0.13807118025733489  0.14533297783051630
  0.15548652474131081  0.16497838717147398  0.16969240230583879  0.17301285300242331
  0.17917924488062034  0.18624065375967017  0.19279605228847463  0.19862456021092140
  0.20453184774438987  0.20975319943711093  0.21693073977840019  0.22840001059550119
  0.23700999537881962  0.24384684791138483  0.24898513493677765  0.25292727699803719
  0.25892178603297267  0.26556768975163531  0.27153952269150056  0.27704646320987014
  0.28156047673676304  0.28575362408141525  0.28980354351922283  0.30149044164423661
  0.31343039099878295  0.32505965177003882  0.34591719504928176  0.36588672531289995
  0.38085083529230274  0.39476780845474868  0.40768937189435644  0.41645180660762171
  0.42567360471262161  0.43682885410189798  0.45059379626828411  0.47204691508562174
  0.48833999431303438  0.49951769067827451  0.50553211703379708  0.51078053609807428
  0.51701511676719702  0.52378378271331394  0.53117400662280823  0.54015660531360288
  0.55021026639846426  0.56793005553951181  0.58730448427445225  0.60433303627372126
  0.61767259890590609  0.62792105105251783  0.63721669996955765  0.64941840914752402
  0.66285519991278274  0.67515131731308442  0.68787000052647118  0.70103035755622256
  0.71150365148935046  0.71943007500479594  0.72669182549110423  0.73179217765728710
  0.73708559056877732  0.74478524484512298  0.75295428343139181  0.76065458848871514
  0.76989141077893519  0.78398929086534841  0.80341955690421274  0.82468695996339825
  0.84473968436657132  0.85870650590521502  0.86621254639357359  0.87301607961868211
  0.88173604817980256  0.89075305972365737  0.90075031258639515  0.91357354589931272
  0.93116792811792881  0.95557851734931654  0.97983639026022362  1.00000000000000000
 -0.00898532672564825  0.02355488216767977  0.04518862731832992  0.05837903680805354
  0.06836620497759138  0.08007265621602574  0.09790317518762522  0.11564725561271282
  0.13495450784730140  0.16275261237004998  0.18769049238165197  0.19809376613657240
  0.20463059987781321  0.21016495120497045  0.21626346480756675  0.22323019220547882
  0.22785202378474323  0.23240607158726892  0.23850721290240598  0.25234146740778879
  0.26727304471595076  0.28182774764662505  0.29485592186735055  0.30608258667028632
  0.31416420211494456  0.32304391042247399  0.33790430878675065  0.35519323752469040
  0.36958026248500053  0.37673680172274604  0.38248629146285301  0.39186187934851247
  0.40138424076615292  0.40628140531327178  0.41045355926973826  0.41447150670270427
  0.41876491591040188  0.42319753277742306  0.42770538270203834  0.43235690688570916
  0.43903278694714321  0.44963091347550854  0.46595035426741382  0.48688446013531694
  0.50652371092232740  0.52691907238237756  0.54237779600132530  0.55477905902158042
  0.56790376221187100  0.58692076017210171  0.60419124897298526  0.61860682714566984
  0.63324553545236428  0.64811783818992241  0.65398504134600910  0.65920096123007610
  0.66426017362052547  0.66671735242658825  0.66927229834428315  0.67234389662302863
  0.67532436701188114  0.68198681986064336  0.69229156430954508  0.69968033478696101
  0.70623252233958000  0.71336369034243119  0.72049485834528249  0.72732072838248707
  0.73402926809264590  0.74220314395978160  0.75385791701378646  0.76719618850497373
  0.78374069001709101  0.79605274971543005  0.80542604667771245  0.81388568339080947
  0.82071931937976117  0.82495523228099743  0.83139215112562315  0.83769858019132659
  0.84235193142402076  0.84759278573746888  0.85203857170192210  0.85682325840454954
  0.86362998245639333  0.87204497976856277  0.88113200269274028  0.89070837370788669
  0.90037745517307510  0.91421883856595243  0.92725820469075482  0.93683335095256270
  0.95102731418812636  0.96915562748939144  0.98486252956566178  1.00000000000000000
 -0.00080509192578198  0.00329936783302356  0.00834069624036688  0.01375757664731768
  0.01845486079431794  0.02220953886693914  0.02597279574710474  0.03116645801182437
  0.03885845410311815  0.04621507172416484  0.05353280443459006  0.06022673881645852
  0.06661542556948961  0.07217905554680373  0.07681336169857780  0.07884263381844127
  0.08099911395695050  0.08315427507919716  0.08777590152900747  0.09487174707254870
  0.10293217078398964  0.11243522683896962  0.12362758854459678  0.13781088584831541
  0.16041467540529622  0.18575723076553291  0.21373678539388766  0.23566993802633676
  0.25252759029448751  0.26672637115557896  0.28340731201651626  0.30106503152928527
  0.32186370676430809  0.34714598962078747  0.35990484662808914  0.37061572123604319
  0.38046082465050496  0.38590639595885917  0.39013020849297347  0.39327920581379378
  0.39512679442906495  0.39890409749897648  0.40327508008504381  0.40738127995955387
  0.41130321870452685  0.42084220701307551  0.43099003018443610  0.44133146822107439
  0.44897626561364951  0.45312310065659472  0.45888037724321062  0.46803750907294289
  0.48160710906095600  0.49278868307782886  0.50158414558490738  0.50951538089906678
  0.51760798499501703  0.53016831410803822  0.54079337482344603  0.55153526834668132
  0.56395705127917184  0.57352298643037747  0.58542484138055650  0.59577472935250375
  0.60790171698719309  0.62369185615044831  0.64124045978164834  0.65837805837620822
  0.68086749765902244  0.70824643414241695  0.73964197819727295  0.76399849780932882
  0.78534594852478801  0.79380110101093848  0.79973510284163274  0.80808063084703374
  0.81711066364760221  0.82534560505959353  0.83329698834844756  0.84249524595359371
  0.85517299382651668  0.86626876332454317  0.87578082403897450  0.88395627698907486
  0.89094596787238156  0.89727481798418796  0.90387878437291125  0.91893256271789592
  0.93400204845884638  0.94714688250313139  0.95358075153576005  0.96075193629960631
  0.96960536816902654  0.97811316619654309  0.98856459558907850  1.00000000000000000
 -0.00246369143943463  0.01069702669031746  0.02155455556029949  0.03210815658960525
  0.04232391452253145  0.06074632293207077  0.08233381477383014  0.10410981509792602
  0.12903859899455269  0.15636504545056779  0.18115319342706634  0.19528445667824210
  0.20562262440079451  0.21808358454340787  0.22962480999165513  0.24089889866083439
  0.25806244870906497  0.27196951913737755  0.28478989705357377  0.29682432384196955
  0.30809060154770385  0.31792239720347060  0.32352293755468431  0.32914729959573585
  0.33542991270237371  0.34584317550330590  0.35343776753375250  0.36475564326601456
  0.37607908798464740  0.38447574218683278  0.39467786919342490  0.40660639491507716
  0.42533960491530670  0.44162481436848966  0.45502510451975742  0.46718043669618281
  0.47760809828413964  0.48452888274407907  0.49003666445966687  0.50055815457164388
  0.51049396046859397  0.51984461132178261  0.52656035081356378  0.53337156198689284
  0.54023993169658069  0.54932427009270302  0.56162271777716777  0.57691830750533935
  0.59197281823566084  0.60337959439114575  0.61175394059185206  0.61917502308347039
  0.62505122952824987  0.63359756890813645  0.63991487075705578  0.64511407304789148
  0.65023114782268188  0.65682607711195551  0.66547873631966559  0.67221528981703116
  0.67420420393429226  0.67767933938032243  0.68188751787145374  0.68553089064776684
  0.69228931115981829  0.70458027908588239  0.71312719671276259  0.71912324845069930
  0.72432605502223191  0.73093803544429736  0.74329549505816539  0.75899023515853081
  0.77389892290865925  0.78913013902053497  0.80274695158614495  0.81492130644977656
  0.82949907217679364  0.84123353908920695  0.85251515067862493  0.85723474788337417
  0.86065052835848865  0.86553474618039294  0.86928472938454415  0.87599466973927465
  0.88371910361207773  0.88984355582099706  0.89597925346100293  0.90216496353634124
  0.90779776313047045  0.91030970876293660  0.91796476168927710  0.93111726267390960
  0.94915957741675272  0.97099994546221069  0.98737634374323491  1.00000000000000000
 -0.00254142408478140  0.01540037312947570  0.02798580982191932  0.03578883558982705
  0.04749876091975119  0.06174275443101818  0.07444859846355401  0.08165942838958208
  0.08656672401810667  0.09166501517827877  0.09601561900892666  0.10115525289889050
  0.10684025471392006  0.11638636575298004  0.12619259389695670  0.13455833912214046
  0.14314909212291477  0.15358997420210765  0.16870319216553351  0.18514155408946367
  0.19683182239880240  0.20753343715024361  0.21412998016363050  0.21824141919900092
  0.22391862435108323  0.22959450097438350  0.23508224708621467  0.23730548144722485
  0.23968366638321012  0.24581772925926887  0.25195179213532765  0.26182555552814374
  0.27244026376603853  0.28452793339926069  0.29690314811479457  0.30642100222473517
  0.31611121762111705  0.32394425254014220  0.32989972171952542  0.33573721647699628
  0.34158521559369759  0.34970251746729197  0.35981391148987457  0.37718215527176713
  0.39193276168858404  0.40366657083128255  0.41219183965755801  0.41973353321387280
  0.42558671620007882  0.43198343606873352  0.44180533950792911  0.44993106269231292
  0.45958201880781402  0.47155973378780897  0.48728324831773895  0.50211278397712056
  0.51569504248338560  0.53090162429864807  0.54279368644725901  0.55506340762352002
  0.56980043344628462  0.58615885782448063  0.60396579661382566  0.62571418026693937
  0.65262651930486892  0.67200716655743886  0.69326207654258276  0.71394122386815584
  0.73374814356653628  0.75336517644889400  0.76970087510088681  0.78195273930798936
  0.79023338367501850  0.79784315055994504  0.80355962759773869  0.80761311037497263
  0.81123486824129820  0.81619987199489874  0.82185908059887514  0.82873907792645396
  0.83896063102119445  0.84926724528076580  0.85847463167800386  0.87020508684165676
  0.88211943209788191  0.89195780440679384  0.90093951776151826  0.90851771504314327
  0.91341632962922670  0.91960818476959827  0.93142561774019317  0.94546354790510179
  0.96115323649084239  0.97473329946791998  0.98713310964617973  1.00000000000000000
 -0.00145446059386660  0.01015506670884911  0.01923671197736096  0.02552051029470755
  0.03235584304042947  0.03937754330510757  0.04510523423590221  0.05098834932427763
  0.05815883782606498  0.06414427605001816  0.06933875785730852  0.07588324945715522
  0.08401578973134299  0.09402500477588741  0.10680048613681356  0.12056777696539744
  0.13199352599250463  0.14029769721832833  0.14959229235261581  0.16422407942124470
  0.18063790966457710  0.19462007149515126  0.20688138215125387  0.23287757701850259
  0.25038081198935075  0.25940023906238013  0.26840308860162287  0.27739122345729694
  0.28411380075381476  0.29074434707875413  0.29738292375916708  0.30442203729864659
  0.31150340495624684  0.31685236708864667  0.32473092759955718  0.33459292512332428
  0.34053948511390725  0.34735763137785625  0.35598432341526159  0.36206817480088976
  0.36880349125981121  0.37776433097444778  0.38681612781496488  0.39125318015201871
  0.39508584890345477  0.40263081736377260  0.41104599822133558  0.42107562915685393
  0.43186301076011202  0.44334423971610942  0.45440822378941131  0.46495662336324445
  0.47420487537567535  0.48545933521669210  0.49912137562862846  0.51288332407874404
  0.52812785734707779  0.54285222995391791  0.55301371544094069  0.56261123722000128
  0.56822223723836918  0.57515378221660740  0.58486977198028556  0.59458132160627430
  0.60468852123311456  0.61527548787065567  0.62979917524626650  0.65047237266604907
  0.67237473689988481  0.69594040823608461  0.72327842124592201  0.75089896582104843
  0.77173231896901395  0.78610385989066467  0.80003738697086579  0.81931838089046982
  0.82624031536913045  0.83223816785795135  0.83882644214554936  0.84436552203873838
  0.84982901344868411  0.85587325543284942  0.86305702654266814  0.87126969933362708
  0.88312958204850067  0.89253079704479721  0.89903982093094204  0.90387183764485957
  0.90910140915901327  0.91508838576859064  0.92548818602914928  0.94224201941985664
  0.95726069681742831  0.97215770676988855  0.98542116152907766  1.00000000000000000
 -0.00209157333910777  0.01392948689619342  0.03655668106769299  0.06379136570567090
  0.08803671430369280  0.10561699357239689  0.11898571015780786  0.13499906272582671
  0.15266038488131134  0.17206363994303112  0.19642987703946121  0.21467868329411607
  0.22954716379046231  0.24923297976200320  0.26905366835397238  0.28372008689725731
  0.29641173870052073  0.30776313547048079  0.31885288891693353  0.32483740794842786
  0.33046366382776254  0.33431188651576926  0.33810785474812599  0.34116346542597126
  0.34425513266924224  0.34765793796196381  0.35193913905527069  0.35683130993115775
  0.36287984748923557  0.37201029194713875  0.38185127039258082  0.39370089236868488
  0.40996799300807846  0.42374192468574812  0.43961946205382590  0.45029878654132272
  0.46034433076374143  0.47119261269738028  0.48101225386430030  0.49108533138917337
  0.50144111729612206  0.51242594765977156  0.52110429891871746  0.52587196236645994
  0.53006107447585593  0.53398119614244022  0.53787418240050788  0.54208851870537667
  0.54644779965785062  0.55171271996446281  0.55956624171079450  0.57780801937448267
  0.59491747045492038  0.60546363371625123  0.61415693563171836  0.62128556894660569
  0.62579253355194930  0.63143061172440051  0.63733791773073023  0.64109908714626607
  0.64761423799609119  0.65483921457402317  0.66940014271361137  0.68707630760285598
  0.70211259694230921  0.71548358872258211  0.72786219613489034  0.74224824794477984
  0.76319007645655979  0.77796981630576667  0.78386460938110081  0.78943568748239690
  0.79448214920962057  0.79742009567723859  0.80262922706603501  0.81409280404853535
  0.82007556834457696  0.82411927031093013  0.82782271911663430  0.83188108003535766
  0.83821834992809241  0.84403119308983154  0.85304359795204454  0.86373110516778140
  0.87284784213162925  0.87728895854912159  0.88451689778456211  0.89201035656678829
  0.90138504728071278  0.91566725459467346  0.93822894741685015  0.95460233878308998
  0.97052452553050939  0.98107197984189243  0.99079053407425166  1.00000000000000000
 -0.00521019671617613  0.01407073720617692  0.02887231316649283  0.04233927909151378
  0.05467165456434984  0.06298557481104705  0.07187653258157831  0.08593608963260986
  0.09990078365947791  0.11417422261681798  0.12233119757340073  0.12612299967397250
  0.13030611110252571  0.13521487814384894  0.14144062182229994  0.14735214841659697
  0.15351392507346695  0.16363441398839360  0.17883463385553117  0.19424828780759382
  0.20981583471141352  0.22548318329323067  0.23824711847943908  0.24818170642251783
  0.25625547824651246  0.26319170992378021  0.26984638596660382  0.27877167841211759
  0.28758068965751438  0.30226132256059923  0.31850251487518377  0.33680552429399124
  0.35972635718921903  0.37806983065929822  0.39716087008979928  0.41580753120817099
  0.42572059415424751  0.43521171221539101  0.44360484845990317  0.45200336954124976
  0.46041417391641837  0.47603431855263928  0.50042608447225345  0.52574841396261551
  0.54838353253008154  0.56641524482291083  0.58152805701925681  0.59536144889272002
  0.60915170969003762  0.62223844047043864  0.63472815859734211  0.64973978440356739
  0.67016811148619848  0.69057209324651714  0.70498505409617374  0.71120952609896226
  0.71395664302175066  0.71764241034549092  0.72248682550013865  0.72645708755767724
  0.73016256319288486  0.73725071472358594  0.74506393177002250  0.74874314957796018
  0.75178953721897757  0.75446404538485812  0.75705874270509421  0.75952970979994106
  0.76210097497785789  0.76524078662820105  0.77429067935525675  0.78753722424523354
  0.79563994670308202  0.79975550652961636  0.80274342521719133  0.80553414902372755
  0.80992602938366287  0.81658626857275696  0.82431890439008126  0.83097643032653667
  0.83761338074019309  0.84363939192956461  0.85462469368348648  0.86797076460914135
  0.88143007351953295  0.89165001588696891  0.89866593363044522  0.90561343267178762
  0.91418830321242139  0.92462687565780111  0.93818019613198234  0.95309658994782098
  0.97174864155451823  0.98539146535867916  0.99370022564861582  1.00000000000000000
 -0.00748773193054650  0.00884907895641361  0.02446568297888958  0.03605038449237680
  0.04427842375212604  0.05255083786440726  0.06087294280486464  0.07633393924396917
  0.09904180583726083  0.11861728001140495  0.13537338616689110  0.15122571508517477
  0.16942763321195689  0.18674381484850558  0.20217801380951608  0.21519856797095621
  0.23326611084190182  0.24691167938339686  0.25486346164058443  0.26130520038275901
  0.26718930894461546  0.27291241723027237  0.27890484680071365  0.28692382264206590
  0.29153617318346231  0.29540482950993241  0.29800049016037916  0.30024463130986556
  0.30488724387768629  0.30954057332034562  0.31396337873921559  0.31786023482605374
  0.32199472889907593  0.32796305339331366  0.33574243514723184  0.34685644880126398
  0.36074370575116166  0.38052312263792115  0.40292951240643521  0.41876248965196122
  0.43212634822294010  0.44229081414323340  0.44831954290277598  0.45288891380683322
  0.45863697569967699  0.46502067275656733  0.47266549705749106  0.48385981813453527
  0.49984787515999396  0.51219666810178688  0.52103991692821838  0.52916655127560119
  0.53590772391096486  0.54262950036305480  0.55184374561725802  0.56359537048371300
  0.56815517877289867  0.57228927458013767  0.57591653973679613  0.57957277761059811
  0.58324024446257017  0.58879665619631782  0.59469298049397956  0.60074457050850649
  0.60647446413630723  0.61315873415067468  0.62160831320790366  0.62722147960267838
  0.63625781803510417  0.64566897418282510  0.65331380831353913  0.66314993758113017
  0.67131917847937217  0.69058625944973162  0.71388230351531989  0.73416041239071061
  0.75260212106044644  0.76997008691925517  0.78754331561016278  0.80517891553705401
  0.82269215163599219  0.83964557614170987  0.86103071582456114  0.87497751033281279
  0.88772382480667311  0.89932328123556271  0.90814437694750705  0.91659164910908297
  0.92488622643101814  0.93699137011038325  0.94908498426013210  0.95739351716516785
  0.96403947378405774  0.97198060681449316  0.98379326671251954  1.00000000000000000
 -0.02936940003461054  0.07247024570217109  0.14047505794819404  0.17404434971822158
  0.20081439858711841  0.22253440076603132  0.24311799703643666  0.26169170700366695
  0.27522447132539901  0.28409145988787304  0.28969171403773608  0.29464938680977704
  0.29725218938481729  0.30136660871556153  0.30942650422474083  0.31501649653872515
  0.32100767255075241  0.33023565509403058  0.33765450355119542  0.34155069088474632
  0.34299891136435823  0.34427404549338875  0.34572153145143497  0.34934843844342578
  0.35315315813902542  0.35673213960705685  0.36013130642539132  0.36327472801725258
  0.36596037926447833  0.36808444747887120  0.37099732752538123  0.37511458509987788
  0.37888521013958948  0.38402578028502421  0.39040221281416565  0.40005177022673710
  0.40995748924114600  0.41722932245889033  0.42461636135783620  0.43206642000449336
  0.43768110835168650  0.44276969979155806  0.44774905599640424  0.45246325448959407
  0.45604214848357455  0.46030564860176576  0.46361476591706990  0.46831433497558345
  0.47320584300817825  0.48028600325502108  0.48948190309020945  0.50065132391461498
  0.50860457477939336  0.51565014987819491  0.52201446465920576  0.52474066712430534
  0.52819821465870254  0.53058049524096673  0.53274139941496201  0.53563583146835658
  0.53826890172436992  0.54281583103404063  0.54953049665968456  0.55779291512215512
  0.56949006723137752  0.58206568951256021  0.59053958587004007  0.59231047876113108
  0.59399185909908636  0.59545443436647116  0.59719761440204588  0.60125721080617556
  0.60488343574851711  0.60809458251859305  0.61173566388265221  0.61582470376234644
  0.62032550525364427  0.62357320929166171  0.62664960625125721  0.63038034493658657
  0.63505996699021672  0.64012104961190985  0.64553047467444624  0.65445203539670227
  0.66645270907424770  0.67653980999358565  0.68984024911846231  0.70519207652046334
  0.72224677834834472  0.74151624985821074  0.76650996619288292  0.78951848224357291
  0.81267005890664623  0.83838301590160491  0.88064836212930520  1.00000000000000000
 -0.00573870513664860  0.01756239493870891  0.02943770359679652  0.03720883096889637
  0.04484300345724868  0.05243859344795149  0.05725462040087786  0.06266679634368169
  0.07054452701095353  0.07725933282412772  0.08531320562343674  0.10104476714610594
  0.11524994680702808  0.12546527047751010  0.13247872362444690  0.13614503872059566
  0.14297255677643397  0.14972912425341409  0.15726266143030623  0.16457944273133404
  0.17285844262889866  0.18227388584887902  0.19639855395084257  0.21253353702748107
  0.22656754889432770  0.23702131975510607  0.24153954634654268  0.24578301897520718
  0.25245662139063635  0.25898592094419004  0.26486262224038593  0.27186362778476048
  0.27927365519699776  0.28734091194536460  0.29667662005870687  0.30799186225026254
  0.32419480006383256  0.35852898926867688  0.38619724742767536  0.40404324364350097
  0.42032636159351144  0.43534921425274342  0.44347660843466130  0.44898886479932426
  0.45640138372979155  0.46503924604887514  0.47340580484840689  0.49354185650076898
  0.50537459588643785  0.51736942777136730  0.53054047140159710  0.54514566648092855
  0.55453761069427387  0.56065701158758652  0.56835577862017672  0.58009158713828468
  0.59289205149578850  0.60370512949238531  0.61712919453713344  0.63010170371857788
  0.64129781361185190  0.65062014867611140  0.65798698318726512  0.66493707862462725
  0.67402594647451841  0.68177195015165948  0.69007468870903388  0.69886733748513585
  0.70698198018842318  0.71335856561713407  0.71560834331638845  0.71824048753469483
  0.72106484233048673  0.72469890892231992  0.73197020302133997  0.74769899360546088
  0.76461271983480039  0.77879760053676095  0.79041766039182271  0.80021597056341709
  0.80943943800787221  0.82512297226028053  0.84313424965556294  0.86193998820732931
  0.88049857499156203  0.89836401638331109  0.90720093060707818  0.91399369953296750
  0.91793299424270114  0.92370918605770191  0.93474728902515225  0.94895273023963311
  0.95906411326919938  0.97106049036765651  0.98568078752679233  1.00000000000000000
  0.40327000768554727  0.49669628552980477  0.55655274930018594  0.60943601735675546
  0.65077402202459900  0.69244304491773068  0.72983819549366535  0.75018915755373461
  0.76237427654338952  0.79088378709261653  0.80552562342219780  0.81579851882786059
  0.82168447482899587  0.82696056935731765  0.83199715694900334  0.84153134094102111
  0.85401789587361021  0.86762738598208378  0.87764628949074297  0.88349790196707279
  0.88671359532131899  0.88940337650336598  0.89164608606616758  0.89371116182679011
  0.89535892495854774  0.89727357252533746  0.90094603417977515  0.90400276325904760
  0.90605135046855367  0.90833404338945645  0.91071738393127177  0.91335275507830305
  0.91687301074472238  0.92029297930651899  0.92353434600920747  0.92604003281988267
  0.92737714448435993  0.92806051357826214  0.92849513002476081  0.92906686205160638
  0.92968869097612128  0.93065886637610062  0.93177838275258684  0.93328331197019143
  0.93607734638935836  0.93892844551060384  0.94159662624218454  0.94404254363640749
  0.94538544306971117  0.94626619070482820  0.94737635220410366  0.94846905306647855
  0.94966203572410279  0.95033151739483313  0.95109008191626532  0.95207153116274623
  0.95299237732981934  0.95418062332386799  0.95535888738463237  0.95641824387065555
  0.95732377670625635  0.95819020440649338  0.95915991339349549  0.96041069194496975
  0.96176491923410423  0.96271752055322102  0.96363741782106827  0.96453128740500771
  0.96541539893866857  0.96650866985010686  0.96783818483330131  0.96896850206662821
  0.96953473722230366  0.96989266264903551  0.97025782516672743  0.97063520365707756
  0.97094617657994675  0.97119647130713305  0.97156290168221360  0.97206846142007308
  0.97260923258380771  0.97333020096771461  0.97437220326435614  0.97581090134156301
  0.97757509919496222  0.97960473211406907  0.98181965176629427  0.98363854801610584
  0.98537676331241508  0.98688347948425281  0.98808963986177611  0.98941801907858884
  0.99120980547768978  0.99358777599912818  0.99631176638836760  1.00000000000000000
 -0.04069861873741767  0.20032147383514345  0.26266814740533767  0.29592698048680871
  0.32083773344297167  0.33518541016865055  0.34128241865604753  0.34799943520203525
  0.35428319297555078  0.36370207699347967  0.37483628863232721  0.38611188922991430
  0.39588616516540026  0.40460978518486185  0.40937667649275250  0.41717641255361654
  0.42401145068116175  0.42934694432576354  0.43528031043723880  0.44092127193857117
  0.44656975818898570  0.45854069642602924  0.46930794351569860  0.47841414281580819
  0.48916527572821550  0.49957149144356477  0.50826814940022780  0.51724214354084164
  0.52525352363877531  0.53257335152767105  0.54313459310100298  0.55479890979030744
  0.56537146300416130  0.57594401621801528  0.58396012934886965  0.59197268867836850
  0.59904293546799803  0.60440774274990050  0.60977255003180286  0.61658127854619671
  0.62409376934679950  0.63466482222571130  0.64575921360167088  0.65384634929994023
  0.65853762918790193  0.66287072006144598  0.66699640867944743  0.67097988991441526
  0.67565282352122291  0.68044407272665841  0.68532381473154536  0.68967418576940387
  0.69220968822607809  0.69424626041811099  0.69703101755768659  0.70011695879625491
  0.70338608823355697  0.70627715199921370  0.70926138560556118  0.71208221339994571
  0.71451116957010097  0.71671038518542851  0.71938229866669101  0.72205355501860946
  0.72489857418921977  0.72743863957465293  0.72977713709434733  0.73270827519839909
  0.73489155156595720  0.73650323275025731  0.73820031490171012  0.74037731428712339
  0.74327091692572844  0.74873587390366714  0.75785562599066536  0.76244269257037800
  0.76685843153345434  0.77148283049131994  0.77642036520981506  0.78162081713175247
  0.78723204982292105  0.79372882426533997  0.80059302321301495  0.80599091469306705
  0.81094183691402133  0.81874863658446562  0.83492677091053380  0.86056216826648391
  0.87622285534281863  0.88440729999928980  0.89062253816089809  0.89529676717927986
  0.90147138699151230  0.90781064263024691  0.92425139973002324  1.00000000000000000
   3.8319387047896754E-018  -1.0000000000000000     
 F F F F F F F F F F F F F F F F F F F F F F F F F F F F F F F F F F F F F F F F F F F F F F F F F F F F F F F F F F F F F F F F F F F F F F F F F F F F F F F F F F F F F F F F F F F F F F F F F F F F F F F F F F F F F F F F F F F F F F F F F F F F F F F F F F F F F F F F F F F F F F F F F F F F F F F F F F F F F F F F F F F F F F F F F F F F F F F F F F F F F F F F F F F F F F F F F F F F F F F F F F F F F F F F F F F F F F F F F F F F F F F F F F F F F F F F F F F F F F F F F F F F F F F F F F F F F F F F F F F F F F F F F F F F F F F F F F F F F F F F F F F F F F F F F F F F F F F F F F F F F F F F F F F F F F F F F F F F F F F F F F F F F F F F F F F F F F F F F F F F F F F F F F F F F F F F F F F F F F F F F F F F F F F F F F F F F F F F F F F F F F F F F F F F F F F F F F F F F F F F F F F F F F F F F F F F F F F F F F F F F F F F F F F F F F F F F F F F F F F F F F F F F F F F F F F F F F F F F F F F F F F F F F F F F F F F F F F F F F F F F F F F F F F F F F F F F F F F F F F F F F F F F F F F F F F F F F F F F F F F F F F F F F F F F F F F F F F F F F F F F F F F F F F F F F F F F F F F F F F F F F F F F F F F F F F F F F F F F F F F F F F F F F F F F F F F F F F F F F F F F F F F F F F F F F F F F F F F F F F F F F F F F F F F F F F F F F F F F F F F F F F F F F F F F F F F F F F F F F F F F F F F F F F F F F F F F F F F F F F F F F F F F F F F F F F F F F F F F F F F F F F F F F F F F F F F F F F F F F F F F F F F F F F F F F F F F F F F F F F F F F F F F F F F F F F F F F F F F F F F F F F F F F F F F F F F F F F F F F F F F F F F F F F F F F F F F F F F F F F F F F F F F F F F F F F F F F F F F F F F F F F F F F F F F F F F F F F F F F F F F F F F F F F F F F F F F F F F F F F F F F F F F F F F F F F F F F F F F F F F F F F F F F F F F F F F F F F F F F F F F F F F F F F F F F F F F F F F F F F F F F F F F F F F F F F F F F F F F F F F F F F F F F F F F F F F F F F F F F F F F F F F F F F F F F F F F F F F F F F F F F F F F F F F F F F F F F F F F F F F F F F F F F F F F F F F F F F F F F F F F F F F F F F F F F F F F F F F F F F F F F F F F F F F F F F F F F F F F F F F F F F F F F F F F F F F F F F F F F F F F F F F F F F F F F F F F F F F F F F F F F F F F F F F F F F F F F F F F F F F F F F F F F F F F F F F F F F F F F F F F F F F F F F F F F F F F F F F F F F F F F F F F F F F F F F F F F F F F F F F F F F F F F F F F F F F F F F F F F F F F F F F F F F F F F F F F F F F F F F F F F F F F F F F F F F F F F F F F F F F F F F F F F F F F F F F F F F F F F F F F F F F F F F F F F F F F F F F F F F F F F F F F F F F F F F F F F F F F F F F F F F F F F F F F F F F F F F F F F F F F F F F F F F F F F F F F F F F F F F F F F F F F F F F F F F F F F F F F F F F F F F F F F F F F F F F F F F F F F F F F F F F F F F F F F F F F F F F F F F F F F F F F F F F F F F F F F F F F F F F F F F F F F F F F F F F F F F F F F F F F F F F F F F F F F F F F F F F F F F F F F F F F F F F F F F F F F F F F F F F F F F F F F F F F F F F F F F F F F F F F F F F F F F F F F F F F F F F F F F F F F F F F F F F F F F F F F F F F F F F F F F F F F F F F F F F F F F F F F F F F F F F F F F F F F F F F F F F F F F F F F F F F F F F F F F F F F F F F F F F F F F F F F F F F F F F F F F F F F F F F F F F F F F F F F F F F F F F F F F F F F F F F F F F F F F F F F F F F F F F F F F F F F F F F F F F F F F F F F F F F F F F F F F F F F F F F F F F F F F F F F F F F F F F F F F F F F F F F F F F F F F F F F F F F F F F F F F F F F F F F F F F F F F F F F F F F F F F F F F F F F F F F F F F F F F F F F F F F F F F F F F F F F F F F F F F F F F F F F F F F F F F F F F F F F F F F F F F F F F F F F F F F F F F F F F F F F F F F F F F F F F F F F F F F F F F F F F F F F F F F F F F F F F F F F F F F F F F F F F F F F F F F F F F F F F F F F F F F F F F F F F F F F F F F F F F F F F F F F F F F F F F F F F F F F F F F F F F F F F F F F F F F F F F F F F F F F F F F F F F F F F F F F F F F F F F F F F F F F F F F F F F F F F F F F F F F F F F F F F F F F F F F F F F F F F F F F F F F F F F F F F F F F F F F F F F F F F F F F F F F F F F F F F F
  <DiscreteSampler_grid>
  grouped_processes
  1 # 1 for a reference and 2 for a running grid.
  10 # Attribute 'min_bin_probing_points' of the grid.
  1 # Attribute 'grid_mode' of the grid. 1=='default',2=='initialization'
  0.0000000000000000 # Attribute 'small_contrib_threshold' of the grid.
  0.5000000000000000 # Attribute 'damping_power' of the grid.
 # binID   n_entries weight   weight_sqr   abs_weight
    61   10   6.459493395004921E-020   2.268487884723455E-038   6.459493395004921E-020
    62   10   6.459493395004997E-020   2.268487884723525E-038   6.459493395004997E-020
    64   10   1.291898679000984E-019   9.073951538893819E-038   1.291898679000984E-019
    65   10   1.291898679000999E-019   9.073951538894100E-038   1.291898679000999E-019
    67   10   3.468411065024276E-016   1.044756900322568E-030   3.468411065024276E-016
    68   10   3.468411065024301E-016   1.044756900322559E-030   3.468411065024301E-016
    70   10   6.936822130048553E-016   4.179027601290270E-030   6.936822130048553E-016
    71   10   6.936822130048602E-016   4.179027601290234E-030   6.936822130048602E-016
    106   10   6.459493395004923E-020   2.268487884723455E-038   6.459493395004923E-020
    107   10   6.459493395004939E-020   2.268487884723480E-038   6.459493395004939E-020
    109   10   1.291898679000985E-019   9.073951538893822E-038   1.291898679000985E-019
    110   10   1.291898679000988E-019   9.073951538893919E-038   1.291898679000988E-019
    112   10   3.468411065024275E-016   1.044756900322567E-030   3.468411065024275E-016
    113   10   3.468411065024300E-016   1.044756900322559E-030   3.468411065024300E-016
    115   10   6.936822130048551E-016   4.179027601290267E-030   6.936822130048551E-016
    116   10   6.936822130048601E-016   4.179027601290235E-030   6.936822130048601E-016
  </DiscreteSampler_grid>
