  0.00005403428927707  0.00005417125301497  0.00005438619800060  0.00005461923262555
  0.00005485553109125  0.00005510344108638  0.00005533222460000  0.00005554756968757
  0.00005578118628124  0.00005606155509761  0.00005636238815347  0.00005663240854200
  0.00005683329168234  0.00005707324154870  0.00005730086596926  0.00005753619927061
  0.00005779892717698  0.00005805056827371  0.00005828995367425  0.00005863131054885
  0.00005899982164913  0.00005937743471103  0.00005974651910017  0.00006006821362090
  0.00006036910858758  0.00006067399990647  0.00006098199707985  0.00006124688614063
  0.00006143385901235  0.00006159289295803  0.00006174786143213  0.00006197722027980
  0.00006223004378103  0.00006247314033105  0.00006271217067077  0.00006317849118776
  0.00006379308162908  0.00006442694733183  0.00006498642394188  0.00006547544158078
  0.00006596304385377  0.00006643282028709  0.00006693550806124  0.00006746621318577
  0.00006813884883826  0.00006890760052257  0.00006955984588387  0.00007016701531340
  0.00007075552858350  0.00007136480360798  0.00007205756486106  0.00007270896957216
  0.00007326740951804  0.00007389005834217  0.00007450489033503  0.00007512746856729
  0.00007593523762638  0.00007693714646812  0.00007805404246800  0.00007921274017317
  0.00008049643373389  0.00008201632926705  0.00008354225081092  0.00008482906587945
  0.00008628236042620  0.00008817818926951  0.00009025185068548  0.00009176814531057
  0.00009322022299319  0.00009466897235643  0.00009636789609680  0.00009860891703890
  0.00010119078951942  0.00010402271976912  0.00010672947747081  0.00010966721966341
  0.00011297744548280  0.00011666544607473  0.00012063535321532  0.00012524104717471
  0.00013068703294400  0.00013615179196387  0.00014101874037273  0.00014612378205770
  0.00015151161609133  0.00015771626155596  0.00016660584568526  0.00018554461962370
  0.00021178976173410  0.00023492371500034  0.00026791594799140  0.00032220208786664
  0.00047120341291524  0.00138425528990163  0.36892695006477288  1.00000000000000000
  0.00693042608181192  0.02572569880796614  0.03533468099663899  0.04331403295148378
  0.05330983726993370  0.06146707959385617  0.06899651619340538  0.07728559051920644
  0.08834409520239421  0.10113442728072967  0.11339161620101319  0.12415813947772975
  0.13524137716423762  0.14531895718970098  0.15477550260596218  0.17352144047114235
  0.18675474798002700  0.19687101955356878  0.20597417017965231  0.21455529395864625
  0.22646202649937702  0.23965329156393878  0.25254349834419604  0.26882902262646474
  0.28550523299348118  0.29952997517967983  0.30910356923407478  0.31692981763800432
  0.32472145186738982  0.33364100374491418  0.34512165712898862  0.35894052119276337
  0.37236359478240189  0.38471036576768242  0.39580864442019148  0.40431157910126103
  0.41218863276662115  0.41948873452481855  0.42632995987841299  0.43361551818046545
  0.44367932312844821  0.45627140258658133  0.47156800361849266  0.48651060597695239
  0.50055335989716243  0.51262502432555457  0.52204280816372717  0.52894831954548571
  0.53556426799361090  0.54251587494796094  0.54780407909160034  0.55318655501531644
  0.55919984102940901  0.56441965576658459  0.57179922248122927  0.58295171122605949
  0.59447234825505491  0.60696977508542127  0.61948873473883992  0.63110095736761229
  0.64079711626357472  0.65039616207105755  0.65930403320724040  0.66804089262688560
  0.67777336711106684  0.68819680300163577  0.69930786720961013  0.71062103454030767
  0.72148727263168788  0.73158598578919765  0.74165842865898191  0.75186335629889056
  0.76165239485417835  0.77179256324504186  0.77914002108751645  0.78971429257281667
  0.79855246732512963  0.80632290615240299  0.81494123712837574  0.82366687027111973
  0.83192091463028683  0.84034574218253488  0.85105833812914944  0.86213230590653434
  0.87261488948860411  0.88492594144172010  0.89728753732674282  0.91099327456866075
  0.92552905457739065  0.93857388504658401  0.95020615718925272  0.96243242667117024
  0.97382233241673677  0.98315406446920617  0.99064383633498354  1.00000000000000000
  0.00027825208361429  0.00028411937161383  0.00029143113450794  0.00029830342124603
  0.00030449551978854  0.00030904070632720  0.00031269371025285  0.00031575489249991
  0.00031858309450649  0.00032142274398387  0.00032455514792341  0.00032844292043004
  0.00033263687458337  0.00033748364717840  0.00034211156347824  0.00034576033755299
  0.00034890889001858  0.00035215495267830  0.00035552022159635  0.00035873661679910
  0.00036183922850312  0.00036532046323445  0.00036997568986459  0.00037425566481893
  0.00037772935882125  0.00038090972864356  0.00038423394376029  0.00038832716311726
  0.00039227795919369  0.00039627624973973  0.00040031268834084  0.00040390719287505
  0.00040726319253554  0.00041055155125047  0.00041432493519248  0.00041908418150809
  0.00042513132167914  0.00043084306445927  0.00043627882246913  0.00044167358957840
  0.00044685746771112  0.00045265385992058  0.00045870152949546  0.00046345134062772
  0.00046803547994421  0.00047232741551224  0.00047649708583498  0.00048041530929347
  0.00048422102777399  0.00048954434611264  0.00049618550261782  0.00050336860593441
  0.00051076094296038  0.00051819436787946  0.00052566641047382  0.00053340553933471
  0.00054149128909596  0.00054963934642900  0.00055800225864267  0.00056730763477208
  0.00057805486547878  0.00058956507503349  0.00060048838419255  0.00061030500942692
  0.00061889227781077  0.00062732625928220  0.00063773527189527  0.00065340202213446
  0.00067062833953602  0.00068784946863728  0.00070710382735665  0.00072600914707588
  0.00074717136874663  0.00076646746734424  0.00078513536390094  0.00080520582532706
  0.00082537527676373  0.00085332664350310  0.00088763400034508  0.00092181714017989
  0.00095865538296221  0.00100421736231308  0.00105109438167640  0.00110079955675448
  0.00115779271618227  0.00123312212795707  0.00129835488026108  0.00135613147909421
  0.00143002921397588  0.00155041158616471  0.00174302150333763  0.00200126318138805
  0.00250542808723986  0.00378423338062270  0.52509804151390715  1.00000000000000000
  0.00289482695064056  0.01397447579022403  0.02679582847498191  0.03915592636916011
  0.05294048818660704  0.06636859654353597  0.07959003282532894  0.09117076932431828
  0.09746076763887609  0.10476075087927997  0.11298440037749086  0.11993099699141729
  0.12645272169821944  0.13219822552713592  0.14022463042237773  0.15254649783477245
  0.16611754221435102  0.17932732744321517  0.19131031378349500  0.20138443359641198
  0.21174144996585673  0.22350686341872894  0.23638624978767400  0.24803706349429436
  0.25999249072639219  0.27055946456832286  0.28108548854083282  0.29118422409706035
  0.30374621034394328  0.31730047475180778  0.33125222711967195  0.34488907352747439
  0.35580625738464233  0.36502252507421062  0.37307075571657894  0.38241415109619387
  0.39244568428302157  0.40435331939666092  0.41720861733408732  0.43123781800044597
  0.44381944833779990  0.45581752781788248  0.46619792194608778  0.47758422350536334
  0.49057992509443743  0.50122992065252647  0.51222329775258924  0.52240058456517890
  0.53275289697919126  0.54449457543062552  0.55743432474912957  0.57217879230813751
  0.58497928022653478  0.59320925364299337  0.60139936247986048  0.61164847886275742
  0.62289606655321195  0.63518902625467122  0.64660806960724948  0.65906407863070260
  0.66945838870239094  0.67965129498181043  0.68954936754462393  0.69884226683957551
  0.71013288284260179  0.72479209328832706  0.73711292328251687  0.74736866517369205
  0.75822935218630350  0.76916548109509908  0.78210706712782541  0.79595242126303745
  0.80671467691366705  0.81536311719061805  0.82258738825346811  0.82968498244661715
  0.83696908024642991  0.84434825526025004  0.85331919319083149  0.85985977280796089
  0.86674875628679837  0.87481313323620424  0.88409265714164131  0.89252098972440608
  0.90231721751552751  0.91208293670027363  0.92155921725079104  0.93124870380497216
  0.94145750516288940  0.95312980654465229  0.96404439383940621  0.97247293935169599
  0.98036321187768471  0.98779792509382491  0.99187569489873095  1.00000000000000000
  0.00040116576965758  0.00055109402493619  0.00066434653154553  0.00071880365984924
  0.00077912292767671  0.00082143862809439  0.00086212029796235  0.00091129026515759
  0.00096064829430037  0.00101920754888419  0.00107339876856032  0.00112006745758505
  0.00116836858075929  0.00123096173908893  0.00129892660599279  0.00134299831965676
  0.00138884489764140  0.00143643304562556  0.00151502537067518  0.00160469166102754
  0.00168520891220173  0.00176538259240686  0.00184572953044488  0.00191794711521150
  0.00197914402808926  0.00205692011105602  0.00213208265080240  0.00218577469631337
  0.00224737020503490  0.00232186767317637  0.00239535488677478  0.00245455681603071
  0.00253499806245192  0.00264987832519676  0.00277758050351526  0.00291169077048465
  0.00304836343963628  0.00320107267244247  0.00335698517486812  0.00348544544529846
  0.00361519138770852  0.00373341491766287  0.00384028312638075  0.00396140510680960
  0.00408943563864017  0.00421406191924206  0.00433914273445636  0.00446529835446922
  0.00461604173831921  0.00477262191427458  0.00495292620886156  0.00513254915111468
  0.00530668418725120  0.00549561972387703  0.00567743423029275  0.00590286181568907
  0.00614148080470227  0.00636099534380995  0.00659678051534020  0.00682262897624262
  0.00704608596741366  0.00731229345086546  0.00760837115853181  0.00793487660348126
  0.00827951938471933  0.00866715009541687  0.00899339794216959  0.00929005090820303
  0.00965566023936849  0.01008109110329877  0.01077110650527277  0.01182256382545746
  0.01299159647553228  0.01387475999082899  0.01472565129997681  0.01550308660464614
  0.01606929432491399  0.01666063265109687  0.01730358114642581  0.01796037816097419
  0.01894058300188905  0.01999756699625709  0.02096502250284377  0.02190972158423535
  0.02266441249069402  0.02327102453458084  0.02387763657846766  0.02454708322487276
  0.02539406328731260  0.02624104334975245  0.02721186437877475  0.02840409302594182
  0.02959632167310889  0.03175894829555156  0.22142893058303537  1.00000000000000000
  0.00037875144765128  0.02296943485109325  0.04055290181037752  0.05286757466151036
  0.06472720273883546  0.07733415719164698  0.09098627886788330  0.10532341626044776
  0.11787628768775062  0.12554851186736801  0.13070217598737299  0.13701928292974325
  0.14382964538541887  0.14943347279193239  0.15584773639965716  0.16464884228118851
  0.17544438287357739  0.18692163985584395  0.19967360874056803  0.20915720498976814
  0.21991687372411256  0.22985654650095177  0.23909847760088612  0.24813069343560390
  0.25734079286872452  0.26706865554374154  0.27709782665223281  0.28634707157474470
  0.29806672369378201  0.31204459931875883  0.32924448020225450  0.34466878226421688
  0.35755388601846222  0.37000306966973806  0.38333212954241208  0.39983552964848385
  0.41657712523150453  0.42735569040747612  0.43695766013366033  0.44689305387804068
  0.45907789589918818  0.46917419027488638  0.47683455966905414  0.48345464442228464
  0.49068316315208438  0.49997249477703753  0.50887253110308162  0.51969855888709715
  0.53395024208628816  0.54838887629541588  0.56207885042123518  0.57493407532412022
  0.58618052790472397  0.59812025546354142  0.60949593905595079  0.62013877457809374
  0.63117339400471029  0.64294349184204824  0.65451839568574866  0.66446780758940083
  0.67491314370691247  0.68456641005080676  0.69296471697890094  0.70082270835343674
  0.70906496506112404  0.71820376082459714  0.72775352317415931  0.73403578266211700
  0.74187868725600825  0.74990458854784159  0.75892203643372336  0.76958535584527499
  0.78095055107087219  0.79230119261379106  0.80352595626420142  0.81465671702795350
  0.82502365715937531  0.83439713441163121  0.84155104586656393  0.84914960032185127
  0.85721978037393853  0.86575538365471505  0.87517096115817061  0.88392275541158327
  0.89272678393961580  0.90235376713862292  0.91241598848593020  0.92249382296003779
  0.93268467994142024  0.94229964168062674  0.95106092211626292  0.95988993590456073
  0.96823747322514120  0.97697408589282397  0.98694461547726309  1.00000000000000000
  0.00000913339499634  0.00001648798668710  0.00001865248366541  0.00002299641327962
  0.00002915833454639  0.00003391716687536  0.00003784535970502  0.00004266225821089
  0.00004757136939911  0.00005317331469680  0.00005888953673705  0.00006478816154543
  0.00007087451334439  0.00007757205313541  0.00008534359464798  0.00009355657138746
  0.00010190229849363  0.00011016947467512  0.00011827669451328  0.00012680405946428
  0.00013488832080288  0.00014412374525889  0.00015444528674440  0.00016499919657862
  0.00017591843021311  0.00018665899910929  0.00019685285291571  0.00020705336059734
  0.00021821203929913  0.00022997533151553  0.00024520816746753  0.00026198150100268
  0.00028001943332132  0.00030027982375771  0.00032299852290037  0.00034528124062630
  0.00036524802770689  0.00038566493676169  0.00041217445735033  0.00043542071428475
  0.00045316820230660  0.00047061909112752  0.00048898912956968  0.00051063815739667
  0.00054106881683886  0.00058202058987398  0.00062954923908332  0.00068844209100040
  0.00074700119051520  0.00079839149266354  0.00084559163397971  0.00089689517073103
  0.00094929696436182  0.00100037370339037  0.00105583571889465  0.00111549357084940
  0.00118451319675480  0.00125669798474725  0.00133040907170861  0.00140065872502839
  0.00147369945201226  0.00156315023044719  0.00167103375996694  0.00178979172976999
  0.00190231687619659  0.00202239257974785  0.00218548092690002  0.00228633155441463
  0.00238528998143765  0.00248429947478380  0.00258570336038457  0.00268020098174842
  0.00276302596703954  0.00283133653526480  0.00292486704543042  0.00307422165855266
  0.00327173130354733  0.00349002019414608  0.00372582271456013  0.00398243614573585
  0.00425370933531128  0.00450870413185931  0.00475659936242343  0.00502645541764011
  0.00535426777341881  0.00573124182967078  0.00616129371416547  0.00682765087462294
  0.00759987620842723  0.00855341920000271  0.00981818980830151  0.01084284064242447
  0.01182117979038457  0.01288666186508484  0.49191401818100655  1.00000000000000000
 -0.00238794257725806  0.01067656292175747  0.01913118345848408  0.02576823062165415
  0.03438957102711294  0.04451113457859885  0.05711005981720354  0.07018381783414590
  0.08908417779674584  0.10081680109112275  0.11227701958166325  0.12225990064415991
  0.13081135456655649  0.13936907178469157  0.14900505889964274  0.15934683999771107
  0.17019897292201344  0.18264322940583208  0.19653512653114183  0.21094144696042166
  0.22323403127608946  0.23588449468336684  0.24791693932823539  0.25944066326296950
  0.26931284104264858  0.27687453633918130  0.28367295537930320  0.29052388766551973
  0.29695846233726364  0.30594075298786499  0.31645019969980365  0.32883634179176374
  0.33973757822741574  0.34814789791005152  0.35508671285721299  0.36234744667216856
  0.37014101164581648  0.37740041110647071  0.38528199880355124  0.39351281807752542
  0.40386262587279420  0.41542233705684550  0.42651269870007208  0.43609656559394006
  0.44611404677276895  0.45721339503397185  0.47056615878432173  0.48204021031735589
  0.48998301396640404  0.49779762364656188  0.50530191648487799  0.51320944518462719
  0.52311913148867439  0.53216290841635827  0.54305560306050704  0.55395210254340010
  0.56306068559671218  0.57032624842564950  0.57671780419993834  0.58325413993742126
  0.59079747997943155  0.60005238987409171  0.60942709973720255  0.61891778954584764
  0.62900326661027361  0.63969678131352481  0.65054096673652428  0.66078831338150035
  0.67085786344950837  0.68389644080124212  0.69330671470764293  0.70129253430821659
  0.70825872569369863  0.71642256938577120  0.72595191775552614  0.73553671593664127
  0.74308869244923970  0.74860260902671893  0.75325106693226718  0.75865110960996152
  0.76610387105743705  0.77381611136998396  0.78125329251324871  0.79060925437066665
  0.80044899168724659  0.81019417432882923  0.82000056869982463  0.83174664569539791
  0.84776458013047662  0.86674076060516636  0.88456437341787175  0.90342356065409035
  0.92090217620932846  0.94115579230873359  0.96367731011537361  1.00000000000000000
 -0.00237990829805801  0.00946937386021830  0.01808000505417893  0.02625198530134542
  0.03419148909392292  0.04434249463088719  0.05890517851734280  0.07657722074855654
  0.09101945472482277  0.10078761080445071  0.11037742675316427  0.11833836955156797
  0.12656487279028314  0.13723651273971180  0.14932720409538253  0.16308536399177681
  0.17727442939352939  0.18980670214029141  0.20170095912713948  0.21620554100337436
  0.23018246315445867  0.23742000149892664  0.24371525757494492  0.24968893589340332
  0.25610432738188244  0.26253162966624938  0.27278095748919329  0.28236931163787854
  0.29087944698951751  0.30275580225839938  0.31523386045555390  0.32800594384343906
  0.33885926072044620  0.34772573582213046  0.35709726542486880  0.36635595560241646
  0.37724745369498724  0.38889200005127167  0.40054473503058274  0.41253528461870187
  0.42366092540494937  0.43296057634361801  0.44089514293310211  0.44736046299481830
  0.45294832400909041  0.46184717450250040  0.47311569697586903  0.48463303836535621
  0.49691470528826931  0.50917266266077388  0.52177631306463201  0.53454852639368255
  0.54555721000186153  0.55621586001345125  0.56699369184901482  0.57798033190820208
  0.58923099215439145  0.59905912476697498  0.61150399092937124  0.62536334613294930
  0.63582149892092044  0.64425257853433859  0.65339312089837831  0.66321805699118352
  0.67414848761323043  0.68567164125683688  0.69723620298961186  0.70782289138184551
  0.71779103533780053  0.72710083509679557  0.73660500440513954  0.74594569021038470
  0.75365752853591594  0.76089821767903243  0.76711885630142029  0.77612894250044495
  0.78576269171359359  0.79431421307456407  0.80334939907887459  0.81198409986765130
  0.82274518290095000  0.83445876597704716  0.84684578746854067  0.85908663115762907
  0.87100529103337387  0.88294042202284706  0.89388984809733585  0.90508267303159029
  0.91606959417284972  0.92646430723834505  0.93764014327373435  0.95083639685254284
  0.96382520756137857  0.97576199040189338  0.98755570949202554  1.00000000000000000
 -0.00259071724846565  0.00837893112195981  0.01702235824132795  0.02639891371040495
  0.03586355791503885  0.04575913569789149  0.05633486601243606  0.06652169955145854
  0.07723162826513121  0.08750455083707578  0.09849492946543353  0.10969797756415541
  0.12090711202925593  0.13160885893738042  0.14098713984277383  0.15079569946167218
  0.16307016886297981  0.17563317478837745  0.18769856350421560  0.19869650086952426
  0.20913648682694463  0.21933598659181469  0.22870660032299339  0.23787140008366653
  0.24919770688955054  0.25906796819338729  0.27037262493166753  0.28511587587558607
  0.29715735015882427  0.30818736649216766  0.31801476989984179  0.32819787896924973
  0.33864934587649187  0.34992220502900323  0.36018637247129165  0.37079449203346082
  0.38158246791977529  0.39211956706638545  0.40205758035086336  0.41188402699530580
  0.42253975555528067  0.43497907416418025  0.44866565466843261  0.46055207649599578
  0.47174985131722891  0.48336215574265229  0.49526629836880165  0.50505702581058953
  0.51341977775435832  0.52146019462191284  0.52990488233124888  0.54098943794406329
  0.55362781921844584  0.56700651749888520  0.57989867508089399  0.59190270017012470
  0.60410965937096106  0.61673937881651697  0.63050837935691317  0.64584011708158340
  0.65762474266626070  0.66586874048071687  0.67376168604353881  0.68145168598347916
  0.68844739388215404  0.69527191686736389  0.70140859422379664  0.70705831442350919
  0.71513221179396891  0.72764190767833870  0.73974439547730253  0.74751037928686237
  0.75549187929457218  0.76374542739483753  0.77095822826612992  0.78205324876674709
  0.79161370372779993  0.79997996179211894  0.80808586690834083  0.81782155255208089
  0.83091472903868846  0.84393897680725338  0.85826227329202087  0.87224974769634833
  0.88151566148013794  0.88986144939921519  0.89764191620176481  0.90601663127982590
  0.91547314412686032  0.92658091076204785  0.93418280562417777  0.94374937870107767
  0.95519605921940320  0.96812707535345077  0.98300759707777696  1.00000000000000000
 -0.00284342756717488  0.01103146117309536  0.02340828758893063  0.03499033429430993
  0.04592686346567871  0.05558524021470179  0.06368339449763427  0.07118126716657791
  0.08123650963820157  0.09219088533142801  0.10296951337649884  0.11493533570719869
  0.12919354386823850  0.14442597297535106  0.16003554542499562  0.17392485850377343
  0.18443069468379242  0.19334831161207261  0.20201627774659064  0.21182995253833203
  0.22379134109366774  0.23493525665217865  0.24328179135721556  0.25189118750412404
  0.25860010142157130  0.26661439741122411  0.27517958632734157  0.28345648810749152
  0.29287956877826904  0.30686241306320150  0.32149698492356765  0.33538459049457808
  0.34612964261000945  0.35259761874281853  0.35892228691968708  0.36538323208028706
  0.37159051535240134  0.37731284059692310  0.38392617388396455  0.38925745567345738
  0.40043781380313120  0.40928287903645699  0.41651183240286316  0.42248811517332985
  0.42931945669816662  0.43744259248483375  0.44702312001667921  0.45923092209493521
  0.46877988049637154  0.47811963455798095  0.48844188086286039  0.49749943640764527
  0.50607687825254677  0.51453633509121055  0.52119371309892015  0.53034908962994276
  0.54059753808674982  0.55062865468249600  0.56374114151540533  0.57686804725378604
  0.58869300564049643  0.60029118665442571  0.61155088842426764  0.62429309301286651
  0.63949405319376529  0.65659689697646306  0.67421953938776846  0.69232007227881864
  0.70425308594475833  0.71399933458736475  0.72320326428785042  0.73222842759784712
  0.74314496275939790  0.75494249315510953  0.76717628922865866  0.77929567632788599
  0.79248034678221480  0.80529122046568435  0.81626694675821121  0.82732029166978671
  0.83830104033439712  0.84877331268703360  0.85971822574901735  0.87132698988978241
  0.88378060632813704  0.89758097295352912  0.90917740514173639  0.92010183633685483
  0.93187703692350143  0.94486376010612116  0.95442871097159632  0.96254603906398051
  0.97066874769342171  0.97904053872939723  0.98839457840402800  1.00000000000000000
 -0.00498219447900242  0.01198896290669933  0.02942338829381200  0.04576288262868961
  0.06183132669289672  0.08026961612706056  0.09461571601959105  0.10792266742161680
  0.12014627836962381  0.13134710217801154  0.14282306655373969  0.15925593006800931
  0.17652261043371048  0.19390710792373339  0.20406681482774652  0.21159023492789755
  0.21918734589817973  0.22743254611522828  0.23400507297071005  0.24037124891069003
  0.24807567374378145  0.25627950907219993  0.26528839858213094  0.27470888327480214
  0.28422889587010092  0.29284104884688422  0.30187412984333234  0.31221041940680211
  0.32322764890518696  0.33386852951105023  0.34356788265578497  0.35215112219574529
  0.35703412849096872  0.36170043806249652  0.36643179668732967  0.37050625746733223
  0.37479655293115910  0.38267471706550366  0.39476133360028198  0.40564418490424642
  0.41453513997062569  0.42290224105586743  0.43084852198627127  0.43864857063571505
  0.44787847690549698  0.45812067674100798  0.47024674273496664  0.48393789047495900
  0.49720165776654035  0.50982301151273213  0.52166595830315665  0.53296254611486416
  0.54305106088131017  0.55358006134008086  0.56390711054136866  0.57560220761210534
  0.58802962379235868  0.59931700328875115  0.60889857156426375  0.61708925219292798
  0.62645494206225516  0.63793303908770738  0.64999384465939070  0.66192280883409915
  0.67157728814177298  0.68074826802267185  0.68842660451630200  0.69611731823513667
  0.70456401863509832  0.71347532975454486  0.72227588400740228  0.73215718801536611
  0.74338929832782275  0.75548726332723559  0.76829305023595218  0.78153854450446658
  0.79555637480411445  0.80869744778305386  0.82049967575039218  0.83097695860301268
  0.84047299285187571  0.84827450224610901  0.85407553940276815  0.86039952379212370
  0.86725395121944560  0.87670751064663377  0.88818119566697595  0.90390301471561152
  0.91649041606386739  0.92794810149097773  0.93816588122999578  0.94759662908303299
  0.95834808196985699  0.97229675793030423  0.98632857546630903  1.00000000000000000
 -0.00187913908031024  0.01062884153072897  0.01948406345218711  0.02874944367513560
  0.04076417849819234  0.05237319338044883  0.06627628268562752  0.07948398400110981
  0.09213249898743914  0.10459190897371810  0.11699483012755138  0.12963910312869503
  0.14346696156655700  0.15782214040369702  0.17086843641333174  0.18168529978095385
  0.19116999909493412  0.19884775610283231  0.20563865792522326  0.21257249345147078
  0.22092521314742586  0.23190300523124036  0.24552671025224385  0.25974888786733957
  0.26621649771518519  0.27204860918208262  0.27769812969534496  0.28403449133075248
  0.29197282711168576  0.30478432699328417  0.32023347837240090  0.33477064243929383
  0.34822080023199131  0.35965957344283450  0.37007154721443219  0.38021553727862983
  0.39095209775739209  0.40103704609733187  0.41234764919863065  0.42153429506032064
  0.42966236468217434  0.43782489610476272  0.44670166377612119  0.45548086257946280
  0.46505614163786579  0.47509096244399368  0.48417020767768570  0.49372881858927986
  0.50329408917449014  0.51213427867187822  0.51981254206054195  0.52795674540047943
  0.53931239421666477  0.55471809706698783  0.56514579765711082  0.57491364273834022
  0.58438584012241424  0.59486903655999279  0.60714256596295524  0.61785632579925476
  0.62853270440411735  0.63921004322976493  0.65103073663388711  0.66290357763626784
  0.67407879919608005  0.68447399474780191  0.69324997423737689  0.70121616900165218
  0.70997623385990039  0.71922858023958669  0.72917095959789535  0.74021567451241799
  0.75020951668108415  0.76084452376802703  0.76870560981886704  0.77604656441811937
  0.78598207789370800  0.79540081400851859  0.80541701393560217  0.81654690189502421
  0.82937252772330139  0.84307835988313506  0.85647043116687016  0.86659530732118195
  0.87581078984154037  0.88548020693958684  0.89602128653567636  0.90488250186246511
  0.91263503357870834  0.92144105258127129  0.93125417105885289  0.94138937097397346
  0.95374222427336763  0.96651991370255996  0.98290611669144157  1.00000000000000000
 -0.00774591737551991  0.03547221838152628  0.06233023951949795  0.08947151836361029
  0.12191081765055112  0.15561468845179344  0.18414919217523612  0.20852128164420347
  0.23103440595036492  0.25811969487313907  0.27829099360380627  0.29539558849327024
  0.30926420052207004  0.32127624382169323  0.33276078849600688  0.34456749913142659
  0.35509181585127347  0.36445210986083076  0.37375577366955598  0.38438726907605630
  0.39423878542759128  0.40270472830262805  0.41068740093830369  0.41924867003296246
  0.43007756610435904  0.44322478638900509  0.45589754333073607  0.46732211361119846
  0.47909814806326406  0.48877981956054672  0.49781972243488193  0.50748518911310847
  0.51752538964200012  0.52707565945517465  0.53742540598413513  0.54819857346427925
  0.55813332648886960  0.56758378402289045  0.57711470541253984  0.58815529298324232
  0.60112450230733516  0.61258333370912876  0.62113257074347672  0.62900315036742260
  0.63662027836940016  0.64311090398178716  0.64974790136624627  0.65732931948342077
  0.66625572714231052  0.67473004169779682  0.68333602780234504  0.69127571693747081
  0.69843366481026581  0.70711320042917047  0.71588121949020966  0.72268442829665958
  0.73030807994222080  0.73902593707358188  0.74817460037655803  0.75705862177401240
  0.76613625405891472  0.77582745612407089  0.78502589421709223  0.79378120905383254
  0.80226537951713051  0.81206371109058151  0.82171228584048706  0.83072465869399525
  0.83562546300832796  0.83939821325556263  0.84297073118869248  0.84682792230436343
  0.85074716617220614  0.85415941101099191  0.85887023505204807  0.86791364635389612
  0.87581981566164202  0.88423419056237795  0.89300775937757226  0.90115569690319264
  0.90987099873585697  0.91849602349392656  0.92693494178146385  0.93540703637616440
  0.94311335392112772  0.95047440854645004  0.95632177747084535  0.96239157573414413
  0.96833611417702192  0.97354415353206747  0.97782538774524030  0.98311206855726607
  0.98745690179486134  0.99130025049343540  0.99456560249618953  1.00000000000000000
 -0.00420014002635857  0.01461924371159416  0.03049943685160838  0.04453850719105976
  0.05741776885188666  0.06983820182671363  0.08255805590203250  0.09449193594529787
  0.10495462615438300  0.11319935259802179  0.12119042652224159  0.13021567176245843
  0.14009682439949711  0.15030444994255526  0.16065612902597565  0.17140634087281742
  0.18098922448329635  0.19006186037339726  0.19918592774598509  0.20911044802543408
  0.21969135840530435  0.22862105646206346  0.23742117569481144  0.24625049641408525
  0.25534256148253043  0.26342142432637761  0.27029260097385266  0.27778209058788933
  0.28839318741866515  0.30259356529054254  0.31883668739016680  0.33534709010928343
  0.34900487959927845  0.35973694118838934  0.36943265429498889  0.37856805410465444
  0.38719445906141381  0.39781972600476767  0.41036108584881353  0.42175802794877226
  0.43247402414865255  0.44426263775673980  0.45680533215618635  0.47113833878235767
  0.48646265666437000  0.50167405068911475  0.51512007800366311  0.52353610181096610
  0.52917365568956065  0.53755590569844947  0.54539501435096571  0.55186153561268148
  0.55767841226419390  0.56531892767851832  0.57475123256815952  0.58408829299111897
  0.59396869039086231  0.60510585861920474  0.61681933141068390  0.62713214191642364
  0.63750111193972991  0.64961216121869880  0.66219129714489977  0.67411779490934232
  0.68436154481826961  0.69452139976070659  0.70323335692972477  0.71153165791021888
  0.71965781282459140  0.72729693077261914  0.73568015578112878  0.74127619882267992
  0.74873725750564712  0.75729764732793026  0.76568462011989302  0.77457448121921058
  0.78310076410478213  0.79315121035291514  0.80508849566975738  0.81664623690253924
  0.82777279637732992  0.84065870904536544  0.84818642927773336  0.85529517222956497
  0.86207580634596481  0.86994070955058611  0.87816704989006100  0.88840229562479778
  0.90474038579331417  0.91999393747186797  0.93219927336409880  0.94506336677542757
  0.95850148554706471  0.97206463705400592  0.98510201415514653  1.00000000000000000
 -0.00271519168367052  0.01246609933377380  0.02501681490135518  0.03820317929837794
  0.05320807399503256  0.06980637380600196  0.08664707208173056  0.10016314502318199
  0.11179348406684296  0.12063409453069072  0.12826864377416466  0.13693695878270398
  0.14324166002148073  0.15188748182357156  0.15941015123667168  0.16555371682710229
  0.17165842189927394  0.17790123964539981  0.18382859274440921  0.18937727982539831
  0.19618624189575362  0.20382452522670771  0.21239037460901933  0.22159332681754287
  0.23308014529259358  0.24075304843944101  0.24693360309662887  0.25321522075179459
  0.25988462892818065  0.26656070596987119  0.27322816354162915  0.27955859255747328
  0.28623843958666495  0.29352458212024951  0.30121247818450103  0.30823502943698800
  0.31387931901892657  0.31925321070707163  0.32466841147373054  0.33076966417093812
  0.33714455536498317  0.34226652530203100  0.34689358930774500  0.35162699438441780
  0.35685904091665127  0.36249063701565126  0.36906666534327803  0.37591161099535481
  0.38274437677231404  0.38927466281264639  0.39549705454730644  0.40112904502172342
  0.40644760024700088  0.41208626963705475  0.41922776570321724  0.42938398264159672
  0.44012111975001206  0.45145004823087420  0.46227493011698517  0.47018184360782644
  0.47560668465837597  0.48057371876381794  0.48613088246536407  0.49278918719029707
  0.50056811647715271  0.50897094582968139  0.51769277239152445  0.52650039191106157
  0.53521596413384065  0.54424044930172888  0.55344946023292740  0.56411228985086703
  0.57639550378511528  0.58704276097751851  0.59422927036756212  0.60189568019281758
  0.61020859610311817  0.61791648237853514  0.62581339544857029  0.63456723354381350
  0.65021279608847371  0.66407865214302642  0.67380303149407350  0.68057428280875332
  0.69020519298687311  0.70407441030211204  0.71829669793415507  0.73102110491945438
  0.74176650802854394  0.75433831553631525  0.77161600352016846  0.79873211902624541
  0.83314374452864093  0.86865514485799344  0.91822119164711991  1.00000000000000000
 -0.00197395096362500  0.00824320919772745  0.01524252864039597  0.02358896780055134
  0.02929064542330136  0.03442982146226843  0.04192378204701615  0.05135177884752003
  0.06339035423112985  0.07588847722636802  0.08806254146158016  0.09989509098821624
  0.11364287835020408  0.12690256698639388  0.13927095896975419  0.15189233785208839
  0.16368158660841273  0.17450460485862715  0.18621064530644504  0.19993372853929134
  0.21411387397545248  0.22830091860600460  0.24072531068145150  0.25139045446860675
  0.26190686409806191  0.27204320233101120  0.28095755794682392  0.28874652401041234
  0.29723484522804078  0.30307111587423791  0.30701999490473481  0.31246663879946784
  0.32033118443885278  0.32961065267420125  0.33993453772394205  0.35270755554505656
  0.36296004952935140  0.37377742422036597  0.38498556698798470  0.39738050461163643
  0.41102812306474762  0.42589037396730983  0.44003050576443731  0.45186548424655903
  0.46431612722325027  0.47757187365517989  0.49077108271661019  0.50359855677485643
  0.51716183604507426  0.52799794118035615  0.53992638791416037  0.55108514107997375
  0.56024646688995317  0.57060901985880275  0.58186976974446036  0.59094867599445622
  0.59930999102715121  0.60822215633674326  0.61721334633138492  0.62767241942188767
  0.63871693502389193  0.64976705536242096  0.65862054184824703  0.66707769100946324
  0.67636780871076663  0.68478302785412493  0.69247500548883145  0.69956308247944421
  0.70913582599828762  0.71962075964412853  0.73173663353794960  0.74514307727994766
  0.75913851104609598  0.77231631830688696  0.78386430734506196  0.79522555306322495
  0.80759178109783003  0.82065718614226413  0.83359440142409558  0.84499552886441320
  0.85432628304555380  0.86336769919298817  0.87188429147444801  0.88092141231225285
  0.89050117574401855  0.90002177454905097  0.90894528343368497  0.91743594281131258
  0.92507203129613347  0.93310137709162400  0.94155604832415529  0.95059043469109705
  0.96024241969385560  0.97091000661751414  0.98402447714912378  1.00000000000000000
 -0.00695296566782309  0.03325098775005823  0.06413345574503612  0.08952346349492503
  0.11271190632843599  0.13310966475250646  0.15422379129554289  0.17549737636781687
  0.19588229447701799  0.21519877817221034  0.23270687358554543  0.24965395501714133
  0.26670078222256693  0.28248349037368969  0.29530371033958869  0.30694497733093545
  0.31781620164550350  0.32649461781394340  0.33419329469479414  0.34092892558270499
  0.34711960314286711  0.35625548162936976  0.36610945408117668  0.37669503356417444
  0.39026821965136615  0.40627227645584241  0.42201819151332953  0.43640312587308555
  0.44864524197627853  0.45924610852527065  0.46924232445781539  0.47938786267912531
  0.48843784255765788  0.49493350974148087  0.50153614259246138  0.50884549141243252
  0.51859977590252027  0.52892277508460606  0.53863181875308075  0.54710902403944006
  0.55486826725564464  0.56342465996500868  0.57053810000196847  0.57881849495261473
  0.58748481188723134  0.59702274895512253  0.60814749792436673  0.61954855617450477
  0.63120702611051682  0.64153897653353220  0.65098495688545044  0.66027310476883794
  0.66827481793343502  0.67587791893780425  0.68315661979824915  0.69023243545081858
  0.69883576722322716  0.70884614619538999  0.71704163470534832  0.72304962169396136
  0.72929409000122636  0.73534823485887546  0.74083486897788053  0.74605887829350148
  0.75145207997501196  0.75695830464989122  0.76449333935339359  0.77335571141794146
  0.78184478283197245  0.79318831772535492  0.80586737279675313  0.81458210126985364
  0.82000521413437588  0.82481517169162077  0.83006192331110706  0.83675488929043007
  0.84357108467871122  0.85103848291531314  0.85830672575246170  0.86451651818756647
  0.87098351995561341  0.87684935732348868  0.88407355445930158  0.89183023566867514
  0.89975087754712346  0.90826906307046595  0.91619198659634349  0.92490031058785183
  0.93478788550238157  0.94541484236785078  0.95570540738976384  0.96533070315832892
  0.97417541447307932  0.98219395058015790  0.99083365296968118  1.00000000000000000
 -0.00311044427203586  0.01152154920480208  0.02256641718969862  0.03308995399942136
  0.04389456690981824  0.05434069064461098  0.06365947138810506  0.07236874401631603
  0.08121408642209631  0.09050513506972818  0.09938371435840659  0.10948357860831623
  0.11998351123194483  0.13191988173707117  0.14381106809615218  0.15451512380949475
  0.16482017667356971  0.17400867173014081  0.18499289894941581  0.20022215082316547
  0.21576300802145543  0.23023501565396379  0.24396510369978555  0.25609364911682247
  0.26823275357110721  0.27961347112061130  0.29044677193674795  0.30158699848664117
  0.31281796761784486  0.32307130482765295  0.33382338713377080  0.34636774783400642
  0.35780040578686928  0.36790939689601282  0.37762407053836711  0.38651299724074367
  0.39372204814050310  0.40176096417283047  0.41053719891865675  0.42010587942275252
  0.43042430962410083  0.44108549491546711  0.44914457849809675  0.45406167298096978
  0.45924824330198777  0.46390182632673033  0.46893048216861638  0.47739867943991199
  0.48704585079568452  0.49593969928900916  0.50654405501229649  0.51795774049686782
  0.52736497927625992  0.53512796018153286  0.54292902940952592  0.55546192568212283
  0.57181286447031598  0.58678831933097853  0.59935253491096019  0.61030172313838460
  0.62058991213188597  0.63006341456468562  0.63839787035220497  0.64709900115490027
  0.65827125451913382  0.67045061014310148  0.68099154333946532  0.69134493764806593
  0.70274053820767091  0.71498508591466636  0.72556678290301324  0.73745164611640701
  0.75181395592083922  0.76544505443111555  0.77647553986605367  0.78659677792807414
  0.79480946783738837  0.80327353263035006  0.81325093887541733  0.82088391901221713
  0.82972013237385811  0.84043120458780984  0.85371678826100605  0.86844712927392809
  0.88336137639343026  0.89739757390080399  0.90838400627094096  0.91785036535115738
  0.92705274474794730  0.93796607929957243  0.95088611307904103  0.96098042804412409
  0.96821036002098415  0.97600328752273735  0.98496048549628334  1.00000000000000000
 -0.00241314315361511  0.00954708609013553  0.02036683372277575  0.02953158281159350
  0.03693918070601535  0.04517056520469543  0.05452245070224358  0.06407811602441212
  0.07223606507180047  0.07997200421035992  0.08761387936670137  0.09613685182801494
  0.10588489380055464  0.11742931865800268  0.12892721218081613  0.14052071185653031
  0.15190812225982880  0.16253605017002820  0.17339193546359360  0.18571295494961973
  0.19872002833896535  0.20783721131418118  0.21620794144242766  0.22606865525118908
  0.23735575973608683  0.24907690070807631  0.26031719003491066  0.27232716958848247
  0.28551971490043088  0.30150258880444925  0.31538748391174554  0.32984816989087956
  0.34104002457415405  0.35181273359183535  0.36233024580954387  0.37303774700278519
  0.38205159175706693  0.39053122751487040  0.39959462406697327  0.41014717933034806
  0.42244069672676116  0.43488268040859751  0.45051594803134665  0.46327250842034928
  0.47598924299697515  0.48444065003962333  0.49159842915974183  0.50026217345370894
  0.50962878297157399  0.51864925950913088  0.52820279465216602  0.53991988362080201
  0.55063088108135672  0.56092584534172607  0.57133943249503949  0.58293511612859694
  0.59506522850107257  0.60671939510133110  0.61714307126941614  0.62589882606546676
  0.63541551981103828  0.64458072323302495  0.65457581535215248  0.66443459558153606
  0.67385876880167683  0.68435726019197807  0.69617329707636599  0.70841323037624782
  0.71913331342697950  0.73119512243746454  0.74837109625834342  0.76589047300281177
  0.78077864224423477  0.79292100582518343  0.80327500006140773  0.81208532700363401
  0.82092825994489638  0.83045859805909217  0.84025546864759715  0.85278901425620424
  0.86698354878804296  0.87752127789633183  0.88776730196959830  0.89734503181777392
  0.90680159582093489  0.91546915393217376  0.93020878358503811  0.93949549035184454
  0.94715811294696794  0.95376326416084956  0.96056136340416121  0.96760396220049016
  0.97634175935454004  0.98506920930961239  0.99292578040189672  1.00000000000000000
  0.01752995150294598  0.53914468099375390  0.59178452768774781  0.63431958127975163
  0.65698010177235910  0.67591962346903889  0.69356267121881221  0.70951145423986162
  0.71927979350108751  0.72877162468739143  0.73826359662096008  0.74678781655406579
  0.75425194008883811  0.76162010726573492  0.76831928106413860  0.77372793066005741
  0.77912270874129230  0.78484458818602121  0.79158836531805687  0.79922293277028456
  0.80570763971747494  0.81150084290621161  0.81602128565336862  0.82116706702416131
  0.82562753749925666  0.83041173484134245  0.83549906151982800  0.84048498863146359
  0.84500092210307609  0.84916599836526430  0.85334492670010509  0.85711587532515376
  0.86055781548755017  0.86374299588326542  0.86661493803043843  0.86948169766841954
  0.87297787858263975  0.87722402453910930  0.88159155179662774  0.88525787151049418
  0.88813163862360289  0.89076743457971153  0.89324262644544439  0.89562060818242939
  0.89799807734204340  0.90065812393535460  0.90348994435526664  0.90661816054358846
  0.91009470260402947  0.91362099364637006  0.91673205380956724  0.91918003525178327
  0.92142162233336233  0.92367731674179543  0.92583084095210888  0.92798571083691883
  0.93013175116813951  0.93229351919913750  0.93439449722486945  0.93607970159809317
  0.93757326635430804  0.93896990524422508  0.94049666326653170  0.94203523178078896
  0.94394587741539104  0.94598357370260699  0.94783304580258609  0.94953759819095684
  0.95107351312662203  0.95249990339289625  0.95392980936161664  0.95546313339947653
  0.95710851789351403  0.95838915936643831  0.95923545560116352  0.96002722091806325
  0.96084943030419590  0.96164852966929593  0.96261819901619372  0.96391275135078147
  0.96518197362031899  0.96668510042349232  0.96842439430275384  0.96984774997259315
  0.97129479193209745  0.97272276116371426  0.97411036766377590  0.97540943970067517
  0.97678937713818170  0.97849986169834480  0.98037092961128147  0.98234464204127747
  0.98473593945769200  0.98776710375701182  0.99176088725750378  1.00000000000000000
 -0.04518794093635382  0.21216366741446172  0.26361114390750312  0.29385519339802224
  0.32156118359090763  0.34248337776426346  0.35965929453818180  0.37892160367057126
  0.39188633649747534  0.40145999782656094  0.40967921056345002  0.41774760658999527
  0.42617374422058224  0.43505654665307841  0.44420945287991337  0.45328067149465678
  0.46005580424587145  0.46718137518061342  0.47643702114061626  0.48590147110027399
  0.49319134759581351  0.49958455621230752  0.50592266446684642  0.51264203108040618
  0.51895421180524914  0.52471152338928950  0.52911842757155836  0.53265271805841496
  0.53674380105447395  0.54048514793193381  0.54403358021852977  0.54744344778826670
  0.55114782579284205  0.55560573200106456  0.56000728791215271  0.56363966944958888
  0.56813619876796206  0.57483099667727433  0.58209735872288526  0.58876263475342017
  0.59540790218292794  0.60165680512432773  0.60706559644789726  0.61132469427467373
  0.61511989714695348  0.61815113450544290  0.62153953367178238  0.62550184791400965
  0.63008685284732791  0.63391135201309357  0.63737442721192938  0.64100934726383607
  0.64462086631133531  0.64806061000139281  0.65143560414142843  0.65617330270479224
  0.66061185104767772  0.66463140067701376  0.66855399135718241  0.67287874303910322
  0.67761377348693275  0.68283796570245203  0.68898856895770622  0.69536744897014058
  0.70107471706924229  0.70622965430387374  0.71013765756428282  0.71411479051125926
  0.71859709228075164  0.72391136671083400  0.72925472824773907  0.73312367287392777
  0.73676796746970952  0.74065614788787726  0.74436362268554401  0.74834017293810029
  0.75218701815176470  0.75635160064286378  0.76232412782027448  0.77009609174844795
  0.77886561131267051  0.78706427812514712  0.79375230476834802  0.79923890454415147
  0.80459816832789843  0.81117426435085516  0.81973542075066919  0.82851432162750471
  0.83663790203792521  0.84497204976377782  0.85354906449864687  0.86420933101404396
  0.87756983565284252  0.89313190157011757  0.91793396662830229  1.00000000000000000
   1.9946059924295310E-016  -1.0000000000000000     
 F F F F F F F F F F F F F F F F F F F F F F F F F F F F F F F F F F F F F F F F F F F F F F F F F F F F F F F F F F F F F F F F F F F F F F F F F F F F F F F F F F F F F F F F F F F F F F F F F F F F F F F F F F F F F F F F F F F F F F F F F F F F F F F F F F F F F F F F F F F F F F F F F F F F F F F F F F F F F F F F F F F F F F F F F F F F F F F F F F F F F F F F F F F F F F F F F F F F F F F F F F F F F F F F F F F F F F F F F F F F F F F F F F F F F F F F F F F F F F F F F F F F F F F F F F F F F F F F F F F F F F F F F F F F F F F F F F F F F F F F F F F F F F F F F F F F F F F F F F F F F F F F F F F F F F F F F F F F F F F F F F F F F F F F F F F F F F F F F F F F F F F F F F F F F F F F F F F F F F F F F F F F F F F F F F F F F F F F F F F F F F F F F F F F F F F F F F F F F F F F F F F F F F F F F F F F F F F F F F F F F F F F F F F F F F F F F F F F F F F F F F F F F F F F F F F F F F F F F F F F F F F F F F F F F F F F F F F F F F F F F F F F F F F F F F F F F F F F F F F F F F F F F F F F F F F F F F F F F F F F F F F F F F F F F F F F F F F F F F F F F F F F F F F F F F F F F F F F F F F F F F F F F F F F F F F F F F F F F F F F F F F F F F F F F F F F F F F F F F F F F F F F F F F F F F F F F F F F F F F F F F F F F F F F F F F F F F F F F F F F F F F F F F F F F F F F F F F F F F F F F F F F F F F F F F F F F F F F F F F F F F F F F F F F F F F F F F F F F F F F F F F F F F F F F F F F F F F F F F F F F F F F F F F F F F F F F F F F F F F F F F F F F F F F F F F F F F F F F F F F F F F F F F F F F F F F F F F F F F F F F F F F F F F F F F F F F F F F F F F F F F F F F F F F F F F F F F F F F F F F F F F F F F F F F F F F F F F F F F F F F F F F F F F F F F F F F F F F F F F F F F F F F F F F F F F F F F F F F F F F F F F F F F F F F F F F F F F F F F F F F F F F F F F F F F F F F F F F F F F F F F F F F F F F F F F F F F F F F F F F F F F F F F F F F F F F F F F F F F F F F F F F F F F F F F F F F F F F F F F F F F F F F F F F F F F F F F F F F F F F F F F F F F F F F F F F F F F F F F F F F F F F F F F F F F F F F F F F F F F F F F F F F F F F F F F F F F F F F F F F F F F F F F F F F F F F F F F F F F F F F F F F F F F F F F F F F F F F F F F F F F F F F F F F F F F F F F F F F F F F F F F F F F F F F F F F F F F F F F F F F F F F F F F F F F F F F F F F F F F F F F F F F F F F F F F F F F F F F F F F F F F F F F F F F F F F F F F F F F F F F F F F F F F F F F F F F F F F F F F F F F F F F F F F F F F F F F F F F F F F F F F F F F F F F F F F F F F F F F F F F F F F F F F F F F F F F F F F F F F F F F F F F F F F F F F F F F F F F F F F F F F F F F F F F F F F F F F F F F F F F F F F F F F F F F F F F F F F F F F F F F F F F F F F F F F F F F F F F F F F F F F F F F F F F F F F F F F F F F F F F F F F F F F F F F F F F F F F F F F F F F F F F F F F F F F F F F F F F F F F F F F F F F F F F F F F F F F F F F F F F F F F F F F F F F F F F F F F F F F F F F F F F F F F F F F F F F F F F F F F F F F F F F F F F F F F F F F F F F F F F F F F F F F F F F F F F F F F F F F F F F F F F F F F F F F F F F F F F F F F F F F F F F F F F F F F F F F F F F F F F F F F F F F F F F F F F F F F F F F F F F F F F F F F F F F F F F F F F F F F F F F F F F F F F F F F F F F F F F F F F F F F F F F F F F F F F F F F F F F F F F F F F F F F F F F F F F F F F F F F F F F F F F F F F F F F F F F F F F F F F F F F F F F F F F F F F F F F F F F F F F F F F F F F F F F F F F F F F F F F F F F F F F F F F F F F F F F F F F F F F F F F F F F F F F F F F F F F F F F F F F F F F F F F F F F F F F F F F F F F F F F F F F F F F F F F F F F F F F F F F F F F F F F F F F F F F F F F F F F F F F F F F F F F F F F F F F F F F F F F F F F F F F F F F F F F F F F F F F F F F F F F F F F F F F F F F F F F F F F F F F F F F F F F F F F F F F F F F F F F F F F F F F F F F F F F F F F F F F F F F F F F F F F F F F F F F F F F F F F F F F F F F F F F F F F F F F F F F F F F F F F F F F F F F F F F F F F F F F F F F F F F F F F F F F F F F F F F F F F F F F F F F F F F F F F F F F F F F F F F F F F F F F F F F F F F F F F F F F F F F F F F F F F F
  <DiscreteSampler_grid>
  grouped_processes
  1 # 1 for a reference and 2 for a running grid.
  10 # Attribute 'min_bin_probing_points' of the grid.
  1 # Attribute 'grid_mode' of the grid. 1=='default',2=='initialization'
  0.0000000000000000 # Attribute 'small_contrib_threshold' of the grid.
  0.5000000000000000 # Attribute 'damping_power' of the grid.
 # binID   n_entries weight   weight_sqr   abs_weight
    61   10   2.035683937821547E-012   2.391414345063421E-023   2.035683937821547E-012
    62   10   2.035683937821574E-012   2.391414345063504E-023   2.035683937821574E-012
    64   10   4.071367875643094E-012   9.565657380253686E-023   4.071367875643094E-012
    65   10   4.071367875643149E-012   9.565657380254015E-023   4.071367875643149E-012
    67   10   2.430405014966257E-012   3.293497719905826E-023   2.430405014966257E-012
    68   10   2.430405014966294E-012   3.293497719905957E-023   2.430405014966294E-012
    70   10   4.860810029932515E-012   1.317399087962330E-022   4.860810029932515E-012
    71   10   4.860810029932588E-012   1.317399087962383E-022   4.860810029932588E-012
    106   10   2.035683937821557E-012   2.391414345063450E-023   2.035683937821557E-012
    107   10   2.035683937821577E-012   2.391414345063511E-023   2.035683937821577E-012
    109   10   4.071367875643114E-012   9.565657380253802E-023   4.071367875643114E-012
    110   10   4.071367875643155E-012   9.565657380254043E-023   4.071367875643155E-012
    112   10   2.430405014966267E-012   3.293497719905858E-023   2.430405014966267E-012
    113   10   2.430405014966298E-012   3.293497719905969E-023   2.430405014966298E-012
    115   10   4.860810029932534E-012   1.317399087962343E-022   4.860810029932534E-012
    116   10   4.860810029932596E-012   1.317399087962388E-022   4.860810029932596E-012
  </DiscreteSampler_grid>
