  0.00261986523443989  0.01162295980485976  0.02117583626223418  0.03089532372517491
  0.04120166463873751  0.05364797500278660  0.06522994663117401  0.07657103011713866
  0.08610384031040577  0.09494108975173027  0.10456576043619815  0.11615981492456828
  0.12946338980380515  0.14144715102104591  0.15226974367734042  0.16432444023049667
  0.17933778511265341  0.19520343971784637  0.20634828703071789  0.21619263307270245
  0.22601205047550180  0.23534852965513187  0.24847267003901466  0.26431335992344107
  0.28253407306432504  0.29551134892708375  0.30721221989154951  0.31497588183652203
  0.32019070858908982  0.32495915415101884  0.32974683293522217  0.33580238709039822
  0.34421667198962164  0.35298445800085554  0.36234098255044161  0.36935478321520221
  0.37329434787164251  0.37867714962700605  0.38396403945275703  0.38972621607712554
  0.39863607569790849  0.40966027777388053  0.42396818283140197  0.44013542276879397
  0.45445945832011969  0.46708230789704158  0.47570419828114130  0.48455548570658147
  0.49359118287582909  0.50349366017973318  0.51208635321069951  0.52246207658382737
  0.53454892904202700  0.54914924236825347  0.56433359728804833  0.57871973202869220
  0.59189957218483980  0.60360989204559301  0.61483397633487491  0.62650090835731764
  0.63817600565660537  0.64917670357739188  0.65982215001925559  0.67027718105973089
  0.68023884629107489  0.69182472253587635  0.70392330107885415  0.71297368982501663
  0.71931089648616064  0.72582577827554662  0.73117082701857028  0.73723183291776884
  0.75166820159756431  0.76981640550239627  0.78785644737972971  0.80511506332745642
  0.82021375819900977  0.83056587341125709  0.83973152261597472  0.84917018916596587
  0.85908478435388713  0.87002744744154570  0.87870571412864928  0.88583651686278042
  0.89300937820005066  0.89962466068928393  0.90714373368817414  0.91526965522791837
  0.92311062448184455  0.93084171989450648  0.93825445835907550  0.94984012877918578
  0.96101465243806805  0.97074108261792591  0.98149877123591422  1.00000000000000000
  0.00004434497334228  0.00004491213214723  0.00004528490649873  0.00004564758377688
  0.00004598629777142  0.00004658349324063  0.00004712363053669  0.00004764640297779
  0.00004832259924106  0.00004904160617013  0.00004968162907537  0.00005023696324028
  0.00005072008757938  0.00005113571975138  0.00005172050760193  0.00005226045142525
  0.00005283616658472  0.00005331570444341  0.00005380680218871  0.00005435649255407
  0.00005492276998232  0.00005545381859251  0.00005599402713810  0.00005666593353028
  0.00005751488387520  0.00005859348634745  0.00005961455529049  0.00006050797985188
  0.00006136460005701  0.00006229318403658  0.00006319256972375  0.00006412660409124
  0.00006523912198237  0.00006653116115966  0.00006793656043377  0.00006928230473280
  0.00007059919227712  0.00007191053594219  0.00007311923076805  0.00007418685503983
  0.00007525021500598  0.00007636189301480  0.00007737776794770  0.00007831469927969
  0.00007933122882241  0.00008059531538649  0.00008207010011835  0.00008383198416667
  0.00008570966109589  0.00008728146188644  0.00008882974631610  0.00009028489045311
  0.00009167507064053  0.00009306895021457  0.00009447178961901  0.00009585868772806
  0.00009754070243803  0.00009951225009010  0.00010161654523353  0.00010380229591605
  0.00010596754942961  0.00010823904366443  0.00011018640603271  0.00011182084297285
  0.00011345163076631  0.00011508886600520  0.00011690920727674  0.00011885219765054
  0.00012102880878384  0.00012387600900125  0.00012724813121174  0.00013102071885556
  0.00013506542439921  0.00013917558444485  0.00014332926615960  0.00014816169743959
  0.00015539642191765  0.00016303227310183  0.00016960214606351  0.00017558201429710
  0.00018019758490823  0.00018458852230979  0.00019007480576414  0.00019566678162483
  0.00020106633889307  0.00020761203125253  0.00021932528309223  0.00023297993166504
  0.00025304055522061  0.00029497642341777  0.00034382917737615  0.00040191030751676
  0.00050814467374148  0.00087153528121196  0.37436661271713900  1.00000000000000000
  0.99636519946197966  0.99720544670333777  0.99728912787593060  0.99735768043694462
  0.99741266889236024  0.99745310239393514  0.99748306860446356  0.99750650601195301
  0.99752832113206014  0.99755861571467719  0.99759995330459816  0.99764644537427405
  0.99768825120259075  0.99772983722169051  0.99777107544766841  0.99780551350043711
  0.99783579223640817  0.99786297956976511  0.99788886718286951  0.99792136706812540
  0.99795334003896174  0.99799223745698629  0.99803555984496772  0.99807501038397761
  0.99811448396217184  0.99815482731513427  0.99820568256092590  0.99824786509641361
  0.99828201248761494  0.99831791565619776  0.99835353097838897  0.99838515925158966
  0.99841289685834134  0.99844012030957496  0.99846600914869366  0.99849136047747400
  0.99851767120643153  0.99854251145329065  0.99856511777315160  0.99858831704439743
  0.99861257984409113  0.99863990850508177  0.99866582194658771  0.99869365855408021
  0.99872380019514373  0.99875690875077694  0.99878971584002496  0.99881815535032192
  0.99884401012638790  0.99887272684861650  0.99890679451759012  0.99893843652991898
  0.99896737617783760  0.99899740291785788  0.99902182491449343  0.99904340009023929
  0.99905771287985889  0.99907251569425670  0.99908447748594809  0.99910326639166380
  0.99912384467494475  0.99914740690972781  0.99917205291328959  0.99919505810444043
  0.99921647582297135  0.99923818153838073  0.99926279277728336  0.99929083554091835
  0.99931762886107067  0.99934151386172687  0.99936480901129665  0.99938608902214909
  0.99940488840678998  0.99942040077959060  0.99943432585128689  0.99945120602579507
  0.99946896733042345  0.99948727398124149  0.99950470225030230  0.99952978035154805
  0.99956162249394209  0.99959561836059030  0.99963137792957102  0.99966690490511623
  0.99970171164123489  0.99973310445304442  0.99976297144581128  0.99979191671811618
  0.99982106251475955  0.99984924205624759  0.99987583752488240  0.99990043412921714
  0.99992497337435315  0.99994946600518908  0.99997464912603617  1.00000000000000000
  0.00004689001882637  0.01709346995817530  0.03082066380567945  0.04132935654214186
  0.05078128973914528  0.06066078909342996  0.06784158534700528  0.07518186552910636
  0.08359110384529486  0.09997419274177187  0.11603836982745375  0.12687542476072566
  0.13889940849679372  0.15289872804409174  0.16566735346378184  0.17581584574183629
  0.18632378109100439  0.19905842096683923  0.21281088784567631  0.22434017083225818
  0.23449583987714029  0.24433758918132029  0.25276261140059320  0.26048815165610079
  0.26809204833298611  0.27717296246604023  0.28630320130479103  0.29575497115778854
  0.30818608677427300  0.32360805170770435  0.33713301934871942  0.34710996113935549
  0.35579053776699165  0.36524374283199568  0.37561515790469818  0.38341498636645993
  0.39275609760563773  0.40208308210414273  0.41151471707969600  0.42130245228772684
  0.43307214016164169  0.44527176522462619  0.45631624189765396  0.46453546933494611
  0.47370923769683060  0.48187546850203344  0.48827446091444471  0.49516688208988741
  0.50195053843876480  0.50846537731479546  0.51648670137019614  0.53032687211041563
  0.54526950046571299  0.56059753544326829  0.57575633580083696  0.59060515444991202
  0.60637860988926517  0.62221681100958470  0.63620428196528389  0.65018708644789347
  0.66473874314441928  0.67759037562341051  0.68738158502353763  0.69698881212464614
  0.70571491478994941  0.71620615710859925  0.72714552961694823  0.73753313224095973
  0.74812939940944023  0.75661562937468185  0.76476573862552755  0.77341678880579812
  0.78110412547486585  0.79134518367234019  0.80196969988643729  0.81186336672709691
  0.82182378341381646  0.83331547444414455  0.84495936556539486  0.85618351128826231
  0.86344162838102767  0.86987383959518660  0.87692781691767252  0.88482069769439053
  0.89153198353506036  0.89830556043343346  0.90853919151963802  0.91736781396980882
  0.92615568739008181  0.93491249161971512  0.94362647319825310  0.95322201252121197
  0.96341472491642577  0.97489087744777014  0.98483667462264990  1.00000000000000000
  0.00925531743701590  0.01837435786653391  0.02793484966787026  0.03691313458099440
  0.04585110795528703  0.05393736355430454  0.06144887247512881  0.07081778312541008
  0.07824479991545635  0.08635015069853391  0.09699524720411710  0.10839246013777729
  0.12030892074619888  0.13256179709237897  0.14435817058821612  0.15433597018542694
  0.16585780191972654  0.17798678326813427  0.18990673720338941  0.19917909567442746
  0.20634928452147513  0.21467374887759896  0.22297276000709032  0.23434118196265835
  0.24809354548437212  0.26195090873174609  0.27408091706639875  0.28312668670097518
  0.29312979751802520  0.30426083547004001  0.31574312668151033  0.32659510951911047
  0.33785918179067975  0.34912005971197474  0.35868899477061744  0.36709620098107903
  0.37452369151011311  0.38035057548042306  0.38972773786647419  0.39871434967780500
  0.40498549147189761  0.41063823985402037  0.41753999390111740  0.42494478583796780
  0.43099161113113160  0.43875692287558232  0.45227452269950974  0.46912278925926670
  0.48666227866848577  0.50429921581451920  0.51962920261747325  0.53348752773718966
  0.54612039295599435  0.55702205608041866  0.56411871028045957  0.57811803748611468
  0.59006111619240609  0.60171712432922619  0.61728359259510590  0.63063198496645811
  0.64333792420392055  0.65575497268981087  0.66929437621527521  0.68408908833195059
  0.69846638946260897  0.71111011697396920  0.72171102728228143  0.73221432756625204
  0.74334971339621569  0.75750255958848411  0.76915905085059633  0.78022589377613938
  0.78948051429617905  0.79726848543391260  0.80547857600818573  0.81472070321464030
  0.82417267233876312  0.83318352308233179  0.84416563572834846  0.85646226927877567
  0.86650969742615314  0.87330577889167715  0.87819890020899316  0.88416814950151501
  0.89360009415477137  0.90533267693325026  0.91761378176912389  0.93048505431020712
  0.94235752987995980  0.94856626381292453  0.95298095241526171  0.95718798696413632
  0.96168662387511539  0.97025622822820601  0.98366295177510188  1.00000000000000000
  0.00016928324023488  0.00020534527754622  0.00022571878337303  0.00024078553014468
  0.00025305684208451  0.00026330949257502  0.00027222876371498  0.00028074628933237
  0.00028921707695872  0.00029810818615028  0.00030710086268258  0.00031613752936799
  0.00032529855885487  0.00033520490174529  0.00034573280976558  0.00035685609124634
  0.00036830702517543  0.00037922720362755  0.00039349059879291  0.00040602478048549
  0.00041696912363375  0.00042920876534233  0.00044097662431285  0.00045170464536221
  0.00046423744311124  0.00047591101893881  0.00048518685361234  0.00049326134839083
  0.00050383613598028  0.00051802906790482  0.00053013887993269  0.00053965763334457
  0.00055075448030270  0.00056633307230523  0.00058789088960455  0.00060890734257853
  0.00063089587512426  0.00065678949646982  0.00068562054619491  0.00071251741744657
  0.00073895582735263  0.00076237453846618  0.00079246784130362  0.00081531047145149
  0.00083945563934526  0.00086689972099222  0.00089870083571783  0.00093860330431970
  0.00099186452595327  0.00105149827959130  0.00109811045210382  0.00114579756649117
  0.00119919898673705  0.00126896461987478  0.00134439101784029  0.00142339603994011
  0.00150850445161016  0.00158828253731778  0.00166652077467310  0.00174822455726537
  0.00185150898651688  0.00197929892042097  0.00211958123758396  0.00226094416872921
  0.00238980563553241  0.00251344200243709  0.00265233024509750  0.00279664199814084
  0.00292113983626844  0.00301448943357353  0.00315820386918594  0.00334919801929254
  0.00352975830849844  0.00371356705207119  0.00384744466241946  0.00392485995208828
  0.00400445857915766  0.00410921535190418  0.00430825267740003  0.00467874171903342
  0.00527345721729291  0.00599688280298830  0.00664380069279959  0.00730348444333048
  0.00858625076641175  0.00912012051001476  0.00944894189221108  0.00996512902605160
  0.01119424917539005  0.01249232547375543  0.01452473774858491  0.01662125706339152
  0.01955041730921330  0.04404856587777811  0.18471782847711302  1.00000000000000000
  0.00000810270763851  0.00005852340624023  0.00007069732930468  0.00008040449290405
  0.00009338532493431  0.00010464064729911  0.00011326135802497  0.00012348769935940
  0.00013306126581550  0.00014226980014435  0.00015080124941163  0.00016128913356990
  0.00017295145396891  0.00018585836759980  0.00019975902390382  0.00021335045001922
  0.00022561267407897  0.00023622308272456  0.00024319343742211  0.00024971031635335
  0.00025684168668965  0.00026571480760323  0.00027491780925456  0.00028496925597840
  0.00029470215731020  0.00030378835428120  0.00031310721285900  0.00032333409539471
  0.00033430198185290  0.00034466433100269  0.00035806439716440  0.00037663054483800
  0.00039455571891653  0.00041284256782782  0.00043539036426377  0.00046188985470438
  0.00049005817977369  0.00052124666385210  0.00054675331000755  0.00057057610978851
  0.00058998015579078  0.00060656471464621  0.00062167518822617  0.00063733852662179
  0.00065598295898841  0.00067426973302845  0.00069119672091920  0.00070742367120007
  0.00072837306844892  0.00075649552043657  0.00078160521688285  0.00080459888982904
  0.00082694925645785  0.00085173752787888  0.00088224822951453  0.00091141199021736
  0.00093955254652859  0.00096963150193647  0.00100101287833532  0.00103258712536967
  0.00106435366123364  0.00110028558609656  0.00114458704109710  0.00119272344535001
  0.00124475194163716  0.00131444367636145  0.00139984528968489  0.00147349459678156
  0.00153643354713117  0.00159906267542910  0.00166366559924167  0.00173859047535738
  0.00181972159913456  0.00191816720698824  0.00202191717614790  0.00212510463017554
  0.00222749638897479  0.00235746311262848  0.00245941325851546  0.00256491066490197
  0.00268944113257524  0.00284114306407899  0.00302897896711342  0.00328527569783147
  0.00355448338600312  0.00392150847502099  0.00430710111271399  0.00471496194702277
  0.00513281722757972  0.00555968278523400  0.00602727117421574  0.00656702716443896
  0.00733562837022808  0.00872999019837538  0.18987532266699925  1.00000000000000000
 -0.00232303652810108  0.00696346663668143  0.01679367556031193  0.02733266462164472
  0.04067844336310038  0.05458865221377689  0.06779134046200407  0.08032445798072348
  0.09182937782752004  0.10244565799831398  0.11419575266435969  0.12932739889538206
  0.14374539276716364  0.15353040499275333  0.16165069315321631  0.17008286668786615
  0.18007050602338312  0.18992805348030103  0.19727611387385507  0.20478331803088765
  0.21274857794696445  0.22096688907021891  0.22899648530131256  0.23701391533243477
  0.24740906266070639  0.25919364048103510  0.27048371668499799  0.28029390219140998
  0.28745612894505823  0.29404640962779577  0.30155783449805257  0.31061467256093184
  0.32013837661452349  0.32828778202877285  0.33578214203536078  0.34306286725636587
  0.35145824041230811  0.36123220270224132  0.36961202744328253  0.37652975889547119
  0.38294966696016391  0.38951830344432342  0.39741279637030102  0.40590227139440505
  0.41275166743777003  0.41960984083622999  0.42603691809423894  0.43273794590691095
  0.44227649966038940  0.45059579080885170  0.45813997521081284  0.46602135909795944
  0.47432392108393251  0.48139070231177378  0.48735771815334927  0.49379566605170033
  0.50226711641151278  0.51009120443297240  0.51722914542850362  0.52385976406758950
  0.52998776339541054  0.53584442083776507  0.54477914854405518  0.55328140208732524
  0.55961757118953515  0.56546875962621201  0.57089977953336368  0.57652796986210331
  0.58600666964922921  0.59459104405825491  0.60273927157022344  0.60989741836275968
  0.61964711925395644  0.63019941344559804  0.64143740990883724  0.65259065041160236
  0.66246506825338392  0.67189046231531757  0.68152261463471497  0.69289836555101481
  0.70662644096624483  0.71718201063406273  0.72613123818729031  0.73550373877049879
  0.74826939152530536  0.76679895246351759  0.78721279462597626  0.80646245504263847
  0.82587908110678543  0.84986439492134547  0.87453465590848223  0.89904403446586278
  0.92338420779225328  0.94760587346034730  0.97106702468476225  1.00000000000000000
 -0.00209436340137520  0.00963040588105132  0.01806285262638654  0.02643398846526969
  0.03389823993551928  0.04003171496190027  0.04712035518473319  0.05475804982295594
  0.06317213490620165  0.07547731693550236  0.08970161362326985  0.10290292378667706
  0.11550638386333986  0.12759588129714747  0.13897514161306981  0.15288330312112100
  0.16825731430961860  0.17926909056122892  0.18855668223378699  0.19761679281908429
  0.20514656998823821  0.21173806487955471  0.22258298643760382  0.23869316299344204
  0.25214837813909646  0.26426606769399896  0.27492593316225794  0.28518885293778573
  0.29543933628131541  0.30362302011784426  0.31040097531392924  0.31675104355983713
  0.32369138088737132  0.33274283765052953  0.34325338947207851  0.35437538821384867
  0.36382271971495245  0.37449954621830495  0.38917652690290450  0.40531279406728699
  0.42243676934213714  0.43516608958389835  0.44558595987669991  0.45476475540822581
  0.46329948523763803  0.47453575237781964  0.48580693748839782  0.49871572288610017
  0.50906888099582703  0.51994174926253767  0.52952447436198313  0.54169830666405783
  0.55588602980482926  0.56702640898952250  0.57698648572734490  0.58649107154068703
  0.60033259530558292  0.61440574650572166  0.62794414327431203  0.64088575841485163
  0.65237356509438582  0.66351061230078501  0.67492601704208910  0.68834798347825699
  0.69749607574504635  0.70750158276564867  0.71738493033052131  0.72705169052206942
  0.73718534419870196  0.74820037760208202  0.75824037510437714  0.76793000586616911
  0.77836551144354149  0.78880597966902388  0.79663866115435966  0.80650193600441178
  0.81727605375871093  0.82877177182969419  0.83982235882478729  0.84935625528358283
  0.85735316912795867  0.86558076899105652  0.87401516053633466  0.88212214511291642
  0.89198560537377214  0.90459402551371715  0.91844769933889492  0.92790809200929480
  0.93751620916033995  0.94918022171754501  0.95954669585977159  0.96727800814335474
  0.97401194081512477  0.98008201197841582  0.98724322934798148  1.00000000000000000
 -0.00476378438495366  0.01589858822294330  0.03708129077693720  0.06172128172058882
  0.08362127263221422  0.10005759296217606  0.11295358066934931  0.12411862523319234
  0.13408317892401256  0.14275863427784563  0.15016990282735440  0.15768113115519158
  0.16525090667904382  0.17344695863887671  0.18304749331996739  0.19186873674551957
  0.19872266478118925  0.20695484670227729  0.21521265830318667  0.22539660759648922
  0.23663087392926124  0.24747916729117944  0.25705651681846470  0.26672235501268465
  0.27644191474659485  0.28882985208743883  0.30315000837688361  0.31788363166513184
  0.33117751294735637  0.34306052443103208  0.35417658688944842  0.36512243526777688
  0.37702221650945533  0.39178496952337827  0.40414641178259669  0.41495998430767006
  0.42689000151304812  0.44028484755912961  0.45410564763694489  0.47033863298863238
  0.48654158516924823  0.49863847791019289  0.50774509460530359  0.51519169579304380
  0.52088404647007769  0.52611637830858837  0.53398455368111530  0.54550059225193004
  0.55771668600926416  0.56872478196175369  0.57826218847285960  0.58730027158616438
  0.59768429360682906  0.60846005178469031  0.61974256085444668  0.63153816979467081
  0.63799717652815380  0.64421846240827174  0.65081061076179025  0.65708680564896393
  0.66575172018934070  0.67854744238277231  0.69230597305119634  0.70259366082882779
  0.71113389556788142  0.72183771220856741  0.73239836544235970  0.74216709798564640
  0.75106034993253556  0.76467081027837203  0.77588186953311278  0.78792216140392468
  0.79926818786038900  0.81043618819945951  0.82042800951995765  0.82974477867590757
  0.83746659150280722  0.84178796990834515  0.84619643442213244  0.85327292551496337
  0.86307199994875183  0.87423470136519876  0.88405949780192394  0.89059341990967189
  0.90007395654071187  0.91526039189860409  0.92777972948615506  0.93681589036843360
  0.94375289199567802  0.95125179602500531  0.96227964463201165  0.97381689104802227
  0.98239893993416172  0.98840640365005705  0.99431170169694116  1.00000000000000000
 -0.00201880854231236  0.00509193866465537  0.01304352686367723  0.02104009115386673
  0.02794969042637606  0.03536122812726018  0.04351066593999645  0.05333843891825329
  0.06529003721029866  0.08090277849941128  0.09476072699846859  0.10784452287769231
  0.12214119235336530  0.13769688821912610  0.15296812324348152  0.16237167954836051
  0.16912254292351739  0.17743239420804394  0.18761380910547143  0.19720655503176063
  0.20807377279233927  0.21993388433510935  0.23242088253922175  0.24797141109333248
  0.26308768943913374  0.27309149749258321  0.28174555482658242  0.29000806308239174
  0.29788855179123130  0.30780530012509399  0.31714649427350744  0.32497668314324324
  0.33289812850910488  0.34353580444296017  0.35394459977760301  0.36307209374307664
  0.37140824735722094  0.37949981133523952  0.38760796062050773  0.39624804514414597
  0.40569660627714560  0.41506574841364674  0.42595495485672291  0.43705285947005373
  0.44824865536263170  0.46358421142483625  0.47781434110267068  0.48940381990448023
  0.49925226950020685  0.50985320507274123  0.52185204680877961  0.53342000337981565
  0.54494249864918021  0.55570302359892132  0.56558638082376222  0.57483898982901482
  0.58351062362859085  0.59515459354851241  0.60428065671029763  0.61322594470104819
  0.62152265822561092  0.62977506158519625  0.63879949594499841  0.64446654532410153
  0.65248332412537724  0.66178812385088881  0.66970613145285229  0.67813597449448126
  0.68941444835464660  0.70182640994231682  0.71267109313792465  0.72309433344344987
  0.73295335833986563  0.74249969498310209  0.75375862039721353  0.76634489342164824
  0.77939471269561311  0.79217758395496685  0.80487403441755279  0.81572681243768053
  0.82970427607628217  0.84210551946824952  0.85344954267025452  0.86408198238405454
  0.87464623731855318  0.88683787694373595  0.90153959814944018  0.91829194826945260
  0.93446410300102578  0.94732558589812899  0.95711894305345580  0.96654491393994724
  0.97481248453318792  0.98292042259115664  0.99158951940465068  1.00000000000000000
 -0.00538267716738373  0.02601620456772383  0.05033550437556178  0.07110104681796543
  0.08776933193667032  0.09840376025252467  0.10933176962969972  0.12002179455186564
  0.12951228919368710  0.13942641421452326  0.15236827209974405  0.16799121836157954
  0.18075952171903437  0.19252589956177288  0.20425619842310613  0.21353872043540340
  0.22059541551950432  0.22837526762222254  0.23585555195374538  0.24276379319141178
  0.25096788421632160  0.25860971556693990  0.26565900046052676  0.27254587198687780
  0.28285785614319897  0.29474269891210908  0.30368140926955078  0.31104180208185983
  0.31894390066170492  0.32701350875566521  0.33419150352999411  0.34121025065489213
  0.34893643317931988  0.35826958924707886  0.36790519456506487  0.37747335128832471
  0.38746272761338169  0.39735246509813954  0.40468444192601571  0.41095651026062169
  0.41799889633016962  0.42595872549156472  0.43447870230149371  0.44323431245845296
  0.45141293027134727  0.46044579712327227  0.47078957296943691  0.48355067003963004
  0.49406988612808300  0.50223386984913110  0.50973526464789409  0.51786902691638981
  0.52645188194984771  0.53538005960453761  0.54425387537314085  0.55268337812370372
  0.56217838884454907  0.57229815018536689  0.58076520521198005  0.58865495832055348
  0.59908399452488503  0.60961720097578620  0.61961602462280130  0.62919851367764035
  0.63925362661402396  0.64930229116595439  0.65909597550894128  0.66979589116349658
  0.68000233856003567  0.69107735667647752  0.70188988924738527  0.71180036061121821
  0.71967068157376224  0.72608617412306919  0.73302874364182391  0.73956139098437679
  0.74790314013089232  0.75951503451743108  0.77084617411540690  0.78102082649859295
  0.79247058054048469  0.80370689866896816  0.81183705740391721  0.82296503729454773
  0.83243949795597527  0.84144824208328473  0.85338629484179807  0.86655353644085453
  0.88212994526669630  0.89876091758457322  0.91451996110083822  0.93061761176555091
  0.94751735869180020  0.96472171558415820  0.98224308176359121  1.00000000000000000
 -0.00162934226595588  0.00452628761739734  0.01095210656551304  0.01847829992008351
  0.02767001157656096  0.03720423796214100  0.04877812148968953  0.05943635534742415
  0.07013165527704954  0.08257436580028554  0.09695559450093408  0.11116671953817027
  0.12479876241141068  0.13501871571930257  0.14575053874643912  0.15981528315543078
  0.17375962999431224  0.18689371453434211  0.19991691052940574  0.21362539599336255
  0.23066001232961009  0.24567438364822769  0.25927909824622752  0.27167013772681514
  0.28260993586590832  0.29534153720432804  0.30918311706697732  0.31915813422556427
  0.32961299152490880  0.33946113987740545  0.34908998098888222  0.35929168939869111
  0.37018385739265042  0.38141114801544279  0.39028099532056226  0.39759813156904628
  0.40616744651822917  0.41622325218181933  0.42395431486938817  0.43264473556116506
  0.44253470864188299  0.45347797371724136  0.46602585317843087  0.47938277690138481
  0.48974729335121914  0.49779480933233561  0.50572673633529264  0.51522039433128031
  0.52714502704943333  0.53884312919216482  0.54947848813725220  0.55865194575169774
  0.56539520274247657  0.57397209664372550  0.58437774911292140  0.59331871439085448
  0.60137749610949232  0.61147715638002786  0.62217125772096649  0.63386446100040550
  0.64761985882049444  0.66169301661529067  0.67306444206637051  0.68079773463984306
  0.68812870757550493  0.69429831802340436  0.70025142988813260  0.70695688640075727
  0.71475643425126723  0.72011040948682614  0.72571346289273897  0.73534869363314281
  0.75225026572457776  0.76966183033277846  0.78132573689293894  0.79173699382268270
  0.80284600919394011  0.81253382728239965  0.82183317131060540  0.83040556807495991
  0.83925610345409440  0.85009404761940643  0.85830558611888663  0.86346294911506261
  0.86907909394008953  0.87542858390189571  0.88593086208120386  0.90182154230914480
  0.91429542921761553  0.92655469672347002  0.93984300652450525  0.95357849554511787
  0.96486341683073440  0.97619877454926351  0.98829125903782156  1.00000000000000000
 -0.00268135916272354  0.00653828706041426  0.01440948717205138  0.02076031350771160
  0.02536541051141951  0.03034216027574881  0.03531177791646849  0.04140622106734428
  0.04921699334073088  0.05523561435747500  0.06150950942814525  0.06765257320322864
  0.07309197864385580  0.08026747519676503  0.09022816616315971  0.10327066171345084
  0.11796476958425342  0.12993669817388490  0.13613649675469236  0.14102965870031911
  0.14613559719879268  0.15173434613469342  0.15854397285007307  0.16542049599327793
  0.17210376811266676  0.17987004195051068  0.18758405500076977  0.19599306717561835
  0.20519385248673735  0.21236616764192903  0.21820521706032608  0.22381336823831932
  0.22945683199380945  0.23490966823966528  0.23912910256885339  0.24447324414212940
  0.25100341371901358  0.25848039594295491  0.26543314590525974  0.27398960211559520
  0.28505768996810837  0.29564924450862234  0.30879938663244350  0.32079103624379274
  0.33144208253383917  0.34199642754294940  0.35032533801941540  0.35600230030254243
  0.36131736126656694  0.36755232614544453  0.37319604173454396  0.38007487399218853
  0.38777082856369527  0.39700951853892952  0.40464429677768532  0.41141176285000697
  0.41869076983945258  0.42565096792555285  0.43535846241869663  0.44524331889317587
  0.45610603829354623  0.46783593534206774  0.48071448219105128  0.49593868380223766
  0.51191098378852029  0.52574961923556907  0.53585689109238288  0.54596193971035323
  0.55719795408507478  0.57085868590023037  0.58348832169885378  0.59393276539143525
  0.60267011002263093  0.61065679397537098  0.61960216240093469  0.62930711964613417
  0.63741624105201566  0.64577757194880381  0.65699440161059552  0.67227832096048412
  0.69231486445916013  0.71099131874656318  0.72673935367713116  0.73938923815927260
  0.75165177371445002  0.76744689664266874  0.78391327314166648  0.80245403353728839
  0.82325855750413490  0.84321703511046064  0.86003791837011323  0.87483684109993698
  0.89953323247420014  0.93404436236214328  0.96585993449848384  1.00000000000000000
 -0.00360599688582896  0.00996068722729710  0.02263206474686468  0.03561124164227167
  0.04952431041150278  0.06631759296625879  0.08278493175944811  0.09895048324637715
  0.11063603141957641  0.12133637575367801  0.13147912029476522  0.14439734763733203
  0.15872600613593058  0.16857140658064956  0.17582955560115346  0.18282419833335609
  0.19004445876509293  0.20010541448699540  0.21375827977853359  0.22705596928490770
  0.23874089365174625  0.25083077696838102  0.26636685558079831  0.28576835223853947
  0.30360393316017598  0.31593333855981848  0.32416682162761540  0.33278095883497749
  0.34198896484240454  0.35095056485432097  0.36084238747921515  0.37019713217117461
  0.37891324385356928  0.39150864595395779  0.40666825933907219  0.42025376850386581
  0.43243716840244778  0.44183292561775084  0.45040713765134588  0.46031228544176106
  0.46958749799735799  0.47808154822716453  0.48594703204455691  0.49428673360123632
  0.50455459621601395  0.51486297051464514  0.52573520749264213  0.53803088836255841
  0.54926673896264222  0.55674498277997442  0.56194504136803758  0.56690188468850899
  0.57094328893448276  0.57787325916915466  0.58733641026498540  0.60118678604831166
  0.61461301285764891  0.62858669896120800  0.64040388449967756  0.65155103826348015
  0.66398952377891374  0.67645807731689600  0.68977977614651675  0.70012067967404445
  0.71133854109430139  0.72571013279501417  0.73437442056072577  0.74278476347811806
  0.75031414384951300  0.75821320528118352  0.76592853388137927  0.77393703783061107
  0.78230527917426051  0.79289142910030797  0.80496414551711604  0.81803320104592070
  0.82786668217451498  0.83424117779717299  0.83999881764295448  0.84603610533349283
  0.85258881694824573  0.86077449405096418  0.87205590204836392  0.88469707023258415
  0.89680416404464947  0.90847832005616169  0.91885776829266774  0.92858458048891956
  0.93877523913755967  0.94834152318445575  0.95710048423515970  0.96485613132948511
  0.97153296619798502  0.97718994193524378  0.98485713219954329  1.00000000000000000
 -0.00263562407475554  0.01058661044381235  0.02255364803994667  0.03479114900114263
  0.04625130426230396  0.05767487467848898  0.06944373240501503  0.08088798128112724
  0.09225046433899570  0.10437217395096286  0.11671165571772416  0.12936265973888364
  0.13976644891027776  0.15019732477966571  0.16005394964338782  0.17275771453743080
  0.18419326644237854  0.19540832720999818  0.20545841483785610  0.21462140263585211
  0.22575103531321855  0.23741833303413754  0.24792803704230110  0.25858225630400056
  0.27086061352107360  0.28353826145818917  0.29595237956812481  0.30704636332243423
  0.31841398063400728  0.32950670910492580  0.34021353973850454  0.35076736153994570
  0.35932519407078806  0.36878161617869742  0.38004645738287757  0.39345470141085187
  0.40744629370336438  0.41915305996496666  0.42785749930003503  0.43515230967874929
  0.44381308077235698  0.45220500211213999  0.45877932496185453  0.47060461567487688
  0.48064004450604869  0.48637101949298611  0.49320700624522484  0.49900916664608475
  0.50384747751103043  0.51005252152564651  0.51567879489042512  0.52075908814113669
  0.52540373737573765  0.53072931145157198  0.53617805804941843  0.54280485066877604
  0.55499433351488048  0.57071976753005382  0.58738306407337593  0.60369241303659171
  0.61625514909795809  0.62361844249231535  0.62965432930892495  0.63604870814483416
  0.64369948476693306  0.65372755579293318  0.66438389582903090  0.67290873978641419
  0.68126812168898432  0.68983512355686749  0.69799974945530330  0.70621624592780075
  0.71579874515860553  0.72632395577043951  0.73526422397544422  0.74447364645232905
  0.75471037692763043  0.76484129408347945  0.77764800266450329  0.79240303083174735
  0.80422568338552058  0.81406053738690654  0.82641868282622399  0.84153485858629340
  0.85607587482517877  0.86950444344566535  0.88153904570975572  0.89490568397031567
  0.90996087167508244  0.92495989663460543  0.93952328250077810  0.95294627326646986
  0.96690369386381914  0.97917503333319500  0.98999416673429941  1.00000000000000000
 -0.00316397357715276  0.01363122914704465  0.02588553138202077  0.03657718352205667
  0.04730766867405857  0.05831957482281692  0.07185428931362189  0.08532231819162357
  0.09908827169188955  0.11175814708004568  0.12561086164039853  0.13794579499587278
  0.14743336623029796  0.15668691783855404  0.16410195253863463  0.17169274214929475
  0.18055101213255309  0.18947415731050812  0.19816494917268804  0.20735606289147279
  0.21643273459791768  0.22629530584745611  0.23469847404901795  0.24187448747209245
  0.24921137801069307  0.25873149841703125  0.26806919977783106  0.27571307672897705
  0.28367060749524120  0.29449523438321168  0.30889402188366344  0.31969955285821133
  0.32982665223171981  0.33945754546186258  0.34701882195845130  0.35807240693607062
  0.37179728518793825  0.38705864543656932  0.40363673571968373  0.41588243489524551
  0.42710568624799961  0.43839352956717065  0.44789264546214219  0.45993583334371269
  0.47576678830193275  0.49027364462212958  0.50376459885154334  0.51786527012709493
  0.53064462594693995  0.54485617181184620  0.55706783373259461  0.56530659475083955
  0.57388937779332749  0.58146145949151695  0.59069217702998356  0.60102118130058757
  0.61138168350080768  0.62146374456199349  0.63170674861209197  0.64114358852124287
  0.65055276505629644  0.66143418847251989  0.66874562333736287  0.67827932326971263
  0.68926601228113149  0.69984789263633562  0.71145302587269199  0.72356131835382509
  0.73495508142113397  0.74662944676040066  0.75729790084943505  0.76724608944050954
  0.77727815961406654  0.78709799398023805  0.79519015635488610  0.80287344747627287
  0.80984736001535218  0.81540465025057929  0.81985067565891301  0.82503138645467700
  0.83322707536868135  0.83883836070028450  0.84515252238599570  0.85353182067687627
  0.86272272755853829  0.87383548308366787  0.88907712823398710  0.90180793584517127
  0.91312299439766731  0.92394046717901057  0.93513145915698770  0.94596486313239991
  0.95945623150914305  0.97256893221701957  0.98589531685207010  1.00000000000000000
 -0.00595468068927025  0.01754474876790902  0.03713243265646229  0.05445556590738725
  0.07044583818779741  0.08459484463181272  0.10187607313786970  0.11974224328619895
  0.13825189352846681  0.15249141763939936  0.16457098586220720  0.17435428329432590
  0.18438442758287399  0.19694662218432962  0.21141411908191751  0.22439933095092285
  0.23628856296190162  0.24787444311223811  0.25674047796475713  0.26454990837187697
  0.27129982477677500  0.27698248415869314  0.28356018488730828  0.29000870786472166
  0.29769883035185030  0.30555600166331259  0.31326262811422467  0.31919352166438253
  0.32526892052999329  0.33237819966852389  0.33940140035675226  0.34575492998219226
  0.34964477663348370  0.35394263578004426  0.36023997586598472  0.37268657792055149
  0.38586776511248794  0.39777438787342101  0.40932763868546534  0.42008228339281450
  0.42963756915084983  0.43931523201518680  0.44863237156090102  0.45789679822806484
  0.46714305034808701  0.47599103884918570  0.48445762964955563  0.49369266404247475
  0.50226347798526150  0.50953920443568823  0.51755937248915407  0.52850458748359097
  0.54128506560408507  0.55103512686644140  0.55899346800423744  0.56691932583246296
  0.57454979839860087  0.58176626727350567  0.58895788998570120  0.59682077193432859
  0.60525470894171374  0.61545344747951003  0.62375745730856536  0.63118561781620441
  0.63976813680242361  0.64848684296167425  0.65400885245517770  0.65977404229274861
  0.66392722676308746  0.66948084086674986  0.67523353303214018  0.67998347721912800
  0.68447026686824619  0.69052845860664491  0.69719232798179820  0.70215394738721149
  0.70823232258176994  0.71765370772597070  0.72965774695560981  0.74235217442997381
  0.75275959149975935  0.76418683608005444  0.77702637869944258  0.79345099884846182
  0.81557346982564993  0.83775338911874186  0.85978925076524360  0.87932630562752001
  0.88983008899641280  0.89895989735789650  0.90863040548249063  0.92171607928218746
  0.93786143740321060  0.95467772872720047  0.97260382371646448  1.00000000000000000
 -0.00328267819897097  0.01208355900438554  0.02631287929386998  0.03846898741123173
  0.05279477197945566  0.06912743574037040  0.08736170544857383  0.10463221204594797
  0.11456167902575967  0.11868207209611925  0.12379646300919275  0.13053445255274604
  0.13788292861013995  0.14394012517759525  0.14935319735638927  0.15573511207338983
  0.16178851271641698  0.16836185774485582  0.17628398540653703  0.18472431768717987
  0.19427247975299780  0.20653742436268810  0.22263513547248537  0.24081578683690633
  0.25923825741503376  0.27616779881690856  0.28980980582833843  0.29989440484060953
  0.30920292650080905  0.31682868687532745  0.32547844143734367  0.33315266260584903
  0.34247812964513918  0.35201327451021419  0.36178348914359321  0.37313520391574534
  0.38408938554420069  0.39427674244552047  0.40434294780528879  0.41385262043017507
  0.42358777142601167  0.43308698816576785  0.44236541114822009  0.45263764601970125
  0.46335329363418182  0.47267463594694348  0.48123974954284665  0.49022968963641966
  0.49856644739243228  0.50947622524330149  0.52049544881529852  0.53093769937078672
  0.54107921044334684  0.55446152709291130  0.56871383002737108  0.57906188276487114
  0.58869711483140841  0.59658947739036383  0.60443356786416080  0.61280061996494417
  0.62224069237107349  0.63538158074766005  0.64701586260697108  0.65807960374007690
  0.66852971614690704  0.67764350750668378  0.68740200236336257  0.69675991026375728
  0.70730101048600658  0.71949472302518047  0.73292505507280548  0.74736529065676838
  0.76132315177486998  0.77412619902150004  0.78460679138062561  0.79598857556379210
  0.80895666860728299  0.82329034341476126  0.83819489106158906  0.84840389083860901
  0.85713980051979866  0.86725794100388565  0.87599879317819696  0.88481739436917584
  0.89487139445509578  0.90562484316883085  0.91612561651725455  0.92337776356317147
  0.92863570965433218  0.93369517675158675  0.94065341861886331  0.94787242248114401
  0.95493304610999719  0.96635414792048357  0.97985883781914973  1.00000000000000000
 -0.00520733555287944  0.01362650448608619  0.03238932283219706  0.05090410712900173
  0.06517890033665386  0.07407306430000560  0.08130064672685051  0.08821323307464288
  0.09394898946107438  0.09747825270948537  0.10127132858586863  0.10729616035387213
  0.11492114104049726  0.12053665629813537  0.12807738122134468  0.14037700909675149
  0.15226902768904793  0.16398985282034553  0.17759214323752653  0.19277215942613593
  0.20673623068726860  0.21984051914736116  0.23353423914639154  0.24764751721256634
  0.26047353941250040  0.27127689842844827  0.28114809951064140  0.29039216935674206
  0.29924245616102746  0.31112795174257835  0.32472567755363785  0.33312448942138084
  0.33968398047964282  0.34805529736161184  0.35625327098028015  0.36772015945197090
  0.38045760780565874  0.39392720539359066  0.41122966214155332  0.42724091916042506
  0.44229197589997554  0.45584190048892825  0.46726912181072910  0.47561149035175271
  0.48339990727277982  0.49213945231595707  0.50165416762170201  0.51054474168686903
  0.51870634544819150  0.52651147400839560  0.53582434259491885  0.54624472246104594
  0.55832371179155504  0.57465061234351322  0.58851309080134973  0.60132215436114367
  0.61221814459017920  0.62290148064214979  0.63357772566928439  0.64589666841027193
  0.65883828407681744  0.67148468667310979  0.68326194931812889  0.69371595193676150
  0.70212030615963061  0.71084620946144661  0.72074681055186141  0.73212442003116329
  0.74513799839190975  0.75522996306117751  0.76253241808602557  0.76945037442267672
  0.77584656292100163  0.78145741747332320  0.78825263015584657  0.79818199324745487
  0.80912655791232524  0.82167368124306595  0.83357768526235243  0.84559259164989586
  0.85839418805083090  0.86950498339022575  0.87984526658568463  0.88894508035436681
  0.89894736422891508  0.90957133797979339  0.92043100168829284  0.93138687591937908
  0.94084748165622278  0.94824266476805685  0.95699018458547169  0.96590830942653960
  0.97375670215376386  0.98188992716370294  0.99069290293040313  1.00000000000000000
  0.57401650693871276  0.69858969082713962  0.73837968283818811  0.75860998948420832
  0.77589260038901608  0.78674677435756191  0.79527528733913277  0.80128455732075388
  0.80518670392225034  0.80901358444867766  0.81336890250008431  0.82186585081662666
  0.82721455855454362  0.83110400437971077  0.83472883268075615  0.83899642648636530
  0.84310556239134549  0.84608170802616733  0.84901726602194671  0.85260608167097440
  0.85701645037829621  0.86100420709344327  0.86379746544671898  0.86657992433116260
  0.86964557021271782  0.87310160934306336  0.87585001729103773  0.87804087197843839
  0.88041522975847875  0.88320919184065383  0.88568465738541868  0.88807416876249967
  0.89033496766875952  0.89223963219039915  0.89463371938058300  0.89727670801445225
  0.89925212293453882  0.90096941330832514  0.90238999346856397  0.90353523361598675
  0.90462569585767261  0.90573102206070388  0.90706020160892065  0.90910764995759530
  0.91080112827431248  0.91248610470740421  0.91401112162501363  0.91545018073130568
  0.91717939465509579  0.91880169380590915  0.92022295877081517  0.92143944538940337
  0.92295464028102869  0.92456523409227354  0.92646945083374665  0.92833606919030764
  0.92974652751606801  0.93091707115274480  0.93212907408712509  0.93357860630286493
  0.93527235877307424  0.93674021707163613  0.93816992076009531  0.93985123338823884
  0.94155745480930142  0.94273258539031823  0.94387644492417855  0.94519061529557269
  0.94652591977439582  0.94828632493889942  0.95029737330405040  0.95286701033452736
  0.95501317984660739  0.95689672249126212  0.95839277533214318  0.95972900931638805
  0.96093702985634677  0.96213385309980937  0.96336648897319188  0.96465886581069848
  0.96610177375425532  0.96751636271012476  0.96897427695250427  0.97071646055456451
  0.97299333870138183  0.97506170404437764  0.97704488250860688  0.97905193511887323
  0.98072019754124262  0.98254307762697268  0.98481339564370685  0.98695984351150612
  0.98906395877612474  0.99137604001250590  0.99428628813896636  1.00000000000000000
 -0.03478603843719754  0.16509025356759155  0.21010339143475543  0.24641789992554311
  0.27757667432077071  0.29875191854543232  0.31369968122765385  0.32930963368770566
  0.34389324966428997  0.35870524472202769  0.37186004265562311  0.38175161826199117
  0.38977307224238378  0.39557240307739977  0.40079384068391610  0.40610419103752099
  0.41213906501382447  0.41957350360488410  0.42677260476876183  0.43453390508102402
  0.44268973940845546  0.44893927670479983  0.45435688183901612  0.46287499297692158
  0.46865570694875358  0.47320455199602801  0.47725448736736170  0.48036929018646835
  0.48405491913013104  0.48759297732050377  0.49141575479417837  0.49663123984732532
  0.50244076236039903  0.50872098261198473  0.51460654230593306  0.52098672710145733
  0.52831338334839317  0.53486309324440318  0.54027447445367127  0.54491335884822056
  0.54975157050219081  0.55604370145540161  0.56170845544313419  0.56651159564372022
  0.57097833150737010  0.57550862901001087  0.58000376773634255  0.58417191651377542
  0.59023900419557218  0.59678876555821736  0.60113050202422647  0.60430367994668466
  0.60693651133072324  0.60959270827195788  0.61225953235437003  0.61535129574914083
  0.62003011326004576  0.62494273470594741  0.63068941279584845  0.63640777622626865
  0.64239279693581530  0.64763292290869245  0.65319015054489049  0.65904882210685245
  0.66517728853942049  0.67122881365791642  0.67720257557774610  0.68194628009006186
  0.68642890197179252  0.69116568238470366  0.69624792786016920  0.70041247502419013
  0.70427155481337456  0.70844166992081692  0.71384225370958121  0.71952214180727347
  0.72503173380153219  0.73127486063689573  0.73926810581779079  0.74791688321217131
  0.75583113541714841  0.76234231977693301  0.76827513954943361  0.77506108177793609
  0.78198150071728445  0.78895160938164954  0.79628211797715853  0.80409624838215898
  0.81065210148117894  0.82178766092856081  0.83358670866998807  0.84747094161419689
  0.86333501627133902  0.88147823553485172  0.91207108415770854  1.00000000000000000
   8.2586926366715775E-016  -1.0000000000000000     
 F F F F F F F F F F F F F F F F F F F F F F F F F F F F F F F F F F F F F F F F F F F F F F F F F F F F F F F F F F F F F F F F F F F F F F F F F F F F F F F F F F F F F F F F F F F F F F F F F F F F F F F F F F F F F F F F F F F F F F F F F F F F F F F F F F F F F F F F F F F F F F F F F F F F F F F F F F F F F F F F F F F F F F F F F F F F F F F F F F F F F F F F F F F F F F F F F F F F F F F F F F F F F F F F F F F F F F F F F F F F F F F F F F F F F F F F F F F F F F F F F F F F F F F F F F F F F F F F F F F F F F F F F F F F F F F F F F F F F F F F F F F F F F F F F F F F F F F F F F F F F F F F F F F F F F F F F F F F F F F F F F F F F F F F F F F F F F F F F F F F F F F F F F F F F F F F F F F F F F F F F F F F F F F F F F F F F F F F F F F F F F F F F F F F F F F F F F F F F F F F F F F F F F F F F F F F F F F F F F F F F F F F F F F F F F F F F F F F F F F F F F F F F F F F F F F F F F F F F F F F F F F F F F F F F F F F F F F F F F F F F F F F F F F F F F F F F F F F F F F F F F F F F F F F F F F F F F F F F F F F F F F F F F F F F F F F F F F F F F F F F F F F F F F F F F F F F F F F F F F F F F F F F F F F F F F F F F F F F F F F F F F F F F F F F F F F F F F F F F F F F F F F F F F F F F F F F F F F F F F F F F F F F F F F F F F F F F F F F F F F F F F F F F F F F F F F F F F F F F F F F F F F F F F F F F F F F F F F F F F F F F F F F F F F F F F F F F F F F F F F F F F F F F F F F F F F F F F F F F F F F F F F F F F F F F F F F F F F F F F F F F F F F F F F F F F F F F F F F F F F F F F F F F F F F F F F F F F F F F F F F F F F F F F F F F F F F F F F F F F F F F F F F F F F F F F F F F F F F F F F F F F F F F F F F F F F F F F F F F F F F F F F F F F F F F F F F F F F F F F F F F F F F F F F F F F F F F F F F F F F F F F F F F F F F F F F F F F F F F F F F F F F F F F F F F F F F F F F F F F F F F F F F F F F F F F F F F F F F F F F F F F F F F F F F F F F F F F F F F F F F F F F F F F F F F F F F F F F F F F F F F F F F F F F F F F F F F F F F F F F F F F F F F F F F F F F F F F F F F F F F F F F F F F F F F F F F F F F F F F F F F F F F F F F F F F F F F F F F F F F F F F F F F F F F F F F F F F F F F F F F F F F F F F F F F F F F F F F F F F F F F F F F F F F F F F F F F F F F F F F F F F F F F F F F F F F F F F F F F F F F F F F F F F F F F F F F F F F F F F F F F F F F F F F F F F F F F F F F F F F F F F F F F F F F F F F F F F F F F F F F F F F F F F F F F F F F F F F F F F F F F F F F F F F F F F F F F F F F F F F F F F F F F F F F F F F F F F F F F F F F F F F F F F F F F F F F F F F F F F F F F F F F F F F F F F F F F F F F F F F F F F F F F F F F F F F F F F F F F F F F F F F F F F F F F F F F F F F F F F F F F F F F F F F F F F F F F F F F F F F F F F F F F F F F F F F F F F F F F F F F F F F F F F F F F F F F F F F F F F F F F F F F F F F F F F F F F F F F F F F F F F F F F F F F F F F F F F F F F F F F F F F F F F F F F F F F F F F F F F F F F F F F F F F F F F F F F F F F F F F F F F F F F F F F F F F F F F F F F F F F F F F F F F F F F F F F F F F F F F F F F F F F F F F F F F F F F F F F F F F F F F F F F F F F F F F F F F F F F F F F F F F F F F F F F F F F F F F F F F F F F F F F F F F F F F F F F F F F F F F F F F F F F F F F F F F F F F F F F F F F F F F F F F F F F F F F F F F F F F F F F F F F F F F F F F F F F F F F F F F F F F F F F F F F F F F F F F F F F F F F F F F F F F F F F F F F F F F F F F F F F F F F F F F F F F F F F F F F F F F F F F F F F F F F F F F F F F F F F F F F F F F F F F F F F F F F F F F F F F F F F F F F F F F F F F F F F F F F F F F F F F F F F F F F F F F F F F F F F F F F F F F F F F F F F F F F F F F F F F F F F F F F F F F F F F F F F F F F F F F F F F F F F F F F F F F F F F F F F F F F F F F F F F F F F F F F F F F F F F F F F F F F F F F F F F F F F F F F F F F F F F F F F F F F F F F F F F F F F F F F F F F F F F F F F F F F F F F F F F F F F F F F F F F F F F F F F F F F F F F F F F F F F F F F F F F F F F F F F F F F F F F F F F F F F F F F F F F F F F F F F F F F F F F F F F F F F F F F F F F F F F F F F F F F F F F F F F F F F F F F F F F F F F F
  <DiscreteSampler_grid>
  grouped_processes
  1 # 1 for a reference and 2 for a running grid.
  10 # Attribute 'min_bin_probing_points' of the grid.
  1 # Attribute 'grid_mode' of the grid. 1=='default',2=='initialization'
  0.0000000000000000 # Attribute 'small_contrib_threshold' of the grid.
  0.5000000000000000 # Attribute 'damping_power' of the grid.
 # binID   n_entries weight   weight_sqr   abs_weight
    61   10   5.137418877739892E-014   2.160818823146145E-026   5.137418877739892E-014
    62   10   5.137418877740009E-014   2.160818823146248E-026   5.137418877740009E-014
    64   10   1.027483775547978E-013   8.643275292584580E-026   1.027483775547978E-013
    65   10   1.027483775548002E-013   8.643275292584993E-026   1.027483775548002E-013
    67   10   6.388344266440599E-014   3.144923841309421E-026   6.388344266440599E-014
    68   10   6.388344266440835E-014   3.144923841309615E-026   6.388344266440835E-014
    70   10   1.277668853288120E-013   1.257969536523768E-025   1.277668853288120E-013
    71   10   1.277668853288167E-013   1.257969536523846E-025   1.277668853288167E-013
    106   10   5.137418877739875E-014   2.160818823146128E-026   5.137418877739875E-014
    107   10   5.137418877740084E-014   2.160818823146316E-026   5.137418877740084E-014
    109   10   1.027483775547975E-013   8.643275292584511E-026   1.027483775547975E-013
    110   10   1.027483775548017E-013   8.643275292585263E-026   1.027483775548017E-013
    112   10   6.388344266440534E-014   3.144923841309397E-026   6.388344266440534E-014
    113   10   6.388344266440924E-014   3.144923841309654E-026   6.388344266440924E-014
    115   10   1.277668853288107E-013   1.257969536523759E-025   1.277668853288107E-013
    116   10   1.277668853288185E-013   1.257969536523862E-025   1.277668853288185E-013
    151   10   5.913132895862845E-014   3.459225030577545E-026   5.913132895862845E-014
    152   10   5.913132895858819E-014   3.459225030572811E-026   5.913132895858819E-014
    154   10   1.182626579172569E-013   1.383690012231018E-025   1.182626579172569E-013
    155   10   1.182626579171764E-013   1.383690012229124E-025   1.182626579171764E-013
    157   10   1.957493179579758E-013   1.298998226579355E-025   1.957493179579758E-013
    158   10   1.957493179579547E-013   1.298998226579125E-025   1.957493179579547E-013
    160   10   3.914986359159515E-013   5.195992906317418E-025   3.914986359159515E-013
    161   10   3.914986359159094E-013   5.195992906316501E-025   3.914986359159094E-013
    196   10   5.913132895863962E-014   3.459225030578858E-026   5.913132895863962E-014
    197   10   5.913132895857905E-014   3.459225030571733E-026   5.913132895857905E-014
    199   10   1.182626579172792E-013   1.383690012231543E-025   1.182626579172792E-013
    200   10   1.182626579171581E-013   1.383690012228693E-025   1.182626579171581E-013
    202   10   1.957493179579867E-013   1.298998226579487E-025   1.957493179579867E-013
    203   10   1.957493179579448E-013   1.298998226579001E-025   1.957493179579448E-013
    205   10   3.914986359159734E-013   5.195992906317947E-025   3.914986359159734E-013
    206   10   3.914986359158896E-013   5.195992906316006E-025   3.914986359158896E-013
  </DiscreteSampler_grid>
