  0.00066882585676431  0.02127980698742994  0.04357860485769600  0.06290774735893508
  0.07634702121839618  0.08755865962884345  0.09719744598637821  0.10545304988820595
  0.11196251030688058  0.11992151686294303  0.12970430424294216  0.13923285386284859
  0.14774298379131509  0.15562498880060613  0.16237750309206853  0.16870172438283682
  0.17520184153803792  0.18327693435210887  0.19262356708922779  0.20215853573472475
  0.21289120497293040  0.22589655033273720  0.24132688139079855  0.25554713566842474
  0.26993411793907496  0.28531900995687975  0.30344244331047676  0.32409472194373151
  0.34615037391364223  0.36340331221432021  0.37966265349387890  0.39195716365470151
  0.40377294907415939  0.41373884776328507  0.42427401588197527  0.43622691763102139
  0.44701290881372902  0.45562605112829058  0.46265460359088595  0.46986046932349357
  0.47576329732291345  0.48307808181271994  0.49094021699200935  0.49808630385672742
  0.50644893643043098  0.51526964868366398  0.52190312975533770  0.53044251312239243
  0.54031892725905295  0.55146270642314454  0.56291049605668342  0.57437813316199637
  0.58711483868187619  0.60143881075205596  0.61631253325064594  0.63340270570368351
  0.65008017401429319  0.66362486651401598  0.67196047491304400  0.67688875039615226
  0.68249516570108026  0.68863006079704925  0.69632747587324884  0.70477646567920005
  0.71337551212392425  0.72411999382282344  0.73540046392298009  0.74278539262609811
  0.75043875892138723  0.75715920672707304  0.76584246733456951  0.77829898133994524
  0.78939741752633052  0.79952787693729555  0.80981446743552210  0.82106591228407655
  0.82917514939379677  0.83719857548369103  0.84314633451212329  0.84789079126719957
  0.85274030907391007  0.85820770698176974  0.86579410109189814  0.87412308421490192
  0.88359901222769965  0.89384947494461653  0.90463709502336587  0.91449023442970612
  0.92188148708849704  0.92892734544800137  0.93707620784150758  0.94688933096352823
  0.95772799719965185  0.97028398376045588  0.98450472612437967  1.00000000000000000
  0.00770173559686278  0.02229894435236239  0.03688854484821951  0.04810858648511124
  0.05390927230634904  0.05686788920262798  0.06023969367349484  0.06707419241547086
  0.07604439505806866  0.08328763485042756  0.08857708279035112  0.09262815246347650
  0.10094952184579180  0.11088154225343347  0.12339753388474581  0.13680043992721036
  0.15086537084093651  0.16280018107183297  0.17399125881633976  0.18560646849168025
  0.19943013214941949  0.21147937064675676  0.22182110805393709  0.23204870770265276
  0.24021259835384767  0.24755814015549613  0.25634548901541271  0.26869386792251226
  0.27901452541642147  0.29042212857529642  0.30054423994102208  0.31093281657076882
  0.32122396973883216  0.33335657936854463  0.35245962445467538  0.37302520365607006
  0.38653780869857435  0.39717646243456084  0.40614955610108361  0.41485398576588822
  0.42649626282138986  0.44004745678806662  0.45049672742108599  0.45619420132083754
  0.46198519181804676  0.46787133349503390  0.47426109272625633  0.48113086261453664
  0.49170818716460069  0.50616725686631647  0.52170274607517308  0.53859093256853641
  0.55894811821733192  0.58439029158627687  0.60320698315027454  0.61447739502132426
  0.62180268511977477  0.63014053466415898  0.63790502130966142  0.65271936083858384
  0.66554460638413082  0.67632939912351098  0.68748188717573822  0.70220172655234414
  0.71595874047516439  0.72204942691978591  0.72585292366080334  0.73019669882585048
  0.73667555667917528  0.74166022027565082  0.74635754260359966  0.76104981867041754
  0.77446434380426710  0.78558105527135691  0.79442230093568500  0.80211359497742185
  0.81001253521476346  0.82062885665719487  0.83053801703234276  0.83846498687881854
  0.84630605867915032  0.85579346707999004  0.86971103176055753  0.88237310571078797
  0.89704236751339117  0.91040794732456076  0.92252687946194190  0.93499972263918441
  0.94922859597703102  0.96162320391278588  0.96959969500780474  0.97733128647411527
  0.98201562604172921  0.98649129350337539  0.99078779966723207  1.00000000000000000
  0.00020018652426324  0.00021681244978556  0.00023199381078567  0.00023999536884381
  0.00024505257649379  0.00025228778060043  0.00025969256945769  0.00026688940703385
  0.00027407244850308  0.00028029489915955  0.00028555358429815  0.00029014299702763
  0.00029290619344245  0.00029556427241169  0.00029875070770603  0.00030273495491112
  0.00030750702606561  0.00031091077970143  0.00031482916860784  0.00031935309968593
  0.00032447655008409  0.00033054558182873  0.00033638547738454  0.00034320530591054
  0.00034840940331694  0.00035376277909153  0.00036006550234489  0.00036512164303765
  0.00037013261145573  0.00037566209726780  0.00038174167965741  0.00039276845443203
  0.00040276195906410  0.00041200010332164  0.00042086369169104  0.00042832867712438
  0.00043573412094175  0.00044323297604545  0.00045198582415845  0.00046550549017088
  0.00048243467754935  0.00049572585775914  0.00050568408762001  0.00051398752560414
  0.00052174550191786  0.00052952765234236  0.00053995061319221  0.00054992043280162
  0.00055908244940961  0.00057099325550892  0.00058733190185060  0.00060812554821369
  0.00062690247976617  0.00064044233851837  0.00065027255388373  0.00065723350223242
  0.00066459204010828  0.00067521493519346  0.00069343073551420  0.00071583782780455
  0.00073277791957289  0.00074308808900845  0.00075738719125211  0.00077563463325949
  0.00078851693967341  0.00079843846446867  0.00081005631709778  0.00082336464966244
  0.00083468589966671  0.00085805806173524  0.00088942599474929  0.00093300921804420
  0.00098203985251005  0.00103317911637028  0.00109055279186720  0.00114360046592494
  0.00118617344982606  0.00123929712444880  0.00130608499171474  0.00138162037230017
  0.00143942128813066  0.00147953104327693  0.00151812897173921  0.00156001163112902
  0.00160307128997306  0.00163204799122354  0.00166151886834782  0.00177509961667570
  0.00190213263687863  0.00219539783055266  0.00283949606167364  0.00397261129483195
  0.00542603730844692  0.00741925428653985  0.69506212245879229  1.00000000000000000
  0.00005398498471391  0.00005420831410096  0.00005448970978277  0.00005482345895167
  0.00005519630314677  0.00005553603802126  0.00005588463004273  0.00005625341643570
  0.00005660985998912  0.00005695177395615  0.00005725796499553  0.00005744575350489
  0.00005769808276630  0.00005794075851756  0.00005808256002831  0.00005820758106673
  0.00005833123225724  0.00005845462917088  0.00005857642884978  0.00005869790955854
  0.00005887292654058  0.00005905778201187  0.00005927860094410  0.00005959195191403
  0.00006011165186933  0.00006046839637453  0.00006078580553360  0.00006109987247915
  0.00006154013752507  0.00006203855771690  0.00006258004369967  0.00006308812216375
  0.00006357783196117  0.00006423122899937  0.00006477332442995  0.00006528005808301
  0.00006574130314048  0.00006617346086177  0.00006656114815323  0.00006694493656183
  0.00006735498643031  0.00006806028458813  0.00006896952258815  0.00006987553796982
  0.00007076876454420  0.00007176144174099  0.00007287415227617  0.00007359013086856
  0.00007407567231706  0.00007451249363883  0.00007493532879914  0.00007542426617678
  0.00007615324927941  0.00007699605972003  0.00007784205018140  0.00007881156910017
  0.00007976172154185  0.00008053558693457  0.00008143752123172  0.00008233633172996
  0.00008323323648421  0.00008433146449596  0.00008547423013759  0.00008669617214540
  0.00008789262612298  0.00008971544421515  0.00009209859976819  0.00009520016270251
  0.00009944184218989  0.00010388688608992  0.00010759131264302  0.00011172454832763
  0.00011635740949626  0.00012007102100655  0.00012314121230133  0.00012663571676735
  0.00012912433339802  0.00013155977908174  0.00013430348312785  0.00013692755561688
  0.00014016252111065  0.00014611112727800  0.00015784511130703  0.00016939000012468
  0.00018075073334525  0.00019212789382679  0.00020782953595139  0.00022264952292709
  0.00023413136490885  0.00025062807017733  0.00028989037115719  0.00038098505331061
  0.00046427567301063  0.00182769200069463  0.29272289477389868  1.00000000000000000
 -0.00679015389637963  0.05444008719335693  0.06285795163420639  0.06546559936996549
  0.06872399936225181  0.07373847805351726  0.08242043291774914  0.09130188213614147
  0.09635843197189080  0.10180206487113605  0.10806993360208536  0.11237900241437601
  0.11928541198026203  0.12907683862557229  0.14262439145901298  0.15271195405682186
  0.16381899114033621  0.17585011518760651  0.18875304376987834  0.20709120343382373
  0.22316912326169214  0.23389381795329553  0.24294107229379258  0.25063611228539490
  0.26012266069626966  0.26907729657469037  0.27846854759680811  0.28703447844753727
  0.29505568854538322  0.30196054313372583  0.31818617539535760  0.33281589053681709
  0.34546669824372145  0.35680539149952611  0.36877124231526304  0.37888128120128539
  0.38576913537355390  0.39212965153539980  0.40138532583205178  0.41505615493570414
  0.42867275731920662  0.44054815202255160  0.45167747669914499  0.45999180477262397
  0.47390878305159806  0.48914034127559847  0.50262864574686184  0.51653918155972478
  0.53048103632363930  0.54332394972531406  0.55344888922456537  0.56291029210473797
  0.57128029709903716  0.57981692641263716  0.59206577378920466  0.61003478142822909
  0.63131524277501061  0.64644992134578527  0.65743257937504551  0.66666382197372187
  0.67444018172052667  0.68058839032642371  0.69197975963529867  0.70319344947709439
  0.71136851194348805  0.71787319974253050  0.72492974573813351  0.73695474063197985
  0.75344731360497796  0.76949547300613963  0.78096815366887617  0.79125504683315606
  0.80087548332217406  0.81038188064894601  0.82073997217361172  0.83548805772311552
  0.84630204032526535  0.85496701440994449  0.86133573113687734  0.86704485546782817
  0.87151439906394446  0.87599848262947466  0.88053866076942966  0.88756986610699740
  0.89743275273009060  0.90757144023013780  0.92012104889051705  0.93631938128424641
  0.95220429007162510  0.96353417748722481  0.97017722483484581  0.97581060633144356
  0.98217981371896612  0.98828617620755432  0.99134544213154341  1.00000000000000000
  0.00011108615084972  0.00017161935841076  0.00019072965170016  0.00019615530728013
  0.00019986735611336  0.00020369234822311  0.00020653538204148  0.00020941619374765
  0.00021328866258957  0.00021743308544612  0.00022524536280947  0.00023272869826586
  0.00023975619683819  0.00024622672569339  0.00025225376783645  0.00025804024911639
  0.00026324010458879  0.00026861744550504  0.00027358207072914  0.00027717153508758
  0.00028063385319457  0.00028563519096871  0.00029083196798255  0.00029656090345320
  0.00030409525043779  0.00031042918261740  0.00031716934460799  0.00032390426260063
  0.00032932371134416  0.00033362363206558  0.00033848122097020  0.00034489302421580
  0.00035232866615536  0.00036042557268626  0.00036929339822999  0.00037909674339129
  0.00038891634009988  0.00039773189609855  0.00040568303549122  0.00041386501011316
  0.00042255279634942  0.00042970345109074  0.00043570523041463  0.00044279292808780
  0.00045081256092999  0.00045944058939333  0.00047043494407595  0.00048617456189676
  0.00049846142487248  0.00051090793114811  0.00052352915859137  0.00054050929217446
  0.00055845853600268  0.00057644626387204  0.00059788669013484  0.00061733023493473
  0.00063176707216583  0.00064214686897615  0.00065215261908656  0.00066354958516871
  0.00068157653194849  0.00070368706176266  0.00072314558333573  0.00074024543724742
  0.00075981544301022  0.00078808889375826  0.00082978056146648  0.00086792436241840
  0.00089261515377703  0.00090481712989900  0.00091808199662958  0.00093878025255035
  0.00096395400564404  0.00100457197110065  0.00104456610698807  0.00108562940617311
  0.00114892333643759  0.00120490162703654  0.00127586613341581  0.00138082409628634
  0.00156753908385784  0.00183084320332501  0.00206416140128635  0.00223950910482117
  0.00231132733541303  0.00240212575785708  0.00248787223154681  0.00258310881375678
  0.00272968961272412  0.00305154182819849  0.00447752372882897  0.00507232229224865
  0.00610572837789596  0.01146734829309986  0.55381106245267331  1.00000000000000000
 -0.00132729865531798  0.01361408033569146  0.02590595998013742  0.03640592446971162
  0.04869359691860382  0.06372151821057467  0.07408133341091584  0.08177947814074528
  0.09035908453402107  0.10361248490218790  0.11493985535497785  0.12577086711050761
  0.13818892370751318  0.15191233098309195  0.16317671795015543  0.17520428211623096
  0.18991245110884694  0.20244638221382544  0.21362882752605450  0.22290562638660433
  0.23296253250480620  0.25323681334367371  0.28027877165165382  0.30566707704514851
  0.32838170140775791  0.34972385670351386  0.36821120448771172  0.38271416072431302
  0.39669621696838858  0.40723884367816338  0.41670498199276135  0.42770801922059176
  0.43770362802204771  0.44833482809817365  0.45920077950067217  0.47028737541079485
  0.48199289472477380  0.49120655539051050  0.50060096926287112  0.51120182071273779
  0.52050502180049141  0.52706565080568890  0.53425824294103408  0.54158968051720591
  0.54889831128871414  0.55655326171006059  0.56479019621439130  0.57461380462958456
  0.58878423379927292  0.60587955003488647  0.62013991401459045  0.63027212432911484
  0.63782428988400042  0.64321572639612157  0.64850863263714209  0.65374742897140536
  0.65754759313194955  0.66102094705997128  0.66699526405519260  0.67200875217360556
  0.67645271918133276  0.68134603831707896  0.68610732341790925  0.69537702316555250
  0.70657770295102651  0.71933190286852389  0.73409634557026648  0.74927679557165294
  0.76305100170156548  0.77420939825905566  0.78533025739253826  0.79417965817683123
  0.80152942688597495  0.81116371588962988  0.81730790403954023  0.82441036063876016
  0.83339722177308639  0.84516267753240026  0.86301705055955691  0.88118352519103427
  0.89772426133825045  0.90945969915427449  0.91812742375691536  0.92439709652286939
  0.93232556849970016  0.93895657363277241  0.94503050818539303  0.95137772381201557
  0.95999206589328612  0.96704405252620906  0.97177466133000412  0.97788894222665546
  0.98242056944404588  0.98623420403573392  0.99031236300686043  1.00000000000000000
 -0.00067139349858561  0.00364213737482652  0.00917623145543371  0.01667541382638414
  0.02699507261990625  0.03406561095118216  0.04066613542730240  0.04878499410403243
  0.05778982968798114  0.06245542093942056  0.06531982390844819  0.06821749017999132
  0.07237070458356300  0.07528218954405259  0.08096163365555148  0.08942499913905586
  0.10823129387908198  0.12602036395768956  0.13787361994188724  0.14471534976528977
  0.15266788219336225  0.16191104157082978  0.17346832232423748  0.18513417712104605
  0.19595457745010117  0.20853367007462770  0.22096482592684225  0.23158483840243657
  0.24565985631573004  0.26098417383789979  0.27902616144772063  0.29487977558918771
  0.31344007570736376  0.33551477243848665  0.36097987086819810  0.38572655226493530
  0.40404319375165682  0.42093044545318919  0.43478401460451538  0.44598217363493481
  0.45600345710972728  0.46592257736024212  0.47725694768778471  0.48886745017273492
  0.50318590372376781  0.51568530232145793  0.52335724197883104  0.52937762565241175
  0.53461433070409115  0.54014969253760325  0.54753062651884854  0.55682658024347398
  0.57141183039512011  0.58715617051165325  0.60435040687347730  0.61968647674278465
  0.63211733349959287  0.64658809904123593  0.65841084487484436  0.66776505709189515
  0.67419270660227792  0.67797540182996185  0.68160868543066466  0.68493932164079752
  0.68810943076504882  0.69102603082816572  0.69448744834847864  0.70055940104511571
  0.70653723113940714  0.71291792766869111  0.72108553257435892  0.72983416706678839
  0.74499500725072265  0.75963722914923526  0.77389610883858806  0.78743547694900140
  0.79874864453849059  0.80985190304942811  0.82034880380220443  0.83097945677210283
  0.83668405456865003  0.84247515865034839  0.84913099684720772  0.85728506377473090
  0.86709467704448706  0.87728641997232948  0.89471374237771084  0.90833332881498208
  0.91994553196619944  0.93038388104922221  0.93985624831057146  0.94992439080269586
  0.96414832117082205  0.97715110150216677  0.98847983713460519  1.00000000000000000
 -0.00106214921198666  0.00597650651362078  0.01590703268014012  0.02303387114712451
  0.02875123496281387  0.03431066507936966  0.04014417084814619  0.04544438475024695
  0.05189422167633227  0.05614299080546691  0.06043857788773428  0.06613226957877692
  0.07008088397721030  0.07610861542930175  0.08279512104998601  0.08684448583329538
  0.09249670154850627  0.09989963196069880  0.10909138588980465  0.11817550620847901
  0.12446879803915165  0.13392816313166059  0.14555185688197816  0.15828157285213332
  0.17286775978833469  0.18616342929925506  0.19824289055796371  0.20844736834195715
  0.21780126113620513  0.22587250340346141  0.23124945225796487  0.23736840423381625
  0.24396326469626670  0.25077112538286822  0.25476123591146632  0.25869035482147590
  0.26269556889386475  0.26912249266199062  0.27864385683860526  0.28788314336868925
  0.30291512027722622  0.31450912846160406  0.32537558403157352  0.34088392426565522
  0.35016875102275496  0.35959175921526088  0.36991460474723126  0.38199815057853398
  0.39570097174393526  0.41571975837118513  0.43690872077864651  0.45910629937650399
  0.47807628820817388  0.49240546133546403  0.50298520259634560  0.51327623985199822
  0.52641803963422218  0.54124219122725314  0.55833479950280918  0.57761560669709489
  0.59265561094864727  0.60340372439049972  0.61775255874034474  0.63580456294733945
  0.65307484144615280  0.66713893519532896  0.67565886258861207  0.68272911176352025
  0.68961833980269782  0.69648477254814956  0.70376086942706617  0.71253835984740954
  0.72825366116481871  0.73697859419976575  0.74437760008413034  0.75101035767339253
  0.75761986268435233  0.76895841418745625  0.79620366461537329  0.82112205254149806
  0.84479636068379949  0.86514244456051725  0.87789795980471363  0.88850714254486374
  0.89952722792667816  0.91180051054116407  0.92339817776717725  0.92891203156918567
  0.93354192644353740  0.93938696072729366  0.94722407099913197  0.96330350864053993
  0.97015842344351066  0.97855739305510436  0.98862719250763209  1.00000000000000000
 -0.00188329271611377  0.01096368831349856  0.02421236607994287  0.03313021012101191
  0.04716407425258436  0.06235752555298967  0.07490348416249136  0.08759027352135382
  0.10234040079612246  0.11737735838843241  0.12995009819790901  0.14293509749479094
  0.15356567376022409  0.16689613246478524  0.18207052629071485  0.19773812459166648
  0.21757186607133794  0.23673367669821138  0.25201833358838399  0.26415804666031678
  0.27387331629730599  0.28264541354647704  0.29111940399061437  0.29787507464337631
  0.30374507006199630  0.31349548853611453  0.32496120150288954  0.33740762440772754
  0.34981857967332719  0.36030983701102903  0.37055746077104124  0.37781675202891807
  0.38563469599077344  0.39582897203817613  0.40744390807820718  0.42066463806885751
  0.43580263266568775  0.45210561403200988  0.46432136322064954  0.47452126348249257
  0.48167394090867588  0.48865981718006868  0.49614539950881070  0.50670459695435988
  0.51520996760317450  0.52270688003613008  0.53090570841854590  0.53760558578704076
  0.54263296321677590  0.54957094043618837  0.55584106035775049  0.56238363000078129
  0.57333572746680705  0.59467713069977390  0.61283830952193719  0.62446043645093052
  0.63552521516200711  0.64599087294657509  0.65569222401597227  0.66479742786413976
  0.67602258060720799  0.68581021562358979  0.69346819983358954  0.69851539547418728
  0.70317154825771100  0.70950786683964617  0.71637150707201258  0.72459051497442206
  0.73277820377672542  0.74080433878373653  0.74742880889434027  0.75301194799388182
  0.75876646134916848  0.76753594626321853  0.77567054948574099  0.78359090700589817
  0.79669285077754504  0.80829485221685193  0.81973434704552228  0.82881626686464638
  0.83507566347676598  0.84552200871312266  0.85588285064182557  0.86253121018908163
  0.86937539518348217  0.87898943549026354  0.89011217982067092  0.90170477115089609
  0.91363958888557195  0.92738495475430416  0.94204370073182098  0.95405709423624596
  0.96475239169742377  0.97505978770249557  0.98434614533055376  1.00000000000000000
 -0.00273868862488529  0.01712437104630708  0.03245062373739842  0.04742770722947885
  0.06248650544448892  0.07577044994858841  0.08536690998162066  0.09689491002690950
  0.10791964850866785  0.11790303976887558  0.13212619821566154  0.14891423339805571
  0.16267799464644406  0.17432866028113084  0.18589419617804159  0.19670224922192539
  0.20624081084130147  0.21750858706407225  0.23035046667672876  0.23783989608542142
  0.24222209240859432  0.24679589398177335  0.25180247260321359  0.25833180243896042
  0.26708558926287274  0.27642281945661268  0.28923729763715988  0.30323038533514096
  0.31791153705543707  0.33035844649808754  0.34285684223436941  0.35437088576303272
  0.36678003906069201  0.38389204978875302  0.39582896710512933  0.40566038859831555
  0.41342238123911756  0.41706658213502934  0.42230254823595609  0.42792780671396469
  0.43259635784252082  0.43811935131105306  0.44401685449096928  0.44869454466834724
  0.45343156755694680  0.45733973014671209  0.46009907125048344  0.46350747011383370
  0.46825756216942527  0.47923412090806822  0.48648484795995312  0.49220914263570714
  0.49732837364178756  0.50510066360005212  0.51374976337237011  0.51999818150823762
  0.52875568556953823  0.53836682324837115  0.54978621831283925  0.56446225862013533
  0.57938935109799772  0.59284630177220532  0.60413716597921185  0.61393076661500978
  0.62048996781430032  0.62595856859690602  0.63361056319393172  0.64382559615912982
  0.65563452627897623  0.66943443554794968  0.68470606479212393  0.70272431551083236
  0.72039460902290609  0.73463374235223167  0.74613867500956266  0.75733656968241858
  0.76825292059546202  0.77957047735741991  0.79240031738546390  0.80576414625504733
  0.81960279987657492  0.83505135703004507  0.85090314364510788  0.86263569869747359
  0.87645875899813208  0.88754700449314983  0.89784473635637829  0.91172651826906537
  0.92482267841053711  0.93457148915980948  0.94286529597652380  0.94900689917789371
  0.95579545075207106  0.96316285464093709  0.97682778865316489  1.00000000000000000
 -0.00217994298040367  0.00840147841335742  0.02247768622580436  0.03081521647007111
  0.03676166276114708  0.04131044871563311  0.04463006941531668  0.04771497354950489
  0.05277716977071726  0.06376483219908405  0.07545647598986757  0.08590332193953353
  0.09681180804884633  0.11197219605107019  0.12843333085325923  0.14404239177758824
  0.15797557437953402  0.17247858285535239  0.18574483524910052  0.19833619896578872
  0.21116262333073538  0.22161328135509342  0.23038486296575067  0.24051571069601929
  0.24718369884752700  0.25327799964976727  0.25780913670828276  0.26325692169302423
  0.27218194627735059  0.27810992222870023  0.28206151776584532  0.28549237713173004
  0.29026386655799508  0.29582603495506105  0.30600219685952806  0.31965044075825461
  0.33477273385021311  0.35038487428271098  0.36523069305839156  0.37833550894132756
  0.39075205012366665  0.40141954567852978  0.41292072056138440  0.42575596579173158
  0.44226266484707510  0.45676449241164202  0.47046315330269561  0.48204524965599410
  0.49328679320415464  0.50552647530995054  0.51908120058250040  0.53307852395203825
  0.54933746219151869  0.56952900326099543  0.59167992792735846  0.60579113455500377
  0.61723906639611181  0.62707318198675799  0.63592607108244248  0.64554862097348109
  0.65468814734943059  0.66357611083002965  0.67331505177922746  0.68045882222243925
  0.68756294361608772  0.69476403937282483  0.70114360762762606  0.70616202648463555
  0.71692962463538590  0.72747053965672515  0.74154180957066729  0.75577037870044816
  0.76535035052846978  0.77179143666781924  0.77944478177489263  0.78895208110777859
  0.79985270109976581  0.80944325538961193  0.81561150758975431  0.82234381397313683
  0.82938534885175830  0.83667341754081626  0.84435055175910001  0.85518553593644431
  0.86565929769262817  0.88390002508161503  0.90132947500886396  0.91005862540705817
  0.91881345047268503  0.92737664015125887  0.93611358687662016  0.94429184341111316
  0.95358565371817350  0.96440731781272626  0.97939831071711336  1.00000000000000000
 -0.00854251326297262  0.01744410313130755  0.03937497389716593  0.04834451371729970
  0.05744324582200179  0.06316087290470725  0.06678239497989075  0.07118042533835124
  0.07520764423223196  0.07891357607408669  0.08227415349171359  0.08541748944549346
  0.08988852114728575  0.09607119678711380  0.09923241389788165  0.10333172676177360
  0.10747551408194224  0.11196422137836573  0.11593741065515369  0.12126069180107403
  0.13001043384815353  0.14159968579909576  0.15480640593119421  0.16873106706808072
  0.18399921083256005  0.20026617334575553  0.21641464144746853  0.23180669422243683
  0.24669038783630040  0.26188139367502422  0.27224196314572224  0.28078958936790843
  0.29034293178035092  0.30189321936137925  0.31158619277447852  0.32077940449846676
  0.32929628794201932  0.33701457619419645  0.34294441396067848  0.34967826876197294
  0.35485344961058785  0.35947032898060594  0.36526913288699286  0.37152638914761954
  0.38198263617750300  0.40279178488215817  0.42704019143733557  0.44913354870522099
  0.46651517788678859  0.47550530949041997  0.48343958336610554  0.49029277421101952
  0.49701531015044398  0.50379037879968858  0.50946000425490634  0.51523843646748002
  0.52106720558890907  0.52579240861268872  0.53128144168717373  0.54157386219244141
  0.55150417739208291  0.56026918761274336  0.56571073501272151  0.57261485602664275
  0.58068363935830947  0.58514250047704375  0.58877923149296563  0.59159545464133878
  0.59395720270826691  0.59827086638116744  0.60528406370305510  0.61497365810169125
  0.62496769313321643  0.63548498703993406  0.64528448574503705  0.65484563825961251
  0.66814347043780520  0.68035491651169300  0.69525034207005665  0.71465724261891983
  0.73723001048134684  0.76016427084568039  0.78061633691535204  0.79719972264207661
  0.81241916626655408  0.82089461370096928  0.82686573927177198  0.83578428328137100
  0.84440676920514945  0.85246749831578672  0.86265848875653406  0.87762443093134057
  0.90293225230273211  0.93768479669320215  0.96954904947687148  1.00000000000000000
 -0.00488868043770647  0.00500689491389114  0.01490247026548875  0.02546022877595968
  0.03661690695770679  0.04999149015801959  0.06678863373936132  0.08221384985734587
  0.09423396173444022  0.10365172511605548  0.11127933135660707  0.11934272777954921
  0.12703445685230946  0.13533498484496254  0.14388591994372366  0.15289758095010744
  0.16112903393706735  0.16981052369326174  0.18281668639229015  0.19710943620529575
  0.20648014490404448  0.21440471782961312  0.22238248718869422  0.23064570251203703
  0.23782722652717431  0.24415202440088671  0.24863491324732026  0.25171789789953780
  0.25617858755479023  0.26169061949315903  0.26845127181029860  0.27447065663186870
  0.27785679523542633  0.28128920150858766  0.28571478109803417  0.29207577855007055
  0.29980848147697037  0.30631746821775585  0.31189669020815108  0.31687244009481519
  0.32204052330380373  0.32977942133247423  0.34467633253982527  0.36627625999022034
  0.39059829241110600  0.40866799275494708  0.42359944731726001  0.43694637116518187
  0.44924825006371316  0.46020723847763079  0.47140390840916213  0.48347712361684636
  0.49357321112112262  0.50375136952673305  0.51228173378928621  0.51901943689479380
  0.52602956296921932  0.53197754481309334  0.53693316953196890  0.54110500057378796
  0.54636537150419839  0.55581722902456532  0.56652149545447683  0.57788685524809313
  0.59259171266558675  0.60745080620459035  0.62639608054760920  0.65237649815039978
  0.67312212049062292  0.68683525536980183  0.70309026803206554  0.71629979678840450
  0.73003661774925754  0.74003278613388468  0.74997271615096128  0.76076829510497712
  0.77346070662167177  0.78853940190781879  0.80034272338349999  0.81060256802819397
  0.82056715723722273  0.83039094438273997  0.84754759831096416  0.86769953961431523
  0.88208836976516802  0.89467533163075974  0.90647264127049831  0.91915184441345898
  0.93449787237185189  0.94593613727317039  0.95352026110901300  0.96103615641807971
  0.96962126179475017  0.97973543891171011  0.99069903359431155  1.00000000000000000
 -0.00208374195520007  0.01214487296996328  0.03114530560358354  0.04724296649591963
  0.05972721091678583  0.07203118664037871  0.08715155264552649  0.11096142407379322
  0.13632385312065359  0.15949688540066309  0.17775932858294050  0.18906926118822609
  0.19823689067918518  0.20846860817278173  0.22838620840496307  0.24932800895404236
  0.26506918936740781  0.27297897942355465  0.27935303832633601  0.28395608497101338
  0.28787131429901724  0.29000330392117274  0.29237501386751685  0.29777724928671373
  0.30219471220950600  0.30756084148568008  0.31636202715459261  0.32549716068499107
  0.33319410047844539  0.34044804093969522  0.34746875376225750  0.35441651150041437
  0.36591251380583761  0.37664600395879844  0.38370027973276644  0.38946665602202873
  0.39776317748858830  0.41528137250009262  0.43042250311479896  0.44398665222305467
  0.45779993410686282  0.47076725802511216  0.48556268382939571  0.49860262223229440
  0.50945393738181810  0.51949512068034875  0.52765870148052796  0.53848955854392733
  0.55146402139917194  0.56384000568135872  0.57383867575660397  0.58182233303704090
  0.58875914676588559  0.59656163282972663  0.60627566278714817  0.61732862008289469
  0.62900585370620721  0.63538209812272195  0.63866345081695963  0.64223414358958031
  0.64627790499700299  0.65094475670525831  0.66203776403523840  0.67386695701106558
  0.68286348101500227  0.69041388885634924  0.69712319276426205  0.70418299014059549
  0.71144607065115462  0.71867317562978261  0.72558287547862133  0.73243964642920556
  0.74163068776564300  0.74915696262143272  0.75790945008991806  0.76817714558216621
  0.77757246655938550  0.78634360398419656  0.79088598907901686  0.79650869765459154
  0.80330628770878432  0.81116668463044073  0.82089595526182391  0.83593734553233257
  0.85398942747340434  0.87336073479466414  0.89207955201910227  0.90745310070034169
  0.91884002718412239  0.92902088619393342  0.93890978276428361  0.94895715771682454
  0.95974297894356153  0.97137121314905195  0.98383355042604637  1.00000000000000000
 -0.00172593636441632  0.00399362953370072  0.00978031036980178  0.01591978941910811
  0.02255544687023261  0.02762187493937400  0.03221210930240248  0.03745123041457050
  0.04603530185019291  0.05594195838580886  0.07346535673680370  0.09169863428147297
  0.10763243494829551  0.12041789547083634  0.12813234731700848  0.13485260937400492
  0.14228052866658525  0.15528740488162576  0.16519717580745225  0.17245889625766758
  0.17905500791725940  0.18699210862711813  0.19813854200151995  0.21278362611579107
  0.23204323751290595  0.24485038402972917  0.25393405527790147  0.26467023475806117
  0.27970511820942251  0.28728000404214593  0.29339309011239656  0.30080985310245045
  0.30627006733757134  0.30918950235670278  0.31313626909451109  0.32230477433203020
  0.33559542407055304  0.34406274817521293  0.35111507817768650  0.35898300495889701
  0.36712768123008382  0.37471345625361496  0.38190479723984067  0.38933811927340761
  0.39963120232717625  0.41727381650361411  0.43244468308149586  0.44506638106002716
  0.45651423188383444  0.46700584137597773  0.48063876345342271  0.49167693220440289
  0.50219422116086088  0.51378603151070279  0.52302664746644945  0.53213492171283339
  0.54221290268911126  0.55212579045278098  0.56095233762127439  0.56605840011264907
  0.57175218329948541  0.57772548333985918  0.58847506453760456  0.59819304838228804
  0.60849863227110679  0.62171209972228547  0.63197711047994543  0.63917956266577125
  0.64528799629333478  0.65204185005948578  0.66021643300019162  0.67452076309704578
  0.69596496318612955  0.71779563655473144  0.73795854504190816  0.75131677920532802
  0.76551671441653368  0.78116841295006834  0.79654036299035047  0.81157537111812073
  0.82521954089098004  0.83736921618080651  0.84906602945110277  0.86129491050840024
  0.87458829859650966  0.88821241436651410  0.90372565164831808  0.91978219885077728
  0.93007826447291841  0.93906433604724837  0.94749817872785091  0.95848549178086462
  0.96887312323706465  0.97816510534977419  0.98962592682756900  1.00000000000000000
 -0.00807867209662570  0.03312275874625074  0.05656413579743513  0.06900845672187288
  0.08082284177462125  0.09606018588543316  0.11189170011053336  0.12504344230507650
  0.13739633287860811  0.15251071732995375  0.16606456306059569  0.17686831979381337
  0.18884632935773238  0.20299870472709775  0.21566116982755740  0.22380655906237243
  0.23033176527166571  0.23640378392889824  0.24213140451817561  0.25066673909150283
  0.26454674087020075  0.28092704821680448  0.29936527473576396  0.31851801989229050
  0.33686794144016274  0.35249638607869627  0.36658335939174497  0.37962380123724498
  0.38943886690223523  0.39749759108799049  0.40602754028185478  0.41531063440900651
  0.42306050413518526  0.43403078742806767  0.44795378612252407  0.45763458181565836
  0.46500195709793801  0.47382727578313849  0.48437163034293773  0.49505070147005559
  0.50442054561840755  0.51386408280830631  0.52130560749568833  0.52631634936510230
  0.53137527320700650  0.53667454403261250  0.54199439904610269  0.54749708640846462
  0.55352936349895343  0.56413848336458527  0.57384433482962860  0.58834214474459201
  0.60733702540648671  0.62031969053534985  0.63065319006517084  0.64085883832646351
  0.65273645143725589  0.66614907725981165  0.67108201287098812  0.67719627685312589
  0.68209508235567851  0.68680639507985253  0.69231866569719536  0.69989652370643596
  0.71141988831488367  0.72593301314066450  0.73632613230625521  0.75002104774110057
  0.76547936097710323  0.77733012529960654  0.78795665000240389  0.79644375124707323
  0.80472295692685147  0.81191771152192049  0.81767570324757166  0.82313336089840028
  0.82815118189471593  0.83277248529429726  0.83740289158546144  0.84257190779093127
  0.84860250096836853  0.85839098521737045  0.87400751898770157  0.89150965943330884
  0.90514238017997373  0.91412830852595728  0.92220170910448440  0.93080774914884290
  0.94080826407661500  0.95486283707811959  0.96399809545662296  0.96860591937162421
  0.97283757557889528  0.98194843175181679  0.99089104986767507  1.00000000000000000
 -0.00812805564528270  0.02680159405618453  0.05082022445336423  0.06971540530279488
  0.08510517074005598  0.09635558031171509  0.10942289118452100  0.13188293660127362
  0.14654030182627473  0.15772362862909689  0.16926168832134461  0.18446769810157135
  0.20020536370307965  0.22039867159267568  0.23947626384225962  0.24624575558829648
  0.24999305551022344  0.25402468979435766  0.25793219303235282  0.26229778844747853
  0.26706482173948964  0.27278498302826937  0.28471319459065147  0.29542564686568124
  0.30525013159413672  0.31307873384570523  0.31757303168710493  0.32136520838013566
  0.32723111626165291  0.33465380733844513  0.34435130956021232  0.35763452459493633
  0.36828863180390470  0.37731904457518683  0.38247742783427735  0.38858303520425413
  0.39685099137385438  0.40711651295510215  0.41675372183292642  0.42520495871952985
  0.43351582745668865  0.44144221180027787  0.45240512419083867  0.46366647873690553
  0.47089960513553358  0.47728569035930996  0.48394799650642706  0.48985474299592402
  0.49758842553175359  0.50501343180925473  0.51561549071413126  0.52837721025688733
  0.54163532950718674  0.55620212027931892  0.57026522572434746  0.58092785669398272
  0.59164525272135748  0.60197174759017003  0.61174685358245529  0.62106995173303003
  0.62903102187498861  0.63750871361562078  0.64564642912443149  0.65374043521661052
  0.66223723004730828  0.66895757867225769  0.67505150830320659  0.68162482723303586
  0.69223090914918883  0.71053356044198979  0.72683441472346788  0.74108678287597085
  0.75359746028917629  0.76509510781958767  0.77895663183461428  0.79216840576546255
  0.80494754245132749  0.81831725507371145  0.83112491411439782  0.84154615764629226
  0.84878601369904783  0.85648941476756890  0.86321591574487933  0.87033784738500841
  0.87902677850497990  0.88766884744539465  0.89610969567544918  0.90455054390550360
  0.91431059590149122  0.92414881966092777  0.93370912880377432  0.94468373543232798
  0.95625637969854849  0.96971424840143594  0.98307672892461773  1.00000000000000000
 -0.03176957687514480  0.08837073157201525  0.15539259041538916  0.18388098696479957
  0.20063469180078597  0.21727891887921266  0.23381751748230728  0.24087155315344050
  0.24669966576270919  0.25395037335885401  0.26428470876576410  0.27470291554762249
  0.28388602387095468  0.29242865740473678  0.30196440857496448  0.31079514426169269
  0.31907916641581208  0.32717894345593429  0.33532682405673897  0.34399624805090612
  0.35384959065557431  0.36318761686803847  0.37145633875580869  0.38023741843334191
  0.38893610392937222  0.39742869254634700  0.40545134200206195  0.41283780308975415
  0.41707112226307558  0.42130330255475290  0.42553354502808433  0.43131350608172991
  0.43861696605684841  0.44741101354489576  0.45672559812129360  0.46228113287059402
  0.46607980816577932  0.47008255456858927  0.47483472411054184  0.48074227092897159
  0.48676776698459023  0.49178496338885941  0.49691626119390692  0.50099873707272879
  0.50465818962073117  0.50772556486705944  0.51010989317175337  0.51227426441574309
  0.51520377571280396  0.51899969088810494  0.52151609896942408  0.52333651500278167
  0.52523864987847013  0.52748326872418738  0.52976844775106213  0.53162353554390207
  0.53441795255464075  0.53867294327123738  0.54222222131405673  0.54774580874687862
  0.55311246428866345  0.55755704547445928  0.56169403876860236  0.56621496533745419
  0.57015211139472399  0.57541881397740680  0.58201117312288775  0.58976842916393935
  0.59812783110090195  0.60445480201168866  0.60976557911910056  0.61519832672525543
  0.62027560095460310  0.62558428128276700  0.63119702039331083  0.63797178617674932
  0.64644976796404607  0.65493202247008597  0.66226708518466426  0.67098048359411955
  0.67983063956268597  0.68799410648405923  0.69491201377307965  0.70244239187724922
  0.70875921780528983  0.71430177086340541  0.72133484886047894  0.73278294197018856
  0.74933332405606012  0.76262359213928532  0.77959627971822554  0.79440713944156893
  0.81725614003166247  0.84897545604668689  0.90044547972524080  1.00000000000000000
 -0.00271539426397393  0.01122184538414488  0.02529922988745872  0.03834056320491571
  0.05425840132338032  0.07467381850363997  0.09233393303917910  0.10866340442896978
  0.12125994151819722  0.13150392998827126  0.14243238244055043  0.15262255985747783
  0.16302501270143166  0.17693860746860759  0.18625447115719451  0.19641560288039475
  0.20884396894216803  0.22085939537365729  0.23107141992497243  0.23999009291220830
  0.24866902313973094  0.26242138190344150  0.27960452156537269  0.28995496341758953
  0.30122557052005638  0.31368370442525301  0.32786968941929212  0.33959391044119569
  0.35103151285341005  0.35855172918405209  0.36698002024426496  0.37529795440333408
  0.38570627030192406  0.39699505312252714  0.40833512085768220  0.42103875658152562
  0.43402067157793400  0.45131636235493272  0.46466990117178358  0.47242147902383935
  0.47909496057890288  0.48678137061234567  0.49443391510241552  0.50122782412704758
  0.50962371257378403  0.51657079444461040  0.51996458925129108  0.52526357587847028
  0.53245443279960369  0.53993033427919945  0.54641918752297869  0.55145298086874606
  0.55882805783360623  0.56789854230153858  0.57412074484781928  0.57937794667137898
  0.58581050774359911  0.59271422560167109  0.60040825865154823  0.60741042500535902
  0.61500437678479714  0.62457244507504461  0.63027044590629311  0.63629360865478668
  0.64510848369017693  0.65406239319877268  0.66471925253242847  0.67800551124361008
  0.69143832394762283  0.70593948301570819  0.72315335865251751  0.74045282202791896
  0.75635778533583586  0.76526631936521783  0.77210133663967262  0.77771848815534228
  0.78381938741715040  0.79133394003178692  0.80028933923754164  0.80802205838644015
  0.81590890398795735  0.82328402996792038  0.83045617998620480  0.84160252612024566
  0.85812668453949281  0.87272676530437943  0.88440866923264350  0.89576562910741186
  0.90856472515182540  0.92336253060996565  0.93552756804164139  0.94505954517670043
  0.95616420876749497  0.96841709651753494  0.98289002661768743  1.00000000000000000
  0.20307541253571371  0.45625422885467565  0.50713969008965509  0.57077111726917495
  0.60193958357738497  0.61662565840987038  0.62896004677505579  0.64551393784978339
  0.65649628368220891  0.66229198625206254  0.67121972985191647  0.68545985104921536
  0.69382524048542615  0.70095061939947734  0.70501498248160210  0.70855863052601797
  0.71360667961523938  0.72024563611380299  0.72861038862247640  0.74275063922037488
  0.75509703783779492  0.76498596809957209  0.77184197765996543  0.77858153596734558
  0.78611222555034599  0.79452176437916133  0.80352881272120225  0.81309396131411715
  0.82269073987747832  0.83089099957133128  0.83666239650344587  0.84013920429292233
  0.84289067045810673  0.84574947879234019  0.84864801693981406  0.85154598922157410
  0.85508499834931551  0.85934953394075642  0.86360400232415591  0.86626421872818338
  0.86830322686112094  0.86986818368190089  0.87152705773724015  0.87337159105789575
  0.87685685422530835  0.87982482800841821  0.88219523439850989  0.88405102041620143
  0.88599701077105764  0.88858278515670830  0.89169470998244338  0.89581447258887403
  0.90082924931958486  0.90506117218479287  0.90854121370974661  0.91125264459525113
  0.91306926360042717  0.91492955873566761  0.91681271618243199  0.91870798723339098
  0.92064156703620215  0.92229190275919293  0.92366962834635391  0.92473852288251079
  0.92598123208895178  0.92800709355847533  0.93068252802628793  0.93321919836682332
  0.93627393272134596  0.93929628900958051  0.94223035019410073  0.94498092674442224
  0.94784853308382933  0.95089880487085887  0.95266198702644966  0.95350869396128268
  0.95446121901842040  0.95565931197708232  0.95695549139746672  0.95851862203618832
  0.96019275485989508  0.96145372333946533  0.96227019247911139  0.96286111317313128
  0.96346860814871504  0.96419130912443540  0.96547999510268145  0.96670130546923894
  0.96915607450267949  0.97124612379903508  0.97378482741193340  0.97680032594827038
  0.98030516355588881  0.98546771682206247  0.99237455604935754  1.00000000000000000
 -0.04244124070203752  0.17840459466951913  0.24099682070689751  0.26824079043630267
  0.29178742611343389  0.30793961423535887  0.32134687078872815  0.33302181338710934
  0.34588036158796431  0.36195341873271031  0.37461337458793437  0.38419805560884746
  0.39272016127256071  0.40215902197974557  0.41453231943270935  0.42352843119224132
  0.43108687587295419  0.43731444612361298  0.44327397349513054  0.45163799428366230
  0.46127168462655682  0.47106593686875836  0.48070095179454858  0.48935774782373054
  0.49622821990818478  0.50416297563698775  0.51270273604871430  0.52196761712717354
  0.52970122123460162  0.53576064476168805  0.54127470364972341  0.54613681944110470
  0.55174038795633917  0.55842774481034019  0.56706647701603874  0.57705014958109491
  0.58874863244023901  0.59975197029379357  0.61009255141381247  0.61885425932748794
  0.62669083272225734  0.63329833126534474  0.63804171334381610  0.64410890690862999
  0.65100447767411085  0.65765845010169410  0.66431600630300591  0.67094550128149555
  0.67752442935391821  0.68433792146264705  0.68998412362225914  0.69446558016205295
  0.69864603198840269  0.70190100053270066  0.70565451917150623  0.70999822077849561
  0.71382893445718787  0.71780236110356654  0.72222769003528586  0.72838094278254051
  0.73410662060213727  0.73910708110744316  0.74376397897638780  0.74887101369936093
  0.75427091098403587  0.75764218691588114  0.76129021838444122  0.76520479865503321
  0.76842111200000240  0.77207698377604161  0.77663921810773984  0.78150245248419148
  0.78529386437129378  0.78799412502170041  0.79008892909913730  0.79195760754767686
  0.79436450304456918  0.79768043531890531  0.80039610061776689  0.80518779247110750
  0.81200104965719822  0.81812516234854604  0.82415079292239446  0.83196005999955225
  0.83750205108281039  0.84246794029774508  0.84645639329464128  0.84976566212087601
  0.85266392990619155  0.85739584342886299  0.86232353041686460  0.86769031358251447
  0.87748640132043598  0.89963878301450917  0.93650620118510697  1.00000000000000000
   9.4130778414976399E-018  -1.0000000000000000     
 F F F F F F F F F F F F F F F F F F F F F F F F F F F F F F F F F F F F F F F F F F F F F F F F F F F F F F F F F F F F F F F F F F F F F F F F F F F F F F F F F F F F F F F F F F F F F F F F F F F F F F F F F F F F F F F F F F F F F F F F F F F F F F F F F F F F F F F F F F F F F F F F F F F F F F F F F F F F F F F F F F F F F F F F F F F F F F F F F F F F F F F F F F F F F F F F F F F F F F F F F F F F F F F F F F F F F F F F F F F F F F F F F F F F F F F F F F F F F F F F F F F F F F F F F F F F F F F F F F F F F F F F F F F F F F F F F F F F F F F F F F F F F F F F F F F F F F F F F F F F F F F F F F F F F F F F F F F F F F F F F F F F F F F F F F F F F F F F F F F F F F F F F F F F F F F F F F F F F F F F F F F F F F F F F F F F F F F F F F F F F F F F F F F F F F F F F F F F F F F F F F F F F F F F F F F F F F F F F F F F F F F F F F F F F F F F F F F F F F F F F F F F F F F F F F F F F F F F F F F F F F F F F F F F F F F F F F F F F F F F F F F F F F F F F F F F F F F F F F F F F F F F F F F F F F F F F F F F F F F F F F F F F F F F F F F F F F F F F F F F F F F F F F F F F F F F F F F F F F F F F F F F F F F F F F F F F F F F F F F F F F F F F F F F F F F F F F F F F F F F F F F F F F F F F F F F F F F F F F F F F F F F F F F F F F F F F F F F F F F F F F F F F F F F F F F F F F F F F F F F F F F F F F F F F F F F F F F F F F F F F F F F F F F F F F F F F F F F F F F F F F F F F F F F F F F F F F F F F F F F F F F F F F F F F F F F F F F F F F F F F F F F F F F F F F F F F F F F F F F F F F F F F F F F F F F F F F F F F F F F F F F F F F F F F F F F F F F F F F F F F F F F F F F F F F F F F F F F F F F F F F F F F F F F F F F F F F F F F F F F F F F F F F F F F F F F F F F F F F F F F F F F F F F F F F F F F F F F F F F F F F F F F F F F F F F F F F F F F F F F F F F F F F F F F F F F F F F F F F F F F F F F F F F F F F F F F F F F F F F F F F F F F F F F F F F F F F F F F F F F F F F F F F F F F F F F F F F F F F F F F F F F F F F F F F F F F F F F F F F F F F F F F F F F F F F F F F F F F F F F F F F F F F F F F F F F F F F F F F F F F F F F F F F F F F F F F F F F F F F F F F F F F F F F F F F F F F F F F F F F F F F F F F F F F F F F F F F F F F F F F F F F F F F F F F F F F F F F F F F F F F F F F F F F F F F F F F F F F F F F F F F F F F F F F F F F F F F F F F F F F F F F F F F F F F F F F F F F F F F F F F F F F F F F F F F F F F F F F F F F F F F F F F F F F F F F F F F F F F F F F F F F F F F F F F F F F F F F F F F F F F F F F F F F F F F F F F F F F F F F F F F F F F F F F F F F F F F F F F F F F F F F F F F F F F F F F F F F F F F F F F F F F F F F F F F F F F F F F F F F F F F F F F F F F F F F F F F F F F F F F F F F F F F F F F F F F F F F F F F F F F F F F F F F F F F F F F F F F F F F F F F F F F F F F F F F F F F F F F F F F F F F F F F F F F F F F F F F F F F F F F F F F F F F F F F F F F F F F F F F F F F F F F F F F F F F F F F F F F F F F F F F F F F F F F F F F F F F F F F F F F F F F F F F F F F F F F F F F F F F F F F F F F F F F F F F F F F F F F F F F F F F F F F F F F F F F F F F F F F F F F F F F F F F F F F F F F F F F F F F F F F F F F F F F F F F F F F F F F F F F F F F F F F F F F F F F F F F F F F F F F F F F F F F F F F F F F F F F F F F F F F F F F F F F F F F F F F F F F F F F F F F F F F F F F F F F F F F F F F F F F F F F F F F F F F F F F F F F F F F F F F F F F F F F F F F F F F F F F F F F F F F F F F F F F F F F F F F F F F F F F F F F F F F F F F F F F F F F F F F F F F F F F F F F F F F F F F F F F F F F F F F F F F F F F F F F F F F F F F F F F F F F F F F F F F F F F F F F F F F F F F F F F F F F F F F F F F F F F F F F F F F F F F F F F F F F F F F F F F F F F F F F F F F F F F F F F F F F F F F F F F F F F F F F F F F F F F F F F F F F F F F F F F F F F F F F F F F F F F F F F F F F F F F F F F F F F F F F F F F F F F F F F F F F F F F F F F F F F F F F F F F F F F F F F F F F F F F F F F F F F F F F F F F F F F F F F F F F F F F F F F F F F F F F F F F F F F F F F F F F F F F F F F F F F F F F F F F F F F F F F F F F F F F F F F F F F F F F F F F F F F F F F F F
  <DiscreteSampler_grid>
  grouped_processes
  1 # 1 for a reference and 2 for a running grid.
  10 # Attribute 'min_bin_probing_points' of the grid.
  1 # Attribute 'grid_mode' of the grid. 1=='default',2=='initialization'
  0.0000000000000000 # Attribute 'small_contrib_threshold' of the grid.
  0.5000000000000000 # Attribute 'damping_power' of the grid.
 # binID   n_entries weight   weight_sqr   abs_weight
    61   10   1.846945207609423E-014   3.170292566034292E-027   1.846945207609423E-014
    62   10   1.846945207612647E-014   3.170292566036119E-027   1.846945207612647E-014
    64   10   3.693890415218846E-014   1.268117026413717E-026   3.693890415218846E-014
    65   10   3.693890415225293E-014   1.268117026414448E-026   3.693890415225293E-014
    67   10   1.978371034561580E-014   3.685240926025322E-027   1.978371034561580E-014
    68   10   1.978371034564653E-014   3.685240926027527E-027   1.978371034564653E-014
    70   10   3.956742069123161E-014   1.474096370410129E-026   3.956742069123161E-014
    71   10   3.956742069129306E-014   1.474096370411011E-026   3.956742069129306E-014
    106   10   1.846945207609402E-014   3.170292566034324E-027   1.846945207609402E-014
    107   10   1.846945207612355E-014   3.170292566035886E-027   1.846945207612355E-014
    109   10   3.693890415218803E-014   1.268117026413730E-026   3.693890415218803E-014
    110   10   3.693890415224711E-014   1.268117026414354E-026   3.693890415224711E-014
    112   10   1.978371034561629E-014   3.685240926025402E-027   1.978371034561629E-014
    113   10   1.978371034564547E-014   3.685240926027291E-027   1.978371034564547E-014
    115   10   3.956742069123259E-014   1.474096370410161E-026   3.956742069123259E-014
    116   10   3.956742069129094E-014   1.474096370410916E-026   3.956742069129094E-014
  </DiscreteSampler_grid>
