  0.00005403856183781  0.00005409446834311  0.00005415037484841  0.00005424412190471
  0.00005434370192342  0.00005442398379014  0.00005452933731460  0.00005460441827585
  0.00005467840530137  0.00005475010435372  0.00005485391095948  0.00005495581655652
  0.00005505677946509  0.00005516132308622  0.00005527441012418  0.00005540040601672
  0.00005552557162679  0.00005564660496341  0.00005576763830002  0.00005593893899221
  0.00005614089840605  0.00005632836398274  0.00005655775472673  0.00005690207342297
  0.00005731027281312  0.00005769155623035  0.00005796506403889  0.00005823748551251
  0.00005854063417660  0.00005878631373900  0.00005903808387857  0.00005926658610455
  0.00005949651727258  0.00005973490847127  0.00005997332410601  0.00006016159197286
  0.00006033855255329  0.00006049280376043  0.00006063344502359  0.00006077452307392
  0.00006095001775620  0.00006116393218281  0.00006155536823096  0.00006192034909890
  0.00006234556375179  0.00006278322586060  0.00006321043357306  0.00006361541565452
  0.00006404784568988  0.00006451839708062  0.00006528892997324  0.00006618005515804
  0.00006706684707094  0.00006777078129517  0.00006856073397785  0.00006938486720305
  0.00007007567471154  0.00007076365265740  0.00007142955343091  0.00007206873459939
  0.00007259337586772  0.00007289889600334  0.00007322573054198  0.00007354245396386
  0.00007383962431033  0.00007417390095999  0.00007445248076766  0.00007549912405022
  0.00007729740026330  0.00007933028664188  0.00008099586304916  0.00008282583595207
  0.00008465099354659  0.00008642015946945  0.00008812961307534  0.00009036309022808
  0.00009342756030486  0.00009634000530042  0.00009948325189417  0.00010250983514865
  0.00010531500533238  0.00010723605424382  0.00010893297542021  0.00011037980787255
  0.00011179690643085  0.00011382765882080  0.00011804875851016  0.00012450215070872
  0.00013167106877428  0.00013999090142536  0.00014759296075390  0.00016232590116860
  0.00018384209743711  0.00024899648479365  0.12888824007305411  1.00000000000000000
  0.00305193045005790  0.01652169619099018  0.02447866266504251  0.03148694918195619
  0.03859239131307264  0.04550709093431766  0.05359132870718935  0.06148886853174999
  0.07008678829384238  0.08147588050439557  0.09316829971250117  0.10669498287001039
  0.12408206915684586  0.13818843117312732  0.15154625062259952  0.16648430598292510
  0.18323802146105031  0.19801367756103647  0.20496199693932812  0.21191031631761981
  0.22337967155754071  0.23453875912334379  0.24817438564780567  0.26280847762328824
  0.27465268924855035  0.28473131348415653  0.29278789647518327  0.29960523116289939
  0.30697601114758349  0.31658492023158707  0.33019844740157428  0.35040992984998559
  0.38090888606283735  0.40895665104515833  0.43117512102135647  0.44794552311511537
  0.46037517735939781  0.47108626722813268  0.48430958530126628  0.49844183271774850
  0.51074098895778319  0.52008915340773598  0.52594103209110343  0.52933235035712611
  0.53227149358372972  0.53511579164559120  0.54125149106437875  0.54631579759839366
  0.54908429476960474  0.55316087233463729  0.55909452055213404  0.56615863149714951
  0.57635631071613358  0.58473802573789202  0.59322794678817559  0.60301012607901705
  0.61477597129669626  0.62592221676329729  0.63583368391850204  0.64435849349009300
  0.65230125897053193  0.66005642230577399  0.66727893036083452  0.67438014845037342
  0.67978154929637313  0.68379586416384697  0.68724681526569353  0.69046336390338581
  0.69342811459242737  0.70046883397755422  0.70950395243313180  0.71884029755031398
  0.73155933645709281  0.74722831796289835  0.76193156534440265  0.78186025136937587
  0.79772221113494080  0.81003313291365309  0.81977298183424285  0.82867429709463991
  0.83882620912469796  0.85215463033447381  0.86997889400977813  0.88239631349649894
  0.88913923326670918  0.89636761645665297  0.90106211489043986  0.90662758135453592
  0.91568565106583000  0.93159482560927165  0.94396046152891167  0.95144462705265131
  0.96068139869086178  0.97215668476734329  0.98669872322592656  1.00000000000000000
  0.00017667108651024  0.00018475999983704  0.00018792759327303  0.00019081653041363
  0.00019257582932788  0.00019435459047784  0.00019618564635138  0.00019891424283707
  0.00020148769168174  0.00020245954646374  0.00020331851081780  0.00020410323614330
  0.00020491516042461  0.00020577485812487  0.00020653019519398  0.00020738663571759
  0.00020832580433188  0.00020929372904012  0.00021090901608474  0.00021406135011807
  0.00021693758608695  0.00021964509161519  0.00022214767100817  0.00022490014920936
  0.00022813408245662  0.00023155450896698  0.00023461892114722  0.00023767383089320
  0.00023997575126233  0.00024158254273464  0.00024274992705734  0.00024428404055116
  0.00024687718736667  0.00025004346818603  0.00025269820266116  0.00025439035616625
  0.00025649487754503  0.00025799251034372  0.00025929658379617  0.00026056757877590
  0.00026207882040736  0.00026409837544797  0.00026700840462224  0.00027042842670739
  0.00027512586449055  0.00027995705395590  0.00028459317698742  0.00028943768571373
  0.00029448906719104  0.00029935538420511  0.00030348010772478  0.00030738007601494
  0.00031071363744115  0.00031511181691356  0.00032090022933653  0.00032538394604721
  0.00032838893834253  0.00033295095285037  0.00033942874383869  0.00034678695917027
  0.00035443468007147  0.00036361204183464  0.00037104680420160  0.00037608126962074
  0.00038209279308729  0.00038976860688177  0.00040057252008349  0.00040669412487856
  0.00041145442877990  0.00041543801528704  0.00042001080223512  0.00042730428593196
  0.00043629008834861  0.00044528878398790  0.00045432831267393  0.00046325370260747
  0.00047266111257519  0.00048446005531313  0.00049752500230286  0.00051223736663501
  0.00052962746611576  0.00055069620256544  0.00057255317236963  0.00060129293293018
  0.00063180191369853  0.00066034454717546  0.00069123448096782  0.00073940984000857
  0.00077972011173344  0.00081616265197600  0.00086304320574052  0.00096575088715031
  0.00136809385090122  0.00184008021879393  0.45450945730216197  1.00000000000000000
  0.00810770463268396  0.01978825340187896  0.03011638394791024  0.04118937432159507
  0.05671221544482338  0.07368440924955207  0.09336632744875466  0.11344242829988638
  0.12962573066701349  0.13888339987826756  0.14510301240223711  0.15042844467602834
  0.15510078486742765  0.16172463863214420  0.17015065708742408  0.18011287472215493
  0.19071411367542834  0.20127898924439158  0.22348835905668388  0.24849956323631406
  0.26562917982905021  0.27579136554856515  0.28842407451157570  0.29994920670805919
  0.30959653198102671  0.31824696296391530  0.32803247038954014  0.33946009443559644
  0.34907720146714111  0.35805817508460064  0.36792682943789434  0.37715572514246037
  0.38165621783123016  0.38333483820663183  0.38509230486787677  0.38679394294211533
  0.39470344064520574  0.40725307255898247  0.41830775002054099  0.43209588252678255
  0.45180342273025437  0.47511535620927731  0.49129138765992941  0.50133920490565120
  0.51248951027100120  0.52720594852986991  0.53236471953789211  0.53556249379777432
  0.53888857613020114  0.54580877924243587  0.55685040938744856  0.57147333891399277
  0.58441621694156465  0.59643339427548026  0.60687411482249642  0.61503239806302690
  0.62454995559781212  0.63650420032518473  0.65292165319713602  0.66892710351782070
  0.68192457533910589  0.69128448929098818  0.69736835014833709  0.70275027397910961
  0.71045316102075007  0.71836142553336468  0.72737044695247688  0.73885968083840392
  0.75592274522912128  0.77543945399197878  0.78879796580597095  0.79954905209240701
  0.81044842982244936  0.81940706267316421  0.82709094131213945  0.83524294740012406
  0.84273236004639995  0.84691568690987018  0.85108395430205575  0.85514921786666565
  0.85927043616733767  0.86528190981009523  0.87129338345285279  0.88845815690342000
  0.90153580485352158  0.90835481270354879  0.91532960819829434  0.92118774063760389
  0.92968552003632210  0.93539483620897335  0.94013265976533811  0.94814460133382061
  0.96148544206399866  0.97204330894289681  0.98427994595915025  1.00000000000000000
  0.00056556528242938  0.00057707844131657  0.00058751072201659  0.00059911531725168
  0.00060949162892378  0.00061435763549184  0.00061805676975687  0.00062126809968349
  0.00062469040835459  0.00063109478111239  0.00064278448447496  0.00065600729860191
  0.00066950615121062  0.00067851028328246  0.00068253103402828  0.00068407236475664
  0.00068558840518271  0.00068707866576950  0.00068852072715071  0.00069007772035940
  0.00069285469112515  0.00069612639070709  0.00069967742733663  0.00070363611121268
  0.00070720772864724  0.00071686649775681  0.00073223570310723  0.00074476351904347
  0.00075233094897182  0.00076100498719677  0.00077246733361845  0.00078385821022241
  0.00079516869323857  0.00080742500281475  0.00082177323190178  0.00083545454827761
  0.00084897822726367  0.00086257774555724  0.00087588303749207  0.00088974199508476
  0.00091682235158391  0.00093707715174024  0.00095692248743159  0.00097669997846268
  0.00099664368004851  0.00102562719507456  0.00105749530067151  0.00109467136079173
  0.00111728053223588  0.00113845214048809  0.00115648701794699  0.00117060784007164
  0.00118576983646630  0.00120060242301799  0.00121846070639880  0.00124753831446896
  0.00129733128817042  0.00132246610660520  0.00134975053766556  0.00137891149886394
  0.00141094456293067  0.00144433421663960  0.00148741581822206  0.00154740907572571
  0.00162647485089676  0.00172339661394898  0.00180116326535516  0.00186698626443397
  0.00192282298012185  0.00197198329859367  0.00201654346602597  0.00207594546149012
  0.00213879255204454  0.00223286855536028  0.00237345544785003  0.00247095869065440
  0.00255537006257373  0.00267262745472913  0.00280616845462367  0.00295378978963660
  0.00312812680959918  0.00330868464451368  0.00365433332651939  0.00402538229152167
  0.00440629798073243  0.00455791829572457  0.00469415651789229  0.00489150516274133
  0.00508182076976300  0.00522990887858420  0.00534935547051760  0.00583112852815628
  0.00649533581435114  0.00681909916438670  0.00835808974043504  1.00000000000000000
 -0.00768038748886508  0.04934131889848548  0.07851889677189854  0.09641436671628238
  0.10967440142710648  0.12021480978514883  0.12999955036358332  0.13984100514723410
  0.14856284546069146  0.15585825711216392  0.16476914749888610  0.17334508622576741
  0.18341257614658882  0.18965188022144508  0.19747827635580398  0.20776223887301798
  0.21564808540676653  0.22236592468338476  0.23342665292900466  0.24332192838031982
  0.24990868486360029  0.25769824813653708  0.26590511006824852  0.27454008693284460
  0.28622098980080785  0.30477199368564312  0.33154552033175727  0.35071602807778729
  0.35974532876960241  0.36912366796784757  0.37505606676601760  0.38068518493657949
  0.38682968242825544  0.39502392018129667  0.40193798591586877  0.40656428564409641
  0.41027051746532334  0.41500759568303131  0.41922745436979225  0.42451570430518398
  0.43073175713315531  0.44036928330856689  0.45622024519977339  0.46763070641733395
  0.48012418271416574  0.49153906150951732  0.50179125918111300  0.50948747628562097
  0.51633875610845781  0.52628975431014746  0.53421098563506941  0.54439450179752580
  0.55555887100498269  0.56874923952030054  0.58985169018451145  0.60991404943628169
  0.62753475701606365  0.64310762297162849  0.65720910515785314  0.67015242050561830
  0.68452142997240517  0.70006906135680536  0.71429309373191607  0.72495578247770898
  0.73250067677652808  0.73967784875076426  0.74940938093690168  0.76498146045901216
  0.78011560049403483  0.79115407991266373  0.80155794270923786  0.80954814042765844
  0.81753833814607901  0.82322453107629290  0.82810512943120085  0.83424660610825718
  0.84274835051102315  0.85539326523580717  0.86702499396939847  0.87067041744312179
  0.87494206768375749  0.87912813796376299  0.88275164986643884  0.88483217605389541
  0.88575451749870848  0.88701543598510568  0.88874977212628958  0.89152631844815522
  0.89483808052305724  0.90515371371364295  0.91546738261400773  0.92706886558871038
  0.94188532894348365  0.95883045291049762  0.97812269728260592  1.00000000000000000
 -0.00029060787467894  0.00430372601499721  0.00954875316453636  0.01437437029868876
  0.01980013310708300  0.02820655945448197  0.03748621956380771  0.04923323344695174
  0.06227126839390806  0.07097608990239544  0.07889601787602579  0.08572153819973632
  0.09485042856492902  0.10767168970856179  0.12060642874739179  0.12838404028320988
  0.13609173685537362  0.14382738170675269  0.15229195051469144  0.16431339328638386
  0.17531950368023699  0.18587339044810824  0.19637346838622957  0.20725633496782070
  0.21633835280398742  0.22394342111891558  0.23150847612929057  0.23864594249211588
  0.24842949115513971  0.26427820991127365  0.28055971923720430  0.29136597547959003
  0.29938695499495327  0.30723614107371772  0.31556230920593292  0.32448270309752503
  0.33324078084853831  0.34039447013144286  0.34761564247271243  0.35524468067315879
  0.36219426962261314  0.37176908000341991  0.38572411328171768  0.40030820956124152
  0.40795589105874236  0.41359286184110283  0.41772550714141582  0.42221262785290659
  0.42700711096047883  0.43238265082917426  0.43843747147494716  0.44795300850669434
  0.46070800242926929  0.47198415668586413  0.48134083152543539  0.49021735103661540
  0.49836415689598301  0.50761299115059244  0.51964537050118043  0.53538769023916399
  0.55145382598326254  0.56706734732653119  0.58174458222167635  0.59443151651924819
  0.60205690701681669  0.60968229751438530  0.61745737748937379  0.62527191621350231
  0.63301164676595290  0.64065530325571263  0.64955552012937967  0.66457609074701374
  0.68166149850744029  0.70236859405062724  0.72189549977445733  0.74049610043533565
  0.76246404263349288  0.77018657543427094  0.77626409097286142  0.78171606675996463
  0.78764067357999867  0.79973028883836395  0.80341630464388780  0.80638641183430226
  0.80970998204030642  0.81285294188143431  0.81576512419576597  0.82165867873664444
  0.83071677353257367  0.84058950040086533  0.85341973198931487  0.88529347164442151
  0.91849541698312809  0.94672823031247033  0.97407827902908339  1.00000000000000000
 -0.00106470087411430  0.00800205251496023  0.01643866290812711  0.02186120183108993
  0.02493618036529369  0.03271379055510682  0.04959060390010452  0.05882990791011762
  0.06643179354189853  0.07266443673425561  0.07823529494078130  0.09747834640034597
  0.11683434101429292  0.13071411197852567  0.14459388294275841  0.15649141223703747
  0.16751601949499481  0.17745693940240248  0.18450812729353258  0.19155931518466268
  0.19799507185098356  0.20572078845395261  0.21337029194394544  0.21893684309699432
  0.22429271551550112  0.22577325615386445  0.22769284794656142  0.22963956119708304
  0.23158642240801933  0.23349495887452532  0.23548580069702749  0.24420622538353182
  0.25358051849273505  0.26466174138555215  0.27867007618714984  0.29251328491684631
  0.30155023635083961  0.31178353241666240  0.32095205888730283  0.32743711412648702
  0.33453234256308567  0.34391122159169091  0.35446414685405081  0.37000207893655357
  0.37631963244924888  0.38196985391524307  0.38795588362148581  0.39405435249870113
  0.40034370224102606  0.40665405299120189  0.41517698687835169  0.42669141167549701
  0.43815918992316472  0.44803030009765127  0.46236102774776083  0.47901802214100586
  0.49579441973825494  0.51232602717527420  0.53159894692192600  0.54751303566902820
  0.56218220801785024  0.57511154168823286  0.58763301073932617  0.60101558277161993
  0.61478931700476491  0.62324229584570512  0.63490455558741332  0.65424948250140402
  0.67136204912171926  0.68196404837927493  0.68902464680858388  0.69437943169589200
  0.70252869906581716  0.71432681911654483  0.72323830530717981  0.72962731907057876
  0.73507065374860880  0.74044924781412402  0.74822238316954104  0.76617971604871060
  0.79281657506555958  0.81721300838239863  0.84061402309507172  0.85741769016948077
  0.86851460572262840  0.88139615823547868  0.88927753156060751  0.89999133929371467
  0.91059929179138910  0.92050547730734977  0.93027479803444313  0.94084907681292862
  0.95596865567192058  0.97296143843327065  0.98531239246807678  1.00000000000000000
 -0.00852839355956493  0.03051305856467783  0.05374220790417478  0.07404067741104405
  0.09508858628356029  0.12308889729563186  0.14608610551471726  0.17243548585735449
  0.19624649937871283  0.21680409974199955  0.23773712358040328  0.25864450690040069
  0.27767387358370055  0.29151175893204995  0.30115905653866865  0.30942196104582803
  0.31705442484495244  0.32499320530056969  0.33548555039425404  0.34428882782621589
  0.34902334438154164  0.35148208295642364  0.35554962310262023  0.36021339736171176
  0.36520911779993548  0.37334294936918860  0.38172732729279957  0.38890211540084701
  0.39203904524416344  0.39473745177303959  0.39682480191973241  0.39760642972056603
  0.39839515880694565  0.39931814964115431  0.40038711976288605  0.40356116976416845
  0.40758800560619235  0.41246909797293091  0.41815321370257108  0.42554336749699656
  0.43564386029784219  0.44530331405407614  0.45580814374738560  0.46568590580169705
  0.47678841103271957  0.48849768489665885  0.49845245829159796  0.50969846502749527
  0.51985394958847475  0.53177083230398314  0.53712744088423647  0.54155447411701785
  0.54603386182579228  0.55155167807606387  0.55775877029304599  0.56437611344721583
  0.57117054420048086  0.57718694342873578  0.59194442723233998  0.60802833870710649
  0.61541612450917738  0.62146451556305760  0.62791574045025900  0.63471929540490613
  0.64012374972924990  0.65293306597459189  0.67021484930865605  0.67976204245559269
  0.68567239578191852  0.69077569629588931  0.69543307630578832  0.70092118690997107
  0.70728440461522246  0.71627784877294887  0.73017561340492321  0.74640397951934234
  0.76143392294667078  0.77012699491339576  0.77908886855547432  0.78755403067029883
  0.79499714340341232  0.80411174008173458  0.81506879454127534  0.82532455129309457
  0.83617822545509790  0.85046986731764196  0.87010941897864547  0.89035846382811890
  0.90413260702366860  0.91694597441604742  0.92894612500856266  0.94164731536454804
  0.95515224245655250  0.96927176378604651  0.98302462214507980  1.00000000000000000
 -0.00568648351546983  0.01520029408941054  0.03413501382800996  0.05215718073550940
  0.06762231028675227  0.08068956612225917  0.09208002732098736  0.10260466643580962
  0.11966452160848506  0.13397106427795150  0.14984453053195404  0.16505068928104449
  0.18476973856320530  0.20152611417230598  0.21480812295547219  0.22712680561394186
  0.24165495451741420  0.25813223874397750  0.27419769042589764  0.29012505101620284
  0.30676227108791621  0.32269078122836486  0.33642427913497008  0.35118631692356500
  0.36246744742468912  0.37317380430376029  0.38521661947218327  0.39696834250038876
  0.40434016619443403  0.41074294278255696  0.41815547135993614  0.42517766724056555
  0.43066466646286122  0.43685013977613779  0.45876436404690557  0.47866279538563500
  0.49478653039845799  0.50467261333984614  0.51573156646360729  0.52514295080566609
  0.53168949395476595  0.53766887271052677  0.54396003384513847  0.55104461090628065
  0.55886515605477038  0.56677993546656280  0.57950194035355751  0.59350363575332354
  0.60431314684012527  0.61150095620286571  0.61757281490216809  0.62525729521439588
  0.63523702388107262  0.64408773781045603  0.64889164994312531  0.65209062021572828
  0.65679534568532605  0.66237399033511069  0.67075369538754082  0.67864157377541778
  0.69796535178052632  0.72515730726629912  0.75266116827764118  0.77421832046829164
  0.77997544318514289  0.78573256590199414  0.79071666200684376  0.79569330513043246
  0.80429475079343504  0.81387764309741950  0.82220158570696467  0.82935676044561435
  0.83429062894012451  0.83834156058708809  0.84174870241046906  0.84619999847705052
  0.85104004225023799  0.85589261464265620  0.86654666348230103  0.88034347455834217
  0.89440992467334679  0.90683149655218531  0.91626354666167775  0.92681617835952612
  0.93664038005849060  0.94509399495580049  0.95366154637332490  0.96460425016664564
  0.97156181992611890  0.97774084151167295  0.98138909540123087  0.98386404622868062
  0.98672136006417277  0.99097587910791152  0.99525623870288527  1.00000000000000000
 -0.00167671682641339  0.00876262437573312  0.02026476398221515  0.03174142883909398
  0.04302040234324775  0.05338923172673393  0.06103623806514290  0.07296643670026266
  0.09284357503869797  0.11391312775629882  0.12984036564285525  0.14112028354417963
  0.15250237790227605  0.16463509998225742  0.18342621377132329  0.20350116338893606
  0.21726103860265211  0.22374480101711836  0.22926096692378059  0.23569475041120358
  0.24190974615477936  0.24726499172021310  0.25289608098470018  0.26485286402689356
  0.27384616878809365  0.28283947354929367  0.29370968117477841  0.30478782964166873
  0.31660571871148935  0.32862327802964603  0.34433486840443922  0.35323924819309177
  0.35856552839109934  0.36351203728513015  0.36857423563360647  0.37469299331803846
  0.38224278826809877  0.39677897223361963  0.41772606875643092  0.43965020119175102
  0.45630149646068074  0.46572091776474456  0.47502243677254191  0.48342101632434081
  0.49113233768018155  0.49961588371329585  0.51069106833803646  0.51896247532260187
  0.52826743373429097  0.53906850370802673  0.54909046625791291  0.55653880993734650
  0.56185481861018660  0.56759103134913513  0.57263445763529730  0.57765717622342916
  0.58250429822647831  0.59251631421446826  0.60048207919154339  0.60645159973184526
  0.61384602200787142  0.62343136936887411  0.63613070495833068  0.64941483911482589
  0.66008419977356325  0.66752100680529947  0.67850631052613519  0.68860633553891482
  0.69633255957813167  0.70532839805084957  0.71340516277365851  0.72143250410224158
  0.72815998781932623  0.73677839490192776  0.74478047532777358  0.75251387361422895
  0.76073109961153740  0.77190534030642310  0.78093375152286781  0.78926644383277256
  0.79865763611364649  0.81165973160255689  0.83136101886323888  0.84651175476108775
  0.86262165242298183  0.87634181298130975  0.88775462200693522  0.89894097794688776
  0.91122617650158966  0.93090219575707567  0.95058052669015380  0.96064596981669237
  0.97059673513138822  0.98022778532473265  0.98985897923779020  1.00000000000000000
 -0.00501880500721796  0.01157151259663003  0.02797814341311591  0.04268359967758417
  0.05395985017602206  0.06110697996078580  0.06560116334174936  0.07074420190465899
  0.07576820389097154  0.08079285248056055  0.08597119830217506  0.09211867048360667
  0.09974620894628777  0.10953505448043661  0.11550183085689750  0.12192112769730960
  0.12945345078396747  0.13835827446538798  0.15028740459481202  0.16875617438604337
  0.18824644558860065  0.20058054104455439  0.21000670934681390  0.21925975356768998
  0.22902534346397102  0.24023517627724811  0.25248490842839755  0.26462117816732039
  0.27432006961121802  0.28604437887891199  0.29701550059409010  0.30937310808482660
  0.32192835767232170  0.33155939644069626  0.34039369014474408  0.35058241268268620
  0.36131628181359415  0.36971679520851308  0.37683960329145894  0.38605248247027890
  0.39752770009595761  0.40684815814541575  0.41532770287389914  0.42169852322665230
  0.42619426027333296  0.42991719625377195  0.43383254649063446  0.43703769362794542
  0.44229452305402828  0.44868197289572459  0.45448253815958933  0.46133199161423577
  0.46869365594989670  0.47845035048204337  0.48795905614849955  0.49515609226221258
  0.50440028222832778  0.51982715258025258  0.54142324451031998  0.56379127198222212
  0.57984310533074401  0.59119665030943169  0.60222257398295753  0.61149871440766501
  0.61932123311937093  0.62504885185599746  0.63000839959909383  0.63530546558039913
  0.64108324462808819  0.64335665589089119  0.64625319721411090  0.65162480867301720
  0.65865757443643880  0.67577610268516852  0.69995633756482412  0.73395825354913569
  0.76523638750675071  0.79065541806891193  0.80048651327095999  0.80717949416503310
  0.81643332528713841  0.82686208121662319  0.83690716155977563  0.84852734033257615
  0.86317143013383513  0.88202654839001793  0.89499874716423677  0.90417211351306381
  0.91535027535608771  0.92791906288382142  0.93826238677184648  0.94731080825905090
  0.95614696480363826  0.96880177479505747  0.98272574186834960  1.00000000000000000
 -0.00660772733136699  0.02149715812846869  0.04644220020187902  0.06708683014703735
  0.08186439316763877  0.09137558550715995  0.09773746491759928  0.10432697919767965
  0.11078090746727864  0.11691380977590415  0.12265614504339654  0.12678662447539468
  0.13043233237152335  0.13420348643573890  0.13808375363428424  0.14215455650891134
  0.14665660595700403  0.15292516187517299  0.16421488490167924  0.17647883517678822
  0.19037561876975806  0.20389159120886155  0.21663078714242787  0.22922284468908255
  0.23804395580990417  0.24503441875636187  0.25248557168277747  0.25669388284061861
  0.26081830327373456  0.26507893411526601  0.27096191513317863  0.27561338479590641
  0.28647999549890685  0.30055926830670981  0.31379203581447240  0.32351860640715957
  0.33064680425935761  0.33643450775101685  0.34133691912100689  0.34677914180548064
  0.35206754188798217  0.35773945883983405  0.36506142945314701  0.37064794530919343
  0.37641938773853828  0.38929803229882176  0.40263312199917695  0.41157305840902803
  0.42047779392488077  0.42405504831606733  0.42815567998361809  0.43260811340172828
  0.43686193321657413  0.43921782573891138  0.44164110898338355  0.44481354688977531
  0.45378186195774678  0.46839700784384936  0.48940729916536957  0.51152954026044128
  0.53154344931934638  0.55220173294210995  0.57410462584629229  0.58858095555390977
  0.59707826788862695  0.60519103731984203  0.61209664252664042  0.61851162579340779
  0.62885036779925385  0.64350753869761002  0.65445712427526848  0.66322509359696014
  0.67124727086159286  0.68250192212235838  0.69431925953842144  0.70327749201463563
  0.71684812431813549  0.74053583064003337  0.76141645126366708  0.77346304582071435
  0.78117304737081639  0.78916407053123638  0.79814056039533687  0.81029621507755090
  0.82646031381043561  0.84183706067671304  0.86059201104678695  0.88503922563807025
  0.90564779683016172  0.91900301613868862  0.92714011983182310  0.93862052448497046
  0.95143248602575448  0.96309064711514691  0.98146772605620669  1.00000000000000000
 -0.00270195944853566  0.00950021298781307  0.02302121547159834  0.03690672860231077
  0.04766384862797923  0.05759400024733341  0.07229961056278877  0.08544892907163423
  0.09349036920781791  0.09851086855083177  0.10286919304026082  0.11174695346221103
  0.12804141047008719  0.15002172062227631  0.16567694912135558  0.18041161784142068
  0.19439321252559735  0.20866912797077641  0.22113839343306452  0.23252543141908044
  0.24330897984688210  0.25481001507485335  0.26951206001132177  0.28336231515052618
  0.29464376793393610  0.30545203918823538  0.31526725548526041  0.32492743060698315
  0.33480575438871468  0.34259511808304882  0.34918079527734713  0.35026399207607711
  0.35139511294713288  0.35285729589925091  0.35432542751096041  0.35599971881134296
  0.35767401011172550  0.36149027311673548  0.36594792438077089  0.37192100690881036
  0.38481340661205105  0.39662411439588441  0.40621154070981502  0.41407003076675064
  0.42144259450822830  0.42854661431026592  0.43401783924489734  0.44317715152098763
  0.45254724175590955  0.46530696253372750  0.48084837294238697  0.49635994275061379
  0.50865847255548646  0.52362890850288368  0.54083363027296061  0.56136322126201010
  0.58715882109289352  0.60542776092667805  0.62652036058168625  0.63741035534390766
  0.64430171045997964  0.65228838450355520  0.66240271505915960  0.67275602640275545
  0.68303268164049846  0.69420209223414941  0.70205994591410736  0.71259196349949616
  0.72849740200754509  0.74341563677664313  0.75772206661242580  0.77187567509481325
  0.78559638356384842  0.79797448537154703  0.80818662271780650  0.82014262120923742
  0.83123798468812171  0.84153041867247047  0.85244511718588634  0.85967805572673983
  0.86590856214401568  0.87204878737703173  0.88100993127285765  0.88953215986375533
  0.89928173796957322  0.90894688363495790  0.91886537418511560  0.92837848217992824
  0.93967186716538709  0.95125546670805505  0.95892750453571396  0.96515472456042062
  0.97203986683560217  0.98149597922617837  0.99079369414884855  1.00000000000000000
 -0.00889537968452169  0.01092240201021656  0.02796891790246449  0.04676851705401654
  0.06833104375377751  0.08893635461254612  0.10551384928457934  0.12209134395661254
  0.14155208859782725  0.15185924765629286  0.15608163402910866  0.16060119726254354
  0.16681763703570082  0.17413986824128283  0.18224599003441627  0.18997134231076271
  0.20466597787247004  0.22825164047138721  0.24462075679800910  0.25555231566124365
  0.26690733277349671  0.27801294904879215  0.28642351040239628  0.29516004413639874
  0.30488531816833658  0.31221827673828084  0.32188273091241132  0.33607686997547265
  0.34435152572611250  0.34913627930735580  0.35293058438219843  0.35746157043697019
  0.36454424607400421  0.37509660140612533  0.38403805767646559  0.39204655523012893
  0.40345183251595113  0.41669663607412771  0.43057110520216807  0.43951853738237140
  0.44608451421327883  0.45421392534652388  0.46362709916170486  0.47465942494442076
  0.48383684264967225  0.49078492381924127  0.49920211186002711  0.51044403484488399
  0.52179964749649632  0.53029048822925451  0.53741650668896057  0.54567494932765925
  0.55284640394193330  0.55826849179593507  0.56662707538550250  0.57541510380680327
  0.58378953250356824  0.59133321448249998  0.59723104970156504  0.60266372936144919
  0.60899473058810716  0.61624583842202263  0.62344059130209128  0.63144745310168959
  0.64397988013686946  0.66174290563440064  0.68405665044782371  0.70668731158102127
  0.72332326481222498  0.73716335918404896  0.74381815170313303  0.75014370433083577
  0.75673416145451489  0.76317390184680056  0.76962438288139123  0.78035465686615002
  0.79038681638693897  0.80504646842778982  0.82406291882355531  0.83579859319902605
  0.84600095141019527  0.85367899408887005  0.86053790788960516  0.86615918541378001
  0.87096034742783790  0.87577486270896410  0.88391344322102594  0.89533244021977554
  0.91782924430041535  0.92966784893240229  0.94017091334873792  0.95390302873301902
  0.96229185207333534  0.96924574167080269  0.98016195709206910  1.00000000000000000
 -0.00408237543290384  0.01069531944293947  0.02489807438203000  0.03926580948709417
  0.05440464625159039  0.07194807117702635  0.09157758312835587  0.10938137607629289
  0.12370856170090301  0.13847636939836344  0.15236499452928792  0.17205634811973408
  0.18867463139695184  0.19800109047814152  0.20468254706637887  0.21179967927383250
  0.22169219903112372  0.22933255441370695  0.23605985471889318  0.24427931338577255
  0.25457670587781878  0.26498491704053689  0.27427124730257940  0.28558999199193696
  0.29616438835568670  0.30537608028315616  0.31785534790919273  0.32396375161345869
  0.32580982052579754  0.32848710272300014  0.33184111783201481  0.33625390509551467
  0.34855352959481128  0.35932541943540625  0.36792249509927710  0.37930599833414108
  0.40095586692600566  0.42528781283068123  0.43732660991688938  0.44859476994309289
  0.46027174489316874  0.47297354383210510  0.49322041641427528  0.51208986221408559
  0.52616356170514644  0.53817236650633349  0.55087196944281203  0.55933570260563614
  0.56622767560072673  0.57241197831896651  0.57848215306488993  0.58474162625594173
  0.59134017027188013  0.59719971927610493  0.60281663305252520  0.60842873257829533
  0.61477642845835911  0.62255809604009027  0.62860465400269261  0.63332445140394211
  0.63979098545292123  0.64764174626389526  0.65585098202772441  0.66344653001556375
  0.66653929441705695  0.67187557047701774  0.68097187062591735  0.69652389232707734
  0.70549916878140373  0.71424521137018693  0.73260882814454953  0.74800693078027536
  0.76267471087918826  0.77831141171561935  0.79385842794889616  0.80880748875827557
  0.82163382360774828  0.83233482300871886  0.84289381012352271  0.85557063263029554
  0.87196928910378324  0.89180522369144255  0.90825670935561620  0.92455409763521690
  0.93672605550947541  0.94939704106506462  0.96443717726641687  0.97127137326274915
  0.97385242096351488  0.97643418171839580  0.97901875332917820  0.98158610753487885
  0.98385529867364252  0.98612448981240619  0.99275184984122533  1.00000000000000000
 -0.00642436893462064  0.01381473403998083  0.03137700649205538  0.04581839482534198
  0.06419373657507227  0.09257064428451403  0.12176579808232858  0.13101731647992079
  0.14044974987308043  0.15674671532959303  0.17839905821922725  0.20898967580853961
  0.23022383993406501  0.24979647479214431  0.26903672519934568  0.28971804909848564
  0.31097833247672851  0.32602030363304302  0.33464714694284259  0.34365243131863299
  0.35478322736838663  0.36424517316603489  0.37470006459671978  0.38743231320614330
  0.40082399716152622  0.41125745208185388  0.41926341790475496  0.42817057663162056
  0.43524979536742647  0.44045678054538145  0.44515898577615298  0.44813170868452368
  0.45094332452643870  0.45392770899414076  0.45706603947167040  0.46772989041710072
  0.48190221101482206  0.49826244374382439  0.51400117248837252  0.53283003138221607
  0.54206971522622549  0.54957508743741967  0.55541483320515872  0.56127956405811130
  0.56705602359807095  0.57253106428069533  0.57906458069017508  0.58443082388529721
  0.58869097822017802  0.59340270600185108  0.59837943599975019  0.60403098925544041
  0.61025122399789278  0.62410678217177817  0.65007407633753955  0.67369594139223765
  0.69190867113984289  0.70612711022272479  0.71501755322172744  0.72046705549691981
  0.72532191848253658  0.73652100370859508  0.74536427336723021  0.75451645809296364
  0.76275109916812533  0.76948612376446845  0.78191871867644303  0.79740427218712318
  0.80437337758171901  0.81231412336123243  0.81768401519196565  0.82543721933664105
  0.83097466310795254  0.83585491708256476  0.84121938162267362  0.84650320851124072
  0.85004019363410188  0.85425982771197007  0.85889064264060633  0.86418430707019878
  0.86830335050352636  0.87263858095328528  0.87787588608898182  0.88405611264511741
  0.89192306858885317  0.90106143324314147  0.90937767231920363  0.91771694573773321
  0.92347804298540137  0.92786944924728387  0.93377832387553961  0.94078612685957519
  0.94941920939278546  0.96375245163602818  0.98139582511795831  1.00000000000000000
 -0.00114662263974307  0.00438891687426023  0.01078403242645661  0.01659608566000592
  0.02261673837040173  0.02889804340011987  0.03622725754279808  0.04795625489820871
  0.06349866292084050  0.07876155796214586  0.08853633939643515  0.09503093543152398
  0.10255957747708286  0.11203095341631912  0.12430762412265846  0.14169200439263074
  0.15528775570504685  0.16872855378137253  0.18257283184813675  0.18886393756904032
  0.19383398624554385  0.19789169162921319  0.20182459842168748  0.20490114673191917
  0.20841649462923398  0.21357412571283629  0.22027844337374167  0.24094500903125879
  0.25216435471257664  0.26169757173226132  0.27011355553730687  0.28028557400579956
  0.29379235338183290  0.30992438780539139  0.32478173931888976  0.34041362103312056
  0.34915590795552742  0.35646393639397800  0.36382492832100594  0.37121154129431128
  0.37900948238462229  0.38721661429035409  0.39908898162733702  0.41786131806349269
  0.43115430470779809  0.44074003896070002  0.44888720250559039  0.45721659816377702
  0.46756771704096389  0.47909229253314284  0.49455152512385681  0.52105975548384831
  0.54760891935171507  0.56751884064494129  0.58189864233343858  0.59558417452211621
  0.61132043120789947  0.62851620697939947  0.64781619651763200  0.66030405883090881
  0.66626386355043155  0.67077793545296860  0.67581824318213179  0.68239030365678910
  0.69305507826665702  0.70827221902954030  0.72736153578948293  0.74892524129137650
  0.76595697352817704  0.77987288891519124  0.79641219583734313  0.81398036106771743
  0.83193997464234704  0.84556705023480283  0.85557121930291047  0.86361267328640523
  0.86981853536479836  0.87581383189642747  0.88469597255435017  0.89282517516847970
  0.90034880266089889  0.90922148572088923  0.91845017635408455  0.92316291033912934
  0.92929833269847817  0.93678909073042693  0.94510291504965782  0.95616178766078430
  0.96674279108750971  0.97106411384591862  0.97599406021439739  0.98201640736091211
  0.98852002816255902  0.99358234351082031  0.99695698885942152  1.00000000000000000
 -0.02419090749294734  0.07598984022558247  0.13941974766753795  0.17307197294805610
  0.20344930490256746  0.23747921918010961  0.26101067089566793  0.27763701684949049
  0.28598001573943843  0.29339262016376766  0.29884235818585497  0.30408642529681773
  0.30861256543061072  0.31345174841972495  0.32054465305189406  0.33088466946237000
  0.33878510111529236  0.34704751400670891  0.35783529137510217  0.37268258103869983
  0.38216539507876734  0.38718153648322262  0.39126357881955964  0.39442524087651754
  0.39864396562827831  0.40388270290602346  0.40943311333900412  0.41623845040235696
  0.42329356476880897  0.42822435850375451  0.43183391034248314  0.43512209471027169
  0.43846184173429181  0.44195834905402692  0.44725919923499236  0.45462800120878227
  0.46244467775734027  0.46929633766480439  0.47497937313794142  0.48191993352519352
  0.49003566314881042  0.49538322063294465  0.49955863543896650  0.50345619994683888
  0.50725130822783249  0.51413475261714636  0.52370512113983303  0.53170491771371731
  0.53807850675949320  0.54363775908371970  0.54918278919365271  0.55506954923822815
  0.55997522248341192  0.56431309613481795  0.56907476488830722  0.57288852524691469
  0.57574961882879250  0.57847533370941551  0.58129809954298450  0.58505847524408383
  0.58729094595481368  0.58949963530155014  0.59153162967968187  0.59342180586068594
  0.59579027921517180  0.59690749429267564  0.59846061086532898  0.60393435332910717
  0.60940809579288535  0.61468632471932450  0.61996362367884339  0.62925574502784765
  0.63930042281111177  0.64482021447627424  0.65137312111112633  0.65818606906585220
  0.66233188477085325  0.66476559018629744  0.66720180474616775  0.66979728554044038
  0.67306117579422253  0.67643243547245036  0.68245445031842844  0.69039308982436010
  0.70034201821355313  0.71417289933753891  0.72982055332600149  0.74196616998142040
  0.75323687890762225  0.76415786591692081  0.77489166225100126  0.79106279650136135
  0.80993409945132266  0.83140761203307390  0.87981074048805796  1.00000000000000000
 -0.00341571261796217  0.01594260108918669  0.03234563777008352  0.05067581281454400
  0.07011688044964537  0.08622693399033254  0.09793430871822506  0.10733019904518351
  0.11720519123204819  0.13614297642134104  0.15788033020878525  0.17476312312352074
  0.19413039766084511  0.20882228737065683  0.22036306712058254  0.23053531466687707
  0.23958949823416914  0.24735712124989009  0.25502898691574805  0.26207335167627488
  0.26764771134959914  0.27441282088314184  0.28407576751269820  0.29653328086220326
  0.30930966769826179  0.32128443767284842  0.33089321069114347  0.33898323993766433
  0.34893892421977818  0.36131547776819894  0.37463892890389638  0.38159853267716126
  0.38746287520973277  0.39983007312442459  0.41389535540773914  0.42521700318593142
  0.43633845926373888  0.44787657039095635  0.45890895783438845  0.46553425534056703
  0.47277823967088345  0.48045856168492218  0.48868469759454591  0.50031765344033974
  0.51354464771958919  0.52113669876975188  0.52500489608172307  0.52874667771182660
  0.53256410377675800  0.53650174722997712  0.54379504814710145  0.55007705205887747
  0.55537379031194256  0.56293940895898120  0.57138477107395047  0.57937616336248654
  0.59009066874104055  0.59653135275326152  0.60463911549252847  0.62034974888816086
  0.63259458606970764  0.64294169525408351  0.65193989849395018  0.66181072717223122
  0.67347846870635730  0.68212193933234910  0.69304286579933427  0.70776451050382594
  0.72242325874986901  0.73251186077036545  0.73868092886764125  0.74356535663166889
  0.74905695472095712  0.75275485755114890  0.75592654494380707  0.75925871675946155
  0.76266011807406675  0.76629515533131043  0.77010154510624351  0.77436911541965570
  0.77984716814222521  0.78706023095437261  0.79960779908001867  0.82122434688345447
  0.83886776277774333  0.85572183908929866  0.87390828685908062  0.89189698572013965
  0.89863141126200086  0.90457506506113372  0.91084058502682852  0.92166823480452642
  0.93456805163164913  0.94937972403239601  0.96678354727278926  1.00000000000000000
  0.32849022642304698  0.55604440268998712  0.63934859038843228  0.67147712786287161
  0.69485587926316550  0.71430489860832647  0.73102394997544129  0.74813937532547770
  0.75577634443082486  0.76212192252758149  0.77042493586238969  0.77922310725308197
  0.79092111378158980  0.80211015098504124  0.80820052116017194  0.81286031599659536
  0.81726470949814156  0.82244721319269520  0.82685944192322514  0.82964116251613407
  0.83199447700331730  0.83494697209037216  0.83781079017115090  0.84182571351059354
  0.84531462760706688  0.84823976566987958  0.85113269570155081  0.85372265741252196
  0.85614944576477925  0.85860575671883266  0.86100743584984152  0.86276564368721642
  0.86539594376974927  0.87058195720007114  0.87628425547726285  0.88247308908623034
  0.88716558701795445  0.89180145293303770  0.89620552364530104  0.90012258459312844
  0.90378936041185021  0.90821765088310957  0.91334853999702892  0.91793798737477550
  0.92110307057322560  0.92442532267218613  0.92779750242079906  0.93038381799573266
  0.93312494506478916  0.93613470089763817  0.93924572750778723  0.94245642021120779
  0.94476309181053864  0.94680648751516516  0.94815497596432308  0.94909801351574907
  0.94971747864835365  0.95016793223630436  0.95068256751279268  0.95137171590010849
  0.95205602995322369  0.95272216562436096  0.95348066348073501  0.95490905807907467
  0.95626327118781518  0.95729874543731630  0.95850167319424884  0.96021449692241556
  0.96193762945038308  0.96336594622441296  0.96459942592332293  0.96560478481375067
  0.96659652583507849  0.96750993139373742  0.96856063848050222  0.96967787109818626
  0.97094658941469081  0.97177722613414808  0.97253785385329727  0.97313839783949918
  0.97405510475383672  0.97470862013053949  0.97505725179467662  0.97538868243238852
  0.97575114936194796  0.97611818058126332  0.97643563918910148  0.97682882622783873
  0.97723182842142164  0.97784313072337781  0.97915273010059700  0.98159234268091544
  0.98476915164026335  0.98852696304200260  0.99326537315415597  1.00000000000000000
 -0.03996553450233357  0.20145887955968009  0.27463829476062823  0.31785806193829613
  0.34601032576963975  0.36560088678699248  0.38008244685867165  0.39329276132981927
  0.40554061577286377  0.41757212226671531  0.43069506972501798  0.44605146742278595
  0.45782522662836489  0.46994840176384167  0.48246662422038822  0.49426609958730849
  0.50158935343126931  0.50885577758686673  0.51643741378961028  0.52544616393170485
  0.53201544432620196  0.53739630956700257  0.54159463669775010  0.54308342970651302
  0.54563190402404271  0.54841958283381365  0.55149461012448953  0.55608086747985530
  0.55913523097897933  0.56145613588909860  0.56428594071521121  0.56861204979954061
  0.57270603375945683  0.57504595952943238  0.57728523608918969  0.57993817210211107
  0.58291850891845032  0.58575630847509830  0.58894536086402216  0.59361784092855785
  0.60160549988464751  0.60885929888540358  0.61510004501435755  0.62113499421095619
  0.62620376552427692  0.63143313336703977  0.63755460498682281  0.64361991429205867
  0.65117052553345278  0.65687985605977106  0.66198869466382848  0.66704948602574343
  0.67188860739659839  0.67644274089309375  0.68205416187765999  0.68906870061330161
  0.69465973453568364  0.69950038443107510  0.70464520403714515  0.71029782333441926
  0.71384871221708901  0.71674549654679098  0.72053213296574425  0.72597722624355177
  0.72963376113762313  0.73244732705028748  0.73464287654097149  0.73646966205917042
  0.73924159209152707  0.74288440816039780  0.74708385454183213  0.75207955519369363
  0.75616413307320363  0.75968408728475101  0.76510601016957036  0.76823933539484091
  0.77074359487465405  0.77310875083188890  0.77538244750005103  0.77805759325300516
  0.78105563872478467  0.78623286284264771  0.79138192530925100  0.79439433283668837
  0.79701280915168637  0.79976541810533186  0.80282032477321441  0.80610912129631862
  0.80912560959271718  0.81186528483089027  0.81729444523131844  0.82493135815564900
  0.84325727957254182  0.87749482678844537  0.91961915444721010  1.00000000000000000
   8.8402915241656447E-019  -1.0000000000000000     
 F F F F F F F F F F F F F F F F F F F F F F F F F F F F F F F F F F F F F F F F F F F F F F F F F F F F F F F F F F F F F F F F F F F F F F F F F F F F F F F F F F F F F F F F F F F F F F F F F F F F F F F F F F F F F F F F F F F F F F F F F F F F F F F F F F F F F F F F F F F F F F F F F F F F F F F F F F F F F F F F F F F F F F F F F F F F F F F F F F F F F F F F F F F F F F F F F F F F F F F F F F F F F F F F F F F F F F F F F F F F F F F F F F F F F F F F F F F F F F F F F F F F F F F F F F F F F F F F F F F F F F F F F F F F F F F F F F F F F F F F F F F F F F F F F F F F F F F F F F F F F F F F F F F F F F F F F F F F F F F F F F F F F F F F F F F F F F F F F F F F F F F F F F F F F F F F F F F F F F F F F F F F F F F F F F F F F F F F F F F F F F F F F F F F F F F F F F F F F F F F F F F F F F F F F F F F F F F F F F F F F F F F F F F F F F F F F F F F F F F F F F F F F F F F F F F F F F F F F F F F F F F F F F F F F F F F F F F F F F F F F F F F F F F F F F F F F F F F F F F F F F F F F F F F F F F F F F F F F F F F F F F F F F F F F F F F F F F F F F F F F F F F F F F F F F F F F F F F F F F F F F F F F F F F F F F F F F F F F F F F F F F F F F F F F F F F F F F F F F F F F F F F F F F F F F F F F F F F F F F F F F F F F F F F F F F F F F F F F F F F F F F F F F F F F F F F F F F F F F F F F F F F F F F F F F F F F F F F F F F F F F F F F F F F F F F F F F F F F F F F F F F F F F F F F F F F F F F F F F F F F F F F F F F F F F F F F F F F F F F F F F F F F F F F F F F F F F F F F F F F F F F F F F F F F F F F F F F F F F F F F F F F F F F F F F F F F F F F F F F F F F F F F F F F F F F F F F F F F F F F F F F F F F F F F F F F F F F F F F F F F F F F F F F F F F F F F F F F F F F F F F F F F F F F F F F F F F F F F F F F F F F F F F F F F F F F F F F F F F F F F F F F F F F F F F F F F F F F F F F F F F F F F F F F F F F F F F F F F F F F F F F F F F F F F F F F F F F F F F F F F F F F F F F F F F F F F F F F F F F F F F F F F F F F F F F F F F F F F F F F F F F F F F F F F F F F F F F F F F F F F F F F F F F F F F F F F F F F F F F F F F F F F F F F F F F F F F F F F F F F F F F F F F F F F F F F F F F F F F F F F F F F F F F F F F F F F F F F F F F F F F F F F F F F F F F F F F F F F F F F F F F F F F F F F F F F F F F F F F F F F F F F F F F F F F F F F F F F F F F F F F F F F F F F F F F F F F F F F F F F F F F F F F F F F F F F F F F F F F F F F F F F F F F F F F F F F F F F F F F F F F F F F F F F F F F F F F F F F F F F F F F F F F F F F F F F F F F F F F F F F F F F F F F F F F F F F F F F F F F F F F F F F F F F F F F F F F F F F F F F F F F F F F F F F F F F F F F F F F F F F F F F F F F F F F F F F F F F F F F F F F F F F F F F F F F F F F F F F F F F F F F F F F F F F F F F F F F F F F F F F F F F F F F F F F F F F F F F F F F F F F F F F F F F F F F F F F F F F F F F F F F F F F F F F F F F F F F F F F F F F F F F F F F F F F F F F F F F F F F F F F F F F F F F F F F F F F F F F F F F F F F F F F F F F F F F F F F F F F F F F F F F F F F F F F F F F F F F F F F F F F F F F F F F F F F F F F F F F F F F F F F F F F F F F F F F F F F F F F F F F F F F F F F F F F F F F F F F F F F F F F F F F F F F F F F F F F F F F F F F F F F F F F F F F F F F F F F F F F F F F F F F F F F F F F F F F F F F F F F F F F F F F F F F F F F F F F F F F F F F F F F F F F F F F F F F F F F F F F F F F F F F F F F F F F F F F F F F F F F F F F F F F F F F F F F F F F F F F F F F F F F F F F F F F F F F F F F F F F F F F F F F F F F F F F F F F F F F F F F F F F F F F F F F F F F F F F F F F F F F F F F F F F F F F F F F F F F F F F F F F F F F F F F F F F F F F F F F F F F F F F F F F F F F F F F F F F F F F F F F F F F F F F F F F F F F F F F F F F F F F F F F F F F F F F F F F F F F F F F F F F F F F F F F F F F F F F F F F F F F F F F F F F F F F F F F F F F F F F F F F F F F F F F F F F F F F F F F F F F F F F F F F F F F F F F F F F F F F F F F F F F F F F F F F F F F F F F F F F F F F F F F F F F F F F F F F F F F F F F F F F F F F F F F F F F F F F F F F F F F F F F F F F F F F F F F F F F F F F F F F F F F F F F F
  <DiscreteSampler_grid>
  grouped_processes
  1 # 1 for a reference and 2 for a running grid.
  10 # Attribute 'min_bin_probing_points' of the grid.
  1 # Attribute 'grid_mode' of the grid. 1=='default',2=='initialization'
  0.0000000000000000 # Attribute 'small_contrib_threshold' of the grid.
  0.5000000000000000 # Attribute 'damping_power' of the grid.
 # binID   n_entries weight   weight_sqr   abs_weight
    61   10   4.086528641743586E-019   8.118638460727025E-037   4.086528641743586E-019
    62   10   4.086528641749540E-019   8.118638460745480E-037   4.086528641749540E-019
    64   10   8.173057283487173E-019   3.247455384290810E-036   8.173057283487173E-019
    65   10   8.173057283499080E-019   3.247455384298192E-036   8.173057283499080E-019
    67   10   3.998508705369989E-017   1.550629569785922E-032   3.998508705369989E-017
    68   10   3.998508705369698E-017   1.550629569785754E-032   3.998508705369698E-017
    70   10   7.997017410739978E-017   6.202518279143686E-032   7.997017410739978E-017
    71   10   7.997017410739396E-017   6.202518279143015E-032   7.997017410739396E-017
    106   10   4.086528641739473E-019   8.118638460713813E-037   4.086528641739473E-019
    107   10   4.086528641746710E-019   8.118638460736481E-037   4.086528641746710E-019
    109   10   8.173057283478945E-019   3.247455384285525E-036   8.173057283478945E-019
    110   10   8.173057283493421E-019   3.247455384294593E-036   8.173057283493421E-019
    112   10   3.998508705369972E-017   1.550629569785938E-032   3.998508705369972E-017
    113   10   3.998508705369664E-017   1.550629569785757E-032   3.998508705369664E-017
    115   10   7.997017410739944E-017   6.202518279143751E-032   7.997017410739944E-017
    116   10   7.997017410739329E-017   6.202518279143026E-032   7.997017410739329E-017
  </DiscreteSampler_grid>
