  0.00005405387753736  0.00005413882552936  0.00005428886628609  0.00005443182249229
  0.00005456084639167  0.00005466064375076  0.00005476349462768  0.00005488800790655
  0.00005503968674355  0.00005523226554280  0.00005543470842986  0.00005568478951880
  0.00005591152530145  0.00005612436417067  0.00005632608056048  0.00005651119571880
  0.00005671220539324  0.00005692590572828  0.00005716368216043  0.00005745029401354
  0.00005779125142706  0.00005815210952979  0.00005851237559321  0.00005884445332359
  0.00005909043942313  0.00005931857420296  0.00005952692265076  0.00005977137117344
  0.00006006724752394  0.00006041131752542  0.00006073785672996  0.00006104336874877
  0.00006134822225112  0.00006159320231962  0.00006179246285599  0.00006199017107452
  0.00006223873338046  0.00006250678034027  0.00006284834129217  0.00006320936376529
  0.00006355472591840  0.00006388900788163  0.00006415597985125  0.00006442069624698
  0.00006471272090348  0.00006505807142823  0.00006539451792244  0.00006575667450222
  0.00006611970901595  0.00006645166804428  0.00006684042701873  0.00006728530423005
  0.00006768052288165  0.00006815826158203  0.00006878508563082  0.00006955190531150
  0.00007024563418464  0.00007102983386816  0.00007163469263657  0.00007211465308985
  0.00007258212276431  0.00007310037610766  0.00007373626975291  0.00007445033974020
  0.00007529261669672  0.00007630418102658  0.00007747979488699  0.00007869179852675
  0.00007978192348310  0.00008094764092834  0.00008217404996910  0.00008337978334999
  0.00008464726307372  0.00008608260851867  0.00008773952252982  0.00008984824251519
  0.00009277216241969  0.00009632949631335  0.00010006903234559  0.00010358112953748
  0.00010707965158118  0.00011065839088182  0.00011426304980255  0.00011839723859606
  0.00012330442581974  0.00012939677835021  0.00013438023312180  0.00014329486604070
  0.00015827194739630  0.00018133222080942  0.00021961648876817  0.00026422181801243
  0.00033557498933465  0.00052179459607722  0.22603604276944678  1.00000000000000000
  0.00195644558049498  0.01691606920169089  0.03143501586653934  0.04576725924461800
  0.05859254546665413  0.07166547268340891  0.08476139377087931  0.09350645738868148
  0.10270366337587947  0.11284605567361974  0.12319394751082705  0.13356983991954144
  0.14547742615370765  0.16003620146371472  0.17518118066438898  0.18808338820999357
  0.19961171349133325  0.21096728975313334  0.22178879953908040  0.23280190023931371
  0.24339298878945909  0.25460229197614287  0.26545510035993425  0.27607033827524519
  0.28633077964499137  0.29814489468380700  0.31891286906499527  0.33612641167211987
  0.34918568960419144  0.35832164302288982  0.36193687218977910  0.36749714396821226
  0.37434662075530312  0.38019935456566512  0.38505716262222134  0.39051278859260546
  0.39879997767098785  0.40953531805031806  0.42108613006201434  0.43286035445677351
  0.44213715812997201  0.44870906262061344  0.45771906323138378  0.46650681726541077
  0.47381142863730585  0.48071288544254809  0.48898776982240710  0.49745389829116138
  0.50859501969603815  0.52213509141342773  0.53650852772713686  0.54900223310750562
  0.55891878039752885  0.56775627824406338  0.57618764769798569  0.58665808549884191
  0.59702403926473002  0.60665218849125846  0.61511556071869344  0.62291529816378510
  0.63081744315443089  0.63885889106888472  0.64778218775698526  0.65785132206201891
  0.67230615220997503  0.69129222058524586  0.70629559061244163  0.71495010829186578
  0.72197018367534893  0.72991400351492719  0.73902438342257237  0.75039039370216287
  0.76121391990088116  0.77107339897533245  0.78097000364865232  0.79119734263535269
  0.80196058906632894  0.81208758750033649  0.82078885073526953  0.82843745342819508
  0.83615871003300790  0.84424487313582253  0.85372397006992118  0.86443542519025030
  0.87684124989494727  0.88817755340787885  0.89766625599630312  0.90945775994992351
  0.92090901129925828  0.93086576356393869  0.94150334513218037  0.95206531026443164
  0.96287702248146589  0.97293613482968244  0.98303024492836666  1.00000000000000000
  0.00016840139337400  0.00017725055354958  0.00018139982755537  0.00018357176379760
  0.00018516803609302  0.00018676415377397  0.00018862972385959  0.00019071838560404
  0.00019292211876963  0.00019499744063302  0.00019624699740673  0.00019748234736848
  0.00019854337881602  0.00019960060327755  0.00020107814915264  0.00020262197677200
  0.00020422877643822  0.00020653366799314  0.00020907062546794  0.00021191927119872
  0.00021476875151405  0.00021690158184931  0.00021889917259906  0.00022085063306308
  0.00022271776913887  0.00022435808607654  0.00022614725355100  0.00022818707513215
  0.00023041050284421  0.00023265462156854  0.00023459201926694  0.00023741324036603
  0.00023969460087421  0.00024240416774505  0.00024511718798759  0.00024813228220250
  0.00025136778332647  0.00025480414019430  0.00025849467827284  0.00026192113220538
  0.00026500712425337  0.00026811379099430  0.00027124388485164  0.00027393487785928
  0.00027637179514254  0.00027859900101706  0.00028067305393118  0.00028357137296377
  0.00028738180178145  0.00029128379005627  0.00029535223956590  0.00029939732009254
  0.00030328967541393  0.00030729416098255  0.00031155180650367  0.00031693185946450
  0.00032293025706158  0.00032749408021750  0.00033126978896882  0.00033480914249839
  0.00033851815210065  0.00034250143331154  0.00034605374314453  0.00035334699249339
  0.00036132502112806  0.00036833788602980  0.00037491019674358  0.00038260957329897
  0.00039174463205344  0.00040214997538098  0.00041351735008953  0.00042523387781394
  0.00043538576461870  0.00044573538562068  0.00045670057626234  0.00046842635507738
  0.00048102858282892  0.00049668094862855  0.00051256513298638  0.00052867581405645
  0.00054464973259695  0.00056428316153171  0.00058582597429289  0.00060674680094137
  0.00063245201875852  0.00067211464573416  0.00072268166084581  0.00079661617062272
  0.00088764982165801  0.00100409858516362  0.00117149299044082  0.00142570721120464
  0.00177418616206113  0.00328399801806598  0.34086094864505689  1.00000000000000000
  0.00905822972153606  0.01563805586572205  0.02423040260143504  0.03211215953242241
  0.04044226955470198  0.04986909688380882  0.05932776012264342  0.06801705062527964
  0.07454223638760286  0.07900104348695285  0.08529830286248803  0.09385073921601232
  0.10417570903437920  0.11601677269836111  0.12840067513186204  0.13994452628591089
  0.15049233835055878  0.16163016603332619  0.17628112847852456  0.18812834722886543
  0.19801351321293867  0.20724231976986127  0.21644039025751302  0.22636260669801167
  0.23636429911630813  0.24811725878270488  0.26017596404751381  0.27288959719635980
  0.28352354397996826  0.29603608440532592  0.30900114986836125  0.32020521941163688
  0.33065398477084329  0.34188476123767175  0.35622108374127570  0.37219280389135018
  0.38623873088360144  0.39612622086820798  0.40539312983478931  0.41507554681395176
  0.42352509925044463  0.43139130993179886  0.44100452449705513  0.45483957733859426
  0.46935199819470830  0.48091145473993607  0.49256778671713186  0.50382236769775801
  0.51649817135411946  0.53014998130969793  0.54448905035985218  0.56136738750193771
  0.57343231969365904  0.58371008366934463  0.59320629004255032  0.60186272596884938
  0.61109398048791863  0.62200465185128417  0.63091157411705545  0.64010811547454805
  0.65044246125917193  0.66234318438895567  0.67229164445067213  0.68153306290850468
  0.69233591786527182  0.70098513551890296  0.70908357821947776  0.71622046900638270
  0.72243567286300592  0.73295327983240788  0.74338813564558814  0.75574751590777101
  0.77023191071552488  0.78336111161775301  0.79468729490825818  0.80570950939667274
  0.81559015347445507  0.82590780118870610  0.84127943833177499  0.85583860954268753
  0.86899330385517026  0.87981491111543908  0.89087208337615464  0.90215377453309320
  0.91200585657471200  0.92041623300847641  0.92818406973325718  0.93610348111828123
  0.94371809935899920  0.95097759024813455  0.95774230327983401  0.96499560600156375
  0.97352688745013694  0.98324132177444179  0.99073432033425790  1.00000000000000000
  0.00049161280678630  0.00056403166456353  0.00060920045624928  0.00064453189977417
  0.00067418468955511  0.00070322204901450  0.00073784553845823  0.00076079240448849
  0.00078534926087618  0.00081316862927023  0.00084083451543562  0.00086146832865313
  0.00087896521122496  0.00089992069967643  0.00093949242545246  0.00098100662281206
  0.00101064806119235  0.00103269960028612  0.00106525355814510  0.00110601259974653
  0.00115646342029700  0.00120143292274677  0.00124507497962373  0.00129771696562585
  0.00137229602726780  0.00145949927034414  0.00154125823427079  0.00161153367032649
  0.00168972101657403  0.00179388644704423  0.00190658731743633  0.00200414951577098
  0.00211095725929763  0.00225679979341464  0.00240969876303571  0.00255160024465565
  0.00270543153832454  0.00286716778936069  0.00305522691675328  0.00324226815606366
  0.00337931448246999  0.00351614408211852  0.00365539190058925  0.00379649618433194
  0.00392460434487951  0.00406599386702476  0.00420275880357040  0.00434575366738535
  0.00448779449102919  0.00464192142330964  0.00481542845177721  0.00500976393383179
  0.00524893857484012  0.00553483825015854  0.00581395649037206  0.00608731686079947
  0.00636523361991297  0.00661138950884711  0.00679595768890504  0.00703545770178588
  0.00729165292686414  0.00755087721776107  0.00782204878317202  0.00813338986126251
  0.00840028168476753  0.00862831249182680  0.00882020603812499  0.00900017862283475
  0.00925369841456514  0.00959092445459035  0.00991262522559496  0.01022950862266053
  0.01051162359701474  0.01074031941044045  0.01102287650938808  0.01141295630836787
  0.01186431766965609  0.01227264281937216  0.01280260141115469  0.01342294396528239
  0.01396582003738264  0.01457477687846533  0.01556408000592583  0.01853491980395379
  0.02356433813807988  0.02683935888039696  0.02847118442241912  0.02975424060472530
  0.03217054049648114  0.03384104855220316  0.03491575675902026  0.03596854180547408
  0.03696273566427884  0.04048760949751676  0.55133248371868881  1.00000000000000000
 -0.00134999014523093  0.03289386314156692  0.04507419937266815  0.05505404024344167
  0.06171574462783001  0.06808879273520312  0.07627135834890773  0.08906854538080662
  0.11058109573728730  0.12725732767514550  0.14384815920863728  0.16074002228796580
  0.17679986786380192  0.19161175199843494  0.20757527150474531  0.22253614838033550
  0.23707753249836419  0.25117925284162151  0.26264111498809412  0.27094548515336114
  0.27792751365814244  0.28545356915612086  0.29331592971040032  0.30103688638747167
  0.30735740040358200  0.32290007440864493  0.33920064689227558  0.35433222689583704
  0.36840867857339804  0.38065120485974452  0.39166797610251264  0.39987108824774437
  0.40826144220026450  0.41828077146951848  0.42889857648826152  0.43958391151378334
  0.44878868957353707  0.45706098573981252  0.46683127956831216  0.47783091384199478
  0.48847522351697342  0.50002494958088850  0.51141452209123583  0.52270770302523195
  0.53744087265414575  0.54962773251571695  0.55947725431337836  0.56689520533981308
  0.57273626903732688  0.57980401426467287  0.58650036995352084  0.59277524365274292
  0.60072549682793819  0.60975738626981157  0.61756555787447021  0.62530720825830810
  0.63261844922965882  0.64089814916688070  0.65018309501201432  0.66099114744357534
  0.67412466665364157  0.68819341494112884  0.69982870772837380  0.70972136925803841
  0.71827314316008295  0.72524136194058730  0.73528239711843779  0.74589674110323689
  0.75494472971248161  0.76233019226720022  0.76846794474698021  0.77348650270481234
  0.77971074333463952  0.78627849239160386  0.79320150043376614  0.79874673756041381
  0.80479455069677719  0.81248330109737499  0.82499759215313595  0.83723740319929729
  0.84896787451212141  0.86039198610334544  0.87559265603352732  0.89070768070130657
  0.90250940243278344  0.91168225781966039  0.91853955034620893  0.92480969305178629
  0.93174275686344610  0.93876676679722793  0.94610002428215279  0.95315685100150982
  0.96134810025257533  0.97055102794559611  0.98275822750971742  1.00000000000000000
  0.00001351598856269  0.00001846130616707  0.00002268256675928  0.00002716670177246
  0.00003087027695606  0.00003376120247334  0.00003820662749728  0.00004233011914367
  0.00004626450940951  0.00005043946272405  0.00005491896894949  0.00005995665240553
  0.00006577353973377  0.00007138118566845  0.00007631029400152  0.00008038615377471
  0.00008473381551498  0.00009051993159869  0.00009603359022633  0.00010185473318877
  0.00010772768200452  0.00011375126696169  0.00011932511991134  0.00012471486172899
  0.00013059467554810  0.00013858279471342  0.00015049809427473  0.00016616279868399
  0.00018249501470252  0.00019542099445012  0.00020478610134211  0.00021497477308824
  0.00022437517507300  0.00023560627472147  0.00025019464347049  0.00026926590519766
  0.00029251901012037  0.00031585229555171  0.00033423684462830  0.00035259945668739
  0.00037273692202521  0.00039152566303395  0.00041244178727914  0.00043584791751991
  0.00046153551753646  0.00048225900166045  0.00050019010451522  0.00051885864412397
  0.00053910609134200  0.00056644465515864  0.00061022219020994  0.00064512878794616
  0.00067838358748218  0.00071277723393450  0.00075923807841177  0.00081203731885639
  0.00086080057101525  0.00089975542304257  0.00093630555679679  0.00097656143117454
  0.00102511794479905  0.00108827609014611  0.00114904858906285  0.00120086004493352
  0.00125240938116377  0.00133209993294715  0.00146290145028018  0.00162903213244365
  0.00178594875661077  0.00193574363548248  0.00208751935191020  0.00225367059969791
  0.00246116649438484  0.00267608903668596  0.00292170497554551  0.00313970751931497
  0.00333608536425991  0.00352142800750921  0.00370044896514659  0.00391165185119874
  0.00421576948337299  0.00462004080646128  0.00506802390285288  0.00550365400127371
  0.00592891439801449  0.00641209445048967  0.00691373020504561  0.00758308586567537
  0.00830944660203777  0.00913923181686215  0.01019252417689870  0.01170538642357952
  0.01378609057851690  0.01941649614527263  0.29731756396657921  1.00000000000000000
 -0.00370203348185280  0.01207498003537865  0.02587277865141434  0.03562189593404273
  0.04438739377256927  0.05377744329413915  0.06306709853647859  0.07189824495466751
  0.08309934714104074  0.09695392148166221  0.10877640673761330  0.11904737270546183
  0.12970973977692610  0.14248298064518361  0.15486714984174807  0.16567838956320505
  0.17658254844576879  0.18863820239399010  0.19913828428849453  0.20926087074325486
  0.21834864067624066  0.22663970450930046  0.23413976705486808  0.24071688321735754
  0.24945324588077591  0.26001971213277658  0.27085679253088951  0.28162469327582534
  0.29176827605348937  0.30023414152624317  0.30788830368188186  0.31599811315008097
  0.32492277513272583  0.33502124186743276  0.34630492053725487  0.35723788400402706
  0.36634024708965052  0.37319898577480248  0.37843470900598175  0.38236560080788712
  0.38651912160314211  0.39066247702120149  0.39459215562300887  0.40340058811351087
  0.41210319915049948  0.42174007949532183  0.43299083721950282  0.44557640339624649
  0.45872575826811413  0.47133291849425557  0.48371610568233769  0.49540093257990614
  0.50583416812705484  0.51486108084706006  0.52308123778691895  0.53363971818475964
  0.54527938435584178  0.55620962294288134  0.56602195824668966  0.57587182653149371
  0.58664461737470897  0.59608128070866706  0.60388502008510558  0.61164872620620270
  0.61937239943263678  0.62753760215850773  0.63552286362652910  0.64432017604964487
  0.65486351682613786  0.66559634452498995  0.67250538387262437  0.67842501162111546
  0.68657998070447723  0.69650252520485645  0.70509684661997230  0.71363525415684403
  0.72222029991996761  0.73201347488857649  0.74455619806502826  0.75452699244530841
  0.76487054655594178  0.77605414078899426  0.78904521632977320  0.80025994253153188
  0.81003806919140442  0.81784554126372155  0.82386794549861153  0.83024561900113103
  0.83623771184277018  0.84173967669245464  0.84919114015839103  0.86515506485047666
  0.88337138314168950  0.90871185944249799  0.94302120806322265  1.00000000000000000
 -0.00182678682322185  0.00786474756247307  0.01545504952558469  0.02327228320341356
  0.03109727716873989  0.04021808093148877  0.05196117291770942  0.06898350828109735
  0.08533056437596445  0.10205530288553495  0.12008349593141003  0.13635799654859149
  0.14917656902706414  0.15939644282769549  0.16948714081813851  0.18031557356836755
  0.19325379138047785  0.20741626433816079  0.22147520383851590  0.23285076487751011
  0.24162750553885370  0.25071168710326941  0.26026753157157417  0.27007065643542533
  0.27902337756216627  0.28723300684936709  0.29399810487284322  0.30155362247245637
  0.31139546490715586  0.32208119652395878  0.33396973270290242  0.34450029514605601
  0.35234679345424125  0.35963801321129368  0.36830686651377803  0.37902355038625885
  0.39108393319597518  0.40152322832263931  0.41120749403717061  0.42048130510590792
  0.42899320863698365  0.43688155997051148  0.44679549113245248  0.45847633142749511
  0.47201511553949416  0.48800712708520133  0.50463983493816633  0.51973116813737064
  0.53276756465648534  0.54496386551663412  0.55695305928010719  0.56882837936919939
  0.58152235093275484  0.59083878942090906  0.60059602579070515  0.61079645328031495
  0.61907049613370035  0.62705468446222723  0.63434468859127424  0.64198728538217520
  0.65420880393742931  0.66399839450681553  0.67094605548191910  0.67723801780347914
  0.68363575278147382  0.69067990905202969  0.69960233634970326  0.71043420575950111
  0.72317693197668531  0.73613547980957672  0.74837599851203707  0.76109454442754509
  0.77288234309287940  0.78494440831299228  0.79983696259331638  0.81218272130111402
  0.82190952747190027  0.83065437969350642  0.83992692376901490  0.85038534235406127
  0.85992907006309216  0.87002515128250391  0.88030928022539290  0.89388925921002738
  0.90464937753670160  0.91434112247107391  0.92450302100084025  0.93599598770871340
  0.94614348841232399  0.95575515001381794  0.96480222275411087  0.97004591371999238
  0.97503346751873932  0.98223666270394161  0.98867618868882812  1.00000000000000000
 -0.01306832811256238  0.03235374388860997  0.06512818626530525  0.08577235357370140
  0.10192672069070306  0.12146874524255302  0.14415482873217114  0.16603216767757750
  0.18413312907371168  0.19832904235471446  0.21004914648020054  0.22101279625289350
  0.23010741812770602  0.24090026641672943  0.25464805197475754  0.26853620231556702
  0.28750691683146978  0.30320669815830675  0.31502865241073391  0.32526502128737689
  0.33569356494266045  0.34901284614803085  0.36206131710076206  0.37291982082774716
  0.38352192815191244  0.39229843951700488  0.40287348356237701  0.41566147021350613
  0.43100683854098359  0.44686004699484300  0.45920680122184443  0.46849883062862163
  0.47699170547602548  0.48420165401250875  0.49084315997420408  0.49729248930786168
  0.50220839313622034  0.50755997708267608  0.51311680768719514  0.52080728805889609
  0.53516970521960083  0.55034663181623533  0.56395805508214081  0.57552131138987406
  0.58557473234043234  0.59526886206917407  0.60790250589938633  0.61547088693213059
  0.62022673483680024  0.62474585574385899  0.62957716663315400  0.63371430828451170
  0.63781654955015898  0.64268886674754799  0.64723697029448568  0.65581724899125071
  0.66507745141294106  0.67574805965980334  0.68770725367309471  0.69839436117924769
  0.70864009263514771  0.71864032688651291  0.72585323073887764  0.73498876991742212
  0.74344790417661621  0.74978541325452663  0.75578426772394913  0.76077202294204582
  0.76566275231569281  0.77113665852296720  0.77852468541942388  0.78802993873256277
  0.79846898367182284  0.80881583643997490  0.81771917536591787  0.82487234794470499
  0.83449939219173819  0.84503493105755145  0.85565052943839703  0.86777844040889085
  0.88084337762643383  0.89391895320344383  0.90554916468447799  0.91418117628437068
  0.92186602782909322  0.92952451950937276  0.93779636879962314  0.94589966378239776
  0.95302438856395544  0.95898704149234537  0.96447230135817785  0.96901942888172188
  0.97528989631663432  0.98149870476882217  0.99029676769747488  1.00000000000000000
 -0.00353196642545528  0.01395645102346672  0.02352440414114462  0.03224396794751479
  0.04055268905103380  0.04751804848810998  0.05316873477626448  0.05909925016891707
  0.06856260940285132  0.07884470363299906  0.08968392449106109  0.10125672302619519
  0.11337480743261556  0.12419516325173650  0.13337133774592413  0.14246607310628476
  0.15280612437786550  0.16681711614149988  0.18129151921576891  0.19359583556112067
  0.20391819374256967  0.21293390539434906  0.22227753148696072  0.23383931823660298
  0.24808382511278645  0.26288810822303998  0.27650284927870489  0.28912896391915116
  0.30105698753306859  0.31256649035566331  0.32361892755374055  0.33243538944375040
  0.34209721087441675  0.35225003159047863  0.36040450596697754  0.36904592958202470
  0.37704726906441594  0.38499561791228154  0.39293367954331299  0.40244652296648153
  0.41125566804467334  0.41733804991044904  0.42275378819034803  0.42859336474649107
  0.43527874539075778  0.44278285982209403  0.45338344617885429  0.46677901090932794
  0.47895372789398766  0.49102269447829444  0.50508848256007699  0.51900568972907268
  0.53024170006487570  0.53936242361796527  0.54774740098987873  0.55546248360859529
  0.56258245098730575  0.56907989922802693  0.57542408561651970  0.58170342841775424
  0.59316313268082232  0.60645587425778125  0.61877071575428844  0.62827022560341328
  0.63662613685332514  0.64431742034352146  0.65149923364846085  0.66081840723388396
  0.66986740845135428  0.67932418036419195  0.68915750232899198  0.70049698515002234
  0.70459605503768485  0.71125129936256315  0.71715090295933914  0.72284377685768875
  0.72999074229337213  0.73755048728879036  0.74513395097477253  0.75665506740379596
  0.77063423914034146  0.78460052700754612  0.80055199322312132  0.81540037463231041
  0.82797135198043881  0.83994441434651923  0.85364025665831889  0.87010536317724918
  0.89032962463317111  0.91065823477909447  0.92868327779492565  0.94436775073171664
  0.95845009804480308  0.97094353929111432  0.98680854876120661  1.00000000000000000
 -0.00119246909289162  0.00578057971215101  0.01404804268347911  0.02263800149359950
  0.03369672947547156  0.04653732577143934  0.05541415546756560  0.06237175505344257
  0.06862092072359745  0.07539720161214794  0.08301096582456723  0.09242587643294202
  0.10482029890043204  0.11386846225444081  0.12096006067904112  0.12800279418826246
  0.13761441318285106  0.14806858323573857  0.15794725565940079  0.16682093838432863
  0.17595412462987028  0.18610331376026237  0.19935057312930091  0.21031615590736216
  0.21753294120871025  0.22323142640947283  0.22791334583362347  0.23422072944575614
  0.24014365753716282  0.24581701499715922  0.25397740591915863  0.26195301741655469
  0.26996360747009862  0.27824803886485738  0.28634894701436198  0.29512045592952324
  0.30342037193502991  0.31251435850537385  0.32134743721756598  0.32928525712769097
  0.33745325676856647  0.34617344160120056  0.35508906485585612  0.36469723901835849
  0.37132186159801034  0.37760827057106577  0.38441087533971946  0.39219469782800714
  0.40077668049133564  0.40961221758247685  0.41841619570757482  0.42570495116044671
  0.43306480934995556  0.44262501619627304  0.45396622823440036  0.46647543479598247
  0.47832525961880440  0.48856583364236139  0.49926354127850592  0.51054362337026149
  0.52405920780019843  0.53831989186921358  0.55132431787249025  0.56355335526787254
  0.57625956491946007  0.58685986624406705  0.59615961725681543  0.60501735061383610
  0.61560386803521039  0.62986745831895341  0.64439749698505011  0.65871518334945245
  0.67248894482251520  0.68702699495420860  0.70123760999731044  0.71406598247168684
  0.72733211355262006  0.74210808211331902  0.75249082034741899  0.76060223773996061
  0.76847422155883049  0.78018803552062543  0.79418331658813501  0.80595448293218308
  0.81716326048360899  0.82924792817145088  0.84107060833891534  0.85212867551049254
  0.86405829909312026  0.88065956630797593  0.89946100485945701  0.92017449447541311
  0.94220892988187954  0.96213167664099819  0.98114430896078308  1.00000000000000000
 -0.00312573913976107  0.01095667467229113  0.02397739012284621  0.03589248529000027
  0.04741497557024780  0.06435233613317962  0.07651560480338034  0.08935236585342606
  0.10120589218720209  0.11366576967986461  0.12544573676448964  0.13529111516135192
  0.14474377648785525  0.15168353828452391  0.15833182432913687  0.16663391544401968
  0.17594048258178391  0.18747245648743480  0.20090335674446602  0.21906517835667239
  0.23298250130399598  0.24363787487983057  0.25187051729265164  0.25937740137307497
  0.26677324468840691  0.27512367911152025  0.28689762118879913  0.29737184991052434
  0.30893893044086651  0.32162896696546966  0.33398737734560968  0.34428856526381912
  0.35403132184062086  0.36430480082780553  0.37671702957081449  0.38926118894279310
  0.40148548547216939  0.41275780929481953  0.42402332945354226  0.43615304261665100
  0.44865114424151431  0.46025545667610984  0.46980878697927486  0.47609246123542431
  0.48269452462196077  0.48834050648306321  0.49431745366385377  0.50159985052851819
  0.50969878948578129  0.51831081422129199  0.52716327365373061  0.53395776798478767
  0.53927330152618680  0.54249021713196166  0.54860173475872565  0.55939064848674158
  0.57141859708287135  0.58581442398133055  0.60284247840698091  0.61877251605962325
  0.63214244350295068  0.64385745150090701  0.65652122094064147  0.66954991981686773
  0.68302862029483169  0.69538784248213248  0.70844111474793248  0.72003354212936821
  0.72993391920954853  0.74017233663811954  0.75197211263956176  0.76492707094849777
  0.78118394666817392  0.80042447904752045  0.81924581483106995  0.83081854349255024
  0.83865487680510153  0.84410707452889344  0.85062327593216924  0.85852454992250982
  0.86803788981753549  0.87789057326653530  0.88809315778425779  0.89806907762852073
  0.90659137291579195  0.91275084328094558  0.91878620388284049  0.92507389335580748
  0.93174900903360691  0.93922618644182732  0.94784356994247942  0.95912526827173517
  0.97245581711923723  0.98250702923574296  0.99185788156802279  1.00000000000000000
 -0.00501104972374128  0.01179396733529745  0.02779735514993472  0.04284746940844197
  0.05664071996600673  0.07098894115575342  0.08589470217001058  0.10081613068153342
  0.11270999749500375  0.11912873955474258  0.12555776776794428  0.13253085823021460
  0.14164203442908366  0.15207775923020775  0.16534448753122177  0.17650940774778742
  0.18715377291023266  0.19810216018857488  0.21015335114747802  0.22054392458349090
  0.22944531340026206  0.23750294542749464  0.24625273564841482  0.25812232724953410
  0.27200457168902986  0.28454898848627169  0.29483238729731753  0.30196152784528141
  0.30992840789508858  0.31913822430156424  0.32964741011401072  0.33947787973172877
  0.35010368295351052  0.36356406877239944  0.37874829821038491  0.39540362740057988
  0.41224920527523301  0.42945732160476885  0.44311481821118753  0.45788587781830536
  0.47103068484474891  0.48414038710201096  0.49572989658335598  0.50688656760172690
  0.51800920483278790  0.52882451869692082  0.53672873364535967  0.54235468887572302
  0.54707831330776069  0.55486620545180898  0.56333103986647126  0.57326387680610846
  0.58177484930421575  0.58900787607023286  0.59601356571542197  0.60387184359170554
  0.61549895220418871  0.62705387861831863  0.63941793694739990  0.64982984221449713
  0.65856713012893520  0.66688987937651711  0.67511098999007046  0.68327297719304625
  0.69031181801403241  0.69946766508112201  0.70657665162603456  0.71241496160987017
  0.71979056278068232  0.72711714301367369  0.73341689967592061  0.74119417424140888
  0.75142553223751440  0.76174394400148338  0.77097581385056735  0.77889382341505631
  0.78963542201069337  0.80131711868303102  0.81391428623722117  0.82536086416166854
  0.83656439093575030  0.84811700775817733  0.85559831827708344  0.86269651237993072
  0.87024806359179030  0.87838995599209757  0.88784039268431192  0.90506584200132711
  0.92675458111438969  0.94559259872552393  0.96001461097693963  0.97098720260391880
  0.97945421764047580  0.98691057955206751  0.99350980064010908  1.00000000000000000
 -0.00310621046179500  0.00961194531050912  0.02137765812614902  0.03220540385300474
  0.04251289863207726  0.05294429221378615  0.06237819127847426  0.07046124666519343
  0.07848806880721043  0.08783547084355789  0.09790108286548990  0.10863257831434525
  0.12021962132452296  0.13095862649279444  0.13979248528354757  0.14657627520164510
  0.15474356617164234  0.16512707656847808  0.17590732435246445  0.18674055924796426
  0.19862488014726037  0.21517395918904275  0.23132586988948772  0.24652154019425071
  0.25973348214879161  0.27446965786728961  0.28727565151784823  0.29986171440482068
  0.31124218900554512  0.32256479005032357  0.33544227770404422  0.34830389354851859
  0.35879029902800041  0.36854124625309220  0.37884183265326493  0.39013740185280410
  0.40140847088368636  0.41149395715924419  0.42165000247837098  0.43304830013354684
  0.44490882709677487  0.45773839674177097  0.47287504411517806  0.48500939092324385
  0.49272992974026147  0.49985116897193266  0.50597717403564346  0.51161019248469708
  0.51865325595713596  0.52562465454573115  0.53638033663573936  0.54460687719441758
  0.55430896822319797  0.56354950427512618  0.57331583674894993  0.58475335500103864
  0.59697128833119106  0.61040035269157900  0.62507889287271057  0.64106994382023164
  0.65374766511108151  0.66338325838403023  0.67185261635104987  0.67910039818552304
  0.68546841044590090  0.69196103840367162  0.70115391379918790  0.71374394772583394
  0.72651410609599754  0.73818097242069436  0.74796045303276315  0.76062473297749467
  0.77372440883888582  0.78562543620618108  0.79555086401510977  0.80527041821731082
  0.81229268234686780  0.82143817017389242  0.83234709728170808  0.84105593065030015
  0.84847957737154744  0.85707983664652065  0.86646547495014037  0.87699557875535761
  0.88973266378064664  0.90643746775277312  0.91882080326674243  0.92861283216650437
  0.93723429067108233  0.94745025805570116  0.95565575494140020  0.96410436496843932
  0.97374884200274969  0.98306085741964855  0.99202813750565277  1.00000000000000000
 -0.00786793350013668  0.02947269665550489  0.05045470444077427  0.06333346490773081
  0.07851925736796361  0.09023464095987210  0.10303960548256456  0.11909718698061540
  0.13773629500148077  0.15458032466693236  0.16971021100402797  0.18060140545198816
  0.19192284253028155  0.20316088037680496  0.21381859996823618  0.22370498700789845
  0.23268694236677895  0.24091358209115643  0.24949072171306003  0.25961051018981202
  0.26918706673073839  0.27655464786764544  0.28364247079836780  0.29206420359201191
  0.30112676373424829  0.30888411025301304  0.31609106897126965  0.32391535537662719
  0.32994846752858137  0.33495194209832635  0.34001132570009185  0.34548055374552905
  0.35082913141544947  0.35623513372309745  0.36251614663913057  0.37053009943972770
  0.38001569571014399  0.38804831024580966  0.39543952036893409  0.40368875210018618
  0.41356522867551837  0.42548450597221621  0.43563986303047880  0.44385616065263955
  0.45072483313650519  0.45635198653451303  0.46275027026031179  0.46944505380531260
  0.47614936219217818  0.48290703175790989  0.48954331974421739  0.49501831137379237
  0.49917441366367798  0.50317855521700205  0.50814560852185142  0.51297884581161868
  0.51756648742473987  0.52255859639609492  0.52866228011749195  0.53484828363282333
  0.54161263249364267  0.54887402708883526  0.55502272767485372  0.56031965625836844
  0.56604009827786772  0.57238670370035627  0.57731268999376972  0.58318207590541127
  0.59184276736013630  0.60110308455761219  0.61136533046571795  0.61933919099583368
  0.62734157832239934  0.63511960398034029  0.64241565453456284  0.65070519295583318
  0.65935576000027429  0.66828816533983137  0.67634837196500763  0.68440623510164078
  0.69231553672107660  0.70040615471758783  0.71007098203197272  0.72126374466707510
  0.73396493790896511  0.74863731573763403  0.76376867291190498  0.77830445428717920
  0.79166863989937164  0.80414473970177391  0.81639712224874672  0.83669607670430790
  0.86423902075089376  0.89251532236304487  0.93048990936721288  1.00000000000000000
 -0.00117644024946639  0.00667092101588916  0.01526438364994691  0.02706328234520565
  0.03662202212849371  0.04409734527937414  0.05226910327228563  0.05894041698665076
  0.06596067327812183  0.07347542751572911  0.08223839275486487  0.09089289746005587
  0.09805882379401933  0.10618301007469971  0.11484778933830884  0.12185883812589675
  0.12725298766295060  0.13241689533019046  0.13683659024007302  0.14266489226288584
  0.15448779359001105  0.16699745680544045  0.17810230613822470  0.18918125559722435
  0.20040565538571314  0.21177848394677354  0.22275937554463818  0.23319391683417950
  0.24433084277678052  0.25499021850051140  0.26448206603220958  0.27550737226266697
  0.29014816793556214  0.30733597037935501  0.32509169965433271  0.34251816067434859
  0.35847894822929738  0.36977279842110256  0.37885640401738635  0.38612218515748481
  0.39262882444750463  0.39946025844303112  0.40668523949633617  0.41799830453865899
  0.43016993250390256  0.44175293838195379  0.45197267819121856  0.46293610746342551
  0.47300102783605097  0.48189794411481734  0.49073258716752605  0.50007942680257711
  0.51120498677161808  0.52420797737641422  0.53836272435235966  0.55299229989881271
  0.56745931089889823  0.58235247000708046  0.59542689319405950  0.60918400400248718
  0.62331425446704425  0.63703718507874429  0.64942234028433732  0.66034803409754039
  0.67028290007138458  0.68077716259570431  0.69278793797597371  0.70438498570381503
  0.71579698751761367  0.72570202363398595  0.73574059966180660  0.74637523141617446
  0.75647092242858072  0.76879223911843608  0.78118335830049668  0.79302542028395751
  0.80642219386656666  0.81915017969703785  0.83179328809853736  0.84334926893460338
  0.85380568141481294  0.86498513343702021  0.87699759699426039  0.88638773389972980
  0.89203934872453294  0.89739654754250120  0.90250539823070253  0.91005353180533732
  0.91944669044364358  0.92805520408872255  0.93514274783026030  0.94274957454975084
  0.95404284414525176  0.96543181866762495  0.97805742624606340  1.00000000000000000
 -0.00662876917601414  0.03867626902799129  0.06358358450927135  0.08781247412167588
  0.11264139599403475  0.13778614518983298  0.15790077997962138  0.17286670923277250
  0.18917311721071245  0.20870121370671474  0.22850648779741911  0.24569280169208865
  0.25858925947054850  0.26816402085213326  0.27868940248896701  0.29287611755230913
  0.30598104701811302  0.31642226842032128  0.32735209115472946  0.33773597025221891
  0.34998132676361998  0.36281999517561825  0.37639272603410717  0.39154995103447771
  0.40644277373068899  0.41842975209297650  0.42801556028470761  0.43831974426323067
  0.44918527451169593  0.46143259556900318  0.47469132867095398  0.48762762937545268
  0.49966631166357167  0.50841611355272220  0.51536343387023120  0.52336928759319845
  0.53169260530947160  0.54103004492730322  0.54992873409603393  0.55697033643298921
  0.56401194846647862  0.57191418791342008  0.57958994000218966  0.58702708942713511
  0.59608393918191938  0.60792145255531727  0.62007070069683523  0.63037502541454238
  0.63933281303440292  0.64985323633933534  0.65928740694229926  0.66838776644728182
  0.67685521512704194  0.68599968530490107  0.69557136623687565  0.70274436252505923
  0.70778293770044898  0.71262820018027462  0.71712055230930971  0.72134686338464160
  0.72606202757779126  0.73367166710645437  0.74109418250306147  0.74834491879142073
  0.75901436579251802  0.77025219556265534  0.78165941005346395  0.79190468483840248
  0.80040479181162516  0.80445248942867509  0.80757806732809190  0.81141730592091443
  0.81529232904001303  0.82027188376918403  0.82606977992031461  0.83202879486341608
  0.83884457721407812  0.85118697014497613  0.86151534675982799  0.87133191712394376
  0.88104786679917524  0.89101017046654085  0.90176398572381122  0.90885117500461543
  0.91574996555072874  0.92334188303653308  0.93085372915176090  0.93572919725254500
  0.94036501499997538  0.94524877239491090  0.95074500701753129  0.95705048108312341
  0.96451952485308656  0.97367163253253786  0.98440441730765760  1.00000000000000000
 -0.00354236273932851  0.00954468151231146  0.02158735768117632  0.03380411605528893
  0.04729500975500858  0.06144517083611122  0.07295440181763821  0.08234120955654183
  0.09205181058440562  0.10375667139496381  0.11834947753241983  0.13317772847057061
  0.14821877436793168  0.16029448233465224  0.17191428484528992  0.18534631438412000
  0.20025830019650478  0.21644529020632744  0.23118458861715424  0.24278942671179518
  0.25327689391598629  0.26286670326939338  0.27285215153967157  0.28423842613874889
  0.29538888693959159  0.30332868645963068  0.30949685514848790  0.31654195870335455
  0.32492182841021761  0.33349928063675588  0.34089536647729818  0.34773079420356018
  0.35709114438698092  0.36989886874836553  0.38140561734175210  0.39259856204770527
  0.40396576732256251  0.41523053674585081  0.43400426541389198  0.45204396074843189
  0.46484334295696900  0.47462273588010373  0.48386650744586712  0.49355704725207877
  0.50229250597231345  0.51074005469524231  0.52058574065910146  0.53157032209553401
  0.54286815365065066  0.55296495366918019  0.56189304138853424  0.57151947824844274
  0.58272146178011164  0.59389532925570077  0.60543941874607843  0.61493280317731402
  0.62486636049984057  0.63539308724318311  0.64682872546757852  0.66163300182417262
  0.67647859417962841  0.68804936269258832  0.69393889663240216  0.69970161912447315
  0.70555427519067626  0.71120070002696301  0.71759084745149049  0.72446482499826548
  0.73256269715564826  0.74111129357676364  0.75007565747434701  0.75793114926593119
  0.76691735236606362  0.77751822037795870  0.78350148323893876  0.78773048489884168
  0.79181301037033158  0.79925509566347130  0.81166212341567379  0.82395146492745031
  0.83665799281096931  0.84795707957848943  0.85836474541395946  0.86894224808896270
  0.87905111702028593  0.89030955792671529  0.90124012038204548  0.91088090921140130
  0.92029369264053817  0.93051312708123868  0.94127885983824955  0.95523876712956590
  0.97057457386196089  0.98225508861962629  0.99111281477168967  1.00000000000000000
 -0.00136673051785805  0.00456026272451451  0.01112464909677406  0.01752334093839805
  0.02474777695716131  0.03346689737334614  0.04340914017916669  0.05460606845415378
  0.06698887558969328  0.08080189854084840  0.09364886910014816  0.10652813189750236
  0.11473787016739831  0.12433380392922171  0.13354674843036254  0.14284105802052258
  0.15319959114711107  0.16701532613661668  0.18231740820669171  0.19994359100020556
  0.21738621883199710  0.23146653990380978  0.24510642818886538  0.26053630499837410
  0.27618719475041337  0.29097333226220051  0.30310446679111802  0.31336812381449508
  0.32206180847943799  0.32869906130450877  0.33462326194344139  0.34378869577120685
  0.35637205257076254  0.37334602118476923  0.39050446777106790  0.40090079627370728
  0.41169441906321380  0.42156613114300895  0.43300425588926911  0.44050340832854529
  0.44522133196800584  0.44924946207137639  0.45367533212055217  0.46178678765870418
  0.47071144846293583  0.47948383899939401  0.49056408073734525  0.50149995151532112
  0.51069976599564748  0.52005938656473871  0.53144409549492744  0.54537835465580642
  0.55707901297427764  0.56879552751154028  0.58047555877855583  0.59112504934812227
  0.60002802544393929  0.60896313831060123  0.61986990237987050  0.63149821808850193
  0.64560158460367678  0.65914511620826788  0.67093639648107295  0.68073518826109980
  0.68926896885606825  0.69837118128248832  0.70566968496903471  0.71523064471418807
  0.72436915057746276  0.73668698077868711  0.74767256323565578  0.75990974006649981
  0.77207750218445570  0.78540809376262954  0.80095791975767350  0.81409215538979041
  0.82240450604186743  0.83206752620828484  0.84252055023740535  0.85283296849495138
  0.86009933332084576  0.86635755419872540  0.87540779350314479  0.88952981289069755
  0.90446367638826353  0.91812740381434665  0.93064297911308325  0.94269792161152743
  0.95221608400494817  0.96049908576866416  0.96786792044884229  0.97376002582483434
  0.98021951283085562  0.98639826371587713  0.99304762532319080  1.00000000000000000
  0.29070118522118810  0.45051076245430471  0.49036059670897331  0.52675595058885605
  0.55177958093972612  0.57081852368556163  0.58500567219465438  0.59602365585080885
  0.61106205631835064  0.62907529825278297  0.64754628223508837  0.65938563750443324
  0.67266456003689701  0.68357989003060693  0.69353121531611872  0.70349263725065414
  0.71511204058292610  0.72860494705012280  0.73802372709314457  0.74663452043408540
  0.75399540856412806  0.76047944601366879  0.76751031619807830  0.77436410587917892
  0.77938612072487001  0.78306407460096306  0.78668366102642528  0.79158893951738440
  0.79766904998923494  0.80427746802341216  0.80996599796833613  0.81488733050404139
  0.81890425386619792  0.82408416824158870  0.82952270981608478  0.83494910619767126
  0.83889805532072625  0.84272585526255284  0.84677685701336947  0.85045132319261130
  0.85378948383803488  0.85767343130449480  0.86200052451502929  0.86529693326384904
  0.86826982175768552  0.87109397126646082  0.87355796128160368  0.87623483873741259
  0.88023153039083579  0.88419226130981721  0.88782025325071556  0.89124854439354051
  0.89426748885152829  0.89659520676144389  0.89811707172912369  0.89928124833079670
  0.90040452495426071  0.90169797796594797  0.90349623449378369  0.90597910013939476
  0.90826112278953330  0.91020749575292914  0.91200546159365437  0.91400959722177211
  0.91621950170778310  0.91855487527909041  0.92116897517793428  0.92398212944981495
  0.92667142484991216  0.92911352733633690  0.93163034666927924  0.93417705415045582
  0.93672122309409933  0.93939255570549274  0.94254509217046578  0.94573639752099337
  0.94867472051823221  0.95129463246155910  0.95354889578186597  0.95570799801036466
  0.95776780203441125  0.95987981745538442  0.96191337369259255  0.96387036040499674
  0.96597877992019843  0.96814048355706872  0.97028140733478951  0.97235486565765650
  0.97438540727390610  0.97650764394639444  0.97885785325912800  0.98177281213068368
  0.98508781101560450  0.98881921289682329  0.99320188189608305  1.00000000000000000
 -0.03786637239116812  0.18051716879548343  0.24404136032723062  0.28861674028404838
  0.31781361784712864  0.33358796159078341  0.34454446736492417  0.35738843070711135
  0.37161026126651919  0.38291623644985556  0.39149547997775525  0.39986603648441726
  0.40872422149282123  0.41854156628628897  0.42980371011399787  0.44034733152307737
  0.44942078046529915  0.45677831680987130  0.46302156449482845  0.46833122964267115
  0.47437930950873336  0.48044467461478768  0.48589724930353978  0.49148227901426877
  0.49766945909742594  0.50419892034227987  0.51168199838566986  0.51986997166188842
  0.52726049034292599  0.53419182605379700  0.54098856187296551  0.54686845938186490
  0.55271995124393059  0.55864808524354215  0.56415654412796512  0.56909271209050238
  0.57344691213712740  0.57722015609594390  0.58025550463425835  0.58347471696230524
  0.58683257692527879  0.59057576739603068  0.59472664502106476  0.59892603212341167
  0.60361710730241858  0.60863366027065102  0.61304621712735408  0.61746755674413756
  0.62265003633833060  0.62762290171163615  0.63222453898930964  0.63686771353125693
  0.64016248751365201  0.64388304101329918  0.64860135963049625  0.65324790320457404
  0.65724356978882681  0.66045744520189997  0.66332755375686259  0.66752068941903409
  0.67328562961841287  0.67962440648803568  0.68626226158667780  0.69249612343492783
  0.69818047307522901  0.70405766474901332  0.70990623574621436  0.71697976970068733
  0.72483818255826238  0.73102399881514613  0.73639541571587397  0.74071463846948415
  0.74416020523541737  0.74675972055646145  0.74940251879440500  0.75337867151684901
  0.75799544086630521  0.76204561759220135  0.76571679798013348  0.76939682675247889
  0.77305169974020249  0.77664780710510117  0.78084963205852398  0.78534752020204268
  0.79136617519926689  0.79944650792742011  0.80881114745245730  0.81763732221295338
  0.82561721369305863  0.83368712991538030  0.84226734969966854  0.85336427266293668
  0.86775128096169352  0.88547796661727929  0.91185262641755949  1.00000000000000000
   5.8236191068239369E-016  -1.0000000000000000     
 F F F F F F F F F F F F F F F F F F F F F F F F F F F F F F F F F F F F F F F F F F F F F F F F F F F F F F F F F F F F F F F F F F F F F F F F F F F F F F F F F F F F F F F F F F F F F F F F F F F F F F F F F F F F F F F F F F F F F F F F F F F F F F F F F F F F F F F F F F F F F F F F F F F F F F F F F F F F F F F F F F F F F F F F F F F F F F F F F F F F F F F F F F F F F F F F F F F F F F F F F F F F F F F F F F F F F F F F F F F F F F F F F F F F F F F F F F F F F F F F F F F F F F F F F F F F F F F F F F F F F F F F F F F F F F F F F F F F F F F F F F F F F F F F F F F F F F F F F F F F F F F F F F F F F F F F F F F F F F F F F F F F F F F F F F F F F F F F F F F F F F F F F F F F F F F F F F F F F F F F F F F F F F F F F F F F F F F F F F F F F F F F F F F F F F F F F F F F F F F F F F F F F F F F F F F F F F F F F F F F F F F F F F F F F F F F F F F F F F F F F F F F F F F F F F F F F F F F F F F F F F F F F F F F F F F F F F F F F F F F F F F F F F F F F F F F F F F F F F F F F F F F F F F F F F F F F F F F F F F F F F F F F F F F F F F F F F F F F F F F F F F F F F F F F F F F F F F F F F F F F F F F F F F F F F F F F F F F F F F F F F F F F F F F F F F F F F F F F F F F F F F F F F F F F F F F F F F F F F F F F F F F F F F F F F F F F F F F F F F F F F F F F F F F F F F F F F F F F F F F F F F F F F F F F F F F F F F F F F F F F F F F F F F F F F F F F F F F F F F F F F F F F F F F F F F F F F F F F F F F F F F F F F F F F F F F F F F F F F F F F F F F F F F F F F F F F F F F F F F F F F F F F F F F F F F F F F F F F F F F F F F F F F F F F F F F F F F F F F F F F F F F F F F F F F F F F F F F F F F F F F F F F F F F F F F F F F F F F F F F F F F F F F F F F F F F F F F F F F F F F F F F F F F F F F F F F F F F F F F F F F F F F F F F F F F F F F F F F F F F F F F F F F F F F F F F F F F F F F F F F F F F F F F F F F F F F F F F F F F F F F F F F F F F F F F F F F F F F F F F F F F F F F F F F F F F F F F F F F F F F F F F F F F F F F F F F F F F F F F F F F F F F F F F F F F F F F F F F F F F F F F F F F F F F F F F F F F F F F F F F F F F F F F F F F F F F F F F F F F F F F F F F F F F F F F F F F F F F F F F F F F F F F F F F F F F F F F F F F F F F F F F F F F F F F F F F F F F F F F F F F F F F F F F F F F F F F F F F F F F F F F F F F F F F F F F F F F F F F F F F F F F F F F F F F F F F F F F F F F F F F F F F F F F F F F F F F F F F F F F F F F F F F F F F F F F F F F F F F F F F F F F F F F F F F F F F F F F F F F F F F F F F F F F F F F F F F F F F F F F F F F F F F F F F F F F F F F F F F F F F F F F F F F F F F F F F F F F F F F F F F F F F F F F F F F F F F F F F F F F F F F F F F F F F F F F F F F F F F F F F F F F F F F F F F F F F F F F F F F F F F F F F F F F F F F F F F F F F F F F F F F F F F F F F F F F F F F F F F F F F F F F F F F F F F F F F F F F F F F F F F F F F F F F F F F F F F F F F F F F F F F F F F F F F F F F F F F F F F F F F F F F F F F F F F F F F F F F F F F F F F F F F F F F F F F F F F F F F F F F F F F F F F F F F F F F F F F F F F F F F F F F F F F F F F F F F F F F F F F F F F F F F F F F F F F F F F F F F F F F F F F F F F F F F F F F F F F F F F F F F F F F F F F F F F F F F F F F F F F F F F F F F F F F F F F F F F F F F F F F F F F F F F F F F F F F F F F F F F F F F F F F F F F F F F F F F F F F F F F F F F F F F F F F F F F F F F F F F F F F F F F F F F F F F F F F F F F F F F F F F F F F F F F F F F F F F F F F F F F F F F F F F F F F F F F F F F F F F F F F F F F F F F F F F F F F F F F F F F F F F F F F F F F F F F F F F F F F F F F F F F F F F F F F F F F F F F F F F F F F F F F F F F F F F F F F F F F F F F F F F F F F F F F F F F F F F F F F F F F F F F F F F F F F F F F F F F F F F F F F F F F F F F F F F F F F F F F F F F F F F F F F F F F F F F F F F F F F F F F F F F F F F F F F F F F F F F F F F F F F F F F F F F F F F F F F F F F F F F F F F F F F F F F F F F F F F F F F F F F F F F F F F F F F F F F F F F F F F F F F F F F F F F F F F F F F F F F F F F F F F F F F F F F F F F F F F F F F F F F F F F F F F F F F F F F F F F F F F F F F F F F F F F F F
  <DiscreteSampler_grid>
  grouped_processes
  1 # 1 for a reference and 2 for a running grid.
  10 # Attribute 'min_bin_probing_points' of the grid.
  1 # Attribute 'grid_mode' of the grid. 1=='default',2=='initialization'
  0.0000000000000000 # Attribute 'small_contrib_threshold' of the grid.
  0.5000000000000000 # Attribute 'damping_power' of the grid.
 # binID   n_entries weight   weight_sqr   abs_weight
    61   10   5.755729809360600E-016   2.241987394488423E-030   5.755729809360600E-016
    62   10   5.755729809380546E-016   2.241987394489907E-030   5.755729809380546E-016
    64   10   1.151145961872120E-015   8.967949577953692E-030   1.151145961872120E-015
    65   10   1.151145961876109E-015   8.967949577959628E-030   1.151145961876109E-015
    67   10   5.387170172847376E-015   1.213736428090167E-028   5.387170172847376E-015
    68   10   5.387170173242548E-015   1.213736428321138E-028   5.387170173242548E-015
    70   10   1.077434034569475E-014   4.854945712360668E-028   1.077434034569475E-014
    71   10   1.077434034648510E-014   4.854945713284550E-028   1.077434034648510E-014
    106   10   5.755729809360232E-016   2.241987394488400E-030   5.755729809360232E-016
    107   10   5.755729809380863E-016   2.241987394489924E-030   5.755729809380863E-016
    109   10   1.151145961872046E-015   8.967949577953600E-030   1.151145961872046E-015
    110   10   1.151145961876173E-015   8.967949577959697E-030   1.151145961876173E-015
    112   10   5.387170172844368E-015   1.213736428088408E-028   5.387170172844368E-015
    113   10   5.387170173242241E-015   1.213736428320957E-028   5.387170173242241E-015
    115   10   1.077434034568874E-014   4.854945712353633E-028   1.077434034568874E-014
    116   10   1.077434034648448E-014   4.854945713283828E-028   1.077434034648448E-014
  </DiscreteSampler_grid>
