  0.00349779851281840  0.01393850842048023  0.02490635172108659  0.03494433772603360
  0.04585954546703494  0.05796378730200387  0.07031937361872723  0.08279263999441908
  0.09592843525374363  0.10826746428688599  0.11917950576750139  0.13063298511700386
  0.13916918526254957  0.14790090992925439  0.15610344615588062  0.16540571970618090
  0.17557705138922844  0.18661402388057030  0.19741560413175444  0.20814742981568407
  0.21647164583594952  0.22395984459811780  0.23218557359840750  0.24111097285378855
  0.24941057189458474  0.25766550086898804  0.26736624238928974  0.27932296302367227
  0.29122234878425540  0.30314360261046125  0.31536997675432410  0.32797424129848057
  0.33984216815908491  0.35043235576032067  0.36035747642058003  0.36963575344482785
  0.37874968993063224  0.38768499228465458  0.39576884925498940  0.40414825225431789
  0.41583373000732649  0.43010061312536579  0.44388937481006019  0.45682589035432619
  0.46766005129989302  0.47786429992664342  0.48724946392419211  0.49652804549094270
  0.50534749428383818  0.51324309549462932  0.52158223057799302  0.53052815322463476
  0.54081827606218280  0.55415549186701096  0.56906838655290226  0.58381182531744225
  0.59624391124980969  0.60550101319021377  0.61476046667532169  0.62587126823659256
  0.64057352378346988  0.65501477938145580  0.66763256554264971  0.67997066546579965
  0.69321709164069922  0.70543131088306210  0.71681377148113623  0.72662472171783166
  0.73512152968559663  0.74503046310701559  0.75382461029284498  0.76331146559080254
  0.77421284192716666  0.78479033155504452  0.79558579636115612  0.80398673627471273
  0.81205530230506440  0.82022364434150152  0.83108822574859831  0.84078420773251683
  0.85089471442609166  0.86111958650799458  0.87107940237758341  0.88014808587470683
  0.88941472262877297  0.89925115331481731  0.91042905953565223  0.92146966620758630
  0.93056153428952204  0.94173664889973474  0.95143661471872421  0.96005121905386159
  0.96883644600897179  0.97702175595584095  0.98800019292750718  1.00000000000000000
  0.00895266149149100  0.01527423517664611  0.02476559207305859  0.03676926250495860
  0.05038830625768412  0.06456243483328733  0.07769942439583651  0.08989704493778611
  0.10050843002341665  0.11082357281551422  0.12154611865231081  0.13283067161891041
  0.14320692824804240  0.15378671317745285  0.16488889759801989  0.17409785591060042
  0.18225430769694095  0.19034795862487117  0.19884680377694786  0.20859616567372258
  0.21911242661777980  0.22980367951276620  0.24112156554830319  0.25306997130770836
  0.26567323465989495  0.27973198103112418  0.29170828775973917  0.29975003370366748
  0.30777594877112791  0.31658095015884652  0.32577733450310448  0.33412303352315453
  0.34241440522836003  0.35201517917978703  0.36271699895358361  0.37437555668139988
  0.38747723116334010  0.40049018942502845  0.40932935012255561  0.41834566927437333
  0.42713860029274475  0.43697051358641209  0.44760731578439983  0.45634046903326780
  0.46491567042879767  0.47388914329986104  0.48548176076225069  0.49825827859009120
  0.51054966324062589  0.52113554176959187  0.53027077986793614  0.53925632059238560
  0.54934684095232822  0.56089902123091095  0.57295110411355266  0.58379173024113751
  0.59364927195300776  0.60369917271566398  0.61504301911551518  0.62795041922048722
  0.63910348990016941  0.65033499459121058  0.66141640039017791  0.67334006745676522
  0.68271900536059638  0.69136505517034397  0.70005490273449233  0.70953045384517999
  0.71955900174088294  0.72862853297873909  0.73758735611742876  0.74344327156386825
  0.75108765011756717  0.76014980851853631  0.77195309736867646  0.78748331776183023
  0.80414981846978328  0.81904920651977597  0.83231236759091853  0.84287091310112727
  0.85177191951232312  0.85893311798843652  0.86541684462383739  0.87299623597030029
  0.88269560560929394  0.89450775689462325  0.90788596162883062  0.92216634109944950
  0.93632237756924441  0.94752301960927410  0.95872190027556881  0.96780573273166637
  0.97626382619570662  0.98420672445754454  0.99036341843629927  1.00000000000000000
  0.00016312387549256  0.00022691373738383  0.00023653163360937  0.00024356136457113
  0.00024975466427119  0.00025530856609409  0.00026118554105083  0.00026782263033864
  0.00027598390645662  0.00028475275477547  0.00029271299950963  0.00030060823749628
  0.00030877176869939  0.00031758784015255  0.00032809681475569  0.00033662982568552
  0.00034464928770012  0.00035268929333416  0.00036025873286361  0.00036741312518348
  0.00037495894353398  0.00038273041165438  0.00039096305997904  0.00040076051869243
  0.00041114592156527  0.00042188831280238  0.00043293015320219  0.00044473747155923
  0.00045731750674699  0.00047059817229040  0.00048502092906626  0.00050005976671686
  0.00051666931094547  0.00053050768282374  0.00054358989990046  0.00055613922381103
  0.00056902975472063  0.00058426998449223  0.00060167277901477  0.00062003230885316
  0.00064338640217910  0.00066822286584707  0.00069325871609349  0.00072162561520549
  0.00074980697641908  0.00077748441599689  0.00080930489622559  0.00084602862128437
  0.00088910177508930  0.00093576331892412  0.00098014690342830  0.00102967580951624
  0.00107505168347752  0.00113193549379650  0.00121368017001591  0.00129037198601354
  0.00136234636700988  0.00144585453165493  0.00152630716357058  0.00158781746436552
  0.00164341631802646  0.00170104939582101  0.00178185494421876  0.00188115701363904
  0.00197888388738316  0.00209475120485905  0.00224743174736692  0.00243733013902484
  0.00262567894192185  0.00277979286756325  0.00294445682445985  0.00311703803732511
  0.00330851987949214  0.00349667249817825  0.00367124038855752  0.00386581617547062
  0.00408697326468198  0.00441318805022399  0.00468271623755168  0.00492646645263956
  0.00525373810511651  0.00561248234815421  0.00587875576750837  0.00622246548337260
  0.00654119985182204  0.00688061095777274  0.00724255055177442  0.00783934441939072
  0.00847651978779679  0.00909946747717274  0.01097276241254998  0.01340246314214738
  0.01731466305540488  0.02332657765060785  0.26090150463905981  1.00000000000000000
  0.00005404572473177  0.00005407053120379  0.00005414760998314  0.00005429307737981
  0.00005461016322583  0.00005495539104968  0.00005530942668090  0.00005564832667949
  0.00005596369691127  0.00005626933196288  0.00005655580269302  0.00005685497542110
  0.00005718050569564  0.00005750639893896  0.00005785772608619  0.00005823216373588
  0.00005862932818104  0.00005906890832508  0.00005951867733084  0.00005994558150528
  0.00006031200315024  0.00006072351557998  0.00006118692947022  0.00006166116663692
  0.00006212220844794  0.00006256417578450  0.00006296429880944  0.00006336046894623
  0.00006379792591315  0.00006427487893740  0.00006477888057752  0.00006531389745412
  0.00006590695364536  0.00006641802713696  0.00006690958970810  0.00006738414822564
  0.00006796216070458  0.00006862894876820  0.00006938135607947  0.00007019553534566
  0.00007102050865131  0.00007181660322490  0.00007265194387661  0.00007352234289235
  0.00007446935365759  0.00007545226790464  0.00007634584857772  0.00007716660999409
  0.00007796242559313  0.00007875477954496  0.00007965685712759  0.00008061793951532
  0.00008163748592253  0.00008269492830445  0.00008377891255424  0.00008484883739315
  0.00008607621306871  0.00008772008665672  0.00008935450213415  0.00009095769093159
  0.00009264630564283  0.00009461434670637  0.00009695394265087  0.00009943567929751
  0.00010143354640535  0.00010316239517863  0.00010501496971947  0.00010730820147401
  0.00011077952650056  0.00011513200782158  0.00011953017999849  0.00012305593094673
  0.00012599786223409  0.00012903271185513  0.00013292940903220  0.00013766419626329
  0.00014317387350109  0.00014959629875130  0.00015773819862535  0.00016659186583206
  0.00017848268997986  0.00019200833223459  0.00020308478827321  0.00021457690238733
  0.00022531778717518  0.00023910733732207  0.00025963186633913  0.00029359669942960
  0.00034507365698353  0.00040797899089958  0.00050595291590821  0.00069929006383313
  0.00164446959824003  0.00291724769982583  0.15402487933731440  1.00000000000000000
 -0.00218803236070686  0.03692795198444730  0.05819225791269421  0.07624412548711626
  0.08857237258921731  0.09975185858884184  0.10985160324939755  0.11939116056139905
  0.12902036656410348  0.13958324165572852  0.15416300752801387  0.16648984102311259
  0.17653209356220192  0.18497037974072680  0.19240300791235676  0.20012971289237860
  0.20908907125413154  0.21821890586448336  0.22789177950347111  0.23896082274309816
  0.25059859770595583  0.26209218512664312  0.27370677380208319  0.28461687939367619
  0.29580148717638688  0.30632502128286015  0.31649713659926504  0.32740220670005615
  0.34023543750351559  0.35569701334675152  0.36767004379293583  0.37834831115039774
  0.38828831961874399  0.39863797754474706  0.41052455020449552  0.42260289792900002
  0.43443407590065070  0.44419367862977260  0.45385581334081770  0.46347345170224591
  0.47280581747749745  0.48137849006516731  0.48995103278270186  0.49872303891217623
  0.50881770881665056  0.51921567711986927  0.52754134979429623  0.53480736661071127
  0.54221559386369733  0.55002794258642584  0.55888575069039348  0.56854745821291774
  0.57857712494407143  0.59073518376193423  0.60298282416304760  0.61486622837393012
  0.62695595760102163  0.63911922391113429  0.64947079717537826  0.65777111525374399
  0.66532554401498101  0.67328684197057331  0.68270908015502807  0.69359592839429818
  0.70276182405609278  0.71125847886181182  0.71823269545745838  0.72607812035194241
  0.73536858222311352  0.74735280000007087  0.75890874014662746  0.76831844997866705
  0.77535799568950203  0.78199996679653483  0.79012518265769260  0.80172899936505571
  0.81345932335802063  0.82235322335447125  0.83058903239474280  0.84175166156787129
  0.85398926829967547  0.86386524304533296  0.87340570095034198  0.88253111238257453
  0.89128416881347383  0.90058242693953916  0.91085458318146750  0.92127051958885064
  0.93044767220747215  0.93781921376678201  0.94686247220699293  0.95610119752827882
  0.96555110583274251  0.97453557762615806  0.98390749511696729  1.00000000000000000
  0.00011601031795034  0.00016333116351917  0.00019186825556700  0.00020268533174720
  0.00021106795337489  0.00021784243022535  0.00022431771267272  0.00023192070072553
  0.00024080066387526  0.00024994255983778  0.00025833077619509  0.00026605641234097
  0.00027273925144800  0.00027980028469417  0.00028751339454388  0.00029620970029738
  0.00030498029138597  0.00031434372829875  0.00032377806105790  0.00033380839672716
  0.00034474897909658  0.00035613252024454  0.00036764895462601  0.00037943123581732
  0.00039272742512076  0.00040609415886525  0.00041980207982677  0.00043368784084965
  0.00044914965230614  0.00046424095919988  0.00047879463726998  0.00049335748777704
  0.00050778091050196  0.00052230070213522  0.00053492832819241  0.00054846003575610
  0.00056392271740484  0.00058297061483923  0.00060534076481856  0.00062790981423611
  0.00064900731554788  0.00066834595455221  0.00069178303316954  0.00071126918480797
  0.00073178590167092  0.00075530730855941  0.00078255076405916  0.00082144213964508
  0.00086353870406332  0.00090183132636852  0.00093854324551525  0.00097491778837528
  0.00101229534515443  0.00105426068771079  0.00110171517993559  0.00116114840164882
  0.00122664579583944  0.00128365278702912  0.00133509235428067  0.00138523642380032
  0.00144170676197430  0.00150466427796031  0.00156605970819662  0.00162127191417386
  0.00167607847763150  0.00173661006206617  0.00181153919818409  0.00190594164814422
  0.00199274106786324  0.00207915016811501  0.00217699017076841  0.00226963727527322
  0.00236445249956144  0.00250491737426890  0.00268179343151169  0.00293094591774736
  0.00320648666738392  0.00350615941206481  0.00385920177213020  0.00430485100860230
  0.00484049185923263  0.00540339249462255  0.00597652073960728  0.00641563905600086
  0.00709657391883711  0.00811764267555110  0.00892755538060107  0.00973228097349083
  0.01088743424295365  0.01222056494169484  0.01359468438921242  0.01450195258377453
  0.01893369364948276  0.10497834905953399  0.27289182290011510  1.00000000000000000
  0.00003833483148141  0.00006318470342678  0.00008095984777189  0.00009306274212783
  0.00010170887273220  0.00010870459016161  0.00011367354797493  0.00012032957212490
  0.00012782389621908  0.00013530144982862  0.00014349772528986  0.00015318802069187
  0.00016459969190235  0.00017571418036499  0.00018590419631955  0.00019654437624585
  0.00020864277585385  0.00022355642958766  0.00023997014491190  0.00025895651538930
  0.00027988602961366  0.00029985076512983  0.00031884057968394  0.00033978090397010
  0.00036446512817154  0.00038770817383120  0.00040760542645986  0.00042598194825714
  0.00044746270815900  0.00046408453761697  0.00048331591242155  0.00050338803640508
  0.00052577043767544  0.00055611011576454  0.00058891288540613  0.00062249476522797
  0.00065934985840114  0.00069942678642702  0.00074237536357502  0.00078782591093667
  0.00083676028117424  0.00089161942576492  0.00093587785265762  0.00097545632051061
  0.00101978646407078  0.00107290711830911  0.00111915244177122  0.00115825584895431
  0.00119577725503709  0.00123386827801183  0.00128580832356706  0.00134757399186576
  0.00141425527479207  0.00148545107874457  0.00156692613771510  0.00165104788295801
  0.00175664107440788  0.00187179732356107  0.00198191409813734  0.00207193154523432
  0.00215729923654068  0.00224246437508069  0.00232856282892643  0.00240418056768893
  0.00247748140863611  0.00256202195111367  0.00266058747600144  0.00277376761468531
  0.00290211233079320  0.00305701194640041  0.00324276292495972  0.00354788348561494
  0.00385415774518884  0.00414044692896354  0.00439275954667149  0.00460686889038071
  0.00483554541885327  0.00504577331973055  0.00527097213583051  0.00567243680039286
  0.00616468473343960  0.00659550418142727  0.00688919257335222  0.00719755580375452
  0.00773765077202521  0.00851064304726369  0.00911520268584019  0.00983850196222260
  0.01040393061825984  0.01090872590792956  0.01162037258953585  0.01262655758718729
  0.01386544156106934  0.01676453481370652  0.12328648760954095  1.00000000000000000
 -0.00512520596939859  0.02907771684067036  0.05138531996948898  0.07436771934161822
  0.09432768179391281  0.11367825951131721  0.13023016271574261  0.14505484561276877
  0.15866196926776605  0.17443613603497340  0.19341935130317098  0.21205589878129971
  0.22915410425405119  0.24560933331674800  0.26251642270533732  0.27881827037036966
  0.29114077348441736  0.30391953962622892  0.31511190010633672  0.32592396922118499
  0.33630483359572133  0.34709257911687891  0.35937667786243738  0.36983416653384282
  0.37910089960127080  0.38883901384768826  0.39804606656801650  0.40568451748108481
  0.41325974153538403  0.42155730224438731  0.43436140777238919  0.44418159566652876
  0.45157268318826987  0.45890733443031662  0.46742407012828668  0.47693891078232992
  0.48550732295286142  0.49430008716197826  0.50416005780428863  0.51462061459315012
  0.52323260622550283  0.53032516864208812  0.53817190645771695  0.54840703906390242
  0.55993633169284762  0.57136193330621188  0.58220145013312907  0.59262254682083249
  0.60294071517853132  0.61371976354399771  0.62461349879842976  0.63379878426311687
  0.64189680354303380  0.64962230153918632  0.65735967028166431  0.66547466730319460
  0.67478080122987172  0.68349391274931215  0.69221614415110022  0.70109368997559340
  0.70889621321086727  0.71523031263112102  0.72061366318067865  0.72671563026851571
  0.73685322773796857  0.74578350319887354  0.75195316236600007  0.75863051436690310
  0.76592202649756580  0.77470043107165587  0.78527241573011619  0.79374235526896475
  0.80287314648758157  0.81227634173787044  0.82081758015945538  0.82855273876250624
  0.83714546988241045  0.84622402170006006  0.85535526178269172  0.86526296729760499
  0.87489841211569019  0.88336991664504361  0.89143299517398400  0.89944238677208477
  0.90796491831889725  0.91594065699304195  0.92501082869073048  0.93418202344309009
  0.94274824726624640  0.94988709620560297  0.95715647842732887  0.96468281635018194
  0.97236636254159159  0.98052782301859376  0.98950955888818204  1.00000000000000000
 -0.00297191466318006  0.00989183320545002  0.02189547083123552  0.03461165878118766
  0.04709851023748880  0.05685213210839047  0.06984696914534412  0.08245973315566990
  0.09390188163062529  0.10478217128259656  0.11670873246479060  0.12694330066424508
  0.13682783681035784  0.14536952227579861  0.15385508779609902  0.16451334780190247
  0.17377893938786829  0.18137126727371272  0.19195985436361218  0.20275848824156947
  0.21426125567525647  0.22342314038008457  0.23123782323830208  0.23982185520459193
  0.25048986617648772  0.26291513873191563  0.27554555184013485  0.28859956056139352
  0.30197683972329964  0.31467363211414490  0.32651413260797729  0.33805168518450041
  0.34758119429647732  0.35704287957710235  0.36666046511844486  0.37534584760052758
  0.38422586977059309  0.39244386134064435  0.40332079226160050  0.41500633062282066
  0.42630518635817893  0.43587741594645052  0.44445880530412202  0.45388000156311681
  0.46360704768143463  0.47335178826930663  0.48317046395931895  0.49369692161017242
  0.50520700582941525  0.51560082260912166  0.52538756421749711  0.53487028443572504
  0.54463153219401239  0.55457668468888255  0.56405974972331985  0.57321712093738653
  0.58188679976850910  0.59064982716934167  0.59949253465214070  0.60829022533431365
  0.61773662323735079  0.62699184634205696  0.63589856792345223  0.64467823089990273
  0.65388859807679833  0.66422931623390957  0.67538466493565597  0.68702825609328644
  0.69853706705150798  0.71011120498158020  0.72242886748313451  0.73373663784167054
  0.74337318143417785  0.75243691899211262  0.76217344474066617  0.77342297956312700
  0.78656579864542242  0.80050222682700523  0.81356126515075045  0.82492721981154571
  0.83583251995668395  0.84826803218127012  0.86120216912436032  0.87405822321553139
  0.88611148112368920  0.89747855794526132  0.90967302125988203  0.92292273733646990
  0.93656605230077683  0.94843798372921484  0.95889580677732722  0.96705168884048753
  0.97462072733646621  0.98314618871055171  0.99185068249031394  1.00000000000000000
 -0.00253943871988085  0.00755910548533369  0.01811991038274663  0.02867071368451324
  0.03843300648740108  0.04717791282938853  0.05467341262805422  0.06182004057279580
  0.06840564226661996  0.07527086207432701  0.08298304191127101  0.08994207856426017
  0.09747876978575139  0.10685898700678441  0.11743649233403740  0.12832618911043805
  0.13716974134361687  0.14589657941153963  0.15492984859637168  0.16533676341888970
  0.17558961480569912  0.18552515051924759  0.19523945420464578  0.20486227928857900
  0.21436594893291694  0.22403929941906950  0.23234881226868584  0.23973799369949506
  0.24691886315089842  0.25349744156559267  0.26108379176348623  0.26901291431814423
  0.27700736148773825  0.28543221487211284  0.29580960448368404  0.30903122710406172
  0.32120656360968908  0.33432550598071997  0.34910868458594191  0.36457240718407519
  0.37702017319280939  0.38750646592082089  0.39674281187943095  0.40669353022673688
  0.41869315835840121  0.42868901453752956  0.43660795787989970  0.44426435779114282
  0.45318426927306610  0.46495077542835594  0.47832085848615080  0.49081827880442797
  0.50229466359919672  0.51407086477594921  0.52628179272579911  0.54027793579906569
  0.55310026263212109  0.56757234309409355  0.57904600726680189  0.58975747865648331
  0.60063371962822210  0.61216493072535461  0.62221683245643467  0.63284363414872102
  0.64187924233258176  0.65139148547661219  0.66199558414831139  0.67225819951772103
  0.68241930070926182  0.69415357031431890  0.70418443399980835  0.71268598312685483
  0.72281254957568775  0.73362060324331080  0.74481227192001931  0.75673301584406527
  0.76912964178312071  0.78209154738172648  0.79592884975548550  0.80805886237920777
  0.81960697243205816  0.83235996627674269  0.84553874438087506  0.85918163390640578
  0.87432515719498882  0.88601037498922908  0.89408803874647647  0.90147310043969209
  0.90988890391799471  0.92107418720752887  0.93335788246864226  0.94678721027984558
  0.95999171495317670  0.97410440675286480  0.98762174628573673  1.00000000000000000
 -0.00281312337422822  0.00849868791165001  0.02151530326139298  0.03339680123832982
  0.04505445428378980  0.05661772542450237  0.06764279889933023  0.07947295962918967
  0.09088191268871741  0.10315184758722387  0.11265649053830940  0.12496580605667412
  0.13658930654091034  0.14647724956733282  0.15398036528240169  0.16208676380520215
  0.17290104123998479  0.18493574896494275  0.19475111434440898  0.20327801352844246
  0.21516135792002039  0.22898323455836242  0.24204810154468262  0.25356605061267629
  0.26285279457554589  0.26913426896330139  0.27641783742659876  0.28403828866923503
  0.29468033201153204  0.30808256694554842  0.32192619187709298  0.33634896178324014
  0.34913823290819140  0.35860750924747942  0.36676299461437117  0.37620367801526944
  0.38789227005632965  0.39961248395495114  0.41042086503414904  0.42204504910848034
  0.43414229296684986  0.44435457145741675  0.45325096684730032  0.46287240549651204
  0.47246785029922533  0.48264933880092548  0.49474272762386312  0.50693225344792781
  0.51814828541771751  0.52937168281650993  0.54152791269682121  0.55387345295960499
  0.56390980363192500  0.57299499623748074  0.58303990588698051  0.59462132892078812
  0.60733605350268338  0.62117001812599948  0.63624094746170434  0.64989162893222807
  0.66099125409571646  0.67048650437051738  0.67946642202114071  0.68993684075441686
  0.69741133588527526  0.70526465878800748  0.71213736383112392  0.72150394922604733
  0.72985787934143975  0.73957231770251297  0.74992324768712015  0.76146923175157832
  0.77368748874083793  0.78546640788958499  0.79784060574154769  0.80938106017552414
  0.81926879708212952  0.82765051853263860  0.83735165202577044  0.84864350729079807
  0.85977268546368157  0.87155386752008990  0.88471886228407193  0.89531985532118319
  0.90253692870097768  0.90896695413649109  0.91585902968986665  0.92380817389136893
  0.93254100460731404  0.94053267573740174  0.94950643074667440  0.96022811271300545
  0.96999904335300202  0.97943645339454688  0.98804552155545733  1.00000000000000000
 -0.00321960665448758  0.01628652578083060  0.02949519154320392  0.04132036613486961
  0.05279966376963809  0.06600827632163749  0.07916173046921211  0.09388255384368019
  0.10766174815234462  0.12204781308516929  0.13560889541719232  0.14877344632860598
  0.15934167643123473  0.16991347292910475  0.18254855971284933  0.19965203505218959
  0.22021567983045656  0.24183278987995016  0.25860668838093270  0.27056710722055821
  0.28110505378550260  0.29101162476072712  0.30160298718428108  0.31450491980985273
  0.32680598421844365  0.33928600493505040  0.34998938187923556  0.36093134070857918
  0.37281939027686706  0.38361865497775272  0.39336176847877835  0.40167552556706809
  0.40979585063215612  0.41917296260735104  0.42897262875880787  0.43904618750137048
  0.45068421147753734  0.46155810045217482  0.47150364771357112  0.48176156540067921
  0.49274936658164520  0.50398009695852586  0.51505499522434772  0.52582630628148219
  0.53678867637415506  0.54491424543405942  0.55116664766716317  0.55688283077662493
  0.56241366269317317  0.56773414954087620  0.57322185781502666  0.57947248137913887
  0.58670695555222496  0.59333916715351975  0.60045874213091499  0.60838065635714778
  0.61722933868465812  0.62380378646003909  0.63106925613198717  0.63886244741656695
  0.64720617084898868  0.65822942591784039  0.66983553622446967  0.67873783042949498
  0.68761021821357093  0.69552916244162222  0.70154300930615365  0.70685153038788595
  0.71203726321254168  0.71688449160177115  0.72235690682379394  0.72831726833250809
  0.73662664171716719  0.74620711891253166  0.75774694493951678  0.76943740386407855
  0.77990009100665880  0.78994274830080957  0.80099489474567120  0.81169023152099629
  0.82514447361366328  0.83670559685409396  0.84760309593067473  0.85724401497342828
  0.86596592421168328  0.87491212066003121  0.88292122808374762  0.89125478968826821
  0.89984137287707755  0.90810971333338342  0.91675619574993905  0.92889800800843536
  0.94521766556045150  0.96189887853813905  0.97938047238566661  1.00000000000000000
 -0.00209099945140735  0.00859459217580710  0.01734252297807263  0.02493414992602014
  0.03151071585959765  0.03744890017855326  0.04471408553919741  0.05412998502103070
  0.06585882998603700  0.07857720353999201  0.08851816516240278  0.09707827168395615
  0.10620901050611577  0.11441585856422838  0.12180538698987121  0.13003109867811774
  0.13917292977806675  0.15046205815405647  0.16160714749630725  0.17313650381442586
  0.18510025305816222  0.19789843824328307  0.21103679355227592  0.22604439260406922
  0.24059144463735579  0.25488770968211105  0.26887133131193147  0.28251332857310124
  0.29660341197961348  0.31213073923167983  0.32781677459937769  0.33929704448114384
  0.34744770136006708  0.35505438228906744  0.36273506243539633  0.37217213655735781
  0.38037472902793001  0.38719648723042477  0.39504859187850833  0.40216911747235384
  0.41032905300655509  0.42018708970544422  0.42778088069772147  0.43784530552683504
  0.44756000848974858  0.45789213141503426  0.46893149672839568  0.47916350855650935
  0.48920821184780144  0.49917675470065404  0.50963623687941539  0.52200216207449435
  0.53527204390634264  0.54768626950591526  0.55909409995941950  0.57288194797081371
  0.58416692470051224  0.59421707741170271  0.60255763436143561  0.61186907737186269
  0.62189272630544878  0.63255950240400427  0.64315188060594397  0.65364983405694943
  0.66482484609068970  0.67813132845823287  0.69102210104234907  0.70186792547504340
  0.71338667680113654  0.72596360485304867  0.73798149158068460  0.75007524676101400
  0.76413599898268092  0.77955827536424727  0.79364377024080268  0.80649424601356445
  0.81828229111710160  0.82915957323830269  0.83852656333258213  0.84747116867903283
  0.85588828312519671  0.86430744550195748  0.87516019729196681  0.88613163720454380
  0.89626992763646951  0.90623968676702593  0.91506259452359373  0.92219704118834578
  0.92916780674755939  0.93814372482744524  0.94889180210845747  0.95892026376595074
  0.96781071722431866  0.97706879886431075  0.98725683060180147  1.00000000000000000
 -0.00374884417427089  0.01402141938389885  0.03041513316659768  0.04383634200770578
  0.05710753669201533  0.06821218678432932  0.07834064238873970  0.08902793557756963
  0.09863357647932197  0.11003444109289154  0.11931746217506921  0.12859865306676477
  0.13792137864644197  0.14630008810975420  0.15561488502769621  0.16614692524986061
  0.17726633574055892  0.18951403892842286  0.20195137602082722  0.21299612926884107
  0.22328072932746007  0.23400378379042058  0.24466991893465972  0.25396865528974066
  0.26136921270317487  0.26865140780325930  0.27644556138092052  0.28578419010581618
  0.29342003365543423  0.29996973010786043  0.30591549456976896  0.31251881815079996
  0.31982666723072994  0.32789709202390438  0.33638770600958767  0.34459024605192545
  0.35361603538914732  0.36287577932376858  0.37427744475102043  0.38396840863889781
  0.39235690293347120  0.40023223281523534  0.40911697067613240  0.41728783275570480
  0.42361945648119881  0.43061371712067587  0.43839901295455969  0.44748790338855776
  0.45957816462119438  0.47069161946629723  0.48079009552893970  0.49119828908540569
  0.50222290159574734  0.51332611493733482  0.52379828753131530  0.53430836799053993
  0.54570411445217581  0.55676116765528194  0.56809271516698179  0.58000883113760915
  0.58945086303996064  0.59763732628134603  0.60521036758472757  0.61231098799227357
  0.61963361665129413  0.62721005347091940  0.63434563423941914  0.64029034341835067
  0.64559341364343947  0.65192334439788147  0.65992182887100481  0.67034419495561448
  0.68261252444484777  0.69483208524815043  0.70653577519474220  0.71828105374282680
  0.72945364964588399  0.73929228171495753  0.74787343844795906  0.75655857216992817
  0.76633406356692801  0.77599481237502921  0.78724997437089683  0.79982916995859066
  0.81424719566283921  0.83022828455959508  0.84454443933552625  0.85840684720055760
  0.86998004938391438  0.88309375652528954  0.89701032200286057  0.91160921016571739
  0.93112560547567413  0.95527564794974495  0.97647634283463358  1.00000000000000000
 -0.00401050137817185  0.01437360125611088  0.02859591232311894  0.03981122259729042
  0.04921610728295234  0.05766647625850468  0.06713284132524684  0.07717502722755355
  0.08771694842856899  0.09811932811013838  0.10715233290372604  0.11601747621634513
  0.12507565960474976  0.13454416461578406  0.14301930561353396  0.15067112187564705
  0.15875001408264397  0.16737099831034732  0.17567256317016028  0.18348522695396563
  0.19076332797954237  0.19605790791968652  0.20186421854919864  0.20927817223184444
  0.21732858498495672  0.22545860756204097  0.23538469954172078  0.24746326769849269
  0.25957241309625795  0.27028636525476979  0.28083423436263499  0.29037372619162111
  0.29965304367744433  0.30921629199148948  0.32064586396727457  0.32974026646066329
  0.33795979314926261  0.34627387970163170  0.35551882073462066  0.36673083218057395
  0.38094352861296127  0.39623430448847180  0.40727304467862563  0.41611060413549650
  0.42458574250094577  0.43372691900621557  0.44484751080507162  0.45767185879051997
  0.46773508870053015  0.47538660100538949  0.48278260247482169  0.49091705575997113
  0.49895872342222364  0.50916378345169511  0.52044549670281115  0.53272072175646434
  0.54687675039991623  0.56198358145503580  0.57494020926390577  0.58710020988433120
  0.59748150836769698  0.60940454324652238  0.62041724005457932  0.63084639186985947
  0.64028615212327367  0.65183834456687451  0.66482012501795718  0.67777052791284464
  0.68993788959215030  0.70113495825225203  0.71248826009172939  0.72414763534900450
  0.73693923828755581  0.75106549560924285  0.76705673989849654  0.78166765774563263
  0.79273961732529596  0.80205817058353723  0.81181345325958121  0.82429282789013858
  0.83756044137523489  0.84821183634069020  0.85794864492396516  0.86760219293704088
  0.87897651413156930  0.89104587281751901  0.90127558312603417  0.91071146798121816
  0.92014591040610560  0.92967258173275769  0.94000545598474694  0.95236681046169858
  0.96636708837073637  0.98020526584773326  0.98999830230105201  1.00000000000000000
 -0.00511706542021918  0.03057332234970170  0.05818642313476391  0.08620745102041787
  0.11054818777967081  0.13227047001996989  0.14797875410122602  0.16280987563667607
  0.17967410089791128  0.20039815986572568  0.22108120751364801  0.23922202436167381
  0.25144239438924415  0.26012117645768551  0.26868940078145737  0.27727909495712832
  0.28468936448763271  0.29304373898203973  0.30159849115107534  0.30940888818681078
  0.31766408535991120  0.32759585975224348  0.34446460772360077  0.36369392261057543
  0.37454126434001445  0.38371554474779646  0.39120664561741325  0.39819328612317417
  0.40703730675209487  0.41656446506230754  0.42750400961326424  0.44023162113955561
  0.45335075988506784  0.46533941596681561  0.47709446912432579  0.48987750067875785
  0.50293546449416016  0.51602744308853621  0.52881031721767935  0.54136323936136133
  0.55395165812479064  0.56507837689678009  0.57534293072461862  0.58530664721272274
  0.59515250953584964  0.60398704565405925  0.61142944125205945  0.61833821678118595
  0.62563457790354859  0.63257660767148727  0.63833430022400872  0.64382593189530768
  0.64912525581099922  0.65537909571059683  0.66181235550496353  0.67008320559060353
  0.68050116378376080  0.69029929650678579  0.69931142460248974  0.70783902862076442
  0.71621670286117811  0.72490577938923595  0.73314103507159922  0.74218405814143629
  0.75168681932623749  0.76140387753999661  0.76869066987100154  0.77476872922495676
  0.78057544904679588  0.78647681905905376  0.79276324529578057  0.80012974739215570
  0.80745581366574459  0.81450241163453063  0.82161410736710883  0.82955153051021435
  0.83778190595177371  0.84539628345515272  0.85238629508955610  0.85898708123412004
  0.86541155883496679  0.87144963198264791  0.87784652083706360  0.88432334343689878
  0.89147237054237349  0.89934663131867876  0.90721712553633704  0.91610261080237132
  0.92633785909174138  0.93767930102265273  0.94960511929815672  0.96094628654615954
  0.97053385682572046  0.97949699511034960  0.98922930046285351  1.00000000000000000
 -0.00166363540538100  0.00861574365048177  0.01730815702522856  0.02422367413206094
  0.03005995275999594  0.03577693166157681  0.04118854613400686  0.04916591870105812
  0.05868400351495986  0.06813334402317540  0.07722753000643963  0.08691264054282316
  0.09737382531869063  0.10840459890011556  0.12175439620400223  0.13562458254911552
  0.14922178005904313  0.16239044333298139  0.17535785767066750  0.18645033066474342
  0.19657170312675812  0.20589448164042456  0.21689180947575465  0.22859344883965693
  0.23938508709311324  0.25127994196966985  0.25974297452468631  0.26848837223041977
  0.27664121040801365  0.28675256685683503  0.29964896507767624  0.31302808783484287
  0.32650980878048425  0.33960606693093370  0.35179670598583135  0.36304266994864665
  0.37347076381261679  0.38419113176072905  0.39639627403709615  0.40803711108244045
  0.41771207293264684  0.42670381164021587  0.43705359493622670  0.44909886642285723
  0.46064677239168805  0.46832932378235220  0.47568447969665051  0.48203951809339274
  0.48939322551904618  0.49717989297966747  0.50850411916227189  0.52075117358871148
  0.53224950835973384  0.54333857784601258  0.55396959549611313  0.56560278031098155
  0.57947305330402243  0.59239696188435464  0.60435211873778727  0.61538409184858045
  0.62621092731457884  0.63655108135797500  0.64584424748058611  0.65554470797703090
  0.66598474411815300  0.67525031953172898  0.68391319276287443  0.69368371809899432
  0.70424393384650308  0.71475665803151500  0.72540275097721973  0.73503588856040158
  0.74525462958882527  0.75689065921308885  0.76675679831224774  0.77728331567567932
  0.78814065300162361  0.79911900497869870  0.80916951961869599  0.81827709469870380
  0.82708099347529596  0.83886833385331727  0.85193669615626455  0.86439642258015181
  0.87462167864243778  0.88461689880376104  0.89472499734596123  0.90516012440177074
  0.91593230121093716  0.92553327231240545  0.93700732238438245  0.94866821427235504
  0.95993032760509578  0.97009886654015764  0.98359473234165684  1.00000000000000000
 -0.00400376074860621  0.01158128609911024  0.02249919716346732  0.03256559497486396
  0.04513312862355066  0.05589114439637249  0.06392431058146485  0.07228253915579756
  0.08264846111933390  0.09611617008736582  0.11256004968481229  0.12816796937169450
  0.14184796705281671  0.15321330202352609  0.16256504826015353  0.17076474694288182
  0.17888564794109138  0.18693015475991825  0.19542995832709573  0.20562949420251520
  0.21737094052842476  0.23006361651912408  0.24411648658675197  0.25662378808887454
  0.26843214151553701  0.27949051813567849  0.28965676656719536  0.29883116873443527
  0.30800088394427416  0.31750958781887439  0.32724593829575549  0.33706371089465292
  0.34672556439122260  0.35612134941947471  0.36447527359225890  0.37100379305301240
  0.37776009923105430  0.38677249401085156  0.39497031947915562  0.40586345238675292
  0.41560489785026372  0.42420402904608145  0.43293915931564569  0.44167352647597091
  0.45058465609656706  0.45999136615768743  0.46861012897812954  0.47715189735240099
  0.48561167446353964  0.49407150812725503  0.50315288690974413  0.51326933519644702
  0.52311798812875088  0.53075780501958747  0.53841446219422395  0.54473646764009354
  0.55382832748362221  0.56438085331851717  0.57629869025718217  0.58621824636768827
  0.59467668844089816  0.60099179489393595  0.60811555003623519  0.61561175545969571
  0.62331569464931813  0.63061559005311907  0.63785537896632216  0.64544629889512373
  0.65474099597302293  0.66532006585291248  0.67682946785653775  0.68864160769852012
  0.69912609182738517  0.71006260784428044  0.72094710240096638  0.73157986335623593
  0.74249772688898086  0.75383038801056945  0.76510308102861413  0.77771376231183276
  0.79228513273799550  0.81028981027452751  0.82614572242915074  0.83829220776079472
  0.84890894692896068  0.86004041829596556  0.86902227968777646  0.87988963866553405
  0.89275951482504423  0.90620226783903002  0.92130133693731553  0.93627391268380111
  0.94681658196487695  0.95861807093388596  0.97190122387224298  1.00000000000000000
 -0.00200063633217849  0.00883078192462393  0.01753150615760030  0.02509829914128506
  0.03190845619942252  0.03932423259543941  0.04820228956715744  0.05729796605058294
  0.06550961705276487  0.07430485840863582  0.08451376675664608  0.09605526026019087
  0.10565526314753264  0.11366301062705587  0.12193010719395228  0.12957598781090918
  0.13814190572811741  0.14557742716387759  0.15138916952362239  0.15676534543692555
  0.16276285309775118  0.16939368589809528  0.17732523803747333  0.18589463720129432
  0.19600577126297467  0.20683490276873112  0.21669508145811536  0.22642799989090789
  0.23911223085555025  0.25416339763789264  0.26991918257607234  0.28484750903363010
  0.29712295835151525  0.30816789328028371  0.31879775799343135  0.32971661618383935
  0.34329256296072064  0.35568967595261647  0.36435814269034139  0.37167889757633943
  0.37964101078453988  0.38810608988867779  0.39575400651657655  0.40249182922993398
  0.41050800186036807  0.42131224967261699  0.43424111204265586  0.44697072012245970
  0.45499211270377959  0.46611559173380002  0.47763041085586044  0.48941269430086770
  0.50194710877089110  0.51463078378520111  0.52513212813312882  0.53448794957155721
  0.54410805627939041  0.55344187997580296  0.56286131956282792  0.57288464516362969
  0.58114028736469625  0.58999771110584920  0.59972115139499804  0.61000162397771773
  0.61873159668839661  0.62852410634847589  0.63953146003345107  0.65336273821972601
  0.66751273077017981  0.68198942752558933  0.69743050264100681  0.71172702341538852
  0.72411014299526577  0.73677149284106425  0.75027240324080524  0.76536189761643547
  0.78041171877516713  0.79582031986869128  0.81151251250988199  0.82768071659504605
  0.84530908932407323  0.86274449313875301  0.87826196785656274  0.88956894224646532
  0.89932841756327231  0.90815421028230692  0.91735083873701195  0.92842966653946679
  0.94035800379076495  0.95151177583211777  0.95928459249998865  0.96641696919458486
  0.97350361293609755  0.98064944863250214  0.98794209455548432  1.00000000000000000
 -0.00333844118021982  0.01328506818740708  0.02438230475351460  0.03443319936588905
  0.04401030227958212  0.05302675680785471  0.06343472248193462  0.07428515800589881
  0.08410994235274448  0.09175242141734245  0.09983249706862496  0.10953703939012242
  0.12106357281119862  0.13366275018462401  0.14633939367315579  0.15857286129779141
  0.17047806986046588  0.18119772626535696  0.19155533919150644  0.20096521228070388
  0.21044346332601563  0.22229942363023292  0.23337158457475859  0.24343878632811533
  0.25341634786176720  0.26359509501278477  0.27360514263849706  0.28414073740936413
  0.29491710187900688  0.30706320395954412  0.31719306836905109  0.32758484043498265
  0.33782844170834542  0.34785761097388418  0.35886794617098944  0.36979129743203626
  0.38081030285083073  0.38987621576539411  0.39994939823246689  0.41064967222184218
  0.42145148714251457  0.43273824230669877  0.44356930924177840  0.45475855058309222
  0.46397814995962472  0.47178929605548237  0.47871410886357080  0.48550023224883909
  0.49291244918379329  0.50166950850293934  0.51034685447805650  0.51654971237908609
  0.52237220037442145  0.52911984520534194  0.53750264192242714  0.54643149421253023
  0.55339529981269442  0.55964174079595053  0.56675762105815519  0.57604203043261160
  0.58904366132394304  0.60492807327226494  0.62324612680618929  0.63819658736652007
  0.65091898227820111  0.66319204670334708  0.67591117098274744  0.68994332777604805
  0.70344385541124699  0.71485545854571964  0.72432667533960571  0.73378629328466338
  0.74494447133296338  0.75736493494219048  0.76966176135150166  0.78139383770919113
  0.78800053262976222  0.79498416332757393  0.80173495066875200  0.81089933923608604
  0.82149266420262990  0.83185264992186359  0.84079721462475121  0.85145507629530726
  0.86358636217722506  0.87619712649216830  0.88941119389343914  0.90301102209296891
  0.91607873722613331  0.92861332377666606  0.94029704336018816  0.95108705444143316
  0.96129845339804942  0.97171485334776264  0.98435130531350479  1.00000000000000000
  0.24429958565864862  0.44437863657116744  0.47754570100154958  0.50749503417889352
  0.53203318174719205  0.55455718333610227  0.57916843068681123  0.59875569000733864
  0.61434971190604259  0.62798441905180702  0.63887724314862893  0.64823167130352644
  0.65621445165018921  0.66568248198564373  0.67721288705842231  0.68570695875389798
  0.69305167586199601  0.70062734526770609  0.70750855075808206  0.71342450734039486
  0.71961934391088989  0.72542486930737526  0.73158776959826799  0.73715995301839032
  0.74284744933797986  0.74847620400358794  0.75432972846692847  0.75991151449051442
  0.76530475723561997  0.77089761552460556  0.77649101182035929  0.78144174760489693
  0.78603289083777605  0.79096648828575544  0.79659943653917997  0.80254961977965977
  0.80785372836095126  0.81267934121669061  0.81637534741207984  0.81993942683200915
  0.82360291905280392  0.82687027600779017  0.83070189456668053  0.83489138857006939
  0.83947975348445214  0.84331880101227485  0.84695828522651928  0.85079966008349417
  0.85487589957637844  0.85888198073077415  0.86253250722770436  0.86568275292422103
  0.86839939042492975  0.87091274811953445  0.87339607553234955  0.87610783399870795
  0.87910450994485034  0.88201423372317245  0.88473362777641829  0.88760532198581787
  0.89107052906267459  0.89458966002041507  0.89798660954533149  0.90133274634616978
  0.90465631325567553  0.90781311370049111  0.91055334827397028  0.91297809550284703
  0.91534338781962088  0.91757771595569848  0.91964207704290146  0.92155665932072550
  0.92357515943373081  0.92644743637368632  0.92927656856424035  0.93184045898327184
  0.93457668791148307  0.93734450010964387  0.94012015312202901  0.94278641356032800
  0.94539600443872807  0.94815861254257350  0.95108905779866804  0.95382224520294956
  0.95641095432302725  0.95918483473917238  0.96225694218898650  0.96529932908039784
  0.96831194015398037  0.97157343825789777  0.97516746678239008  0.97877198566742507
  0.98244183944787356  0.98647870016313755  0.99136998592373093  1.00000000000000000
 -0.02797742220993671  0.15673843237122673  0.20891861234309786  0.23747717190175893
  0.26356594848276710  0.28531360789374294  0.30375405757649510  0.32297274349791116
  0.34181352591486042  0.35944455315192825  0.37561744489109328  0.38912629213991129
  0.39934777396966092  0.40705539740466506  0.41414212092550678  0.42141077074729877
  0.42917255986771768  0.43672819414015712  0.44437904246977739  0.45180844054438940
  0.45858968778046089  0.46501843525234654  0.47156718952888310  0.47791743177743212
  0.48386470098204976  0.49056905944990592  0.49712404517869185  0.50491847439438409
  0.51261648739308951  0.52060059431004402  0.52817738430684813  0.53425852888711611
  0.53913493080497188  0.54361032945753385  0.54831474629405541  0.55407737140383606
  0.56057209418727960  0.56699029515657118  0.57268999775020679  0.57751494660809921
  0.58284689066360262  0.58781659861044033  0.59316640119976138  0.59851173963585191
  0.60352339971222224  0.60770250846032603  0.61218832254692523  0.61695495867867434
  0.62269938840562178  0.62841308549977926  0.63446680351194307  0.64013359392854363
  0.64543962899958285  0.65124815312840645  0.65736234676462024  0.66330941980677127
  0.66930452847491462  0.67574363941437321  0.68250501928369078  0.68735137183045725
  0.69190571196579176  0.69605085427348445  0.70050944308686935  0.70577989332152313
  0.71132310118016917  0.71603812857971805  0.72008066811761862  0.72386146985878685
  0.72746367963754466  0.73092822712868100  0.73473508941458654  0.73939879250731366
  0.74475509281968799  0.74964846039574473  0.75448886016297223  0.75934538152084519
  0.76420561198731307  0.76881193631199818  0.77347842898946495  0.77834413026712235
  0.78421160981219840  0.78985817982716888  0.79555022139192477  0.80197454030777882
  0.80806327963224633  0.81466441270955836  0.82251236783606585  0.83189212706757898
  0.84356536271752347  0.85957594922380687  0.87052868646757009  0.88276804451319546
  0.89467163881987888  0.91012504274344597  0.94326633704197038  1.00000000000000000
   3.7473349252967158E-015  -1.0000000000000000     
 F F F F F F F F F F F F F F F F F F F F F F F F F F F F F F F F F F F F F F F F F F F F F F F F F F F F F F F F F F F F F F F F F F F F F F F F F F F F F F F F F F F F F F F F F F F F F F F F F F F F F F F F F F F F F F F F F F F F F F F F F F F F F F F F F F F F F F F F F F F F F F F F F F F F F F F F F F F F F F F F F F F F F F F F F F F F F F F F F F F F F F F F F F F F F F F F F F F F F F F F F F F F F F F F F F F F F F F F F F F F F F F F F F F F F F F F F F F F F F F F F F F F F F F F F F F F F F F F F F F F F F F F F F F F F F F F F F F F F F F F F F F F F F F F F F F F F F F F F F F F F F F F F F F F F F F F F F F F F F F F F F F F F F F F F F F F F F F F F F F F F F F F F F F F F F F F F F F F F F F F F F F F F F F F F F F F F F F F F F F F F F F F F F F F F F F F F F F F F F F F F F F F F F F F F F F F F F F F F F F F F F F F F F F F F F F F F F F F F F F F F F F F F F F F F F F F F F F F F F F F F F F F F F F F F F F F F F F F F F F F F F F F F F F F F F F F F F F F F F F F F F F F F F F F F F F F F F F F F F F F F F F F F F F F F F F F F F F F F F F F F F F F F F F F F F F F F F F F F F F F F F F F F F F F F F F F F F F F F F F F F F F F F F F F F F F F F F F F F F F F F F F F F F F F F F F F F F F F F F F F F F F F F F F F F F F F F F F F F F F F F F F F F F F F F F F F F F F F F F F F F F F F F F F F F F F F F F F F F F F F F F F F F F F F F F F F F F F F F F F F F F F F F F F F F F F F F F F F F F F F F F F F F F F F F F F F F F F F F F F F F F F F F F F F F F F F F F F F F F F F F F F F F F F F F F F F F F F F F F F F F F F F F F F F F F F F F F F F F F F F F F F F F F F F F F F F F F F F F F F F F F F F F F F F F F F F F F F F F F F F F F F F F F F F F F F F F F F F F F F F F F F F F F F F F F F F F F F F F F F F F F F F F F F F F F F F F F F F F F F F F F F F F F F F F F F F F F F F F F F F F F F F F F F F F F F F F F F F F F F F F F F F F F F F F F F F F F F F F F F F F F F F F F F F F F F F F F F F F F F F F F F F F F F F F F F F F F F F F F F F F F F F F F F F F F F F F F F F F F F F F F F F F F F F F F F F F F F F F F F F F F F F F F F F F F F F F F F F F F F F F F F F F F F F F F F F F F F F F F F F F F F F F F F F F F F F F F F F F F F F F F F F F F F F F F F F F F F F F F F F F F F F F F F F F F F F F F F F F F F F F F F F F F F F F F F F F F F F F F F F F F F F F F F F F F F F F F F F F F F F F F F F F F F F F F F F F F F F F F F F F F F F F F F F F F F F F F F F F F F F F F F F F F F F F F F F F F F F F F F F F F F F F F F F F F F F F F F F F F F F F F F F F F F F F F F F F F F F F F F F F F F F F F F F F F F F F F F F F F F F F F F F F F F F F F F F F F F F F F F F F F F F F F F F F F F F F F F F F F F F F F F F F F F F F F F F F F F F F F F F F F F F F F F F F F F F F F F F F F F F F F F F F F F F F F F F F F F F F F F F F F F F F F F F F F F F F F F F F F F F F F F F F F F F F F F F F F F F F F F F F F F F F F F F F F F F F F F F F F F F F F F F F F F F F F F F F F F F F F F F F F F F F F F F F F F F F F F F F F F F F F F F F F F F F F F F F F F F F F F F F F F F F F F F F F F F F F F F F F F F F F F F F F F F F F F F F F F F F F F F F F F F F F F F F F F F F F F F F F F F F F F F F F F F F F F F F F F F F F F F F F F F F F F F F F F F F F F F F F F F F F F F F F F F F F F F F F F F F F F F F F F F F F F F F F F F F F F F F F F F F F F F F F F F F F F F F F F F F F F F F F F F F F F F F F F F F F F F F F F F F F F F F F F F F F F F F F F F F F F F F F F F F F F F F F F F F F F F F F F F F F F F F F F F F F F F F F F F F F F F F F F F F F F F F F F F F F F F F F F F F F F F F F F F F F F F F F F F F F F F F F F F F F F F F F F F F F F F F F F F F F F F F F F F F F F F F F F F F F F F F F F F F F F F F F F F F F F F F F F F F F F F F F F F F F F F F F F F F F F F F F F F F F F F F F F F F F F F F F F F F F F F F F F F F F F F F F F F F F F F F F F F F F F F F F F F F F F F F F F F F F F F F F F F F F F F F F F F F F F F F F F F F F F F F F F F F F F F F F F F F F F F F F F F F F F F F F F F F F F F F F F F F F F F F F F F F F F F F F F F F F F F F F F F F F F F F F F F F F F F F F F F F F F F
  <DiscreteSampler_grid>
  grouped_processes
  1 # 1 for a reference and 2 for a running grid.
  10 # Attribute 'min_bin_probing_points' of the grid.
  1 # Attribute 'grid_mode' of the grid. 1=='default',2=='initialization'
  0.0000000000000000 # Attribute 'small_contrib_threshold' of the grid.
  0.5000000000000000 # Attribute 'damping_power' of the grid.
 # binID   n_entries weight   weight_sqr   abs_weight
    61   10   8.062637191140484E-011   5.764234475575046E-020   8.062637191140484E-011
    62   10   8.062637191140458E-011   5.764234475574969E-020   8.062637191140458E-011
    64   10   1.612527438228097E-010   2.305693790230019E-019   1.612527438228097E-010
    65   10   1.612527438228092E-010   2.305693790229988E-019   1.612527438228092E-010
    67   10   1.283491439647430E-010   1.421092722300956E-019   1.283491439647430E-010
    68   10   1.283491439647438E-010   1.421092722300939E-019   1.283491439647438E-010
    70   10   2.566982879294861E-010   5.684370889203822E-019   2.566982879294861E-010
    71   10   2.566982879294876E-010   5.684370889203756E-019   2.566982879294876E-010
    106   10   8.062637191140467E-011   5.764234475575020E-020   8.062637191140467E-011
    107   10   8.062637191140444E-011   5.764234475574955E-020   8.062637191140444E-011
    109   10   1.612527438228093E-010   2.305693790230008E-019   1.612527438228093E-010
    110   10   1.612527438228089E-010   2.305693790229982E-019   1.612527438228089E-010
    112   10   1.283491439647429E-010   1.421092722300953E-019   1.283491439647429E-010
    113   10   1.283491439647435E-010   1.421092722300938E-019   1.283491439647435E-010
    115   10   2.566982879294859E-010   5.684370889203811E-019   2.566982879294859E-010
    116   10   2.566982879294870E-010   5.684370889203754E-019   2.566982879294870E-010
  </DiscreteSampler_grid>
