  0.00151956398748791  0.01952978668425059  0.03118681645289980  0.04000195983481964
  0.04813145892283222  0.05585197334751208  0.06329205024444506  0.07035789143257730
  0.07752733408678024  0.08462994084364862  0.09049657570371443  0.09544069451650028
  0.10201177192432356  0.11052633376789180  0.11791812327700925  0.12750087030804452
  0.13972744510204091  0.15163711773125527  0.16263519671626706  0.17317542314806764
  0.18374427450280822  0.19533228336648917  0.20994762288832222  0.22356713736806080
  0.23648318275117922  0.24749004086565066  0.25562358340579305  0.26557225336369750
  0.27386717296355384  0.28253878197251142  0.29120843167872523  0.30123098014893557
  0.31107651982727280  0.32150156933013041  0.33358669033160887  0.34721771329841988
  0.36095113339079965  0.37767941522200404  0.39223958553756394  0.40767636350998543
  0.41914447262625110  0.42916382295505667  0.43720813360221861  0.44579396173205371
  0.45493753265486492  0.46279162893624526  0.46927048213580369  0.47523918221060391
  0.48153316613020891  0.48753868954874524  0.49402277893138663  0.50121385596754242
  0.51188338124843680  0.52380579906808500  0.53496869966350957  0.54655914592941934
  0.55870600495776046  0.57172886606613404  0.58612904766429053  0.60026529093111136
  0.61221903883817641  0.61980488045544546  0.62736333318485604  0.63434554198376158
  0.64074606272265133  0.64944856427248798  0.65711611793134528  0.66463254285084261
  0.67588138279748067  0.69255156668340812  0.70868645268861219  0.72303267979793262
  0.73368397257388995  0.73989759364598107  0.74523353283570182  0.75004426430309845
  0.75423280355193889  0.75905483773869220  0.76717014678236739  0.77729425514710337
  0.78737370361267023  0.79700640440260651  0.80644417133645208  0.81957041545149911
  0.83131852602717082  0.84507028551468300  0.85761131533148549  0.86707725658881085
  0.87812723143275695  0.89113935550197443  0.90029003773213578  0.90954750499073189
  0.92347354705762241  0.94399320429563238  0.96980256290532285  1.00000000000000000
  0.00003583618836058  0.00003815462541343  0.00004047306246628  0.00004223281996455
  0.00004403126047316  0.00004616156101226  0.00004820114077239  0.00005056334689747
  0.00005295420356138  0.00005468821274443  0.00005604900135614  0.00005709911061754
  0.00005791370211530  0.00005871094725430  0.00005961202294443  0.00006066335917390
  0.00006179202756073  0.00006295737876904  0.00006364567818692  0.00006431132919142
  0.00006488687458266  0.00006547023389341  0.00006609707737962  0.00006679228765015
  0.00006747326726387  0.00006818243360758  0.00006893381568420  0.00006977622560356
  0.00007052433056504  0.00007156272136892  0.00007266673034979  0.00007392833019453
  0.00007496119175219  0.00007568820662543  0.00007632914047227  0.00007682630452119
  0.00007731651313460  0.00007785956442465  0.00007859872302842  0.00007984896502665
  0.00008106875336487  0.00008265431754296  0.00008446994888000  0.00008645996406612
  0.00008859180198411  0.00009065962673252  0.00009246515735075  0.00009401453905058
  0.00009530380692265  0.00009636128693376  0.00009773155316556  0.00009955129928063
  0.00010150680976769  0.00010336060946679  0.00010511891092589  0.00010692463231869
  0.00010892264425050  0.00011115874654185  0.00011253696226030  0.00011377524637861
  0.00011562064318181  0.00011716655317350  0.00011828489121185  0.00011962729318457
  0.00012107531616457  0.00012217356227650  0.00012355772300665  0.00012534264116010
  0.00012755013607100  0.00012989904132431  0.00013326880056676  0.00013763071334623
  0.00014080602222721  0.00014542093081792  0.00015012034832261  0.00015530881871325
  0.00016134485014693  0.00016668378485688  0.00016952070165053  0.00017289541989552
  0.00017687958017193  0.00018054954817213  0.00018873202337369  0.00019899649267878
  0.00020875354147367  0.00021845485267197  0.00023157329929229  0.00024575880219002
  0.00025894783048515  0.00027154913181881  0.00028734801751540  0.00030672580959735
  0.00033841839518905  0.00046156491745480  0.00093451762074140  1.00000000000000000
  0.00439250111897203  0.00900227246884643  0.01423049946643384  0.02201717433941482
  0.03043975093656565  0.03659392874782816  0.04344563677853217  0.05093854401295016
  0.05963532155855206  0.07043525484303036  0.08303077807333725  0.09333650925892836
  0.10129081016127998  0.10941000187255866  0.11813407943740994  0.12834014138733418
  0.14078493208616374  0.14989376114436412  0.15648919375317685  0.16405517932556518
  0.17279469155202962  0.18200977754041511  0.19342093674627692  0.20437760756579446
  0.21609351367025340  0.22758605455173789  0.23571341882894181  0.24306513611751071
  0.25129049936935155  0.25906531043312081  0.26677655925180682  0.27774720966129945
  0.29050321348500857  0.30783926484316093  0.32328048213990473  0.33554840791491580
  0.34516781569959104  0.35270054591028416  0.36063975914107482  0.37003735596796505
  0.38032357379592485  0.38838673377980110  0.39591884534117217  0.40713103005164569
  0.42224251648406014  0.43419051911112333  0.44575033087387766  0.45952909430406191
  0.47320692708637563  0.48933103633240965  0.50435078463089356  0.51837814475452215
  0.53253600179313920  0.54518098741229903  0.55398108600668350  0.56139976507916722
  0.56917126084880287  0.57822676648702875  0.58594902627326495  0.59335379054262383
  0.59993151964422164  0.60460205540639189  0.60962509399487430  0.61828144760873238
  0.62561526281345126  0.63136301098461567  0.63572214247631775  0.64161062864389506
  0.65066756246100588  0.66145000795723041  0.67289477688496735  0.68780214190254652
  0.70360822096684639  0.71930050127615985  0.73430773908863234  0.74972929856598347
  0.76684717724805584  0.78285885173302494  0.79429717768705466  0.80238397328400346
  0.81065105243006352  0.81907393236417436  0.82681897163131468  0.83623444773875766
  0.84888813006471919  0.86385174540814891  0.87993629330821166  0.89711025650772680
  0.91674889530817394  0.93558976056502152  0.94733533690996685  0.95947298705567008
  0.97073931050967532  0.98309224681187746  0.99252075380820681  1.00000000000000000
  0.00003070984149665  0.00003476112499506  0.00003839384296276  0.00004090645328141
  0.00004253082529739  0.00004403177054903  0.00004539250179407  0.00004669191859421
  0.00004787794446747  0.00004887620245905  0.00004990139764083  0.00005107867414152
  0.00005239222450097  0.00005382242665260  0.00005532868043419  0.00005682903581488
  0.00005803898073296  0.00005912437660580  0.00006003924100102  0.00006089379253530
  0.00006194591803508  0.00006295563410361  0.00006401141562621  0.00006501400741886
  0.00006596797396284  0.00006692969020650  0.00006797220717578  0.00006904604504879
  0.00007012190701764  0.00007124286770474  0.00007235224003939  0.00007333262965370
  0.00007434974475514  0.00007508941208510  0.00007579086256385  0.00007650742690924
  0.00007749178219802  0.00007872287911899  0.00007996221754938  0.00008110920977789
  0.00008215523872832  0.00008320872764544  0.00008431419745535  0.00008544017981740
  0.00008684497598581  0.00008819724665868  0.00008980983992741  0.00009172091343043
  0.00009300914403677  0.00009386605460533  0.00009475378867832  0.00009582738404605
  0.00009691816065450  0.00009794942864162  0.00009894083710712  0.00010013551277195
  0.00010170939686973  0.00010361265212384  0.00010566186730662  0.00010770360821725
  0.00010958925356321  0.00011127082903092  0.00011311624458286  0.00011488546427989
  0.00011676122922451  0.00011929923210312  0.00012248288188767  0.00012608357807696
  0.00012939527678191  0.00013231747256817  0.00013542143759275  0.00013908542527660
  0.00014392647979498  0.00014934417119506  0.00015497380735588  0.00015956744495732
  0.00016356871588627  0.00016746252258413  0.00017158888600093  0.00017845636969137
  0.00018705713823637  0.00019660913139116  0.00020484448424586  0.00021316230033897
  0.00022098945486671  0.00022942335258412  0.00024258515625375  0.00026290449881842
  0.00028060700440503  0.00029454479726694  0.00030824947248143  0.00033072043584434
  0.00039092267727842  0.00050524790978035  0.47989378401804406  1.00000000000000000
  0.00041048472487833  0.00041655120577637  0.00042109979855175  0.00042504622915649
  0.00042953942396909  0.00043416422918013  0.00043980261128352  0.00044603416474105
  0.00045282184392370  0.00045925011400078  0.00046604538922676  0.00047357705869864
  0.00048053660417403  0.00048607662266608  0.00049233952704029  0.00049912444494885
  0.00050580629250869  0.00051256469790247  0.00051827385654179  0.00052310936177431
  0.00052761190939481  0.00053143453589142  0.00053511372801016  0.00053855478107398
  0.00054232235847936  0.00054627465059985  0.00055012242886294  0.00055672261861203
  0.00056743461155907  0.00058042412683117  0.00059298385153281  0.00060259440155228
  0.00061095721185035  0.00061902638509581  0.00062675746712825  0.00063466512062384
  0.00064162944669715  0.00064781320875652  0.00065448114726978  0.00066131521653694
  0.00066761269403033  0.00067482369660124  0.00068384898171642  0.00069208806824054
  0.00070306470977647  0.00071721868820322  0.00072783792624685  0.00073616604522109
  0.00074313219773554  0.00075276136728598  0.00076468565998118  0.00077673947287265
  0.00078829543425359  0.00080148562070182  0.00081419280657543  0.00082828290630365
  0.00084463443102904  0.00086326784130281  0.00088384703101791  0.00090221691852450
  0.00091666820435317  0.00093144711295680  0.00095213487898150  0.00098072949073509
  0.00101855686210540  0.00105345059487913  0.00108257307492410  0.00111723927286559
  0.00114952023162696  0.00118577914195725  0.00121359770763246  0.00123707363957601
  0.00126166944234430  0.00128872253707315  0.00132952176797098  0.00136548716837105
  0.00139774262413740  0.00142986769303289  0.00145643771458194  0.00147803872197632
  0.00150594273293620  0.00153842417451550  0.00158967072823469  0.00165307744456674
  0.00173080393602915  0.00180808482848030  0.00189749449736956  0.00202030938764790
  0.00223149081308312  0.00254077235903044  0.00294802941271075  0.00352717788425828
  0.00457657318852188  0.00632917664676486  0.01041487038808882  1.00000000000000000
  0.00775354382429364  0.02407063742641639  0.04204980407012618  0.05656319814587998
  0.06602055847166899  0.07490812413286398  0.08350763564481968  0.09244987795423791
  0.10323155385483460  0.11457982335136256  0.12861544408542763  0.14230192635762104
  0.15333950968892571  0.16346193416038379  0.17262796749526824  0.17988980682048492
  0.18612056323296125  0.19338582123932177  0.20257892131218055  0.21055469243745398
  0.21742683004515012  0.22375573014434394  0.22912356490623850  0.23645583276146043
  0.24457140912608186  0.25292739867941388  0.26326246142585924  0.27621145996697538
  0.28792454021048458  0.29713729576989445  0.30608546810541437  0.31389676122782639
  0.32216012544277284  0.33633128880105373  0.35168709774170204  0.36315471344614803
  0.37234418192261365  0.38131013030711680  0.39082742330154846  0.39981156473742591
  0.40999313914921170  0.42315533017984497  0.43566945275693775  0.44402358806433201
  0.45386602172657609  0.46306124245620328  0.47105993476022634  0.47803280809023030
  0.48511200539188032  0.49492741405069340  0.50564850910135328  0.51566899401314115
  0.52438083826800508  0.53408722337657855  0.54556934282009784  0.55481584917519722
  0.56269908660470991  0.56933583356952422  0.57642736187126553  0.58502591188918696
  0.59519664713928611  0.60748991361889326  0.62053472132658860  0.63391589993898356
  0.64869286986045238  0.66002204723128521  0.67026759629775745  0.68026261024578194
  0.69011451015124414  0.70076461091116082  0.71361137371430228  0.72698942519235898
  0.73714859589902304  0.74488358473940652  0.75185500909874159  0.75932143002254271
  0.77048631067492168  0.78574108937356901  0.80099560141061321  0.81560145947159390
  0.82887336520745147  0.84029214046434741  0.85276465283552405  0.86547343879226102
  0.87881556175644659  0.88992626881843007  0.89843721155418876  0.90619253580947379
  0.91310434226072956  0.92005088908110233  0.92696317017119179  0.94037656044058227
  0.95175227009429653  0.96560131707516461  0.98180938134765250  1.00000000000000000
 -0.00021955837476933  0.00219188391366342  0.00548009764126291  0.00977456285507345
  0.01473791490940006  0.01953208696503253  0.02330654801412963  0.02799422330700233
  0.03447727860058687  0.04124356826773214  0.04867673104992218  0.05685854834399047
  0.06584756456172979  0.07493706886070663  0.08334718281435032  0.09214682174693986
  0.10325370874783392  0.11222364125788070  0.11942250046322436  0.12452103991962941
  0.12938016494824786  0.13385042053510998  0.13887873714218710  0.14505276206012926
  0.15171584387432241  0.15837580765522372  0.16450469891494476  0.17127282151631981
  0.17620405784684792  0.18039921989502461  0.18521033792064756  0.19247974206791976
  0.20218371510517733  0.21307187847321771  0.22549331617197674  0.23867121947358436
  0.24894237579212974  0.25576320642028677  0.26203473437867786  0.26751289428472813
  0.27203713761643994  0.27751671362427832  0.28494526793521385  0.29229149641411162
  0.30009273523419350  0.30534303989925704  0.30997277244502752  0.31567207798962521
  0.32328804462755828  0.32781260106943677  0.33203137066657784  0.33882998054884994
  0.34763149355738898  0.35913198599662477  0.37084520290537437  0.38218867358177883
  0.39338731201472416  0.40506370489753629  0.41730417853324497  0.42944190095973883
  0.43827467913660639  0.44538075780342645  0.45171898634623175  0.45724558181738800
  0.46320699551328820  0.47079329126143193  0.48208408539293723  0.49534543346633131
  0.50908005128696932  0.52325145141727347  0.53709935777289697  0.54968360361428803
  0.56121486083013250  0.57324468754345570  0.58520875118872340  0.59782414692106145
  0.61105999234770669  0.62516603172061713  0.64132776980719153  0.65500699535278473
  0.66593917882504439  0.67794759249535452  0.69066511804951747  0.70586087360003236
  0.72861839472970580  0.75212021198712020  0.77592077837265938  0.80035008648335804
  0.82529976915067160  0.84849705522651342  0.87024991192298140  0.89120009471571238
  0.91152529572146967  0.93950405175374263  0.96904528253745414  1.00000000000000000
 -0.00650896890655789  0.02371596679063638  0.03513619228520445  0.04416586310929441
  0.05226108320875545  0.06012112082482755  0.06896803990635460  0.07810710734515491
  0.08675624586817944  0.09842682241334659  0.11558821875421281  0.13377023773397190
  0.14842472488256719  0.16182442644132514  0.17396995084059302  0.18744068931705343
  0.20156636189032043  0.21485942756431967  0.22337285957221123  0.23111065138649856
  0.23685509602915830  0.24371758041118252  0.25379050097252648  0.26565037870745228
  0.27464901838091499  0.28209036069123095  0.29013804503956409  0.29971705788568193
  0.31202129757504493  0.32488355866492080  0.33799835891624563  0.34830056874202836
  0.35647249195817099  0.36459049533497162  0.37276151984700379  0.38322249114733353
  0.39418618984269976  0.40550859979151754  0.41527591754312349  0.42443529013908848
  0.43501576890591809  0.44752669363828790  0.46727292660107805  0.48627849891903641
  0.50163968386332292  0.51209791713397157  0.52256533588471243  0.53406239823368973
  0.54992135222270211  0.56345152903535578  0.57152607167746339  0.57798842146897478
  0.58406176056129600  0.58887229261216090  0.59730321878978576  0.61066783173031591
  0.62546568021445159  0.63839752155207941  0.64968053456862818  0.65999711081309487
  0.66821110601883593  0.67732655122458829  0.68645742293115342  0.69432699523143870
  0.70221066554565226  0.71055927457562151  0.71795695043443963  0.72628056992028689
  0.73477520621605785  0.74326309148821501  0.75155781076542416  0.76165644872331084
  0.77405534538626375  0.78829334177040766  0.80191130842447678  0.81285703762150419
  0.82267773206743311  0.82972825580343013  0.83588759033919036  0.84150747514663482
  0.84662828127802114  0.85199566822902051  0.86265323252900739  0.86991759906954547
  0.87778920262682070  0.88794278269230020  0.90054792912051784  0.91340442291315660
  0.92429411964299613  0.93368513319579305  0.94251847458036042  0.95067681892743594
  0.95958913451333117  0.97070273480549341  0.98376044899441439  1.00000000000000000
 -0.00335867095251742  0.00840050327158655  0.02004701818999036  0.03097444763306622
  0.04181307645741252  0.05616931475734107  0.06904402182386202  0.07973922906671901
  0.08871916657966086  0.09831450606668675  0.10858859152187397  0.11866679234700199
  0.12702853863120586  0.13579657413780299  0.14731074198842628  0.15885190159873752
  0.17001647735145212  0.17998480678161835  0.19057535348505125  0.20349891355902336
  0.21498866863936034  0.22471535585383079  0.23244554749970550  0.24173410728846570
  0.25136255322889939  0.25981024022286348  0.26859488442118218  0.27613688674523307
  0.28310318328254536  0.29196052957618995  0.29844187807749617  0.30229419518748202
  0.30766982454018404  0.31721040045346877  0.33110117131713013  0.34777443489016741
  0.36278272121459582  0.37475593071695840  0.38452681110075121  0.39107357316859587
  0.39835484908713281  0.40592265958156110  0.41241890992789287  0.41958103856271628
  0.42993807157589331  0.44412864875900770  0.45585157347434707  0.46635997604920837
  0.47750570555164057  0.49090734124937208  0.50904205740531716  0.53075528861261367
  0.54729318566833818  0.55615314705546826  0.56553972836428723  0.57624767038486158
  0.58714904863750617  0.59663980634959635  0.60373376630850850  0.61335688771988706
  0.62201135079413217  0.62961472932164342  0.63667358240946437  0.64365400804953476
  0.65095418165787211  0.65916193357526054  0.66906055367893980  0.67815904806035110
  0.68634576044242368  0.69452323217073464  0.70239577037542711  0.71033266752468638
  0.71898301662008957  0.72891217705587308  0.74060661905000502  0.75245925336015673
  0.76075853578066366  0.76822008223131233  0.77697109914871143  0.78687412228849296
  0.79729498520557973  0.80572435426464240  0.81339116477166884  0.82184934462823500
  0.82995488593211686  0.84131276040591407  0.85660484737735565  0.87397923074217010
  0.89247965295124321  0.90969337869739908  0.92280312745945159  0.93343696812468313
  0.94626963527760477  0.96003496509860831  0.97715022415197483  1.00000000000000000
 -0.00143496458688744  0.00447541355837085  0.01118583773160442  0.01907442809082749
  0.02753438345355893  0.03527261057257214  0.04201415058507858  0.05010254545995765
  0.06184520303901588  0.07026612965844579  0.07780594303521980  0.08515796322270999
  0.09414694923400889  0.10477493439052059  0.11846987427273303  0.13008745653229820
  0.13953216276710334  0.14920159955221063  0.16026258457240231  0.17357428842579689
  0.18885485304458868  0.20621866199757549  0.21506945162282098  0.22284119049355000
  0.23010610406581147  0.23708485227904427  0.24326662431791979  0.25259574028300613
  0.27077057278895900  0.28757797596870488  0.30230178799326768  0.31722224988244879
  0.33297035082460152  0.34907898689187761  0.36518422034944936  0.38165109423793481
  0.39422554178395391  0.40154474937053958  0.40741559564380819  0.41238633524274249
  0.41786575858227698  0.42629690880730287  0.43513090889371558  0.44236318201058700
  0.45201439198274890  0.46224798568482878  0.47138298399744805  0.47966631249312536
  0.48773899560829986  0.49382555729034538  0.49709876172873335  0.50318911839484870
  0.51260089369071149  0.51840782154111564  0.52386073588712023  0.53131855099669179
  0.54108524731260510  0.55922472937109646  0.57945673753226989  0.59604152692660006
  0.61133684549080070  0.62369920505939325  0.63332116404527439  0.64168906239491996
  0.65006926968014866  0.66007051155667629  0.67122402078514243  0.68118547052216005
  0.68743021824821859  0.69282531379287560  0.69797234333595226  0.70382571334278599
  0.71044784176082254  0.71613549555654410  0.72173321974491644  0.72824843103495585
  0.73519184978102270  0.74361673286425389  0.75462810350248377  0.76859311094996385
  0.78341445984671088  0.79995175855783196  0.82005117354461676  0.83708109285350862
  0.85416493131016136  0.86831550263040735  0.87893747675403455  0.88915952404953225
  0.89981841574599497  0.91442207678233878  0.92927021846533109  0.94148971501671486
  0.95245925548611488  0.96575354312338801  0.98313033562535357  1.00000000000000000
 -0.00092071905078949  0.00579309257758754  0.01097305220398360  0.02058366227330867
  0.03356818627934140  0.04104283527494337  0.04591580992717834  0.05261848573362363
  0.05902248837994366  0.06574967392170809  0.07373250252744699  0.08289573938282541
  0.09340955349866750  0.10420502617686091  0.11318851599801055  0.12110527175809700
  0.13094524944547722  0.14306347205403408  0.15411514815541311  0.16288209395102629
  0.17103680738581190  0.17910823480572480  0.18762517749125199  0.19720835280747148
  0.20693770469355433  0.21605665669250007  0.22441998218528639  0.23096856158494064
  0.23743890405090362  0.24448106476887541  0.25095415797887904  0.25713125749462457
  0.26444264697015657  0.27319066413529103  0.28517797092991298  0.29740148538980943
  0.31012638421860123  0.32333668620922362  0.33252172015603759  0.34069390668305566
  0.34798018119741747  0.35253041822001818  0.35703478695367014  0.36121908398862007
  0.36701548239554921  0.37514637881394303  0.38200915500904403  0.39088207692381666
  0.39932439369969247  0.40629710550239245  0.41221044664971235  0.41908344092287542
  0.43102822044135941  0.44137631669161753  0.45219126547443533  0.46246961047891721
  0.47083491827325297  0.47934816835497468  0.48863994969629043  0.49980608714524860
  0.50901482605959025  0.51899748786406552  0.52822958985167867  0.53626864771845095
  0.54458724669632286  0.55451731500086854  0.56453223694842647  0.57655040848970840
  0.58927179932974694  0.60204493126956016  0.61548787186187159  0.62976344156453656
  0.64441306781771479  0.65905608588408593  0.67403339205194335  0.68617470398290370
  0.69491326472074355  0.70655891654901115  0.72015069610535554  0.73363649945520026
  0.74670530709540239  0.75941119115079547  0.77177068693142792  0.78382786601618726
  0.80413291445590795  0.82550303210811549  0.85490819354633152  0.87723281252850327
  0.89248864468503197  0.90570122800861330  0.91828670918462640  0.92932404002835134
  0.94253568161678192  0.95875138539846616  0.97889299033725297  1.00000000000000000
 -0.00248506230838478  0.00679548504074063  0.01521857185736449  0.02331152881049735
  0.03175013503108255  0.04240434779090188  0.05732112582227945  0.07201956171865055
  0.08248652931893953  0.09166869465787289  0.10081659993486429  0.11378715664905209
  0.12682550774230236  0.14446665270756176  0.16295162753354864  0.17991522802941182
  0.19495347238213728  0.20817301856619747  0.22136609912920538  0.23600381272856941
  0.25362038778925150  0.27066825375884851  0.28391153965161575  0.29521175050163578
  0.30453893385209480  0.31343522856029216  0.32119363780368221  0.32897529852898894
  0.33806192731810109  0.34873873626176416  0.36280236888612133  0.37961542129805065
  0.39169235507842559  0.40340736596092275  0.41646189937090683  0.42901864644626281
  0.44056540658250465  0.45133946123094965  0.46152092735501182  0.47200667752262987
  0.48194747860795512  0.49282559844845603  0.50246375436192625  0.51256716597944474
  0.52131250018425834  0.52995496804496534  0.53936602760972274  0.55406310601098929
  0.56422790702022785  0.57016538943429584  0.57682799731858381  0.58492772474594568
  0.59462576905454056  0.60692522039325381  0.61853185263128851  0.63089364282361604
  0.64345194404087169  0.65525672591325579  0.66729694984152199  0.67646233303730718
  0.68579314279373937  0.69585272658322861  0.70756041707973583  0.71515799359603494
  0.72312391040567958  0.73395823611664945  0.74420402336284575  0.75116633775947572
  0.75874278870204714  0.76593606810091031  0.77367624699651827  0.78081843464776224
  0.78790317996253034  0.79495994451221175  0.80294089924547907  0.81363420482584703
  0.82723974336623685  0.83790425774799715  0.84520392950785184  0.85237969337828268
  0.85988268361510067  0.86753813464196350  0.87414101579490799  0.87930110601689715
  0.88433616293706840  0.88950345378477458  0.89784162820659574  0.90905479512806409
  0.92032315921664809  0.93097577723593239  0.94104661613189911  0.95159567103915099
  0.96604222620732505  0.97841855166684888  0.98963706490789660  1.00000000000000000
 -0.00393313233529424  0.01413581357444867  0.02671821707416103  0.03592802313367122
  0.04565269799868253  0.05583503641944240  0.06774532669581251  0.08069500748011796
  0.09008192840028235  0.09746370184178935  0.10470159702842829  0.11354683884135937
  0.12381590349887374  0.13467187348814572  0.14222737422371520  0.14744090450505901
  0.15273358482907978  0.15859532290238279  0.16460109177522531  0.17073105147779721
  0.17897432526269028  0.18705020692623955  0.19343832755111326  0.20152549712614454
  0.21163562619636581  0.21926843013575795  0.22838937421661412  0.24040996426115416
  0.24677698257136549  0.25064243595698626  0.25754975632541732  0.26591113633059738
  0.27553864845678200  0.28499139246136651  0.29415730434561999  0.30404305847011259
  0.31584170617739449  0.33161790752338810  0.34316377453372704  0.35238345383746755
  0.36317412891581663  0.37625026475063295  0.39121956188691076  0.40837341978691288
  0.42303599660020691  0.43536679950601981  0.44635881681000600  0.45685033028663813
  0.46775171742762217  0.48219558609362922  0.50696546279487231  0.52982842449727363
  0.54426257824583890  0.55587151696179882  0.56682186474725338  0.57666209519386868
  0.58551397601142285  0.59526544827446126  0.60686051892633275  0.61979844588524213
  0.63240675428816817  0.64392879748112930  0.65499873704397149  0.66583279940864104
  0.67448905400330272  0.68337372877197733  0.69320499136996749  0.70526131956344595
  0.71831921707083879  0.73063414938163018  0.74329917541432677  0.75757463127581071
  0.77229764400339151  0.78656448046699201  0.79847376762792599  0.80531436646422294
  0.81114697313398854  0.81731950280240773  0.82094452614241453  0.82396714453647413
  0.82861469409919419  0.83557640701115088  0.84133577262225279  0.84577758243732470
  0.85142875298061194  0.85754661026318124  0.86614011471892272  0.87210497927810016
  0.88476861416517549  0.90069975810014169  0.91803588957032622  0.93704584365696342
  0.95252327146985827  0.96962626090664772  0.98627337844109753  1.00000000000000000
 -0.00183258659065464  0.00579987880527950  0.01469891262779959  0.02350512838683567
  0.03358104375339532  0.04465257377401606  0.05468460268548885  0.06462243843678848
  0.07465596676518650  0.08610336981233258  0.09672111823393585  0.10602194752425971
  0.11464597409088445  0.12242816126725732  0.13202009346609259  0.14208378608009048
  0.15356787213239503  0.16801263071232128  0.18578126818286106  0.20628525178002088
  0.22574459994422197  0.24154546005725669  0.25565838780315098  0.26865916817558866
  0.28021538077303121  0.28918077099212075  0.29812499790540548  0.30808275548243758
  0.31907862424858080  0.33331901231499478  0.34805183005387014  0.35925769904572258
  0.36962067713782221  0.38236934633423947  0.39517713180277014  0.40700253602376091
  0.41944624308042883  0.43238363892771564  0.44462551032932629  0.45505895346044289
  0.45859721892263861  0.46368527417855221  0.46919437869629277  0.47625424675185729
  0.48440042019311480  0.49365017357121260  0.50247601627471317  0.51565658543968873
  0.52981841685814313  0.54504486638385052  0.55753426075636170  0.57026789839756897
  0.58325624369891105  0.59569889456841985  0.60561103196023702  0.61399742883569908
  0.62151917906338472  0.62846167126190999  0.63576058960314452  0.64426294204200052
  0.65479327963693190  0.66297565881652010  0.67139548107633151  0.68244555887497482
  0.69489804528522048  0.70719229434973618  0.71855900056301814  0.72839861712787590
  0.73719353120754316  0.74655392575656354  0.75621047008929021  0.76727035185460490
  0.77687920687123146  0.78751229588719218  0.80185939036686937  0.81749172941200132
  0.82626868958676958  0.83232405008778554  0.84180059404747998  0.85394976856509053
  0.86204378756113320  0.87074537312708988  0.87994855373711145  0.88948753640450429
  0.89588968904976840  0.90206449866903071  0.90855209534957526  0.91687261529570130
  0.92779060006640079  0.93927763945193454  0.95147956665742339  0.96396065807349629
  0.97371724329682907  0.98347831069644231  0.99207670762180500  1.00000000000000000
 -0.00576847332977651  0.01734827779909056  0.04215561187779292  0.05153366211107981
  0.06126089437756566  0.07423378199031183  0.08815785431964010  0.09802977156003803
  0.11240783350769966  0.12405061307624023  0.13479868263267739  0.14599498527541854
  0.15740265916376692  0.16857041839287279  0.17917454134475483  0.19045145689336507
  0.20368988246601558  0.21725094260661409  0.22984012562935982  0.24070054374474356
  0.25063022163259269  0.25994115793355826  0.26946100098359144  0.27901367697302920
  0.28869716412508756  0.29737847130126716  0.30590377221274223  0.31187005669360363
  0.31743167181008841  0.32000600465410284  0.32239946211106396  0.32508951880086800
  0.33018487607067215  0.33913284243477876  0.34646158395557947  0.35196088887692928
  0.35736326525837475  0.36464020498965716  0.37392932984792759  0.38534070490733163
  0.39430807284054609  0.40126908572811237  0.40746387862579997  0.41368225139513654
  0.41986761144008450  0.42588954965458115  0.43325020407254677  0.44195426684321820
  0.45161632908928201  0.46186276127318909  0.47187644567393860  0.48156606879252073
  0.48953366548426153  0.49881259205988260  0.50856843143953079  0.51800316830379622
  0.52834852214911199  0.53915813801713874  0.55225994954483426  0.56599915736243367
  0.57971108112563996  0.59124105798271609  0.60016724929631415  0.60815721610633178
  0.61643494161035894  0.62686567284358941  0.64334532119772525  0.66122127107987627
  0.67497881765424594  0.68180877444483490  0.68732841565425740  0.69188569476945050
  0.69767576222318306  0.70341417791335092  0.71258347842882619  0.72412717569522778
  0.73360844053712937  0.74560326061118110  0.76087020698022267  0.77757144288171598
  0.79339147367468332  0.80623549157909558  0.82001489121742577  0.83197878594034425
  0.84369261731760237  0.85708319503124419  0.87045163431455563  0.88662687355326564
  0.90612529243120432  0.92035956101594096  0.93015146451808084  0.93938221950111667
  0.95140182229671000  0.96479731668481528  0.97552653145990464  1.00000000000000000
 -0.00367058531356307  0.01443686689646915  0.02150363069435859  0.02933804401979696
  0.03815023820682971  0.05073139491007059  0.06132263435630617  0.06715314312934705
  0.07384313769336387  0.08132010654360267  0.08982776846371308  0.09960095242676860
  0.11029155092425387  0.12183830231003986  0.13222187015542722  0.14227007697756536
  0.15203825863373754  0.16115634847344948  0.17004114424089267  0.17866300194050602
  0.19010498297344447  0.20149826771043830  0.21170250098020230  0.22454507583191605
  0.23569807997818537  0.24944957841032078  0.26296691192071231  0.27414693713127120
  0.28440825442322448  0.29426964890452784  0.30566082690424418  0.32016829019330956
  0.33493993729989213  0.34187312099801453  0.34686490667526365  0.35299652926436526
  0.35896684331781115  0.36740219954627940  0.37616412335657884  0.38165794550594967
  0.38868074377198480  0.39421949051788835  0.39961701371750258  0.40934723390672012
  0.42372770623166717  0.44027790144580548  0.45497072396266608  0.46792460836643912
  0.48050594403544256  0.49139021022853602  0.50054694996726334  0.51070893199641376
  0.52444111499549495  0.54173656941823189  0.55895890126262382  0.57417082038705791
  0.58787744338412018  0.59917361228141830  0.60914589291196952  0.62130428439117014
  0.63176190212148364  0.63921171896483164  0.64676893682988579  0.65651577581615517
  0.66906638300825383  0.68096920753988799  0.69142196472168460  0.70405906119047779
  0.71520545558127024  0.72562407695776943  0.73647693490116373  0.74745418742075520
  0.75818314925178854  0.76904665770863767  0.78070068075778687  0.79271017023999857
  0.80519073515399864  0.81912744199875809  0.83326127860748278  0.84408249659275192
  0.85181290632491435  0.86099258720335847  0.86963485472403712  0.87901462361531402
  0.88768665176905193  0.89573620415055788  0.90329290118401750  0.91392534911756085
  0.92691675075728130  0.94016799177235844  0.95197385366737197  0.96151385646607257
  0.96943932554948542  0.97841788555662879  0.98896402490392088  1.00000000000000000
 -0.00502654592371330  0.01636017584705462  0.03416391433326820  0.04734184895970695
  0.05939979661294870  0.06980658082234742  0.08059159689537157  0.09121654641995140
  0.09894122282562443  0.10641597382414672  0.11620571037545110  0.12655496692633203
  0.13559916368813996  0.14305420529624299  0.15133425726207336  0.16063449801007737
  0.17234058063865848  0.18212899588963333  0.19244786085099105  0.20246727841963333
  0.21255153626808576  0.22286295003823359  0.23100653207394317  0.24027059368077458
  0.25285332215113993  0.26546049342819378  0.27411399192311692  0.28261241765629680
  0.28986413694545848  0.29668585121171165  0.30604160307415418  0.31793056229703515
  0.32821705296855558  0.33683246281781970  0.34667765696598180  0.35500199548425621
  0.36481587232850854  0.37684166707272787  0.38741913459528471  0.39858030942726858
  0.40915937927824114  0.41584150484360527  0.42351616881373089  0.43425107562893162
  0.44424936886121247  0.45082547440116727  0.45735906677639393  0.46506505847488966
  0.47367470857663746  0.48462704844392201  0.49645358567936182  0.50646392864684786
  0.51367054822173197  0.52113188104294639  0.53296898688433336  0.54620629157077194
  0.55897978805467308  0.57030118778735828  0.58187054749463751  0.59328113190417686
  0.60540020441931297  0.61913087876083250  0.63450679733268567  0.65279350019106186
  0.67345756840134341  0.69039496717025306  0.70190376508017804  0.71308455327929521
  0.72498800641705341  0.73577605379426414  0.74594250893119496  0.75721734046950551
  0.77077102058523717  0.78472005524106758  0.79844473178045805  0.81106248310247431
  0.81819130203215584  0.82394908978762005  0.82996397584640980  0.83757737819158951
  0.84720465428567782  0.85750031823026640  0.87103424213970038  0.88485264433456323
  0.89294450826446226  0.90178344087660389  0.90875823591081883  0.91406916906989455
  0.92102609260365176  0.92957704894496840  0.94099086140238952  0.95229285221141680
  0.96275780150687451  0.97216048022411605  0.98243009438376261  1.00000000000000000
 -0.00282354085986366  0.01154000331412034  0.02326059566450593  0.03642662461497057
  0.04914247545351574  0.06078585607605153  0.06829988068383952  0.07411509773008683
  0.07997111148649817  0.08739022035038330  0.09653098419541359  0.10717476976517039
  0.11948356000593827  0.12996055622220912  0.14281444082094974  0.15604146199579366
  0.16995979291906960  0.18650792192304616  0.20416907513497051  0.22273588063063518
  0.24217457638415274  0.25787077375538231  0.27084278605506440  0.27928761990126111
  0.28515024198677957  0.29120551079207030  0.30032864849039798  0.31242611778806523
  0.32204249745649605  0.33019487755846355  0.33945213099811417  0.34981631554836734
  0.35946686078257611  0.36689844304050440  0.37224997558386586  0.37749369125512033
  0.38482452488299795  0.39122094925731143  0.39714429289487557  0.40246425764110794
  0.40866027574461294  0.41695194736293006  0.42612699835224427  0.43654431667427096
  0.44607431003620041  0.45467137859149392  0.46256516231512929  0.47125121790491542
  0.47993405212173246  0.49122264749426442  0.50592053328267217  0.52177891193671422
  0.53551206383302696  0.54680869508204955  0.55655408425035058  0.56646943808470673
  0.57679664250719709  0.58944771336379009  0.60304689038488024  0.61599589794209342
  0.62874449273209287  0.64170439472464080  0.65456294816752270  0.66719244851967685
  0.68021414988033102  0.69482276748010607  0.70701528844239203  0.72300391032762668
  0.74056786806422403  0.75941552184746119  0.77727653466134661  0.79027755166024471
  0.79792251090076360  0.80359546659331216  0.80916049981836646  0.81775325447625524
  0.82933704908262462  0.83736950177149394  0.84268499195763791  0.84617006738381273
  0.84999880384522508  0.85894344246913434  0.87049345972184367  0.87818023189382421
  0.88695033889739872  0.89617296908626842  0.90597671971771621  0.91757644036632868
  0.92739121585945050  0.93680059921036707  0.94651651495899103  0.95690442499061090
  0.96521336000773772  0.97704434330598078  0.98880209158236088  1.00000000000000000
 -0.01747127177539225  0.08181970122139254  0.13091943295860614  0.16020742457194542
  0.18372227316420262  0.20413859290733191  0.22267641404512942  0.23881180403627350
  0.25199475161128138  0.26248285302505875  0.27103781041706904  0.28068793280755588
  0.28897627114069580  0.29655508646810330  0.30493343773947101  0.31419662716359842
  0.32223406618893891  0.32815674285806529  0.33391477114402901  0.34020005025725258
  0.34650897579070855  0.35268790644934672  0.35730108112189551  0.36322073757960427
  0.36983129986436714  0.37681459600202566  0.38354104209697160  0.38970629964092757
  0.39548953324270375  0.40095940343635517  0.40664221231296049  0.41254359380078626
  0.41782035801693340  0.42218179337718159  0.42681443233564731  0.43142059664833560
  0.43563883670844467  0.44059872560000324  0.44614203897772026  0.45207593539664837
  0.45806497682728731  0.46437715435501115  0.47003325278721375  0.47512116730867154
  0.48017405460238954  0.48598607583241160  0.49188099233737193  0.49626892609325812
  0.50106425334058857  0.50645262096441801  0.51255604101895469  0.51801938191568142
  0.52314647889033705  0.52764520842165752  0.53219814918249864  0.53633234142743325
  0.53967125315939890  0.54277020302347145  0.54640764818398269  0.54963778285944975
  0.55327356056625965  0.55759971531333696  0.56213077797476152  0.56758816959244052
  0.57386992744250909  0.58062989361858119  0.58717703203588256  0.59284544459326449
  0.59767584721724420  0.60232512144981964  0.60797051380250910  0.61509874781156382
  0.62224092497956107  0.63074246758967312  0.63957770924976809  0.64629880661884620
  0.65308568507081488  0.66001169598358977  0.66734983889364330  0.67752298292700919
  0.68866768178606286  0.70105575829698119  0.71219811299146651  0.72108819702917037
  0.72811255363344907  0.73514972833101333  0.74559143588798660  0.76292985241171096
  0.78315273092674886  0.79850961958795219  0.81347431290947370  0.83433918535493112
  0.85556135288854152  0.88334290397944648  0.91711241242702013  1.00000000000000000
 -0.00126520327890163  0.00616712464620174  0.01103126275196924  0.01624524398927791
  0.01965597681022996  0.02586731822834151  0.03204838113935494  0.03821441188996277
  0.04504717256026465  0.05300404452273492  0.06140961089423843  0.07144740724053773
  0.08432063000111142  0.09780622203974176  0.10922681869391823  0.12227306418414083
  0.13304719581041521  0.14327412758762662  0.15348006323430255  0.16170536799623431
  0.16811475966549383  0.17894542828209425  0.18660120507972644  0.19387750224278724
  0.20130541846245786  0.20843556944941083  0.21731387597182777  0.22860190813498232
  0.23783814663064198  0.24318780864665721  0.24794013746483703  0.25532379737816024
  0.26477901659974096  0.27420445381076503  0.28332767446507351  0.29433182480448100
  0.30601448016693217  0.32363353490540325  0.34170356099699878  0.35811563221724968
  0.37254039647935211  0.38595909764266756  0.39883365812662658  0.41180515308313848
  0.42565781318416940  0.43985846100651343  0.45409184499400157  0.46774516004557354
  0.47734622866034782  0.48587226102306735  0.49400392232097545  0.50122766522209306
  0.50908908319962776  0.51768767163995244  0.52634779664403220  0.53591146409810420
  0.54588192726748030  0.55478781293845014  0.56137701100668536  0.56795429585531176
  0.57305206558715449  0.57939738903248250  0.58618846622807297  0.59997233901330438
  0.61833388750458762  0.63688309103947915  0.65567815668492935  0.67361437026591731
  0.68967149211115564  0.70340707198660057  0.71585273990993792  0.72768102286465797
  0.73775274609619457  0.74716094486835449  0.75720352241571565  0.76809594556533756
  0.77863839611958807  0.78820036483434619  0.79772467379146594  0.80778612992646059
  0.81957994847428983  0.83043019558090603  0.83907768498495083  0.84675351392665665
  0.85722526856728520  0.86714825535625506  0.87545589771424392  0.88280384169772819
  0.89086609454453325  0.90138102459200509  0.91101042819044398  0.92048336006949216
  0.93259745252983628  0.95017794420735613  0.97325219423193676  1.00000000000000000
  0.68606707187949312  0.73444743305252391  0.77225408853012356  0.78890162534338204
  0.80557152644790975  0.81936242372897827  0.83302352928084833  0.84377230951226667
  0.85225502736784597  0.85737424053462030  0.86072866354106470  0.86493544882142392
  0.86911358546901574  0.87501304514099021  0.88256290170957297  0.88794489726920645
  0.89128629586914265  0.89427606571888818  0.89758184769682858  0.90152809200329065
  0.90654201363295572  0.91153050187150608  0.91609364911299107  0.91998742571266490
  0.92239136530889598  0.92443438898638020  0.92648286018529291  0.92828095569618696
  0.93043908155112864  0.93292321595757388  0.93523130999157700  0.93705105092248087
  0.93844530865565123  0.93982508749058091  0.94108452763349948  0.94234754453761360
  0.94363420040757739  0.94564527143779809  0.94765744935942964  0.94952111838802999
  0.95090859133318295  0.95211447964619522  0.95311601642638344  0.95399513826292448
  0.95485612439012035  0.95589074251742090  0.95721241791351863  0.95865122382501378
  0.95968214901590754  0.96037206549147425  0.96104425243975489  0.96179248063224254
  0.96288417608703092  0.96430552528796254  0.96547972265501103  0.96653284926722249
  0.96736505850909604  0.96807952470193148  0.96894316090284216  0.96955857756266750
  0.97028701543160512  0.97108733140167891  0.97168881714451694  0.97234532247154470
  0.97304419780149953  0.97377223108752631  0.97453098713037689  0.97530291719991058
  0.97598468624281931  0.97661648171179849  0.97726745923673375  0.97798999039840884
  0.97876922279210965  0.97966189022991290  0.98049618500665625  0.98124225768986750
  0.98181912248448522  0.98244133491738495  0.98305081210901391  0.98368110128707853
  0.98438247331934092  0.98512025402339454  0.98581607130062099  0.98646648279586124
  0.98707197187806128  0.98761136684580153  0.98810841541046412  0.98866068335052126
  0.98938994816698733  0.99028563191003594  0.99114238188526171  0.99206717667976274
  0.99323087999364712  0.99460064649535129  0.99637702439736753  1.00000000000000000
 -0.04215860433563583  0.18776159276994553  0.22651694885266935  0.26632204005623156
  0.30081489435999775  0.31762124926505647  0.32722544796216924  0.33511976284297834
  0.34494864874930325  0.35797870812148358  0.37276427500788123  0.38920172170149081
  0.40401051341471977  0.41474155399950591  0.42190948675209433  0.42829537811544649
  0.43595983225244322  0.44527761700678026  0.45194978575130479  0.45787254219683893
  0.46614474433192143  0.47315820596573510  0.47821240389184982  0.48341310522599912
  0.48939331169817668  0.49542912894719388  0.50047907090606480  0.50661499386540698
  0.51239850171377865  0.51763100104819759  0.52290341696283993  0.52917759735361958
  0.53543806419786022  0.54057455267596821  0.54550900138317315  0.55030686539877394
  0.55474835972652792  0.55907817955913020  0.56349503901514653  0.56831536680713590
  0.57331018287311253  0.57857862094922874  0.58384569532301900  0.58857096151563837
  0.59388025103785957  0.59975670651862956  0.60583102774322650  0.61216120103274829
  0.61864999382439423  0.62499105372255181  0.63002090304001079  0.63320017857000810
  0.63726302666129786  0.64156108494925779  0.64667861858383335  0.65333110060257138
  0.66027023298285048  0.66733052550587768  0.67308790568568377  0.67778828631300070
  0.68205676476509747  0.68623944106054657  0.69039454713566784  0.69344265661458959
  0.69591726469038229  0.69838549334560429  0.70062789677845594  0.70307928386579288
  0.70605152094429913  0.70972086314758853  0.71450496396993846  0.72093906804859997
  0.72758956376037265  0.73354098707039328  0.73891782998584687  0.74354336225751494
  0.74786212832031551  0.75217471915306899  0.75529174973978963  0.75761535147146419
  0.76069119688931253  0.76543366481840569  0.77241818096441506  0.77824462032238095
  0.78428224828598425  0.79220885245528949  0.80055526298711177  0.80676200139631959
  0.81229755682007709  0.81949773415174287  0.82960551772917102  0.84093769605464164
  0.85506133943397100  0.87452177413594245  0.90258745445676347  1.00000000000000000
   1.5275294213075624E-017  -1.0000000000000000     
 F F F F F F F F F F F F F F F F F F F F F F F F F F F F F F F F F F F F F F F F F F F F F F F F F F F F F F F F F F F F F F F F F F F F F F F F F F F F F F F F F F F F F F F F F F F F F F F F F F F F F F F F F F F F F F F F F F F F F F F F F F F F F F F F F F F F F F F F F F F F F F F F F F F F F F F F F F F F F F F F F F F F F F F F F F F F F F F F F F F F F F F F F F F F F F F F F F F F F F F F F F F F F F F F F F F F F F F F F F F F F F F F F F F F F F F F F F F F F F F F F F F F F F F F F F F F F F F F F F F F F F F F F F F F F F F F F F F F F F F F F F F F F F F F F F F F F F F F F F F F F F F F F F F F F F F F F F F F F F F F F F F F F F F F F F F F F F F F F F F F F F F F F F F F F F F F F F F F F F F F F F F F F F F F F F F F F F F F F F F F F F F F F F F F F F F F F F F F F F F F F F F F F F F F F F F F F F F F F F F F F F F F F F F F F F F F F F F F F F F F F F F F F F F F F F F F F F F F F F F F F F F F F F F F F F F F F F F F F F F F F F F F F F F F F F F F F F F F F F F F F F F F F F F F F F F F F F F F F F F F F F F F F F F F F F F F F F F F F F F F F F F F F F F F F F F F F F F F F F F F F F F F F F F F F F F F F F F F F F F F F F F F F F F F F F F F F F F F F F F F F F F F F F F F F F F F F F F F F F F F F F F F F F F F F F F F F F F F F F F F F F F F F F F F F F F F F F F F F F F F F F F F F F F F F F F F F F F F F F F F F F F F F F F F F F F F F F F F F F F F F F F F F F F F F F F F F F F F F F F F F F F F F F F F F F F F F F F F F F F F F F F F F F F F F F F F F F F F F F F F F F F F F F F F F F F F F F F F F F F F F F F F F F F F F F F F F F F F F F F F F F F F F F F F F F F F F F F F F F F F F F F F F F F F F F F F F F F F F F F F F F F F F F F F F F F F F F F F F F F F F F F F F F F F F F F F F F F F F F F F F F F F F F F F F F F F F F F F F F F F F F F F F F F F F F F F F F F F F F F F F F F F F F F F F F F F F F F F F F F F F F F F F F F F F F F F F F F F F F F F F F F F F F F F F F F F F F F F F F F F F F F F F F F F F F F F F F F F F F F F F F F F F F F F F F F F F F F F F F F F F F F F F F F F F F F F F F F F F F F F F F F F F F F F F F F F F F F F F F F F F F F F F F F F F F F F F F F F F F F F F F F F F F F F F F F F F F F F F F F F F F F F F F F F F F F F F F F F F F F F F F F F F F F F F F F F F F F F F F F F F F F F F F F F F F F F F F F F F F F F F F F F F F F F F F F F F F F F F F F F F F F F F F F F F F F F F F F F F F F F F F F F F F F F F F F F F F F F F F F F F F F F F F F F F F F F F F F F F F F F F F F F F F F F F F F F F F F F F F F F F F F F F F F F F F F F F F F F F F F F F F F F F F F F F F F F F F F F F F F F F F F F F F F F F F F F F F F F F F F F F F F F F F F F F F F F F F F F F F F F F F F F F F F F F F F F F F F F F F F F F F F F F F F F F F F F F F F F F F F F F F F F F F F F F F F F F F F F F F F F F F F F F F F F F F F F F F F F F F F F F F F F F F F F F F F F F F F F F F F F F F F F F F F F F F F F F F F F F F F F F F F F F F F F F F F F F F F F F F F F F F F F F F F F F F F F F F F F F F F F F F F F F F F F F F F F F F F F F F F F F F F F F F F F F F F F F F F F F F F F F F F F F F F F F F F F F F F F F F F F F F F F F F F F F F F F F F F F F F F F F F F F F F F F F F F F F F F F F F F F F F F F F F F F F F F F F F F F F F F F F F F F F F F F F F F F F F F F F F F F F F F F F F F F F F F F F F F F F F F F F F F F F F F F F F F F F F F F F F F F F F F F F F F F F F F F F F F F F F F F F F F F F F F F F F F F F F F F F F F F F F F F F F F F F F F F F F F F F F F F F F F F F F F F F F F F F F F F F F F F F F F F F F F F F F F F F F F F F F F F F F F F F F F F F F F F F F F F F F F F F F F F F F F F F F F F F F F F F F F F F F F F F F F F F F F F F F F F F F F F F F F F F F F F F F F F F F F F F F F F F F F F F F F F F F F F F F F F F F F F F F F F F F F F F F F F F F F F F F F F F F F F F F F F F F F F F F F F F F F F F F F F F F F F F F F F F F F F F F F F F F F F F F F F F F F F F F F F F F F F F F F F F F F F F F F F F F F F F F F F F F F F F F F F F F F F F F F F F F F F F F F F F F F F F F F F F F F F F F F F F F F F F F F F F F F F F F F F F F F F F F F F F F F F
  <DiscreteSampler_grid>
  grouped_processes
  1 # 1 for a reference and 2 for a running grid.
  10 # Attribute 'min_bin_probing_points' of the grid.
  1 # Attribute 'grid_mode' of the grid. 1=='default',2=='initialization'
  0.0000000000000000 # Attribute 'small_contrib_threshold' of the grid.
  0.5000000000000000 # Attribute 'damping_power' of the grid.
 # binID   n_entries weight   weight_sqr   abs_weight
    61   10   1.077227081952119E-013   1.153868134747408E-025   1.077227081952119E-013
    62   10   1.077227081952111E-013   1.153868134747390E-025   1.077227081952111E-013
    64   10   2.154454163904239E-013   4.615472538989634E-025   2.154454163904239E-013
    65   10   2.154454163904223E-013   4.615472538989561E-025   2.154454163904223E-013
    67   10   1.844955430229426E-013   3.194830578699732E-025   1.844955430229426E-013
    68   10   1.844955430229411E-013   3.194830578699674E-025   1.844955430229411E-013
    70   10   3.689910860458852E-013   1.277932231479893E-024   3.689910860458852E-013
    71   10   3.689910860458822E-013   1.277932231479870E-024   3.689910860458822E-013
    106   10   1.077227081952121E-013   1.153868134747411E-025   1.077227081952121E-013
    107   10   1.077227081952111E-013   1.153868134747390E-025   1.077227081952111E-013
    109   10   2.154454163904241E-013   4.615472538989643E-025   2.154454163904241E-013
    110   10   2.154454163904222E-013   4.615472538989559E-025   2.154454163904222E-013
    112   10   1.844955430229428E-013   3.194830578699736E-025   1.844955430229428E-013
    113   10   1.844955430229411E-013   3.194830578699674E-025   1.844955430229411E-013
    115   10   3.689910860458855E-013   1.277932231479894E-024   3.689910860458855E-013
    116   10   3.689910860458822E-013   1.277932231479870E-024   3.689910860458822E-013
  </DiscreteSampler_grid>
