  0.00340715568960804  0.01021119998054725  0.01551292890609034  0.02109566400607101
  0.02986733672141838  0.04098128163647947  0.05283271114936712  0.06527509790504635
  0.07378534649244789  0.08213261862516026  0.08991566867321993  0.09798180382365204
  0.10385347693456407  0.11137897687313865  0.11825879133438053  0.12465969281904937
  0.13579981854462578  0.14693237267633091  0.15635337746914862  0.16371673393849615
  0.16914346271107183  0.17311914721345073  0.17698360977254768  0.18114943282319898
  0.18686542865973951  0.19936221578767710  0.21184138883018253  0.22284229963022853
  0.23642774967707741  0.25545515221728765  0.27858145836397474  0.29070584242273628
  0.30453165100390661  0.32015037866427193  0.33435526272611671  0.34775169938701855
  0.36351544319657014  0.38020214030319727  0.39785564351672426  0.41907477501228990
  0.43647190228082078  0.45080837898984544  0.46593373802831645  0.47851929592117359
  0.49002270050389551  0.50261522490066723  0.51358068974957760  0.52620360024097346
  0.53919672073824898  0.55098127161820709  0.55944124469068035  0.56663648249646104
  0.57568129235882948  0.58726658039482671  0.60086712229437056  0.61416136105399610
  0.62529996823387513  0.63372571937788669  0.64140803907895538  0.64664901350533111
  0.65281954230970962  0.66111066676477492  0.67035648612469501  0.67941792389315714
  0.68938519952586419  0.70120867272981147  0.71629501922506345  0.72735622700931801
  0.73684048751090325  0.74604852560050916  0.75197416746727874  0.75594326133900858
  0.75893253459007315  0.76233286365620057  0.77251421538233511  0.78893080300665530
  0.80102502452844104  0.81142226342046453  0.82081439629533803  0.83401086530286594
  0.84098590545343499  0.84716166523436376  0.85496340955272032  0.86408727404163643
  0.87355643251045090  0.88434441400305885  0.89513239549566692  0.91749547716820978
  0.93199934076017621  0.94051569222842024  0.94829001792839840  0.95627613149162860
  0.96471966600772463  0.97390731288922838  0.99263313706743694  1.00000000000000000
  0.00613630025347620  0.01755741060383974  0.02885603680727610  0.03761682111784934
  0.04592114909961022  0.05324564592666090  0.06337068964836218  0.07275666818444816
  0.08065104691528104  0.08810369455211388  0.09562453220308618  0.10374143243385581
  0.11259172312887852  0.12336221197231154  0.13340614969185888  0.14502719878149867
  0.15673238764721165  0.17269945507364104  0.18429414898895996  0.19128206767290021
  0.19773747624021920  0.20333306511982552  0.20855502085744593  0.21409766935603269
  0.21940736369438249  0.22366685056817390  0.22943561229521423  0.23606322419152884
  0.24586945721982090  0.25804671944696006  0.26875721395817476  0.27702935235438630
  0.28086455224118528  0.28481852677851893  0.29201109368515726  0.30211624265903309
  0.31457441833149985  0.32470318788388630  0.33372582795907668  0.34540931189970991
  0.36304147844986900  0.39364414368347006  0.42568588877633939  0.45402797832479735
  0.47526676786787131  0.48997024296482916  0.50007317674980656  0.50882346164243231
  0.51847487837847039  0.53541298815047345  0.54871281547003026  0.55557555501759093
  0.56939548706697241  0.59306138682405651  0.60479147130666755  0.61375622762740356
  0.62159619143952161  0.62796943131239180  0.63424240673247678  0.63944124268367930
  0.64464007863488193  0.65707361029752853  0.67199856936677849  0.68519747554716670
  0.70138573880515975  0.71596340656934876  0.72705809947928091  0.74388131054822204
  0.76013631099598267  0.77332746763345006  0.78575350572306479  0.79569830669152786
  0.80537108329232310  0.81353268536264378  0.82057398593131492  0.82678174334027899
  0.83127741620751483  0.83862797740960660  0.84493438016596945  0.85021227922916032
  0.85771229545632477  0.86794997133516016  0.87723610925254625  0.88896210121883190
  0.90037118553822737  0.90991935861129913  0.91713029276589542  0.92574820743306163
  0.93148653133207082  0.93829977099528750  0.94790885286298854  0.95958261339962236
  0.97084372717988487  0.98068980985668197  0.99087555106690939  1.00000000000000000
  0.00019062368746685  0.00020650996212955  0.00022239623679224  0.00022664102542557
  0.00022972040417339  0.00023168784165596  0.00023430803266967  0.00023757709790784
  0.00024143278606673  0.00024551302046005  0.00024824902327149  0.00024913359871449
  0.00024974915795538  0.00025058155882204  0.00025142508617899  0.00025230996731998
  0.00025307254343415  0.00025356012830249  0.00025426486080170  0.00025523834207377
  0.00025646336585371  0.00025739943580902  0.00025851050111334  0.00025964466867971
  0.00026132764357247  0.00026271236628136  0.00026445694248613  0.00026618088319572
  0.00026687474889761  0.00026743902095764  0.00026807936571798  0.00026897779028112
  0.00027051041450217  0.00027203125079241  0.00027363197219587  0.00027552089850469
  0.00027687308102496  0.00027827871073577  0.00027983853719907  0.00028195727035953
  0.00028532631586783  0.00028721804394331  0.00028910977201878  0.00029095190652696
  0.00029279088885850  0.00029422038208421  0.00029541820076015  0.00029702920938532
  0.00029975005259466  0.00030299585849516  0.00030630210284263  0.00030977066855753
  0.00031234783591341  0.00031418402873619  0.00031593199750178  0.00031766320362528
  0.00032012673329408  0.00032261407439239  0.00032474306150795  0.00032749898257548
  0.00033068508580819  0.00033818646128434  0.00034760949307690  0.00035427120805016
  0.00035781274899362  0.00035997498546245  0.00036222274895615  0.00036494378403682
  0.00036802434699894  0.00037082146710624  0.00037531474885827  0.00038468974359824
  0.00039419413876212  0.00040104400071218  0.00041301030335445  0.00042387279471887
  0.00043203564687455  0.00043847467814926  0.00044877309737923  0.00045584801717566
  0.00046257022032451  0.00046893449894235  0.00047675284524936  0.00048657523096034
  0.00050253922989680  0.00052488446026608  0.00056055582643467  0.00059062487652699
  0.00061603813409596  0.00066775996332330  0.00075125868400422  0.00091989647659860
  0.00114148937435378  0.00156586282675748  0.34112680543759855  1.00000000000000000
  0.00025774487677028  0.00031825955050483  0.00034936322555555  0.00036914461168848
  0.00038702105875269  0.00039536599235183  0.00040221727247549  0.00041151006457416
  0.00042123112509230  0.00043149287953091  0.00044250632183193  0.00045458402351323
  0.00046547824780357  0.00047176497359369  0.00048500998511034  0.00049570083965572
  0.00050171063653537  0.00050386409611147  0.00050613722861424  0.00050900107794938
  0.00051292472811793  0.00051516863231782  0.00052131172696315  0.00053268858299288
  0.00054521789764679  0.00055482865334484  0.00056096576772830  0.00056621733363615
  0.00057421282222253  0.00058292339954794  0.00059131151362933  0.00059668335177099
  0.00060252248892040  0.00060873324769529  0.00061515126301160  0.00062138994230825
  0.00062950616307831  0.00063298446517122  0.00063541640745407  0.00063788269715582
  0.00064041646484280  0.00064295023252977  0.00064629205594964  0.00064978759408880
  0.00065546188623718  0.00066293710284983  0.00066971460753505  0.00067734072017975
  0.00068786515792300  0.00070303233013306  0.00071676220483036  0.00072834494912934
  0.00073925641848724  0.00075191281200539  0.00076886936628166  0.00078852339001459
  0.00080620370340723  0.00082200014141457  0.00083219260330169  0.00084086232720282
  0.00085032683495042  0.00086320978766502  0.00087507514037435  0.00088926001532573
  0.00091287767842146  0.00094741002441160  0.00097289878093924  0.00099350619531684
  0.00101040151122394  0.00102718882988739  0.00104899243006833  0.00106862311032816
  0.00108434478100493  0.00110035165260717  0.00112078125211400  0.00114334945603931
  0.00117091370632955  0.00120789342584617  0.00124920233863359  0.00129166539443963
  0.00134532710612414  0.00139108667002161  0.00143624392564708  0.00148096488620505
  0.00152448963405212  0.00160408129432124  0.00171284384752417  0.00189601445266588
  0.00211988733788776  0.00230279977203665  0.00270550290027238  0.00380841636029129
  0.00562437501163809  0.00799952671226313  0.51729323157555074  1.00000000000000000
  0.00053060794979033  0.00075867309912062  0.00083516570857419  0.00088632078245989
  0.00096604150006309  0.00102548282346252  0.00108638695817494  0.00114990794533618
  0.00120647520145547  0.00125163982348081  0.00130679390624573  0.00138463411120835
  0.00150057368054000  0.00158759388604866  0.00162954219092250  0.00166583837238028
  0.00172929464907291  0.00179503210333183  0.00184841170157842  0.00189235197032121
  0.00194544705141245  0.00202948591611615  0.00208587090578553  0.00212496055996748
  0.00215546509534767  0.00217683266598052  0.00221303058636381  0.00226755962689900
  0.00233060132781296  0.00239567269437315  0.00246751801820530  0.00258134951620533
  0.00271273426283511  0.00281133736708881  0.00289471713377738  0.00298107930936910
  0.00306231927745451  0.00312821669504478  0.00317827617969847  0.00323924993979151
  0.00333388237957993  0.00344260115680890  0.00358044443961889  0.00382507122870267
  0.00406982415944110  0.00427511157724119  0.00443439802582141  0.00459036489635650
  0.00475442581761224  0.00493208799824138  0.00517138709820890  0.00556477483214241
  0.00609377850737783  0.00662802237343622  0.00705180338842655  0.00730106470807353
  0.00747583102298694  0.00756368683596651  0.00763919477373961  0.00772956042279386
  0.00780245814001968  0.00786185577750062  0.00803758018033695  0.00826482554599469
  0.00849202090656163  0.00871778319553062  0.00899527253599643  0.00920956315830531
  0.00947306622905097  0.00992928521495836  0.01036168713377027  0.01073263058024874
  0.01107441326450583  0.01172433243742046  0.01274241615500525  0.01361304248602411
  0.01486583448068452  0.01647800855217375  0.02113278054164640  0.02610445941117788
  0.02979197310980992  0.03211518112826411  0.03368365944128717  0.03525213775431024
  0.03682061606733331  0.04203766090168173  0.07996020516309008  0.11788274942449843
  0.15580529368590679  0.19372783794731510  0.26716439620481786  0.36034259244562844
  0.45352078868643908  0.54669898492724966  0.63987718116806025  1.00000000000000000
 -0.00144152443758816  0.01616358246314007  0.03113780566221322  0.04268913279527807
  0.05355798001121471  0.06701284828165266  0.07694236792567649  0.09014074748572803
  0.09995151172338271  0.11354904106117830  0.12932309962598809  0.14310127006656159
  0.15497373031224806  0.16216580531932501  0.16729460900143567  0.17300192496543021
  0.18155147384845699  0.19283505993118827  0.20255880219248210  0.21179905999719831
  0.22023131873067564  0.22647710250891104  0.23273614518542066  0.24065044644587000
  0.25389670047604707  0.26858487261674296  0.28258346032014869  0.29873858811486231
  0.31056546662775952  0.31782976210030012  0.32288211458056942  0.32778202414318430
  0.33228871905983237  0.33627315552151571  0.33977089014526785  0.34508702559348342
  0.35118251690030228  0.35978455065346571  0.37094973783124346  0.38106560204167850
  0.39200166544426579  0.40382521736633009  0.41535698558827799  0.43166403620614374
  0.44874595689456864  0.45678412999913010  0.46222474623018001  0.46694347870416653
  0.47034834161358419  0.47323323289452685  0.47710412628891824  0.48174645841974195
  0.48858398782363077  0.49698979147094113  0.50902714142490990  0.52103589642688208
  0.53130330353619648  0.53832929331236457  0.54472510248297512  0.55081915680149951
  0.56031457061486734  0.57206908472782048  0.58544174623971279  0.60128202970556943
  0.61780444866450068  0.63112901783176856  0.64569647297855037  0.67338436297609128
  0.70075598266950390  0.72100703044219772  0.73400566038373383  0.74269604288378321
  0.75162452875377295  0.76101789690150745  0.77261239693343964  0.79098970464025653
  0.80470385917862230  0.81426247280850261  0.82453823832539519  0.83415835946776662
  0.84321122945786076  0.85073733194749179  0.85804199227933953  0.86567070380754008
  0.87238274414737504  0.87689938809778833  0.88243947158747582  0.88973004855467186
  0.89926535730343438  0.91340044147996735  0.92530722137420074  0.93824167127494340
  0.95019729135766551  0.96351150795374585  0.98191193384518594  1.00000000000000000
 -0.00045313521256646  0.00374990604530555  0.00832327957931506  0.02033525200695584
  0.03832829904469315  0.05738616643155325  0.07014041336065729  0.08034419819097070
  0.08634349554927200  0.09117479798980077  0.10681959976200159  0.12307895660467051
  0.13526703823592237  0.14721460089642108  0.16038456466175716  0.17305858262675877
  0.18569040823394797  0.19577402569426008  0.20380499400211555  0.21160652090917156
  0.22014363214276073  0.22518018748248980  0.22982472056266895  0.23494217546336293
  0.24111893259260089  0.24792099362767978  0.25404259720858968  0.25968434756840902
  0.26455191366941272  0.27142013385422137  0.28474850025610504  0.29345358615924100
  0.30187659013052692  0.31067342111121843  0.31839644132403838  0.32559441167088365
  0.33803004094373623  0.35038971734805630  0.35863246389241499  0.36518888545381600
  0.37176571606413883  0.37841005589296184  0.38505439572178490  0.39430366947857509
  0.40449958115233858  0.41760584396509642  0.43783637823673921  0.44862372293585279
  0.45613889345352482  0.46330944310367528  0.47060765850503972  0.47668808847637034
  0.48478684140337230  0.49482526930652460  0.50330655945441083  0.51337144508903199
  0.52269426291157095  0.53021428065394738  0.53840198721903054  0.55013735675492159
  0.55826286463867447  0.56402650454790970  0.57674532659490085  0.59392569487371027
  0.61066442560319312  0.62527851241289556  0.63694537318724376  0.64642373769232009
  0.65775989044147831  0.66883903049376936  0.67987858287371905  0.69021473636973563
  0.70229839797461846  0.71299510547219969  0.72011291191266991  0.72787275132930129
  0.73571684731651055  0.74297804807777990  0.75367579867850254  0.76701970431744626
  0.78007617552152020  0.79330738686826419  0.80648352807823409  0.81722866390076288
  0.82761641269698727  0.83829862484753292  0.84949383971359682  0.85724412609343204
  0.86446990419566738  0.87113668320837556  0.88194073448257770  0.89878142899431068
  0.92054665114358092  0.94413984762766723  0.97035809103984583  1.00000000000000000
 -0.00424683686150850  0.01481563550295349  0.03012849320417314  0.03907186211102018
  0.05027635362692619  0.05534127095135148  0.06136772531149996  0.07001056926152391
  0.08024342111550835  0.08994715139109768  0.09840377541856493  0.10557472278054626
  0.11163450003315155  0.12125182351795857  0.13004032366082854  0.13591825613319733
  0.14145585213661652  0.14726806948515594  0.15917262595783768  0.17317385999453289
  0.18784884573676214  0.20078703959949826  0.21256736170897775  0.22514297845975903
  0.23711649978146476  0.25121555976828608  0.26956486539314001  0.29123138775843638
  0.31360288082280324  0.33291049993308153  0.34635033387934089  0.35541125865807399
  0.36246828490394523  0.36890945974118716  0.37965464647631214  0.39512420504007506
  0.41188399442060292  0.42930444441415283  0.44987053465196941  0.47533926587958003
  0.50002060737472720  0.52054404417882438  0.53352532628908200  0.54355177831808199
  0.55522566402625007  0.56868867864013783  0.58402069828308689  0.60090059018443964
  0.62275613676153785  0.64249575118782365  0.65623635821634985  0.66644516235935869
  0.67577023047740647  0.68102783670201883  0.68628544292663130  0.69288033013124817
  0.69966357069310647  0.70737879128727532  0.71579523296471192  0.72518351853797236
  0.73556021565166485  0.74206564541478282  0.74807280211474747  0.75274456880023177
  0.75753365180377208  0.76397733801179069  0.76915508532915722  0.77234838631041980
  0.77565575129555320  0.77851115662672921  0.78098438310624607  0.78386398732057261
  0.79134109949026277  0.80039863621139262  0.80872859880712100  0.81576295544922861
  0.82213429229441382  0.82832643593534350  0.84049099822550255  0.84786377887790121
  0.85431515680142867  0.86131366698402412  0.87080235151817986  0.87921370498119722
  0.88717827104836744  0.89275880852215506  0.89819468518236623  0.90328340900215354
  0.90836388125858103  0.91375024345557299  0.92100457588122109  0.93113422747356656
  0.94006260326854396  0.94888065982590319  0.96568003220745258  1.00000000000000000
 -0.00416535903303172  0.00938762909080055  0.02450409903704178  0.04171544839186453
  0.06100746323689440  0.07820843044521085  0.09325097858802228  0.10698953194518153
  0.11957613642975318  0.13465954332428012  0.14928481035080249  0.16096486986064354
  0.17220492086379446  0.18386321520903459  0.19730474409075585  0.21596376675015605
  0.23017430778796227  0.24925576579788275  0.27957666926538122  0.30120540676520696
  0.30529721460913239  0.31012494396365675  0.31637399968672986  0.32633308340744460
  0.34247944390360585  0.35772884032232055  0.37085562091936825  0.38539333419278055
  0.39961835660549111  0.40841025877063242  0.41428136079114869  0.42166160573249728
  0.42926037464762767  0.43701737754557779  0.44293279053897688  0.44949516001353218
  0.45980110601856072  0.46584194772092846  0.47145695099073509  0.48256435072840503
  0.49959991235517648  0.52196927284299721  0.54597041142704417  0.56049219593754307
  0.57919522736607931  0.59979963762998534  0.62711834894019625  0.64174727784343699
  0.65197048845999650  0.65849224221626501  0.66375687894825108  0.66720827030795749
  0.67382233650129297  0.67785859392297099  0.68134708951511769  0.68506529407846795
  0.69041823112809397  0.69528932436868029  0.70136082491479368  0.70697199650658171
  0.71144243600289403  0.71524075776775198  0.71912375681874019  0.72351880548973901
  0.72783564905641340  0.73239779513710357  0.73834074833391017  0.74663472460313096
  0.75788465268198013  0.76864066780357687  0.77714672222224268  0.78938599578316293
  0.80336988252732844  0.81414162623819264  0.82250670951784810  0.83157307678236525
  0.84334079667500828  0.85432458992894345  0.86169011829435294  0.86704107475211500
  0.87489829421335763  0.89042903284886654  0.90849825658807426  0.92607182921273334
  0.94014521109131366  0.94884560914710181  0.95735516686486200  0.96573985333723289
  0.96981618375926870  0.97344815376655525  0.97684451326145960  0.97998914172464169
  0.98316630828228013  0.98677709055025220  0.99038787281822427  1.00000000000000000
 -0.00097503176631842  0.00535595926440171  0.01039257590563725  0.01625269089292134
  0.02274415369025162  0.03061752976946973  0.04413439945593374  0.06757945426985475
  0.09805864385919903  0.12504917016695319  0.14076783903589352  0.15074232396254061
  0.16357091342139010  0.17413077088204051  0.18097317444094524  0.18718952565893698
  0.19411732707797097  0.20381206087305620  0.21723092362924071  0.23054848690656504
  0.23910055607587707  0.24940915470181460  0.26070882451856098  0.27466237363804286
  0.29234076340816390  0.30761605314407020  0.31744582657926912  0.32528853608098773
  0.33395016687748186  0.33725282022022224  0.34345721661521522  0.35701383046325358
  0.36899595645592143  0.37576014045993383  0.37992736451636600  0.38441634117221768
  0.38980838673332352  0.39659871161747728  0.41040415614709658  0.42466915310427827
  0.43180341538170636  0.43631042044010876  0.44016148471090832  0.44484971825916858
  0.45006223580420401  0.45925574852535539  0.47243453019165510  0.48126290993088316
  0.48740689797837938  0.49355088602587560  0.50077482464639755  0.50823539722149547
  0.51603670406490210  0.52436903209484920  0.53270136012479641  0.54448998663048687
  0.55881161428508219  0.57126442927338161  0.58289901764793517  0.59410870576891528
  0.60504934299117630  0.61549639222285246  0.62436020707994777  0.63829515453140961
  0.65336061415190894  0.66563050753678754  0.67939201994311860  0.69287848569338206
  0.70536170748279647  0.71860788131793707  0.73404972580537686  0.74997191810676223
  0.76183636317301484  0.77113590012654909  0.77849397168967005  0.78677780168598477
  0.79534762564296813  0.80286748549812481  0.80916725983346838  0.81525323976941999
  0.82939927741744623  0.84690216695136655  0.86734851736833674  0.88566928326095651
  0.90149362654156739  0.91739060042307263  0.93099251918031312  0.94245440542667247
  0.95146034842987304  0.95937933829686040  0.96515524285097432  0.97000364326417421
  0.97535642674701051  0.98254975814705581  0.99098470478891598  1.00000000000000000
 -0.00716597112177606  0.03152360973648024  0.03898390798014391  0.04830399627994326
  0.05485997991048677  0.06011429158554935  0.06516016768048508  0.06967420415015449
  0.07720995096746974  0.09108422170195296  0.10168374375015339  0.10942226669318658
  0.11626676752907428  0.12003761210636708  0.12378714361292575  0.12750846040144653
  0.13114402292187061  0.13479110685119511  0.14196780540056014  0.15445983278872968
  0.16964656427848435  0.17918178433252749  0.18863654834437624  0.20582462537575358
  0.21958656041121891  0.23199471905714547  0.24137914519148185  0.24837824026768487
  0.25398516558290324  0.26236167412921113  0.27268516591867342  0.28437608059155117
  0.29902204438125080  0.31003945871592642  0.31856900895366236  0.32420404892376525
  0.33022849915422070  0.34065755806877879  0.35918797984845180  0.37569995106877374
  0.38847316134323440  0.40038095890671282  0.41136595328901310  0.42109288115439186
  0.43055585619083137  0.44018026449242859  0.45620560449387076  0.47269849731775837
  0.48999491700577291  0.50648721350044434  0.52017322396253085  0.53140237466938089
  0.54323319805035153  0.55468070552590132  0.56588583348215016  0.57691499001355306
  0.58705557913247719  0.59830537118090166  0.61612444973228686  0.63845563137031325
  0.65441114692266134  0.66544331679769486  0.67532322373131004  0.68388132116264899
  0.69069212778296263  0.69814170490991012  0.70546268998697814  0.71447475598676780
  0.72323945227879805  0.73286343320300551  0.74432238526206951  0.75970706598490634
  0.76635646890665654  0.77466289425621793  0.78414887921351295  0.79062344308164079
  0.79720946715348318  0.80480961201210288  0.81557842233999767  0.83574815134960956
  0.85370721015883244  0.86362815746264487  0.87050003891054850  0.87751368272908781
  0.88475916533673293  0.89237963570501111  0.90010354970107254  0.90708650352111553
  0.92194776250852728  0.93934832674026869  0.95209273382015847  0.96214566445861505
  0.97214072455865530  0.98142714970577016  0.99071357485288492  1.00000000000000000
 -0.00398924420606277  0.01527910557243717  0.03387782076658641  0.05087408526725509
  0.06450652364692427  0.07552069817217523  0.08402053119033973  0.09087834135341216
  0.09699470348235285  0.10325390737631755  0.11253599049865853  0.12467681289843964
  0.13566999669081040  0.14403228015857097  0.15115614665626201  0.15809575072243601
  0.16488967940799137  0.17225726821930015  0.18166637535751176  0.19401742025351901
  0.20710664152458200  0.22800905978556646  0.24914096397890739  0.26013658709533072
  0.26904899284732653  0.27273014631862330  0.27509509643687452  0.27797576597969459
  0.28435033805648813  0.29283478189446854  0.30190522314618595  0.31000533125856061
  0.31751015384755132  0.32361716223984793  0.33864680187688234  0.36330292881573600
  0.39105827460891496  0.41938104731554859  0.44668499695907832  0.46728710282627245
  0.48309720611601642  0.49503455020476284  0.50887377219086305  0.52300678143800428
  0.53551447499154059  0.55200918647348651  0.57241920142347924  0.59064548418111185
  0.60188457404033824  0.61054442659239760  0.62075011952630332  0.62871277636805845
  0.63526595299995825  0.64257931658588130  0.64982179982965016  0.65689081492311030
  0.66973347310168008  0.68417395705133566  0.69516947399465767  0.70852724478220930
  0.72239654569172596  0.73232903516526615  0.73989647661732016  0.74767674032644560
  0.75700032844096155  0.76778532654083176  0.77491381009500826  0.78188075763550835
  0.78706712457438743  0.79225349151326641  0.79671408300536994  0.80090854026661384
  0.80769663948408577  0.81965778876043305  0.82802121936595141  0.83158028436352238
  0.83409344764467486  0.83635501004970403  0.83869835152488603  0.84187822128028067
  0.84582454427128639  0.85002732078772170  0.85835607213118070  0.87077706193887039
  0.88583516540079332  0.90009963200262399  0.91257659437007610  0.92259083109685791
  0.93079197435304895  0.94090553268881938  0.95140905600968184  0.96046003278600578
  0.97065340069269912  0.98189478499955885  0.99140299438289725  1.00000000000000000
 -0.00515603997682461  0.00958682912648964  0.02555477537894110  0.04117693727868395
  0.04879918070635092  0.06256914175794610  0.07241259021202071  0.07713466419576345
  0.08120670341980758  0.08737841104845147  0.09442628506152503  0.10431344113857924
  0.11596140277800902  0.13946610272619361  0.16073834975235185  0.17933596049384473
  0.19489798380094212  0.20678038341562857  0.21718464116083805  0.22858675676534554
  0.23788495736200405  0.24570079649978852  0.25336590076788934  0.26118057949561141
  0.27329036659749401  0.29005566022675416  0.30704203369805400  0.31905304434241238
  0.32568926164220274  0.33155922786690201  0.33729614446256007  0.34520462971722699
  0.35170577547069032  0.36351978480277314  0.38163612979908634  0.39022407724731456
  0.39864649273817010  0.40733104868358450  0.42235200791880700  0.43946651358518574
  0.45365154121337875  0.46165346721712069  0.46847777610541558  0.47749345653934522
  0.48682520825648962  0.50749050704436138  0.52442016413591030  0.53914123254440449
  0.55043406464837941  0.56246072933612978  0.57149476402721788  0.58166154752113497
  0.58997381915536695  0.59796827065047164  0.60436948116402323  0.60970232251237233
  0.61693267175603916  0.62417483954887054  0.63128941423895668  0.63624441071407678
  0.64404098592182546  0.65482177584313916  0.66117678003592850  0.66620426563191470
  0.67226592178028644  0.68054488895649823  0.68508060639923007  0.68961632384196192
  0.69433768051615874  0.69910911580561652  0.70375112524245920  0.70802502429154213
  0.71229892334062506  0.72029268376381117  0.73069254927385019  0.74036863600928027
  0.75085371409020063  0.76522310603465427  0.78362839011760610  0.80386472172383316
  0.82052707834034344  0.83047631233271590  0.83781512141510006  0.84383234734790558
  0.84981156075812703  0.85725688352285667  0.86979927623138387  0.88938785187250791
  0.90411762855519318  0.91388802979628481  0.92172175061106731  0.93127506673220461
  0.94141972604791035  0.95545975120296389  0.97229657839348949  1.00000000000000000
 -0.00185499955558189  0.00732937839456783  0.01730838031936938  0.02433011722790293
  0.02840594665728603  0.03213793055458288  0.03594787814313150  0.03969599261061348
  0.04408746973321240  0.05455453946839380  0.06784680160401384  0.08547975594813735
  0.10317309595803775  0.12041554903823054  0.14649462132638524  0.16544222955229060
  0.17570989603507095  0.18232338711765433  0.18713949103907285  0.19331384163897183
  0.19995150396139175  0.20930751678927106  0.21843973462939742  0.22633750178935763
  0.23286327280419616  0.23918633200553663  0.24692017769488989  0.25542105511274504
  0.26470802514459379  0.27404425882596789  0.28591520584308350  0.29974922333011439
  0.31749788239992588  0.33670403534929699  0.35299411898158561  0.36558365363209072
  0.37457648988091469  0.38297211097058326  0.39173082480946259  0.40114997903159921
  0.41106048531900957  0.42179874888884261  0.43049162968536264  0.43813905457497387
  0.44577235452366609  0.45256386694006728  0.45851326015626387  0.46467116779145212
  0.47275692931903357  0.48233895882622335  0.49917437585574104  0.51861567207806780
  0.54033221265493903  0.55929112886277188  0.57125778878904532  0.58746337549645045
  0.60358198099535743  0.61903169579661299  0.63767142516686126  0.65988289763270802
  0.68710825737037040  0.71604681800992220  0.72747107392079657  0.73525096275324442
  0.74318354816932275  0.74734100586258811  0.75111370685523193  0.75668258532738752
  0.76370867823495125  0.77072697704881954  0.77767513053700466  0.78462328402518977
  0.79369702201849124  0.80397170534014373  0.81478893526018215  0.82357901204348016
  0.83265939948436252  0.84213858610351844  0.85100638190160571  0.85890449061331275
  0.86572683555032637  0.87302730151877417  0.88382280116655343  0.89245385320854043
  0.90034685677744331  0.90650426649067750  0.91548657682222079  0.92322207391512401
  0.93025661302486828  0.93700158037611914  0.94338622571473507  0.94929576780011649
  0.95512296085967552  0.96380010857135789  0.97914559376433585  1.00000000000000000
 -0.00385015970408849  0.01912236277992217  0.02995430139189809  0.04186810793702720
  0.05748711168836159  0.07654530739909167  0.08925151448836520  0.10019993574179129
  0.10760860677301011  0.11510136677859650  0.12523700972398907  0.13389350245299961
  0.14340253988957122  0.15279777890179072  0.16381419095270600  0.17918522283369703
  0.19286230857786327  0.20731336982305185  0.22550052536906653  0.24308441610292497
  0.26112231015871046  0.27802545107779031  0.29611097596057140  0.31528336899444614
  0.32724508057353607  0.33909517175021420  0.34906935366304898  0.35286199707306742
  0.35665464048308593  0.35963169479093737  0.36240258374598139  0.36514776929143455
  0.36785469177641628  0.37056161426139805  0.37835084672177571  0.38596475309676015
  0.39950453408815551  0.40812681497459646  0.41545621645705133  0.42229434704359953
  0.42976646659100393  0.44235871179075087  0.45346402786515361  0.46601167384160175
  0.48190112098975735  0.49062285723159804  0.49766036227141908  0.50360775003100366
  0.50949726970968112  0.51770409490132674  0.52563374343518454  0.53400207136935796
  0.54228414411588544  0.54958728438388682  0.55875071623929384  0.56700953743077531
  0.57695097517766003  0.58652784468582686  0.59441214523226815  0.60117521282922703
  0.60655581369587708  0.61265516767075978  0.62173637912310975  0.63625586447689086
  0.64974383647467271  0.66129584119309071  0.67155025597626405  0.68202601573865296
  0.69292099999061263  0.70310638609310883  0.71182513364770350  0.71830820641636195
  0.72541646483647970  0.73770412413374331  0.74780039927965569  0.75619813585204909
  0.76177506666352091  0.76551827111122506  0.76989679857590676  0.77516755819814298
  0.78278821044359359  0.79689878537435643  0.81421297223144251  0.82507692355429296
  0.83516730061796873  0.84297726127357930  0.85181147686154834  0.86177196995082550
  0.88054016831561743  0.90791332931341628  0.93017787747743086  0.94629365227907669
  0.95617710146067236  0.96997326363079184  0.98536862300913419  1.00000000000000000
 -0.00457309157892847  0.00226902239156051  0.00911113636204948  0.01595325033253845
  0.02186326956409910  0.02734973222077211  0.03283619487744512  0.04739829755048805
  0.06396304030979751  0.07811731914733869  0.09359502454058674  0.10798032791011071
  0.12472909291472647  0.14138958938006563  0.15860348770736427  0.17516854783840871
  0.19208214476893920  0.20218264470844999  0.21091683015003707  0.22192882802527422
  0.23572645470754325  0.24705456814198337  0.25767750786226362  0.26920399922321503
  0.27967137930435959  0.29011175099191316  0.29897465729377826  0.30849303956820368
  0.31919771495324495  0.33086125957974843  0.34408781279247669  0.35862752111352852
  0.37488499440265899  0.38562149403972168  0.39404306364871289  0.40111029739540516
  0.40819701449967999  0.41893845446715622  0.42877276304393830  0.43886380069428149
  0.45221735234032301  0.46635799964535168  0.47763878602557164  0.48586783683828966
  0.49126337014207477  0.49745101414397558  0.50273451990327522  0.50618158123401558
  0.50904379264987831  0.51184683063867942  0.51468879163364989  0.51719440847535625
  0.52162010268340842  0.53058710977643464  0.54618150940701127  0.56300400599660938
  0.57813670029192576  0.59723663376727398  0.61555260960714520  0.63128204932942023
  0.64273191514355144  0.65304119792235882  0.66152982954604356  0.66730999777529909
  0.67305546481794043  0.67950393030607892  0.68654484699616969  0.69699936467327694
  0.70836302495492376  0.72557640797633960  0.74474468625881807  0.76256266035329623
  0.77225975738576347  0.77996797069573975  0.78642178217238834  0.79055978045864672
  0.79665837182994748  0.80419232610183189  0.80956866344372147  0.81617252091973558
  0.82359040910711001  0.82971411831393260  0.83661121788798753  0.84720123917677936
  0.85366632955359567  0.85953076214147739  0.86800892252907413  0.88081539039861179
  0.89668732360707604  0.91625548846424498  0.93866725794765415  0.95267205430652779
  0.96564812035609926  0.97775165660714147  0.98914798733523068  1.00000000000000000
 -0.00945926353749821  0.04145865200788834  0.06683705239975665  0.09475705967927874
  0.12426009687768008  0.14896925441545425  0.17087447083032403  0.19556031974695337
  0.22276479105406177  0.24781574310669530  0.27212932621958197  0.29157921296219613
  0.30947150272751806  0.32462440849620899  0.33829525590365217  0.35210892535775457
  0.36634188946822094  0.37652903736283361  0.38260700812281762  0.38815790099555758
  0.39307993342846237  0.39809058004364128  0.40293638855741165  0.40761681963396684
  0.41225097712086067  0.41683165670254435  0.42427656235185746  0.43030827744196887
  0.43729135521121654  0.44590153471751875  0.45320716725371119  0.45927903889871702
  0.46403827935111674  0.46795573588982786  0.47306708399619213  0.48091301242764162
  0.49573249320012608  0.51159030689186447  0.52450192116986161  0.53273376727831068
  0.54108848326388292  0.54509822625045357  0.54837095674714320  0.55152211244126537
  0.55467326813538753  0.55942521261422284  0.56418480913245261  0.56929769051159318
  0.57648638771843319  0.58367508492527320  0.59702147977956688  0.62433830378316157
  0.64704315242184574  0.65569004724763702  0.66442603328053318  0.67031384979724407
  0.67706631767943370  0.68316579255775400  0.68814415570691423  0.69534947667755609
  0.70468193697883941  0.71572031089616817  0.72724087225964662  0.74109667775397481
  0.75752695677718473  0.77276183153662636  0.78141475360135659  0.78799520125009159
  0.79678281140796003  0.80873189341533136  0.82050492690516796  0.83587750262766758
  0.84867474252241837  0.85595297398872583  0.86290356220397380  0.86984198864697049
  0.87851250050814966  0.88429212999152718  0.88727851250500900  0.89073028802110910
  0.89475718802484305  0.89734414099970694  0.89985748210010930  0.90846528251419645
  0.91653404257774229  0.92624863270998181  0.93519387416530719  0.94642710509952865
  0.95610972951484929  0.96660606097739077  0.97650934539723366  0.98344625788992257
  0.98817621975371051  0.99266530314792811  0.99628047415678334  1.00000000000000000
 -0.00139527218529701  0.00640742757074705  0.01357322352538643  0.01960361432330241
  0.02577934306565211  0.03270316733564019  0.04080810290596288  0.05090044643003250
  0.06795055029556739  0.08882007330351546  0.10915963846480296  0.12585158102195276
  0.13692190745934685  0.14810562796346702  0.15861908612824460  0.16552679599509529
  0.17129271487285797  0.17778181071574764  0.18359887294069288  0.18954495696444040
  0.19554494800961114  0.20320145108190876  0.21275322395211896  0.22737621618620524
  0.24052957365940850  0.24781697607156875  0.25456707158164565  0.26148551656536623
  0.27077704860953888  0.28481276304507053  0.29566386562970692  0.30823679623952904
  0.32612228842544522  0.35334154754655228  0.37170829926716192  0.38938762654082537
  0.40297712725944723  0.41585642271817497  0.42785781523505106  0.44274387703205859
  0.45750270370212054  0.47275664165052322  0.48438420598049736  0.49222573027093308
  0.50374632953251686  0.51840323812608424  0.52971444059984374  0.53905572645280475
  0.54630839109012463  0.55373687355484680  0.56128879770907047  0.56665580821709371
  0.57071504916349070  0.57692060004559897  0.58844762427163155  0.60422475009832710
  0.62338407400971318  0.64003562190583541  0.65103411992808835  0.66098088479621164
  0.67005661033091979  0.67728056298855399  0.68053721722822924  0.68312467742758043
  0.68440069096708156  0.68567670450658269  0.68880612118187057  0.69209860029561510
  0.69760084981111647  0.70502627490219461  0.71354507429868397  0.72845263109266256
  0.73887742095312803  0.74808102633880025  0.75983594198890170  0.76996551688150305
  0.78253322856913787  0.79233953891545417  0.80201246516264080  0.81551241227450988
  0.83296442051530550  0.84901679954889320  0.86244152567807697  0.87445891517094376
  0.88591843526727176  0.89644240293008282  0.90478704913149666  0.91286118497142066
  0.92241870391207803  0.93248940164364447  0.94126681285429148  0.94986133704836362
  0.96008619271240159  0.97050496734828373  0.97973467001212200  1.00000000000000000
 -0.02988443644228144  0.13576569073471761  0.18124901765008944  0.21337963349644637
  0.22696859804863806  0.23783286039132778  0.24655142719591219  0.25688478855533969
  0.27175237689081616  0.29200903745149387  0.30318931095722301  0.30938180668533921
  0.31291481873127841  0.31644196357662646  0.32067148470508644  0.32393589934765982
  0.32943001995113758  0.33463733903831083  0.33949351849160719  0.34578701639514869
  0.35293900187971933  0.35956268628805710  0.36438616197071094  0.36834887853947929
  0.37182675060087278  0.37530097996806244  0.38006163531755022  0.38452298358299614
  0.38813438166585085  0.39131319085086846  0.39704889007413674  0.40126160119735671
  0.40527524136124271  0.40701920111343193  0.40891986254079254  0.41085901149173870
  0.41264834273886714  0.41443448337178634  0.41752585624787469  0.42282434293542914
  0.42730610380697659  0.43090901358837919  0.43457284575526650  0.43874638780737607
  0.44524837128870148  0.45290268633279551  0.45666963718343945  0.45988472130134400
  0.46256226624758473  0.46533486062079366  0.46767542087920044  0.47026914426837657
  0.47366680793792149  0.47839756194512556  0.48125353315509267  0.48283057342658608
  0.48446985261930336  0.48631830304585849  0.48816675347241362  0.49004137659541208
  0.49191862800670583  0.49560191522911501  0.50080652186814589  0.50563000664136992
  0.51133908871108846  0.51856680871128313  0.52740289353107361  0.53869430587259926
  0.54860431373624918  0.55835168726246776  0.56757964987950338  0.57576458068206982
  0.58300325542135734  0.58916759187789891  0.59398209856865014  0.60001629570622872
  0.60632463841022077  0.61100884094633057  0.61503080276828426  0.61893653931304471
  0.62243576330023087  0.62922832072760349  0.63865469137299846  0.64999304166122784
  0.66210521848913784  0.67295271493738207  0.68445758820004332  0.69912968163993949
  0.70948689380115060  0.72176135155107601  0.73515160600010532  0.75003889240978605
  0.77088033095047370  0.79606940945445248  0.82503640245296106  1.00000000000000000
 -0.00187088783619224  0.01098950518016137  0.02315142469781088  0.03176813653280117
  0.03787851736649189  0.04414763672028768  0.05488294593122429  0.06592255906295677
  0.07691661926738703  0.08856680816161966  0.10060233213647705  0.10808110881827791
  0.11581988094728971  0.12397975968701480  0.13400695280830702  0.14557346355294123
  0.15437612465879624  0.16198937713400249  0.16877707397224337  0.17742837968874017
  0.19093280686729053  0.20742840631428433  0.22479552643180864  0.24054775934989830
  0.25557583012583152  0.26643805145609889  0.27648372586111492  0.28681095641382992
  0.29832128739966879  0.31253565938668892  0.32596890045102644  0.33321821215183794
  0.33966337751329195  0.34580565786814926  0.35083001704975253  0.35764468134815491
  0.36449385300160347  0.36988190757934925  0.37547071442560437  0.38678015841065549
  0.39649030031832694  0.40530622233244507  0.41783223641590639  0.43901757868892249
  0.44930887864520763  0.46089580081240639  0.47162379117850051  0.48256091263818895
  0.49415296541531301  0.50605716114528287  0.51572504104391625  0.51898133352000986
  0.52223762599610335  0.52539814252137818  0.52845001457023577  0.53150188661909337
  0.53775173186684833  0.54418788755624181  0.55367372658021941  0.56835177702450623
  0.58283502224981720  0.59420848316031760  0.60976874471277098  0.62312768018979803
  0.63495092183928203  0.64509114265587764  0.65489201851373879  0.66429900996998215
  0.67505540844401257  0.68569577206029431  0.69678294866998713  0.71789050798853216
  0.73620655895368547  0.74356164464155161  0.74902252487661314  0.75466781365895230
  0.75981585055674927  0.76356465147330643  0.76750958766510202  0.77161808386287944
  0.77841282113420884  0.78616165060550214  0.79950392742534537  0.82555584576681262
  0.84032227805588422  0.85445216948258096  0.86824072211625491  0.88051730907629544
  0.89411986464351578  0.91089628875529394  0.92711003373390033  0.94310155771660320
  0.96124647147884068  0.97243221080926789  0.98500731341423875  1.00000000000000000
  0.58765190199971817  0.84180937599464301  0.87591857657827765  0.89197830415213231
  0.90102204779504369  0.91518208591603412  0.92481013419990465  0.92981770419983534
  0.93199780793963849  0.93349339003334797  0.93493781402559162  0.93626806340889668
  0.93759831279220163  0.93876477237359413  0.93990234213510249  0.94135871078108113
  0.94254704890740459  0.94323750970569908  0.94395844568569909  0.94487691966607634
  0.94573394319806270  0.94648826914191730  0.94725017889725205  0.94911508507698072
  0.95087475248458608  0.95242787210258617  0.95434031209867165  0.95647331582451056
  0.95808909412835708  0.95963715954956563  0.96041642372861957  0.96101540928046403
  0.96170421363078817  0.96250886024093030  0.96343638560790357  0.96436674055134686
  0.96502387909525400  0.96596627984337535  0.96730464793835191  0.96877163878973871
  0.97042618422108484  0.97104984155740104  0.97158312880293074  0.97209703161504524
  0.97267885873813154  0.97331907532117079  0.97390355255354688  0.97431404445169845
  0.97480992422314316  0.97530748425453195  0.97598196600620535  0.97681014451099368
  0.97773630956725166  0.97896912717735185  0.97972964673738261  0.98046722216936133
  0.98120251899400179  0.98185261677505575  0.98244620234823554  0.98298924591236414
  0.98356623732189763  0.98407646800795756  0.98451734326782958  0.98490457351249572
  0.98533384717383654  0.98586815290575402  0.98642909391616906  0.98686210258559282
  0.98716070947441914  0.98751616746679904  0.98792243872899055  0.98837584848883153
  0.98887749593907670  0.98934262870881795  0.98974359593922834  0.99005056846109940
  0.99032960516814461  0.99065420727075348  0.99100592605191096  0.99133870959741432
  0.99167484027058628  0.99203681246049369  0.99244817696059606  0.99289450838562543
  0.99335389599696933  0.99381015845905707  0.99426124645170966  0.99473548361168496
  0.99516288409457310  0.99565769436911389  0.99598886110903639  0.99637685155011935
  0.99688444345390859  0.99748194563193282  0.99813946893074179  1.00000000000000000
 -0.04310118740122341  0.20451306003115197  0.25134592200729100  0.27396277783276485
  0.28887679124869453  0.30575440193854475  0.32119359259959668  0.33661013306052207
  0.34913030060559885  0.36377623687045230  0.38095412404048040  0.40078047224948959
  0.42559108205126045  0.43876622779776736  0.44399058111963630  0.44768498914839899
  0.45159482387069749  0.45468282273673871  0.45681126797738031  0.46030068974124955
  0.46256733828310270  0.46495237920329469  0.46755789510977097  0.47368062730819877
  0.47781300873629973  0.48129780798854799  0.48689553243816192  0.49356220563971287
  0.49730940212634478  0.50054973166537864  0.50545812584251004  0.51542196381807992
  0.52656899978368832  0.53565131000749078  0.54322237634435433  0.55003891967398943
  0.55353765140692934  0.55703638313986914  0.56031913359406527  0.56353194017334884
  0.56672972133130950  0.56987137227421703  0.57301302321712455  0.57838953187291153
  0.58518067402836738  0.59250857973686843  0.60109755293437084  0.61055040438120634
  0.61668284516399652  0.62146841392064867  0.62565860925163408  0.62967568653812744
  0.63390881537211119  0.63986490775414828  0.64470538562439372  0.64870047265209940
  0.65246171357311167  0.65671839270149868  0.66043310517470954  0.66441457120919911
  0.66816077294794751  0.67544547486939110  0.68420751090862875  0.69337118029662403
  0.69861056202303529  0.70243763573458129  0.70661136597619212  0.71107636945827501
  0.71493588806841246  0.71809610036468152  0.72138223249293498  0.72501326181919568
  0.72941358594895145  0.73470967717201607  0.73997793407003087  0.74530921177551190
  0.75076226101597032  0.75506198542275882  0.75807463001207920  0.76099941388538672
  0.76598970160503066  0.77265287371093694  0.78068469549928554  0.79274887437020336
  0.81104089076199670  0.82859314794876715  0.83910832836755689  0.84795357937498239
  0.85472256078818964  0.85877542213476665  0.86390799923659123  0.87002295896079684
  0.87628462886114733  0.88301920564287228  0.89497999986327104  1.00000000000000000
   2.2396363977775863E-020  -1.0000000000000000     
 F F F F F F F F F F F F F F F F F F F F F F F F F F F F F F F F F F F F F F F F F F F F F F F F F F F F F F F F F F F F F F F F F F F F F F F F F F F F F F F F F F F F F F F F F F F F F F F F F F F F F F F F F F F F F F F F F F F F F F F F F F F F F F F F F F F F F F F F F F F F F F F F F F F F F F F F F F F F F F F F F F F F F F F F F F F F F F F F F F F F F F F F F F F F F F F F F F F F F F F F F F F F F F F F F F F F F F F F F F F F F F F F F F F F F F F F F F F F F F F F F F F F F F F F F F F F F F F F F F F F F F F F F F F F F F F F F F F F F F F F F F F F F F F F F F F F F F F F F F F F F F F F F F F F F F F F F F F F F F F F F F F F F F F F F F F F F F F F F F F F F F F F F F F F F F F F F F F F F F F F F F F F F F F F F F F F F F F F F F F F F F F F F F F F F F F F F F F F F F F F F F F F F F F F F F F F F F F F F F F F F F F F F F F F F F F F F F F F F F F F F F F F F F F F F F F F F F F F F F F F F F F F F F F F F F F F F F F F F F F F F F F F F F F F F F F F F F F F F F F F F F F F F F F F F F F F F F F F F F F F F F F F F F F F F F F F F F F F F F F F F F F F F F F F F F F F F F F F F F F F F F F F F F F F F F F F F F F F F F F F F F F F F F F F F F F F F F F F F F F F F F F F F F F F F F F F F F F F F F F F F F F F F F F F F F F F F F F F F F F F F F F F F F F F F F F F F F F F F F F F F F F F F F F F F F F F F F F F F F F F F F F F F F F F F F F F F F F F F F F F F F F F F F F F F F F F F F F F F F F F F F F F F F F F F F F F F F F F F F F F F F F F F F F F F F F F F F F F F F F F F F F F F F F F F F F F F F F F F F F F F F F F F F F F F F F F F F F F F F F F F F F F F F F F F F F F F F F F F F F F F F F F F F F F F F F F F F F F F F F F F F F F F F F F F F F F F F F F F F F F F F F F F F F F F F F F F F F F F F F F F F F F F F F F F F F F F F F F F F F F F F F F F F F F F F F F F F F F F F F F F F F F F F F F F F F F F F F F F F F F F F F F F F F F F F F F F F F F F F F F F F F F F F F F F F F F F F F F F F F F F F F F F F F F F F F F F F F F F F F F F F F F F F F F F F F F F F F F F F F F F F F F F F F F F F F F F F F F F F F F F F F F F F F F F F F F F F F F F F F F F F F F F F F F F F F F F F F F F F F F F F F F F F F F F F F F F F F F F F F F F F F F F F F F F F F F F F F F F F F F F F F F F F F F F F F F F F F F F F F F F F F F F F F F F F F F F F F F F F F F F F F F F F F F F F F F F F F F F F F F F F F F F F F F F F F F F F F F F F F F F F F F F F F F F F F F F F F F F F F F F F F F F F F F F F F F F F F F F F F F F F F F F F F F F F F F F F F F F F F F F F F F F F F F F F F F F F F F F F F F F F F F F F F F F F F F F F F F F F F F F F F F F F F F F F F F F F F F F F F F F F F F F F F F F F F F F F F F F F F F F F F F F F F F F F F F F F F F F F F F F F F F F F F F F F F F F F F F F F F F F F F F F F F F F F F F F F F F F F F F F F F F F F F F F F F F F F F F F F F F F F F F F F F F F F F F F F F F F F F F F F F F F F F F F F F F F F F F F F F F F F F F F F F F F F F F F F F F F F F F F F F F F F F F F F F F F F F F F F F F F F F F F F F F F F F F F F F F F F F F F F F F F F F F F F F F F F F F F F F F F F F F F F F F F F F F F F F F F F F F F F F F F F F F F F F F F F F F F F F F F F F F F F F F F F F F F F F F F F F F F F F F F F F F F F F F F F F F F F F F F F F F F F F F F F F F F F F F F F F F F F F F F F F F F F F F F F F F F F F F F F F F F F F F F F F F F F F F F F F F F F F F F F F F F F F F F F F F F F F F F F F F F F F F F F F F F F F F F F F F F F F F F F F F F F F F F F F F F F F F F F F F F F F F F F F F F F F F F F F F F F F F F F F F F F F F F F F F F F F F F F F F F F F F F F F F F F F F F F F F F F F F F F F F F F F F F F F F F F F F F F F F F F F F F F F F F F F F F F F F F F F F F F F F F F F F F F F F F F F F F F F F F F F F F F F F F F F F F F F F F F F F F F F F F F F F F F F F F F F F F F F F F F F F F F F F F F F F F F F F F F F F F F F F F F F F F F F F F F F F F F F F F F F F F F F F F F F F F F F F F F F F F F F F F F F F F F F F F F F F F F F F F F F F F F F F F F F F F F F F F F F F F F F F F F F F F F F F F F F F F F F F F F F F F F F F F F F F F F F F F F F F F F F F
  <DiscreteSampler_grid>
  grouped_processes
  1 # 1 for a reference and 2 for a running grid.
  10 # Attribute 'min_bin_probing_points' of the grid.
  1 # Attribute 'grid_mode' of the grid. 1=='default',2=='initialization'
  0.0000000000000000 # Attribute 'small_contrib_threshold' of the grid.
  0.5000000000000000 # Attribute 'damping_power' of the grid.
 # binID   n_entries weight   weight_sqr   abs_weight
    61   10   8.948013225004551E-023   6.261619111470586E-044   8.948013225004551E-023
    62   10   8.948013225003933E-023   6.261619111470175E-044   8.948013225003933E-023
    64   10   1.789602645000910E-022   2.504647644588234E-043   1.789602645000910E-022
    65   10   1.789602645000787E-022   2.504647644588070E-043   1.789602645000787E-022
    67   10   1.404969919466152E-022   1.718312773369800E-043   1.404969919466152E-022
    68   10   1.404969919465997E-022   1.718312773369792E-043   1.404969919465997E-022
    70   10   2.809939838932303E-022   6.873251093479201E-043   2.809939838932303E-022
    71   10   2.809939838931995E-022   6.873251093479169E-043   2.809939838931995E-022
    106   10   8.837683542161777E-023   7.116247640669057E-044   8.837683542161777E-023
    107   10   8.837683542161409E-023   7.116247640668428E-044   8.837683542161409E-023
    109   10   1.767536708432355E-022   2.846499056267623E-043   1.767536708432355E-022
    110   10   1.767536708432282E-022   2.846499056267371E-043   1.767536708432282E-022
    112   10   3.171557036555081E-022   4.606572352823533E-043   3.171557036555081E-022
    113   10   3.171557036554728E-022   4.606572352823209E-043   3.171557036554728E-022
    115   10   6.343114073110163E-022   1.842628941129413E-042   6.343114073110163E-022
    116   10   6.343114073109456E-022   1.842628941129284E-042   6.343114073109456E-022
    151   10   8.948013225004494E-023   6.261619111470525E-044   8.948013225004494E-023
    152   10   8.948013225004304E-023   6.261619111470189E-044   8.948013225004304E-023
    154   10   1.789602645000899E-022   2.504647644588210E-043   1.789602645000899E-022
    155   10   1.789602645000861E-022   2.504647644588076E-043   1.789602645000861E-022
    157   10   1.404969919466147E-022   1.718312773369785E-043   1.404969919466147E-022
    158   10   1.404969919466066E-022   1.718312773369786E-043   1.404969919466066E-022
    160   10   2.809939838932294E-022   6.873251093479141E-043   2.809939838932294E-022
    161   10   2.809939838932132E-022   6.873251093479144E-043   2.809939838932132E-022
    196   10   8.837683542161566E-023   7.116247640668907E-044   8.837683542161566E-023
    197   10   8.837683542161286E-023   7.116247640668464E-044   8.837683542161286E-023
    199   10   1.767536708432313E-022   2.846499056267563E-043   1.767536708432313E-022
    200   10   1.767536708432257E-022   2.846499056267386E-043   1.767536708432257E-022
    202   10   3.171557036554881E-022   4.606572352823406E-043   3.171557036554881E-022
    203   10   3.171557036554414E-022   4.606572352823028E-043   3.171557036554414E-022
    205   10   6.343114073109762E-022   1.842628941129362E-042   6.343114073109762E-022
    206   10   6.343114073108829E-022   1.842628941129211E-042   6.343114073108829E-022
  </DiscreteSampler_grid>
