  0.00316521547092854  0.01258749957120337  0.02399912371383395  0.03859365620103018
  0.05047097280595838  0.06012687462561989  0.06756654921513545  0.07390102493423524
  0.08336008880916047  0.09337934969367435  0.10261949454859562  0.11058118968505161
  0.11855095007664702  0.12842155444046000  0.14074161590643297  0.15278936762066589
  0.16605127392942731  0.17917091301817270  0.19043864991814241  0.20217720575216139
  0.21242924472866406  0.22133453686433130  0.23042861720812449  0.24021195935919723
  0.25055455272068322  0.26105307278555950  0.27207262952488048  0.28375273272703994
  0.29520916705910377  0.30518024557870188  0.31604606091802856  0.32629947436372186
  0.33523084768155942  0.34453402357274981  0.35516370796253005  0.36751622228196018
  0.37822845784152387  0.38800968801913116  0.40000886467227342  0.41347618154245397
  0.42442502127487214  0.43273381081788492  0.44163624595372153  0.45101481692179102
  0.46209642516443000  0.47490599096637243  0.48854961070326125  0.50178586487401500
  0.51390972453131800  0.52668105984306746  0.53830800466556317  0.54883927669933530
  0.55946671671074977  0.57386346740083694  0.59000467564010395  0.60196476688525247
  0.61163477902773455  0.61960889537073505  0.62804804434539352  0.63625860472496110
  0.64587144877327551  0.65444075710043281  0.66303983023510948  0.67217761550512356
  0.68091502222637712  0.69145788237207950  0.70220151000455056  0.71295507924540824
  0.72560481210123384  0.73825145260546854  0.75306714054804635  0.76745731474898871
  0.78243025729686977  0.79399692064961813  0.80341994060215505  0.81373589708714189
  0.82759168385725401  0.84333036894949354  0.85550473101715185  0.86364560444622995
  0.87162138936568290  0.87963117848908878  0.88736722126819467  0.89630293517352644
  0.90673506620826139  0.91534582727634450  0.92322551975178668  0.93258672900544737
  0.94253347869566939  0.95148466723356007  0.95929811499717066  0.96728223209025010
  0.97520610831174515  0.98255116935931919  0.99083061422074692  1.00000000000000000
  0.00005389167553987  0.00005476725643375  0.00005544316249809  0.00005603728919674
  0.00005654622705171  0.00005708828086836  0.00005789694248866  0.00005875325940670
  0.00005958649360090  0.00006037191891763  0.00006130815640728  0.00006209407246405
  0.00006278238016289  0.00006342060831925  0.00006405593815409  0.00006470789002814
  0.00006543102075102  0.00006632316535175  0.00006722256771113  0.00006827017050712
  0.00006955826311666  0.00007097527777853  0.00007227150791380  0.00007350294252816
  0.00007497564485746  0.00007668813998216  0.00007860341580511  0.00008071127739946
  0.00008284918027833  0.00008479563425611  0.00008682843031148  0.00008840050490755
  0.00008984034419737  0.00009126038971217  0.00009267110615085  0.00009395629846894
  0.00009531340068919  0.00009678884857948  0.00009827998986803  0.00010159257427124
  0.00010449297787993  0.00010740064875463  0.00011046007785113  0.00011404594346895
  0.00011811069605881  0.00012189826213996  0.00012518903308142  0.00012805263004352
  0.00013129198364486  0.00013493908995781  0.00013913003013045  0.00014486056508948
  0.00015025744530389  0.00015635288882108  0.00016281904829326  0.00016961506444636
  0.00017972121819156  0.00019043957672214  0.00020186745467645  0.00021409584865499
  0.00022729765776611  0.00024415091861870  0.00026657721069619  0.00029086197562125
  0.00031450012225548  0.00034048193395043  0.00036688606479813  0.00039182482918360
  0.00041465799212315  0.00043921919830263  0.00046965845578013  0.00051218140364174
  0.00057385879922085  0.00064359841113421  0.00072261151652925  0.00081936125985135
  0.00090496016398429  0.00098845283435569  0.00108726250757385  0.00122320993405531
  0.00140098624183071  0.00159537718032030  0.00177588979380880  0.00196244334461673
  0.00219501400948918  0.00245275017783202  0.00276739823753410  0.00321190879119222
  0.00378287884564666  0.00465322043989201  0.00618036345390159  0.00755374181511613
  0.01017900360674843  0.01464401086425537  0.16442817622930991  1.00000000000000000
  0.00251096681434865  0.01123685524291522  0.02218154211710387  0.03457465333062224
  0.04565710268144868  0.05757835051672761  0.06858020236424156  0.07893743889128726
  0.08850667066516292  0.09758798221585098  0.10578411254348748  0.11300465051371343
  0.12075364593817726  0.13212577140009291  0.14805113798645450  0.15825553776625331
  0.16720381683983168  0.17476756340578667  0.18339367854255373  0.19154968147849666
  0.19877558838950082  0.20609758841916359  0.21482046351737671  0.22634122032102091
  0.24032838245993068  0.25485116585027795  0.26538991889486657  0.27384147747668708
  0.28264804895441414  0.29173513540935880  0.30338678288910997  0.31684418583478186
  0.32939200493216148  0.34330729506319313  0.35661682930333433  0.36997977562197626
  0.38368911615205187  0.39865124080891734  0.41490945686756164  0.43095201304964809
  0.44546554542909333  0.45771774711973162  0.46767584141588481  0.47610708971493171
  0.48353485719442635  0.49058207940061893  0.49762945267470432  0.50504655533952814
  0.51232049395209223  0.51853530025404948  0.52521897397856621  0.53383414241501259
  0.54474781119419879  0.55606009505823806  0.56826293838911146  0.58177093784167833
  0.59494137699375205  0.60939457617965420  0.62357258352879530  0.63610364926168639
  0.64615063704530362  0.65581973067634403  0.66457338754096318  0.67149286329044289
  0.67883955151637176  0.68625281184469611  0.69333932243578267  0.70396109107598193
  0.71362368302636492  0.72162164001790385  0.73011391606161979  0.74017148564305679
  0.75248575806203188  0.76623414929901990  0.78419222756961715  0.80106233489139356
  0.81634049137431464  0.83117718284419528  0.84695702975418563  0.86224542721808051
  0.87588025679285508  0.88841915845865038  0.89946384857763872  0.90764150915830055
  0.91544082153524842  0.92289060500739351  0.93045560054024867  0.93947458929254202
  0.95188091584594958  0.96198028679837355  0.97121359965745557  0.97717587578765730
  0.98279393157494788  0.98850545805049816  0.99150167360238672  1.00000000000000000
  0.00870243352224385  0.01915500693232215  0.02784403062093228  0.03622530766101021
  0.04437571989160814  0.05382989924579978  0.06330256666325092  0.07263818363553380
  0.08020704652296004  0.08644397141921074  0.09488249038027986  0.10413350273403366
  0.11521080303073497  0.12816746315019614  0.13935638139377721  0.15001778367605995
  0.16025105282288762  0.17293363867194828  0.18696413128166278  0.19729499844343915
  0.20729500494087538  0.21786995935295536  0.22773234074329238  0.23659767989439359
  0.24525688824548555  0.25243420268192890  0.26629276400634699  0.28245175352171753
  0.29922785166319671  0.31346150351380930  0.32593492744436420  0.33694821396534796
  0.34644727275249321  0.35516804040426803  0.36437305097628070  0.37463183431066971
  0.38368545180514291  0.39260839388677943  0.40186505326907418  0.41383726518524472
  0.42836783162373276  0.44390831101546852  0.45571251151062114  0.46485196323941480
  0.47590594594958452  0.48880330975468428  0.50092722927122679  0.51136196422468116
  0.52215713112245588  0.53447129230700119  0.54828606198246321  0.55987615661327994
  0.56788110579659368  0.57387457500253303  0.57988880248638275  0.58580724289967934
  0.59457153648405481  0.60447918373663234  0.61439906914677911  0.62485600764008575
  0.63453263975606378  0.64451830194562709  0.65523543682708751  0.66633678352597281
  0.67725791429828996  0.68752859555828982  0.69875077482589776  0.70820084212257395
  0.71697401409521722  0.72563530974618740  0.73626672384187319  0.74642627964040886
  0.75528957514555195  0.76442375749158198  0.77414766372691657  0.78476054486652924
  0.79620601230343813  0.80642612905403255  0.81790730466521555  0.82910731674087912
  0.83864289315979212  0.84764354010967313  0.85642544331062531  0.86566362452932921
  0.87786484957278133  0.89322596514047958  0.90966029308945462  0.92528308893908218
  0.93868955586497937  0.95192622106930058  0.96104635786580950  0.96967252850943175
  0.97798873148194088  0.98605202710479611  0.98989464166238372  1.00000000000000000
  0.00016896806376505  0.00020823261253675  0.00022768799586489  0.00024084090571496
  0.00025184293631278  0.00026182849050402  0.00027186497068867  0.00028246545706559
  0.00029207543163650  0.00030013759454386  0.00030806207372408  0.00031608069871028
  0.00032399137691381  0.00033159310040387  0.00034090357078890  0.00035052928141460
  0.00036038786728751  0.00037046489217524  0.00038085681237935  0.00038967861045772
  0.00039822782947742  0.00040654516968074  0.00041375115592235  0.00042131593547892
  0.00042956044008272  0.00043780987704864  0.00044606208585734  0.00045588275257785
  0.00046636758218440  0.00047759972398474  0.00048959455367799  0.00050317508555417
  0.00051744041092962  0.00053310620843183  0.00055145766432635  0.00056916759761165
  0.00058517186858465  0.00060056223878327  0.00061644588573634  0.00063164570462495
  0.00064415628372684  0.00065410475547243  0.00066524908805303  0.00067641524851749
  0.00068787695008607  0.00069895862909011  0.00071673382946969  0.00073315628534023
  0.00075076629568536  0.00077105168439686  0.00079339466104979  0.00081996152677734
  0.00084922909321880  0.00088043246597657  0.00091461807292834  0.00094427918063147
  0.00097450699141557  0.00100337513875987  0.00103695371877034  0.00107874057810322
  0.00110501185619724  0.00113493936009940  0.00117452782045030  0.00123013758431214
  0.00131139372416398  0.00139377229694342  0.00147148627576535  0.00154741005969712
  0.00163056468163148  0.00171670574223978  0.00180565690607833  0.00189755716666161
  0.00198670100925073  0.00208174203863463  0.00220061821238233  0.00235008994923498
  0.00248509555732270  0.00257503983696253  0.00266935145113616  0.00281962546129621
  0.00305496946451992  0.00332287285706914  0.00371766890321400  0.00433474547865803
  0.00478814383610181  0.00515700516051211  0.00554971134652680  0.00608199313536169
  0.00640178278033401  0.00673729326607245  0.00735850526047501  0.00877540644563724
  0.01117395401724749  0.01613838144503201  0.13462051186567478  1.00000000000000000
  0.00001518111716087  0.00001983366746256  0.00002032995093691  0.00002081365999106
  0.00002124481550087  0.00002163970855796  0.00002204629840820  0.00002256632073672
  0.00002308634306524  0.00002424318634589  0.00002584955056165  0.00002695709470360
  0.00002770822014464  0.00002857387676562  0.00002917443581967  0.00002963195903634
  0.00003009157846685  0.00003055734953334  0.00003101407123477  0.00003171528755378
  0.00003253952989934  0.00003320284256555  0.00003378598801113  0.00003439239577570
  0.00003503124447161  0.00003559468788563  0.00003613321624904  0.00003678460126380
  0.00003762984440943  0.00003865294006606  0.00003958237903090  0.00004141303435462
  0.00004306285552421  0.00004454067046635  0.00004592838378685  0.00004740008693943
  0.00004917521398397  0.00005100842834295  0.00005289568599740  0.00005471332649435
  0.00005655213849695  0.00005822746411007  0.00005981944799313  0.00006120064682293
  0.00006230900505678  0.00006338434715781  0.00006458612195719  0.00006604507044621
  0.00006757093476550  0.00006923967547277  0.00007095655343755  0.00007286551610729
  0.00007506079913812  0.00007748496865311  0.00008005593960231  0.00008276611454413
  0.00008578711976966  0.00008905936639495  0.00009233893012490  0.00009573016562280
  0.00009986418417863  0.00010513876778200  0.00011165520596595  0.00011881939314189
  0.00012657693000010  0.00013615880740021  0.00014621801897903  0.00015746000302432
  0.00016998879354825  0.00018553900964471  0.00020540591469815  0.00022937407947700
  0.00025653866646980  0.00028326692175850  0.00031395095011946  0.00035273121197004
  0.00040035153250460  0.00045408603798154  0.00051721657645588  0.00058626096681027
  0.00066111426356526  0.00073204359739187  0.00081177317607788  0.00089982452726856
  0.00098355635208680  0.00106264562773816  0.00116510292163278  0.00128081016114194
  0.00143636259409713  0.00177156148450331  0.00233482071160770  0.00304222710505939
  0.00391584988284627  0.00462285573752849  0.05688159224585259  1.00000000000000000
  0.00004936408618482  0.00005249136239891  0.00005479279252124  0.00005655074320690
  0.00005828220554802  0.00005992674319552  0.00006149875319832  0.00006301721967137
  0.00006551431167152  0.00006826143643698  0.00007018421394552  0.00007232735052793
  0.00007435582436568  0.00007601210415270  0.00007762535438582  0.00008014751889204
  0.00008412569157961  0.00008693550258425  0.00008892614897584  0.00009077352172312
  0.00009293697827096  0.00009535116455397  0.00009922716716567  0.00010194378147483
  0.00010378228850613  0.00010550877342119  0.00010732469438254  0.00010967890770425
  0.00011275265366298  0.00011568278929399  0.00011795047678919  0.00012090748205553
  0.00012443906089169  0.00012862604628060  0.00013317367943740  0.00013760312607675
  0.00014181811600065  0.00014629852734673  0.00015081832160574  0.00015533293880131
  0.00016003041310037  0.00016440746188763  0.00016872759924121  0.00017405613599968
  0.00018000219963962  0.00018632450056796  0.00019324267530872  0.00020082449492214
  0.00020892276578151  0.00021689391067314  0.00022791562092326  0.00024079896216034
  0.00025972800670078  0.00027994833212229  0.00030374935653931  0.00033342984854269
  0.00036593196072511  0.00039989402140582  0.00043641624592349  0.00047363954486389
  0.00051032190499518  0.00054775201637714  0.00059054732100413  0.00063407147684631
  0.00067448796440263  0.00071252996646676  0.00075457504996988  0.00080797293100560
  0.00087738352789738  0.00094829700427135  0.00102160395943071  0.00110376722725701
  0.00120068707824143  0.00132104365745965  0.00143450932668968  0.00154294777640487
  0.00165612645919220  0.00176017866485035  0.00186042343371904  0.00200660024117976
  0.00213584575546015  0.00229895572551185  0.00247518314554744  0.00272436726013989
  0.00305351172884595  0.00342536557812741  0.00377558628660323  0.00409039406415787
  0.00446705638993006  0.00488038473338204  0.00549034671634601  0.00637433869319879
  0.00892035155386100  0.01298685137429043  0.08247569915593730  1.00000000000000000
 -0.00247193252043094  0.01152456432952840  0.02348036040133310  0.03283340422933931
  0.04089266962355109  0.04903904088510370  0.05741455050260239  0.06607673697118267
  0.07476011097948199  0.08390037606289576  0.09085661592792769  0.09781530962678785
  0.10476116513423434  0.11275691857566060  0.12079474023922959  0.12875425217913727
  0.13664722982798777  0.14319733437366503  0.14897600815900436  0.15513251080590890
  0.16131958430817595  0.16866146432734591  0.17725152752328308  0.18642416212168147
  0.19688424147876052  0.20609648235022843  0.21588613381922547  0.22578943021546927
  0.23404362599796139  0.24479945429957120  0.25436460407419237  0.26382970447396265
  0.27176594462746601  0.27960550271290363  0.28802263707045017  0.29787467353211272
  0.30996166432654465  0.32430827692728076  0.33593364689410282  0.34739432121844349
  0.35751618772861499  0.36740079791332819  0.37619765719795722  0.38493367724424826
  0.39356100304790248  0.40173695800170645  0.40963102696269366  0.41766487815843822
  0.42616430206392830  0.43513100579404451  0.44410733119234691  0.45206331697133106
  0.45991610098368702  0.46793755714360896  0.47547697582686993  0.48402660988269913
  0.49421235356179494  0.50426686661312758  0.51375138186974734  0.52188011586612426
  0.53038998065335197  0.53976857005793033  0.55064317906665594  0.56164835018334813
  0.57007797902963786  0.57844488613672373  0.58710569227606080  0.59541917161978963
  0.60297416211409294  0.61275585628169638  0.62110522624919517  0.62886569808357107
  0.63723421673620539  0.64608527983124286  0.65917106140742621  0.67019778044927047
  0.68318647619872719  0.69676496338788207  0.71410990035634636  0.73246105024878705
  0.74714491321996790  0.76017963033468017  0.77356204788994043  0.78796429702040360
  0.80242699078938740  0.81615026420510906  0.82915418559794052  0.84078557281428579
  0.85362108010801774  0.86871315074729449  0.88618059952408490  0.90321952319635523
  0.92108734110643864  0.94242297443904233  0.96891699451317836  1.00000000000000000
 -0.00159602898808870  0.00748410703761861  0.01734116480327177  0.02851133560099712
  0.03798354957920608  0.04769074206370257  0.05716641410303235  0.06900212361126327
  0.08315067562498693  0.09720116529197981  0.11149117103839104  0.12541804704158743
  0.13461453730543291  0.14250535984450205  0.14918090776522672  0.15634640967760965
  0.16500546626997120  0.17417620738495385  0.18611325951190860  0.19835777601090399
  0.20992395311951448  0.22133175213655734  0.23378516037386377  0.24503986310697345
  0.25682731801467668  0.26785686699217842  0.27755149348773472  0.28491116725848975
  0.29286428734979297  0.30111333318097572  0.30809328622689847  0.31499070318374361
  0.32333954453497049  0.33605736731938085  0.35157456897203326  0.36540917745807550
  0.37864300893690922  0.38985366970297475  0.39898496206341960  0.40593340886297780
  0.41346060308817023  0.42371004868948586  0.43286585587349802  0.44153576976998293
  0.44816120275188165  0.45416507798083333  0.46349119412322015  0.47626093018631033
  0.48960163369982884  0.50299086580825336  0.51699346786256184  0.53220677309808118
  0.54544959837760443  0.55613357445069000  0.56534087489169937  0.57568011082339832
  0.58571525784995704  0.59635223018919048  0.60666887819552406  0.61734779782033800
  0.63066876057347110  0.64401706679574688  0.65661132323862259  0.66932300524467903
  0.68195762754182498  0.69634894366704292  0.70988359349987185  0.72074301759374859
  0.73147048305227247  0.74163986434626517  0.75207124149803495  0.76250334194243397
  0.77153886658414705  0.77958194554402727  0.78756126458342768  0.79557188504630116
  0.80149298852754858  0.80700784136164816  0.81247311204798811  0.82011318840991199
  0.82919827149385694  0.84024220453865339  0.85344860461464156  0.86765955488465607
  0.88022112261840613  0.88911606492869499  0.89762667345605818  0.90696172917376860
  0.91698450838204093  0.92647234819947100  0.93569509865448963  0.94614513420619917
  0.95814886424885604  0.97183311992542654  0.98585915933713086  1.00000000000000000
 -0.00164526851359242  0.00702967046549777  0.01622542259706361  0.02713796311423899
  0.03782435319739975  0.04608743031499198  0.05311290839142041  0.05941201839909851
  0.06557541827195613  0.07325694200243878  0.08235763181450415  0.09255585576901300
  0.10265979652723958  0.11320793074048599  0.12513540780700044  0.13461216749805616
  0.14314623510824598  0.15116080627592057  0.16104104516178555  0.17236374116777531
  0.18237083018468070  0.19184850907193315  0.19998563682020304  0.20646877364636976
  0.21322670245554989  0.22084374240813759  0.22993616684360055  0.24751887951883980
  0.26627600036136562  0.27920930220427659  0.28763382748108030  0.29643534894370838
  0.30571319275488579  0.31693041059159172  0.33169472238901859  0.34799830616194088
  0.36157009361005721  0.37006221477966428  0.37843386812855762  0.38646883734670789
  0.39427260215087945  0.40312728357378969  0.41085947221560382  0.41868292889750514
  0.42729799054857032  0.43706093130725870  0.44754021392279691  0.45643286801487060
  0.46287942223349282  0.46840900427061538  0.47455007290727236  0.48196276523729720
  0.49075875249900158  0.50397404798728052  0.51411150531420702  0.52273703598808008
  0.53198035490309958  0.54320566193890496  0.55464642938249709  0.56424560783291122
  0.57287061013140506  0.58113794725789492  0.58947950570680585  0.59828601643794332
  0.60798180406937952  0.61717334574536076  0.62717479410736765  0.63741636793281409
  0.64807164231964798  0.65938855235927007  0.66986195749938393  0.68193620185724235
  0.69643087475077126  0.71358023092055867  0.72949231727016361  0.74543200119609976
  0.75808248792664590  0.76962689405885720  0.78152517495990204  0.79194648558606862
  0.80081844117117140  0.80850455407997812  0.81803340674578306  0.83011528973585658
  0.84036144092286802  0.85176890815776485  0.86256763666313563  0.87501416091353146
  0.88956198910724704  0.90651616636222143  0.91859115488089926  0.93082102246340992
  0.94450140339208344  0.96007225112177874  0.97764710374855202  1.00000000000000000
 -0.00257428420862999  0.01120578705679524  0.02258796472283174  0.03246465935518544
  0.04271243180040205  0.05297239171627410  0.06339054782796877  0.07530174334211805
  0.08459409694720847  0.09172330489748419  0.09880189527897340  0.10647549123946415
  0.11552525133129100  0.12628418898543767  0.13651689784576035  0.14630102068167250
  0.15840881362837436  0.16760722617989354  0.17628274281171549  0.18606846455742643
  0.19624006086609050  0.20726931411125860  0.21878200087820504  0.22864328363296482
  0.23749708980409956  0.24438074284814776  0.25095625112980668  0.25751702332502702
  0.26743146915301480  0.27985981456590492  0.29324662273642349  0.30370476720925232
  0.31477514142051927  0.32567355257228092  0.33797284216311885  0.35314273091354764
  0.36786945897122775  0.37855842887189300  0.39080983817803505  0.40178587167764146
  0.41541214840159191  0.42933151267970371  0.44305152304926948  0.45519517160143125
  0.46664427411851511  0.47769974437743162  0.48937995955605679  0.49934524291657473
  0.50902303660400428  0.51776182121147118  0.52482525636430633  0.53134883924298126
  0.53781633073281154  0.54450501470850710  0.55216852032256092  0.55973159825763230
  0.56907949851287865  0.58239854947222236  0.59841012081255796  0.61353281058116593
  0.62730553772012110  0.63907551105791882  0.65199053506495708  0.66525200360600190
  0.67848755862743482  0.69161621444077448  0.70533754213286481  0.72128110607818385
  0.73779132953638726  0.75409422014038363  0.76936494189669657  0.78291809724152750
  0.79367062962873125  0.80241425530437538  0.81021577470007988  0.81820424584557216
  0.82621201013307077  0.83431614412261534  0.84304822338075258  0.85101252406089445
  0.86028336823888807  0.87029895688580727  0.87828836393211362  0.88614901541104441
  0.89726099142743376  0.91067403839184369  0.92350972139388232  0.93263138265935541
  0.94062640635677630  0.94959686668448406  0.95863263095247897  0.96725927248316723
  0.97619928842841552  0.98350034857409629  0.99087676563187244  1.00000000000000000
 -0.00239876335951455  0.00552492530593939  0.01319574359993267  0.02068400835734515
  0.03092028668172525  0.04137510050812152  0.05035118856512329  0.05990819054407791
  0.06763309071699768  0.07576662659675240  0.08614242549427806  0.09920212564476774
  0.11066084152270732  0.12115261462026641  0.13168994449235544  0.14220521271483411
  0.15222231648208592  0.16090077687984100  0.17030082713716629  0.17946649383257388
  0.18878071990961645  0.19751479073596223  0.20641164026282957  0.21700371730054385
  0.22639992557013144  0.23300590766080653  0.23930347016898251  0.24594568771188888
  0.25354463438754399  0.26079974582068238  0.26967540041225557  0.27825455634250656
  0.28603769211276087  0.29325158549935509  0.29973494566001990  0.30685824970027048
  0.31467688932570032  0.32270250815349338  0.33034081799867543  0.33772124441601570
  0.34512871912371473  0.35316795146418634  0.36284836424271338  0.37252542217413143
  0.38189854795505518  0.39059415694175265  0.39832568098905241  0.40562086471675907
  0.41336109985104957  0.42198965104090375  0.43161966052911549  0.43935059482744759
  0.44604053027321766  0.45294781690324193  0.46127287863578614  0.47156261474140543
  0.48135035421729638  0.49005538821344197  0.49869296525351020  0.50756038250525226
  0.51658335349605189  0.52634018730074017  0.53751528636555701  0.54771160293956711
  0.55562498349734146  0.56215958377520459  0.56926067485211018  0.57627983646201308
  0.58384009895360411  0.59375923708838041  0.60491732639053919  0.61644249793210870
  0.62569078728153105  0.63617507545280882  0.64633129783211440  0.65701705880252081
  0.66968772653108710  0.68587212304367784  0.70101711275893031  0.71495767894948958
  0.72689740593387664  0.73948846793832845  0.75571780419998991  0.77912055639882538
  0.80017329311061158  0.81713403243733340  0.83379274641067513  0.84693357263261904
  0.85803651602026010  0.87088765182541750  0.88643825318743619  0.90679978600228173
  0.93205930524652492  0.95385204367089693  0.97392626483051781  1.00000000000000000
 -0.00265666754232668  0.01024917406147863  0.02041858257176948  0.03130853723134371
  0.04152475624472230  0.05028981342172659  0.05832572160516507  0.06613371169034049
  0.07341609506719367  0.08297115748972535  0.09233131447687055  0.10154194165434864
  0.11025655716736238  0.11903178459763256  0.12963525440833495  0.13922553742398211
  0.14691653101851040  0.15372585700355090  0.16030987504842201  0.16678390622678629
  0.17393931152652800  0.18213812732813672  0.19118580573392238  0.20076550499662216
  0.21265307356508151  0.22269205241106693  0.23403121538475205  0.24601262414286709
  0.25871834046662728  0.27145203728175560  0.28456977469388695  0.29826113933822013
  0.31194741208379367  0.32853958692861313  0.34458787664012269  0.35807821762069264
  0.37030657884646673  0.38307304928552538  0.39587784291880612  0.40645293157040469
  0.41516429633466578  0.42401215573621431  0.43281694176237961  0.44178884595472540
  0.45079267977607940  0.46096305558002520  0.47654348915532224  0.49219125117005286
  0.50626928032108021  0.51779606972569781  0.52874487738017428  0.53954942959217467
  0.55212159213124179  0.56605807948180931  0.58200704881084242  0.60010160347007357
  0.61502234143722168  0.62724482281054061  0.63771977878053421  0.64714550002589322
  0.65633311615064893  0.66835820233763776  0.68074373334170524  0.69584528705035942
  0.71028553498096014  0.72111067833759790  0.73181354062795922  0.74245848635296796
  0.75124104437673345  0.75808629713033204  0.76408525648315229  0.77029469821555685
  0.77623540244311773  0.78254431750832854  0.79326025577597503  0.80623408259009066
  0.81703073134179194  0.82603847010040388  0.83552755211754082  0.84469296328201926
  0.85439105579174190  0.86369527133133461  0.87012389812183444  0.87598518646850665
  0.88272515601394463  0.89120649924053208  0.90206579153295108  0.91341317123835941
  0.92588962250920481  0.93845925400962027  0.95113117531593061  0.96213923093330123
  0.97107183460139912  0.97974225452420405  0.98921896525759645  1.00000000000000000
 -0.00351700536949321  0.01177747278932484  0.02615717458134170  0.04007485370175939
  0.05626267189535426  0.07377444095718182  0.08947414966329705  0.10252500405313213
  0.11203941427305766  0.11936936263015005  0.12744544538325778  0.13593548725356724
  0.14547219032539366  0.15214283284015492  0.15852187555246045  0.16598921924693838
  0.17352344688314458  0.18149912087353551  0.19125461323743898  0.20206900089905824
  0.21584014847231106  0.22879606975203901  0.24143737405930257  0.25242716126843401
  0.26342649740979884  0.27447116349065742  0.28335722335501284  0.29123114920884091
  0.29947015789574966  0.31027550413239591  0.32305585875508336  0.33461058289614953
  0.34494783505652760  0.35309472849937440  0.35974152380479424  0.36590166938602442
  0.37219588388239078  0.37866025590668312  0.38609290529467616  0.39460159560648639
  0.40343384627085077  0.41181656120989674  0.42036599361761490  0.43249107174880375
  0.44492658243402944  0.45902694986256209  0.47380044883997652  0.48727894179293663
  0.49928055730913301  0.50994486414880102  0.51889740580603494  0.52633165678973626
  0.53452085672314531  0.54583224553515541  0.55918722081522210  0.57268267720753485
  0.58415272665915607  0.59405577159460132  0.60461056180051631  0.61838644273476573
  0.63361703868502195  0.64560040619313630  0.65590180922729024  0.66580526488082503
  0.67565203706348687  0.68648326465060805  0.69816607369833583  0.70937111001133746
  0.71847623540708860  0.72763285034032976  0.73772866511059798  0.74833294295728692
  0.75968635215479940  0.77093039596359070  0.78236122108695694  0.79332576770734142
  0.80442766721963554  0.81452725908202517  0.82752072383622410  0.84149023921654942
  0.85544437692546671  0.86838459822957070  0.87933338094402924  0.88799587530198931
  0.89612737518901708  0.90336840769296334  0.91277155600627324  0.92265578872469967
  0.93317165878593367  0.94428631085094961  0.95824055953034359  0.96624985136342723
  0.97474675840161196  0.98289693899303265  0.99088776995135863  1.00000000000000000
 -0.00275368653437522  0.00911430718654165  0.01752813764414948  0.02582086606491295
  0.03547057383833493  0.04607222808268931  0.05470810175251519  0.06100733481817998
  0.06745226688057672  0.07495109973224495  0.08577385675480553  0.09733774667327207
  0.10751330045552165  0.11910935666949650  0.13157173330000158  0.14164842950372070
  0.14986186230023604  0.15672046942536355  0.16444597544800818  0.17270969613660386
  0.18549467078753701  0.20084908578386493  0.21788569381790615  0.23490281351904121
  0.25185027761628159  0.26647833158819445  0.28035141378279360  0.29339006242780385
  0.30304088136763668  0.31120906300501200  0.31955201614193945  0.32820856299028373
  0.33764516521822280  0.34752664397572003  0.35674142565736761  0.36395467951845134
  0.37179630331284197  0.38014069197960387  0.38958127526634784  0.40459121596350889
  0.41582126197387720  0.42512517097408475  0.43380051125206009  0.44376446855148760
  0.45539745655144864  0.46936137380695581  0.48247662305295275  0.49499067490733778
  0.50864126564778811  0.52054829966699334  0.52927791102518384  0.53901538815821093
  0.54780476580009507  0.55481172044141114  0.56226496608074295  0.56978625266806693
  0.57711886047630723  0.58623383570230747  0.60035744917105027  0.61254607105977799
  0.62471320467155322  0.63640404833995212  0.64966660034489754  0.66371992372718280
  0.67760355955178908  0.69064827793293049  0.70474837215560937  0.71761749219605775
  0.72858453412764435  0.73971595294183978  0.75299511221864979  0.76658397098043973
  0.77566297011827423  0.78211976547330042  0.78863390908825459  0.79383188496410551
  0.80027793434665173  0.80832103577247361  0.81755885838279085  0.82804999012591529
  0.83767468494365083  0.84709783147366002  0.85757234763339596  0.86794920984461654
  0.88178901638996598  0.89415921768580708  0.90451946834217734  0.91331323728441760
  0.92113965192707781  0.92808019992491420  0.93530338459833895  0.94348859222056713
  0.95541053778406315  0.96990121391358830  0.98289869167250921  1.00000000000000000
 -0.00274640955179851  0.01546237171851688  0.02928509215620161  0.04390438494973155
  0.05908687378531863  0.07208482396857858  0.08257000899492832  0.09221703144736111
  0.10236962511091806  0.11149815017441474  0.11918916417165437  0.12686478643373889
  0.13513598907157057  0.14410157273746335  0.15360657032213956  0.16340682057942282
  0.17342845047102015  0.18368848906585686  0.19380401592022461  0.20385910029391435
  0.21384150692844348  0.22351214616954213  0.23287910434555723  0.24296725096145841
  0.25231384994798001  0.26089077634408708  0.26931498566116896  0.27716725212337695
  0.28393408822440613  0.29062974975002692  0.29767480813403568  0.30502432347431679
  0.31256481592434088  0.32070520801625663  0.32926997491553778  0.33647327035787356
  0.34526830304717698  0.35387128212749175  0.36382289339921703  0.37452674142467790
  0.38340628712145647  0.39127542150901051  0.39786858976361933  0.40418914063248162
  0.41065690520852971  0.41775406918946656  0.42534898299656693  0.43322383841160572
  0.44167095339500906  0.44996222345785825  0.45742335553106728  0.46449642870420177
  0.47157342529341906  0.47886695104811600  0.48673946020014891  0.49417843178366078
  0.50254342177876599  0.51184335578124529  0.52206419554126282  0.53314339078749651
  0.54263354670893449  0.55221170707644485  0.56180384312971721  0.56983221653491800
  0.57726111713103978  0.58417569369290334  0.59178061373035351  0.60039271980363917
  0.60825070630069544  0.61515619649987396  0.62182493672949546  0.62834532297711765
  0.63571521040193724  0.64451840754486089  0.65433505763730704  0.66425858666581916
  0.67594994046666912  0.69022752394222042  0.70508120366763916  0.71950037746569173
  0.73434298893669969  0.75229045329493260  0.76926134642702493  0.78175837693722583
  0.79536777974776129  0.81429426001453376  0.82641474430512696  0.83710929456629046
  0.85000958200343346  0.86614252737812236  0.88942287027944511  0.91596235404184867
  0.93279631788646933  0.95023615187109289  0.97352417423175386  1.00000000000000000
 -0.00377608387447289  0.01472114953276520  0.02872193242210316  0.04136960746048436
  0.05348999128240917  0.06512963165654254  0.07575135235414115  0.08524246651674421
  0.09450256981584665  0.10570162859028169  0.11532076687708580  0.12484372614529707
  0.13481464095280332  0.14659701295231198  0.15630958495590311  0.16518374491957546
  0.17401577218431510  0.18305514255238506  0.19245681012585170  0.20187732267495945
  0.21213977703208262  0.22243616318651366  0.23215252125824024  0.24298022662769006
  0.25480249096139007  0.26655728309140087  0.27730067862328744  0.28584850455342020
  0.29546532308850099  0.30825859712721299  0.31809002915948775  0.32509174190668205
  0.33026073436323911  0.33594373684631523  0.34354758996603740  0.35234691109168609
  0.36531820798042308  0.38524555251676351  0.39861888202695439  0.40709566290147997
  0.41354985848984949  0.41936396962138472  0.42586739510473831  0.43563391370938170
  0.44574911030092912  0.45631673470198592  0.46639247455703459  0.47702195565984101
  0.48847406861121401  0.50096937989867429  0.51653278052264673  0.52943994564193264
  0.54014115042646582  0.55098105826525900  0.56268475637961113  0.57417707705634791
  0.58587410209837032  0.59727542037244818  0.60950003089793536  0.62157099894134427
  0.63270316091510426  0.64239157956435944  0.65173969010152732  0.66180192988459885
  0.67195761350532990  0.68145507809110262  0.69049847136523701  0.69980803046771123
  0.70851773064024914  0.71783261079606275  0.72827165521281467  0.74494914361587328
  0.75831951985004842  0.76636726626918728  0.77398610594639472  0.78223341305863037
  0.79130907556338081  0.80013879497376417  0.80837860611813994  0.81731698701222055
  0.82858860293493874  0.83991658275750991  0.85120170200181577  0.86184588265489936
  0.87163477956599944  0.88206913222741401  0.89363013847011619  0.90646336794131877
  0.91936937871319402  0.93323913259921842  0.94620487644756135  0.95804946506835498
  0.96848145648927952  0.97821000595340246  0.98878703846669025  1.00000000000000000
 -0.00176716069478768  0.00954184560995340  0.01612501363987937  0.02191910056316917
  0.02851424262550114  0.03701085796236386  0.04725084741978908  0.05734610435793265
  0.06808199189731046  0.07910106143179384  0.09015757582778139  0.10170009083710896
  0.11425638022605852  0.12721058214589573  0.13946458790476673  0.15078289898975883
  0.16015660617788893  0.16912301782662362  0.17988255256190666  0.19329960618473838
  0.20776434556187404  0.21928814550392214  0.22905241675385080  0.23683584728756979
  0.24580968781676549  0.25514150717571638  0.26475805483454040  0.27521290585104724
  0.28546713165644755  0.29605573713620537  0.30765362940491575  0.32192422485042682
  0.33663133894122033  0.34709874644753169  0.35736649056606529  0.36756134157831000
  0.37943788408843715  0.39152045695032578  0.40365374518450836  0.41490421302049169
  0.42409980546523357  0.43427847869926134  0.44486382003514929  0.45551111428617991
  0.46483338855903611  0.47398675457241363  0.48649773897924503  0.50031760554454585
  0.51215573332404640  0.52508242703978458  0.53635454734700172  0.54655877975812961
  0.55619478481588236  0.56604598850998933  0.57658812419000505  0.58785451322781446
  0.59718362743689601  0.60691498768265983  0.61586117977675348  0.62415546031726143
  0.63153512665304090  0.63889018116577534  0.64681116168521346  0.65506576179899512
  0.66186768076946689  0.67018967752150693  0.68093910792888335  0.69072873134868618
  0.70117198825510385  0.71381535087017489  0.72583959997537628  0.73589300623404519
  0.74640546768243743  0.75748904947545959  0.76751641594846720  0.77624870293014681
  0.78543549274065216  0.79690528562654173  0.81153197597928584  0.82704808009126307
  0.84013744033571292  0.85241589769060366  0.86436156083490157  0.87597655940240193
  0.88596938615240017  0.89580699189080004  0.90691330998438258  0.91860001953859638
  0.92947274202598940  0.93873384659871584  0.94750423976867704  0.95663540598290975
  0.96748648305924034  0.97755184497254477  0.98795070835488874  1.00000000000000000
  0.00036478553546262  0.00075678479208894  0.00108843292240580  0.00135790393439690
  0.00160402294382279  0.00183883595568515  0.00208091007896163  0.00232560495689073
  0.00257648552350646  0.00282577876674297  0.00307243057825166  0.00329239614585203
  0.00350904982283236  0.00372084035857841  0.00391137085428241  0.00409242060749221
  0.00428498704674494  0.00448171446544873  0.00468352586871807  0.00490343999762524
  0.00512946336226994  0.00536770573546823  0.00561979793100594  0.00584442481127251
  0.00607973616482070  0.00632263295995956  0.00657571903690672  0.00683571580951894
  0.00710658555471836  0.00736784888238892  0.00762556887992134  0.00795766465791991
  0.00826936540339196  0.00856558549256946  0.00885273157202252  0.00913232524538062
  0.00940524549119321  0.00974228995594842  0.01005813227168371  0.01032548191513142
  0.01066329498225565  0.01106642289419475  0.01140492058794207  0.01173024778619871
  0.01200616820261373  0.01226978634905878  0.01259921610263173  0.01295776739303652
  0.01334438935551513  0.01387248127732119  0.01438902324070646  0.01491148911393091
  0.01548941157688659  0.01606290283296162  0.01668510471641015  0.01706446536268125
  0.01734058362141003  0.01763072932451867  0.01796696844823431  0.01833624223989149
  0.01868388331409799  0.01897532431065207  0.01936976516010048  0.02010291137382687
  0.02091902927557864  0.02201391283003339  0.02306601930194743  0.02460940011204652
  0.02637061528281363  0.02757444662795526  0.02912327033894367  0.03016097617770590
  0.03114621627381612  0.03200005135775474  0.03262399772818634  0.03313087781596074
  0.03382375835445450  0.03445142836551394  0.03501344088391613  0.03545885196036890
  0.03589061873180465  0.03627363957335007  0.03647789589245393  0.03668011928728712
  0.03686255529555758  0.03710406009404270  0.03735883279383947  0.03802468938550276
  0.03941842531569051  0.04104744865757962  0.04768998363253852  0.05321846888018451
  0.05533034973753861  0.06694108090512986  0.27893006189134678  1.00000000000000000
 -0.00318010062146312  0.01592293055168463  0.02820412057735297  0.03815347773232512
  0.04736029495716705  0.05552658118601610  0.06389126297518255  0.07119542670409153
  0.07918013246124132  0.08797859928023148  0.09618793273089692  0.10279929960750722
  0.11171305233389194  0.12096638775934203  0.13153516399779899  0.14057874262012202
  0.15034732115697313  0.16109012320153493  0.17342927453953130  0.18958008329468085
  0.20939378336894690  0.22170576956705357  0.23196585306838402  0.23982449964707508
  0.24763501322720655  0.25574261219798594  0.26460516173516013  0.27241351546581316
  0.28272487404807223  0.29337871406785665  0.30394098282862070  0.31671591197231608
  0.32714921738599007  0.33830566154566227  0.35017948422469380  0.36459696401035524
  0.37942291494068597  0.39645542721466320  0.40863345929900308  0.41911275660702374
  0.42816299046775702  0.43661846074548377  0.44583121631616646  0.45523014100836301
  0.46433694857765018  0.47218960930840365  0.48019180387432553  0.48861758242153774
  0.50019984147888241  0.51182517420473161  0.52279685544955579  0.53443288448421200
  0.54614700384294812  0.55602708036466175  0.56614788022362372  0.57627726670701140
  0.58673211006184711  0.59590553305473515  0.60469575745425619  0.61151515048974336
  0.61793937701503687  0.62440239671133202  0.63141542534917861  0.63911006726453923
  0.64863254365016632  0.65973184984665478  0.67306502561469272  0.68835408010619914
  0.70356590909831862  0.71874411772522639  0.73078991099695756  0.74302852411405673
  0.75481421664551895  0.76686884659229537  0.77920264391964378  0.79125257416576822
  0.80393759262874465  0.81469230539650073  0.82537199850742093  0.83644499042036002
  0.84497294621918706  0.85547382204565692  0.86409354656464321  0.87375593436460564
  0.88341392316538769  0.89462828739242017  0.90603244844234165  0.91774349132554334
  0.92809161030397391  0.93820113251769266  0.94871584892665739  0.95979984550540443
  0.97152586390295448  0.98158035728308668  0.99102755001143161  1.00000000000000000
  0.29291441103096766  0.43090656485821005  0.47844569182795066  0.51465386968213156
  0.54047243864066785  0.55948247505984938  0.57676732724780910  0.59105800125092411
  0.60279275097992546  0.61380024880979345  0.62487089463839751  0.63401125348106613
  0.64133191864314509  0.64893013184283421  0.65700818207523759  0.66522263861005149
  0.67527681227106862  0.68417211703798242  0.69207479083422674  0.69909788256969563
  0.70610133703411004  0.71235043618175109  0.71831570222956342  0.72393186092689721
  0.72950452474366190  0.73587199404481796  0.74295522946135728  0.74944651107168514
  0.75514569680760091  0.76076593951187432  0.76640200614345610  0.77271794114931236
  0.77825033122443488  0.78367162731736328  0.78928016931675005  0.79410131989340615
  0.79772815154785326  0.80085141889386147  0.80384446655828001  0.80684742617828653
  0.81099845672027182  0.81499632123338184  0.81832141989962204  0.82144985479905397
  0.82452420259366210  0.82708780700913365  0.82978476899148912  0.83236802743974103
  0.83496463391524955  0.83767705169358586  0.84040422697110417  0.84356772251326539
  0.84753423075773149  0.85148694784282308  0.85542886603498702  0.85982797758653318
  0.86444063264819893  0.86852871803769072  0.87229936174696221  0.87586554118028281
  0.87945399399136504  0.88308579903232420  0.88661784202015648  0.88938269814006077
  0.89205869384895442  0.89462983924873229  0.89748166086953485  0.90083406088713491
  0.90485147298178692  0.90906756189376559  0.91329996196130070  0.91754887201030166
  0.92201580785337223  0.92598945144111333  0.92967325110759291  0.93307837774352731
  0.93579978246038154  0.93802719798353551  0.94017119193291843  0.94214049854284398
  0.94403695330032422  0.94597432406320814  0.94781859720227013  0.95004440413052771
  0.95252405898655168  0.95496089211044566  0.95772338230439313  0.96066979131104635
  0.96401892526261990  0.96782155174579432  0.97222062734870651  0.97656957354558316
  0.98131976645685959  0.98601895509883064  0.99159701116710264  1.00000000000000000
 -0.01961220167428988  0.13591753391066980  0.18851386016270685  0.22548588109573356
  0.25147412013041021  0.27354649984786927  0.29285188761453279  0.30916429795073014
  0.32319493078086758  0.33489287742447615  0.34400703936181259  0.35127699791747302
  0.35806610538206107  0.36616969210041522  0.37381235034701471  0.38281278924135925
  0.39164924529440731  0.40072211218283171  0.40870591680996654  0.41506388862837040
  0.42241010743413876  0.43043193556551013  0.43940195250822156  0.44824256649265609
  0.45596438702645814  0.46344150116234623  0.47062885893160161  0.47747267289367606
  0.48386725431856242  0.49069461779630635  0.49814368839695355  0.50603957846344161
  0.51496407497889019  0.52415397990575585  0.53287236577303687  0.54041935021977439
  0.54618566625194931  0.55117451012712282  0.55679299606221033  0.56244654632400393
  0.56851166603686953  0.57788043986043480  0.58491262099243180  0.59158291442295174
  0.59776915747701398  0.60374275798813160  0.61072728642060081  0.61831629575299685
  0.62497389810989068  0.63131837709069660  0.63779114356739119  0.64416202268089751
  0.65028150402726481  0.65562558856504016  0.66082422110721950  0.66536896984283489
  0.66945521727698187  0.67337483195465020  0.67718938032686715  0.68111376331076656
  0.68522192178122687  0.68926734142698420  0.69385584200827644  0.69915602431447355
  0.70435134284012479  0.70871349067349620  0.71232990921162875  0.71598255079457140
  0.71956819870521249  0.72406704890411011  0.72783095018514543  0.73188656053062628
  0.73577749513088464  0.74041110453512504  0.74529433499812447  0.75103067670054902
  0.75651192850052518  0.76173245742331941  0.76634807808477245  0.77141695063427806
  0.77840788523956872  0.78656837416140390  0.79454559248779699  0.80175233551982295
  0.80863166374818063  0.81567098775165714  0.82280615417213687  0.83049240862249440
  0.83803181853248876  0.84656709501045224  0.85651373734946146  0.87062596134458470
  0.88640132681398998  0.90780196951368552  0.93722617517768070  1.00000000000000000
   2.6997559973596938E-014  -1.0000000000000000     
 F F F F F F F F F F F F F F F F F F F F F F F F F F F F F F F F F F F F F F F F F F F F F F F F F F F F F F F F F F F F F F F F F F F F F F F F F F F F F F F F F F F F F F F F F F F F F F F F F F F F F F F F F F F F F F F F F F F F F F F F F F F F F F F F F F F F F F F F F F F F F F F F F F F F F F F F F F F F F F F F F F F F F F F F F F F F F F F F F F F F F F F F F F F F F F F F F F F F F F F F F F F F F F F F F F F F F F F F F F F F F F F F F F F F F F F F F F F F F F F F F F F F F F F F F F F F F F F F F F F F F F F F F F F F F F F F F F F F F F F F F F F F F F F F F F F F F F F F F F F F F F F F F F F F F F F F F F F F F F F F F F F F F F F F F F F F F F F F F F F F F F F F F F F F F F F F F F F F F F F F F F F F F F F F F F F F F F F F F F F F F F F F F F F F F F F F F F F F F F F F F F F F F F F F F F F F F F F F F F F F F F F F F F F F F F F F F F F F F F F F F F F F F F F F F F F F F F F F F F F F F F F F F F F F F F F F F F F F F F F F F F F F F F F F F F F F F F F F F F F F F F F F F F F F F F F F F F F F F F F F F F F F F F F F F F F F F F F F F F F F F F F F F F F F F F F F F F F F F F F F F F F F F F F F F F F F F F F F F F F F F F F F F F F F F F F F F F F F F F F F F F F F F F F F F F F F F F F F F F F F F F F F F F F F F F F F F F F F F F F F F F F F F F F F F F F F F F F F F F F F F F F F F F F F F F F F F F F F F F F F F F F F F F F F F F F F F F F F F F F F F F F F F F F F F F F F F F F F F F F F F F F F F F F F F F F F F F F F F F F F F F F F F F F F F F F F F F F F F F F F F F F F F F F F F F F F F F F F F F F F F F F F F F F F F F F F F F F F F F F F F F F F F F F F F F F F F F F F F F F F F F F F F F F F F F F F F F F F F F F F F F F F F F F F F F F F F F F F F F F F F F F F F F F F F F F F F F F F F F F F F F F F F F F F F F F F F F F F F F F F F F F F F F F F F F F F F F F F F F F F F F F F F F F F F F F F F F F F F F F F F F F F F F F F F F F F F F F F F F F F F F F F F F F F F F F F F F F F F F F F F F F F F F F F F F F F F F F F F F F F F F F F F F F F F F F F F F F F F F F F F F F F F F F F F F F F F F F F F F F F F F F F F F F F F F F F F F F F F F F F F F F F F F F F F F F F F F F F F F F F F F F F F F F F F F F F F F F F F F F F F F F F F F F F F F F F F F F F F F F F F F F F F F F F F F F F F F F F F F F F F F F F F F F F F F F F F F F F F F F F F F F F F F F F F F F F F F F F F F F F F F F F F F F F F F F F F F F F F F F F F F F F F F F F F F F F F F F F F F F F F F F F F F F F F F F F F F F F F F F F F F F F F F F F F F F F F F F F F F F F F F F F F F F F F F F F F F F F F F F F F F F F F F F F F F F F F F F F F F F F F F F F F F F F F F F F F F F F F F F F F F F F F F F F F F F F F F F F F F F F F F F F F F F F F F F F F F F F F F F F F F F F F F F F F F F F F F F F F F F F F F F F F F F F F F F F F F F F F F F F F F F F F F F F F F F F F F F F F F F F F F F F F F F F F F F F F F F F F F F F F F F F F F F F F F F F F F F F F F F F F F F F F F F F F F F F F F F F F F F F F F F F F F F F F F F F F F F F F F F F F F F F F F F F F F F F F F F F F F F F F F F F F F F F F F F F F F F F F F F F F F F F F F F F F F F F F F F F F F F F F F F F F F F F F F F F F F F F F F F F F F F F F F F F F F F F F F F F F F F F F F F F F F F F F F F F F F F F F F F F F F F F F F F F F F F F F F F F F F F F F F F F F F F F F F F F F F F F F F F F F F F F F F F F F F F F F F F F F F F F F F F F F F F F F F F F F F F F F F F F F F F F F F F F F F F F F F F F F F F F F F F F F F F F F F F F F F F F F F F F F F F F F F F F F F F F F F F F F F F F F F F F F F F F F F F F F F F F F F F F F F F F F F F F F F F F F F F F F F F F F F F F F F F F F F F F F F F F F F F F F F F F F F F F F F F F F F F F F F F F F F F F F F F F F F F F F F F F F F F F F F F F F F F F F F F F F F F F F F F F F F F F F F F F F F F F F F F F F F F F F F F F F F F F F F F F F F F F F F F F F F F F F F F F F F F F F F F F F F F F F F F F F F F F F F F F F F F F F F F F F F F F F F F F F F F F F F F F F F F F F F F F F F F F F F F F F F F F F F F F F F F F F F F F F F F F F F F F F F F F F F F F F F F F F F F F F F F F F F F F F F F F F F F F
  <DiscreteSampler_grid>
  grouped_processes
  1 # 1 for a reference and 2 for a running grid.
  10 # Attribute 'min_bin_probing_points' of the grid.
  1 # Attribute 'grid_mode' of the grid. 1=='default',2=='initialization'
  0.0000000000000000 # Attribute 'small_contrib_threshold' of the grid.
  0.5000000000000000 # Attribute 'damping_power' of the grid.
 # binID   n_entries weight   weight_sqr   abs_weight
    61   10   4.571849313879270E-011   8.898717103633943E-021   4.571849313879270E-011
    62   10   4.571849313879285E-011   8.898717103634005E-021   4.571849313879285E-011
    64   10   9.143698627758540E-011   3.559486841453577E-020   9.143698627758540E-011
    65   10   9.143698627758570E-011   3.559486841453602E-020   9.143698627758570E-011
    67   10   1.170628435007448E-010   4.265127682106076E-020   1.170628435007448E-010
    68   10   1.170628435007555E-010   4.265127682106257E-020   1.170628435007555E-010
    70   10   2.341256870014895E-010   1.706051072842430E-019   2.341256870014895E-010
    71   10   2.341256870015110E-010   1.706051072842503E-019   2.341256870015110E-010
    106   10   4.571849313879270E-011   8.898717103633942E-021   4.571849313879270E-011
    107   10   4.571849313879284E-011   8.898717103633999E-021   4.571849313879284E-011
    109   10   9.143698627758540E-011   3.559486841453577E-020   9.143698627758540E-011
    110   10   9.143698627758567E-011   3.559486841453600E-020   9.143698627758567E-011
    112   10   1.170628435007448E-010   4.265127682106073E-020   1.170628435007448E-010
    113   10   1.170628435007555E-010   4.265127682106254E-020   1.170628435007555E-010
    115   10   2.341256870014895E-010   1.706051072842429E-019   2.341256870014895E-010
    116   10   2.341256870015110E-010   1.706051072842502E-019   2.341256870015110E-010
  </DiscreteSampler_grid>
