  0.00158511800519990  0.01584456486397179  0.03254826076939443  0.04555174813526094
  0.05884577626267772  0.07218466880383101  0.08527113163374314  0.09250212663325885
  0.10005829261150782  0.10681499007863447  0.11372913517223640  0.12399737070427225
  0.13438797940964695  0.14509958300734382  0.15506153429684744  0.16258244648662132
  0.16973900303699035  0.17643918826348978  0.18119094952231918  0.18431447256214592
  0.18719656959310038  0.19228792434329434  0.20009715156945423  0.20729943123031147
  0.22020393524719009  0.23259199377944975  0.24328304894083114  0.25302745271380139
  0.26437541133374315  0.28301935945295376  0.30329062475244228  0.31402683511069479
  0.32472610889033870  0.33669762217752408  0.35088279919254806  0.36643984719202383
  0.37693471345761492  0.38605677356581197  0.39601837604567297  0.40863039928480399
  0.42226907155274013  0.43998023629593103  0.45672266196166406  0.47117138566907424
  0.48341662438285737  0.49345880926566210  0.50423130517878822  0.51461122804899384
  0.53170823536292322  0.54550218193000521  0.55566844047943342  0.56463978579302854
  0.57322435239834846  0.58481029653229555  0.60067549323525782  0.61924966431364381
  0.63484578528015234  0.64797386309825322  0.66132745063273535  0.67498636554033742
  0.68895452799631884  0.71927905711828355  0.74210777679132367  0.75254340513199647
  0.75897272398162763  0.76476449059257412  0.77194747109199302  0.77735603747420734
  0.78101838066545126  0.78494408415125161  0.78881917724388029  0.79298486620430497
  0.80084285660107635  0.80852079086887074  0.81822008227016207  0.82550545922704144
  0.83156144442146906  0.83470718337601946  0.83772767320838593  0.84063134514189208
  0.84348664804614060  0.84632127572157589  0.85877211398309516  0.86991303823216493
  0.88544448353453298  0.89850877461991430  0.90681837708352186  0.91560821698783668
  0.92567350495521794  0.93912145460177421  0.95599517847525017  0.96735587847220983
  0.97445678958658699  0.98344621247004083  0.99268806709978097  1.00000000000000000
  0.00246375590668709  0.03040168114678923  0.05130178296659502  0.06562334266318155
  0.08320313876121549  0.09598250048895279  0.10598419199396270  0.11052915390828465
  0.11395890604868329  0.12252841385044246  0.13164240835175170  0.13952470974985354
  0.14514487597128714  0.14967913540556974  0.15444908988055295  0.15964691348377774
  0.16646098481880459  0.17572168088878867  0.18747656190979892  0.20009606552791498
  0.21260303841840333  0.22599019716634666  0.24076653744234797  0.26103610270327438
  0.27876946139171010  0.29333010434065782  0.30825247063803191  0.32204007300028537
  0.33459083565557041  0.34764619081942694  0.36396138857502880  0.37784379736783458
  0.39392799919354815  0.40220218047450390  0.40942409303694571  0.41532904073181015
  0.42109682721652714  0.42676556614636024  0.43642850101202801  0.44702430960900491
  0.45824886264283943  0.46834104699746337  0.47804209156056943  0.49260577806720340
  0.50850664049028582  0.52217376996627074  0.54044779495799145  0.55271991892586259
  0.56326488767396365  0.57249493691098441  0.58120894847949311  0.59137425572703317
  0.60516559245154211  0.61997128770101051  0.62502163760460294  0.62977513594081225
  0.63326336824436014  0.63744089326000231  0.64038254357551705  0.64333506272776930
  0.64606826897984593  0.64906233351723841  0.65268900367975058  0.65729241112202685
  0.66404735236761114  0.66930671341604686  0.67393521339885665  0.68097220022084404
  0.69160346008540985  0.70146288405462809  0.70953948148250290  0.71725029597857282
  0.72771737581432294  0.74354147990853914  0.76268433192613883  0.78630252028122904
  0.80830048810220279  0.82115645717603447  0.82894535091370392  0.83580268235143484
  0.84606579019925954  0.85801746591392536  0.87358469688882956  0.89198204431087302
  0.90424917920420411  0.91127270140086480  0.91561286663077268  0.92006394098302102
  0.92772280311887190  0.93958632102973216  0.95154062002373219  0.96176272128936380
  0.96872829530373883  0.97617175118627431  0.99069606831192403  1.00000000000000000
  0.00019374104074003  0.00020875813747701  0.00021966016861280  0.00022485174299206
  0.00022962404250374  0.00023360886350737  0.00023647429394362  0.00023802728277034
  0.00023880804148506  0.00023923768395603  0.00023969817429198  0.00024028967897112
  0.00024183717950687  0.00024364366821432  0.00024522689366458  0.00024672059155172
  0.00024805416652834  0.00025103895484983  0.00025264702261503  0.00025428006321241
  0.00025551738459886  0.00025657660631323  0.00025775541069123  0.00025936139174625
  0.00026114709730294  0.00026362941733429  0.00026670350541986  0.00027004658216471
  0.00027342969575168  0.00027609778053865  0.00027820820009846  0.00028027592018365
  0.00028257385281098  0.00028520835404981  0.00028748690866896  0.00028939359070707
  0.00029147772734094  0.00029349397917334  0.00029609053735939  0.00029935635215029
  0.00030305836884858  0.00030660871127674  0.00030891821974125  0.00031074509000851
  0.00031157707122999  0.00031229638926107  0.00031287006552275  0.00031388278997086
  0.00031517003779686  0.00031648383294236  0.00031911090040922  0.00032059602204526
  0.00032216058318734  0.00032354790002535  0.00032504744302888  0.00032704391919487
  0.00032929478743583  0.00033121570846969  0.00033325612936299  0.00033638869443842
  0.00033925828535069  0.00034163459245010  0.00034347646789730  0.00034562078508740
  0.00034792018128531  0.00035039932033708  0.00035324550716332  0.00035712556021196
  0.00036297177483088  0.00036836382573697  0.00037213120883933  0.00037539536541039
  0.00037915580112281  0.00038362410717189  0.00039019530757610  0.00039936913556460
  0.00041247825024678  0.00042803836445031  0.00044130206888512  0.00045330725454369
  0.00046251311934634  0.00046995829896111  0.00047940404641755  0.00049783269394003
  0.00051761464635079  0.00053145207549643  0.00054112247592206  0.00054814164585336
  0.00055747334639234  0.00057448143620964  0.00060399281495927  0.00065097116651572
  0.00072919498513029  0.00080778249837514  0.00127318094687612  1.00000000000000000
  0.00022319388176002  0.00030709494100365  0.00032476243818516  0.00033754302793211
  0.00034964811780321  0.00036212232268331  0.00037417810596859  0.00038248312054467
  0.00038984654203180  0.00039863683463947  0.00040732280511850  0.00041253092503610
  0.00041714996335494  0.00042221345777287  0.00043025552114776  0.00043531669971952
  0.00043986025141540  0.00044429281608140  0.00044943068842602  0.00045451275925315
  0.00046075881544051  0.00046895281496312  0.00047848626909788  0.00048839645221442
  0.00050091114099807  0.00051193739591189  0.00052392826867962  0.00053294643793063
  0.00054160169225439  0.00055023320602084  0.00055895690259675  0.00056675821329765
  0.00057601500826013  0.00058340643764423  0.00059083898278356  0.00059993533017196
  0.00060929706379241  0.00062080715337626  0.00063452987416089  0.00064745028046487
  0.00065986889532723  0.00066985382151486  0.00067666677227963  0.00068330315253820
  0.00069032254995024  0.00069838419225379  0.00070891490344630  0.00071721173218206
  0.00072892660660849  0.00074148772365364  0.00075448216783082  0.00076752578888616
  0.00078137243414298  0.00079503724934478  0.00080937427148034  0.00082405545086450
  0.00084254387509508  0.00086605482543164  0.00089061457102345  0.00091597953313335
  0.00094167804359148  0.00096451246676808  0.00098728369224073  0.00101165765184269
  0.00103978737681728  0.00105831291968698  0.00106746027651333  0.00107606949605157
  0.00108534486311615  0.00109492525642080  0.00110771215571103  0.00112061756807965
  0.00112960920561254  0.00114074404404714  0.00116350991051683  0.00122178184656165
  0.00127553433786228  0.00132222754827861  0.00136369589832092  0.00139501980519358
  0.00143573936580101  0.00149197588573575  0.00154407064964801  0.00159438597761452
  0.00166812052727308  0.00176527549864681  0.00187779916345536  0.00200433382109884
  0.00216909961711839  0.00238532317485347  0.00262772464410416  0.00289410068101943
  0.00339375383135360  0.00418086037007892  0.00652795372995834  1.00000000000000000
  0.00057144289337453  0.00070513641349958  0.00078279359246987  0.00083134141656745
  0.00086552623722449  0.00089256908714731  0.00091997451324990  0.00096265162659161
  0.00102514127371605  0.00107710388933203  0.00111216731165482  0.00114693688956375
  0.00119331906749808  0.00127200621897608  0.00134043505407442  0.00139160882677747
  0.00146154508328341  0.00152846322481451  0.00159224247310720  0.00168743038595728
  0.00179769597573323  0.00190744693667158  0.00201759028471491  0.00211585528667996
  0.00218891688138751  0.00225199103348754  0.00231134220021705  0.00236365180035572
  0.00241416293716794  0.00248104005132916  0.00253888298200719  0.00259654924543013
  0.00268262794917093  0.00281398567184636  0.00293225031265601  0.00305430075968523
  0.00315300068961941  0.00322993906180705  0.00331111041637094  0.00339325173638976
  0.00347604425562480  0.00358844443375047  0.00369439843435877  0.00377741650068996
  0.00384844378756707  0.00388426482709142  0.00391472300588388  0.00395092424644810
  0.00398279183108327  0.00402624131491252  0.00408272634114335  0.00414931079839793
  0.00423957833931563  0.00435769156224051  0.00450535091353522  0.00464520357688903
  0.00475415393193819  0.00485513657894402  0.00496450646228217  0.00509572668888796
  0.00523260337192076  0.00530494998361948  0.00535787398358988  0.00543115919106702
  0.00553346130636610  0.00562612296729007  0.00572376604917128  0.00586377164599510
  0.00597190859448269  0.00608916012837995  0.00632682984652706  0.00681874681706107
  0.00736296054085809  0.00788970144254901  0.00840727151362827  0.00897223810716803
  0.00963469215119265  0.01035828022631083  0.01104444576652612  0.01182827471915346
  0.01289091191720650  0.01368008800946323  0.01446207281443509  0.01544278741157366
  0.01648042972564872  0.01710059922430538  0.01745284131400033  0.01793231334542225
  0.01871375726419689  0.01948186271340750  0.01996673997699766  0.02045161724058783
  0.02240260483964235  0.03076953194809127  0.87752432424097815  1.00000000000000000
  0.00176206643393260  0.02129299557558815  0.03489744615857170  0.04691549324045923
  0.05724939251475161  0.06437321686386618  0.07117185901226045  0.07887229902859960
  0.08710412877301295  0.09145050206947522  0.09525790173756669  0.09929689862621656
  0.10433767002875177  0.11207124586253589  0.12250236261867699  0.13140737171703470
  0.13592680233789661  0.14094033566115971  0.14914728487378848  0.17910218675083617
  0.20627310626890180  0.22487863490178603  0.24185446007884576  0.26153130432911459
  0.27866795297858216  0.29214151325750565  0.30338963359670373  0.31398182087525028
  0.32394303290574111  0.33387624146451411  0.34018559322996572  0.34587783798828914
  0.35108795032931411  0.35801712310426798  0.36792455421347398  0.37928284129793188
  0.39076687009709010  0.40193689298428292  0.41289421148326594  0.42375540077800211
  0.43458737061486091  0.44651009033913203  0.45542508574291096  0.46258619411682389
  0.46899775703143304  0.47431211599892154  0.47806515346492384  0.48192433665906281
  0.48741310268600974  0.49485493574915912  0.50438458984277912  0.51386655348766241
  0.52764457557838806  0.54797600455272499  0.56988822255244753  0.58851171646509248
  0.60198568693956089  0.61182405996721123  0.62235211498257104  0.63783445439762576
  0.65398039552667975  0.66334485764188689  0.67027310591437061  0.67692677475388929
  0.68553924112694364  0.69753194131343677  0.70263344018596985  0.70744860184213010
  0.71178116731389407  0.71609161516477737  0.72037576950524229  0.72817478854744588
  0.74205335911137915  0.75877921633279399  0.77243059335559772  0.78379709161700606
  0.79379574711060341  0.80739411609300904  0.82618114896852635  0.84703674062002388
  0.86532924802060285  0.87875419615868455  0.88842174353646264  0.89586706037160413
  0.90142201696792124  0.90686741789999570  0.91368559206661115  0.92441708466233630
  0.93487152223709424  0.94750438920025926  0.96326433414011770  0.97409640959868204
  0.98162116580559267  0.98773210878030060  0.99246390456634570  1.00000000000000000
 -0.00024929666338063  0.00298333495273010  0.00820592770386308  0.01408033977736676
  0.01850061898078725  0.02484862260448809  0.03434216355469795  0.04536747181433953
  0.05684939819301764  0.06653566780610508  0.07160206908438774  0.07769340967631484
  0.08589992257387266  0.09732181183603641  0.11081885007824949  0.12391715247122638
  0.13743279214630319  0.14928823412453615  0.16140569853561326  0.17335594010816960
  0.18278461633048798  0.19438479250636115  0.20383551883372292  0.20902441432354446
  0.21245731848052352  0.21592524019743370  0.21943869857061871  0.22264028099628530
  0.22646092317408470  0.22993459510046121  0.24062684482560193  0.25504598709421944
  0.27117787403105664  0.28741620183401162  0.30205928107026025  0.31329467812252915
  0.32247461078195194  0.33061145908221201  0.33766388518224089  0.34466017504311458
  0.35200009632938034  0.35829038623872062  0.36284821593369398  0.36826774958646846
  0.37484847493603402  0.38056160051146748  0.38490304741410153  0.38967159690379155
  0.39464511876533315  0.39931242293678204  0.40388682301877799  0.41330856849424924
  0.42260139193861251  0.43146890943716260  0.44557073711131423  0.46825555495843718
  0.48861304829949925  0.50405973341682275  0.51662144957327460  0.52697635436507662
  0.54049787951383299  0.55653593592170481  0.57485805553668057  0.58891555149962937
  0.60186533238848616  0.61362421729864303  0.62548746104829767  0.63687924239836458
  0.64545564182295279  0.65335585619078718  0.66148513914849283  0.66938566075831052
  0.67887968074102312  0.68742916307743662  0.69758741330107465  0.70791116498297968
  0.71789016543592821  0.72674198168187643  0.73435295222121821  0.74081021052188745
  0.74796720140328021  0.75536442812845894  0.75961560124545957  0.76393682704364330
  0.77007940417463649  0.77974426963386478  0.79427610446779151  0.81246778572261769
  0.83912007349349504  0.86111945633925635  0.87790809813353865  0.89476310315854912
  0.91282572074575319  0.93415660349176455  0.95931486515337627  1.00000000000000000
 -0.00371641114415841  0.01868106837612169  0.03526211965704574  0.05024639316826962
  0.06595532028555663  0.08370621102488976  0.09830088099131432  0.11447960700999199
  0.13016371362881995  0.14573190428260624  0.16035898311916308  0.17119063337307674
  0.17983668388003479  0.18913335454151359  0.20239988593114464  0.22673444519976321
  0.24359716051029873  0.25576798067591550  0.26893552640699819  0.28727416920898613
  0.30732871824937918  0.32244797576063261  0.34095885963905437  0.35626274743728781
  0.37132997360583514  0.38595667465461547  0.39989336432844869  0.41242476972149977
  0.42651476405399874  0.44545544070082388  0.46665965905890694  0.48243891978018055
  0.48994360909981360  0.49405596445990813  0.49835851201819886  0.50201922454174264
  0.50725810690295192  0.51618899145146768  0.52361661197986220  0.53345999563458790
  0.54840432503679970  0.56004061863388244  0.56978922637297058  0.57564506027154239
  0.57891038410325812  0.58253216045507927  0.58649113009218790  0.59208352210598814
  0.59998156084199961  0.60799452173933233  0.61671558244693780  0.62718004076652356
  0.63674894996500575  0.64895116164648436  0.65864322945380893  0.66577274253648977
  0.67183913453394262  0.67696831794856782  0.68086839592144655  0.68344273583018522
  0.68666056434657552  0.69056976390054203  0.69488782167999597  0.69932959865984268
  0.70313014575987176  0.71204042740856455  0.72088676062003165  0.73185040264878720
  0.74321449289395813  0.74965568946750427  0.75554471855334515  0.76409130108987711
  0.77330543103029858  0.78351779354158557  0.79164642125322893  0.80476297388317608
  0.81945195858350761  0.82779742413595814  0.83064698514223800  0.83505598716453777
  0.84190877095463945  0.85132243149794995  0.86413146114397521  0.87230973138668633
  0.87699017739343443  0.88141147235350914  0.88545214290967666  0.88942871298655002
  0.89311564518490849  0.89680257738326707  0.90848872770541578  0.92376637866303035
  0.94305827187582947  0.95853542862596397  0.97645686334006376  1.00000000000000000
 -0.00254076111763729  0.00666472711170143  0.01629523153758698  0.02374473966657459
  0.03124900587294163  0.03765073253488868  0.04508515205533974  0.05190215983893132
  0.06825911035030041  0.08972402339723543  0.11193347205573675  0.13174739937144500
  0.14496325569462370  0.15775974901836240  0.17097156867576660  0.18269172120743721
  0.18912113614784903  0.19686983849455225  0.20622115157407547  0.22018132462477832
  0.23213344135606062  0.24408757509635348  0.25847096350336490  0.26871968014545228
  0.27675125234420617  0.28876555692039757  0.30316442320474613  0.31819599793693476
  0.32835132555442653  0.33734070706966796  0.34618198592417782  0.35406579874431499
  0.36505626202652558  0.37987084739127069  0.39391951708667078  0.40296196728458233
  0.41031217550244270  0.41723296073848015  0.42395594732193448  0.43043423283204735
  0.43580713323493453  0.43934760446904603  0.44307854474744879  0.44868821370759071
  0.45432932693055256  0.46073820886920380  0.47437706331779961  0.48593190357224975
  0.49313539743137053  0.50296359527033674  0.51490895239841761  0.52595986342162915
  0.53703637671865401  0.54822662714461845  0.56891821326099234  0.58833561855615335
  0.60430361052815196  0.61696706831957826  0.62482202104858686  0.63309928144687200
  0.64131908404818716  0.64857091265237132  0.65919358680553142  0.66936326340364827
  0.68073162935178144  0.69632853843700249  0.70920173334083647  0.71748792154535590
  0.72232399197437325  0.72507095942114741  0.72881856078847029  0.73292074076766200
  0.74022674194581950  0.75062202037079717  0.76103172533168839  0.76795291947480837
  0.77345790098273337  0.78419057430023442  0.79723427428661642  0.81059079686959146
  0.82017924098180062  0.82749102714323730  0.83530602320071135  0.84375030791153527
  0.85263280343786718  0.86464252342469683  0.88299616896281730  0.90207594109279010
  0.91958620123520052  0.93297103270194282  0.94460008667363338  0.95198806173459161
  0.96121186969579775  0.97338909136697571  0.98669355341340192  1.00000000000000000
 -0.00396099403437612  0.01457055229736110  0.02718460897786815  0.04103772704815144
  0.05303969015218827  0.06142561771436417  0.06926395184705784  0.08202278231141366
  0.09548968573751528  0.10844825651052346  0.12131675909860963  0.14001420441108123
  0.15780557808338544  0.17570693811991303  0.19522132739148565  0.21716977216481548
  0.24250531770886832  0.26839394107869896  0.28713887635208313  0.30022259258171730
  0.31046185996440873  0.31670876574409684  0.32091823216577864  0.32425385419746766
  0.33065875054977828  0.33830710182095403  0.34662319696561672  0.35474638204457642
  0.36175972789411831  0.36640965610626813  0.37057800192842305  0.37991469988017684
  0.38708267429816479  0.39517656350197411  0.40352924446992600  0.41205299311376026
  0.42122990002589372  0.43426108872914193  0.45304343889463294  0.46913532132493746
  0.47999412918156931  0.49245416122131652  0.50469568716043078  0.51500875353912368
  0.52483647703759739  0.53457133063927564  0.54405529885152704  0.55332335810266908
  0.56217498875845695  0.57293414570736523  0.58431966846074634  0.59160487286667196
  0.59736465815947337  0.60760308994313650  0.62035999339685355  0.62896639261887610
  0.63721297273001898  0.64527902139055771  0.64885675488570294  0.65246003420507759
  0.65635286253345759  0.65978833264220993  0.66472595480737007  0.67123385778057265
  0.67792187149088246  0.69213192375176413  0.70753838664104496  0.72330442749783852
  0.73696636977953878  0.74929311626547146  0.75943078348875792  0.77097450053275840
  0.77520512320521229  0.77798600084222536  0.78153863632672360  0.78639108303488725
  0.79264013749147111  0.79774120788857650  0.80314212781654770  0.80906643042450466
  0.81505721753458449  0.82211028393558427  0.83073232474425585  0.83584976950170897
  0.84257879226181476  0.85021607053473280  0.85969224815088396  0.87220171867884833
  0.88893438964610361  0.90702123462560214  0.92203482454778529  0.93590030095013910
  0.95104360174373304  0.96635821893347074  0.98198819701039031  1.00000000000000000
 -0.00102486629627798  0.00479118590370519  0.01233117643475043  0.02311946508840424
  0.02897812707994572  0.03200866620517205  0.03605387227195458  0.03945871456912280
  0.04259739795688350  0.04707589316161050  0.05492836645271688  0.05961529433791873
  0.06662547727387014  0.07477051168722801  0.08457113185038402  0.10267286993174547
  0.12837878375644080  0.14978149495068965  0.16284146769715160  0.17221957825135226
  0.18076018878517516  0.18821411498669380  0.19708226426589404  0.20876818161637808
  0.22117157589135095  0.22808894014575970  0.23211982328842490  0.23630694203820662
  0.24462518114723522  0.25295606983084401  0.26132050892046849  0.26992543860935087
  0.27886699500625395  0.28915736277451887  0.29852714740472758  0.30907067349722533
  0.31831836167886174  0.32544740406736716  0.33211403286437785  0.33991361950699894
  0.35143899359741931  0.36470805307820575  0.37825444091495652  0.39135651925998882
  0.40324331394735391  0.41593035453242216  0.42866949059073944  0.44020221242817476
  0.45044866001168049  0.46057637483604075  0.47300458718281246  0.48795999429688214
  0.50161943990554736  0.51696517499612171  0.53106079833277042  0.54538577023909673
  0.56048246454720285  0.57483122568645173  0.58821057559947565  0.59821868622449548
  0.60707447171175355  0.61562207008520720  0.62574101944219496  0.63440792491561537
  0.64232673836343923  0.65218166835421953  0.66255055825144971  0.67674521019144929
  0.69267420441303384  0.70511084889833053  0.71748011345013873  0.73073865964624030
  0.74751674114539168  0.75800067729428577  0.76659366458138889  0.77479345407766020
  0.78433687020499987  0.79414521702612639  0.80434371511326930  0.81563635540222013
  0.83021355651129747  0.85167379256898357  0.87646941171522408  0.89133106737009371
  0.89962635953970904  0.90840877037398571  0.91930899638510100  0.92827848668896129
  0.93379726614296554  0.93989750244178216  0.94638172748427174  0.95278102206043525
  0.95911995274138939  0.96914283557321435  0.98366947147658834  1.00000000000000000
 -0.00440322152797837  0.01853351555799851  0.03084787305197252  0.04061194993623444
  0.05040213744935331  0.06136340408301309  0.07709234268052986  0.09077559434331527
  0.10000631815384821  0.10879544634210701  0.11790158388290818  0.12625592355530896
  0.13219632231749945  0.13916033281635126  0.14756337047632559  0.15374414146266746
  0.16126975202017874  0.17030714249824538  0.17803636663621039  0.18683041604720452
  0.19521963789060151  0.20036518325046890  0.20806372364225723  0.21687442189524037
  0.22887692169898161  0.24389412707512179  0.25979333783911440  0.27700469965939717
  0.29544995217247022  0.31268879549934014  0.32626457997085417  0.33710348203681995
  0.34462437474664903  0.35165294055058632  0.35899113138045396  0.36624086329131672
  0.37480296007380731  0.38437281439064452  0.39223203193133460  0.40284105546687421
  0.41529255511347629  0.42738424473849257  0.44028929707114978  0.45516245449620141
  0.46677712979251584  0.47690386206701713  0.48584906454454663  0.49221630504249553
  0.49845501322377939  0.50545017739351128  0.51406153534663512  0.52566754930367188
  0.54664049855609653  0.55791081168661816  0.56427167648429988  0.57075163320964395
  0.57759437915507461  0.58291201860708453  0.58837581433745434  0.59339226074346252
  0.60566530931434637  0.62325471998971638  0.63968032202347047  0.65323044770013372
  0.66858208285836529  0.68932306926108100  0.71164723376504835  0.73013462449348943
  0.74335804064377253  0.75202974820590296  0.75745431916806250  0.76288927884983138
  0.76528591270480417  0.76771266855060694  0.77018760576078638  0.77456815287230552
  0.78027764013464607  0.79177853131309739  0.80412921266154991  0.81779642315266443
  0.83023228283768491  0.84083420346602389  0.85168459531034679  0.85970803182379207
  0.86549087420366522  0.87316576336030827  0.88340889733739036  0.89234768354882221
  0.90135509506068767  0.91127899525560629  0.92566217268020334  0.94363846719579747
  0.96174183758602438  0.97569768648802380  0.98795498944077909  1.00000000000000000
 -0.00115854661805833  0.00447529102688374  0.00851805114705328  0.01024839777588117
  0.01392277824585165  0.01901491777276144  0.02312084233009449  0.02876100966701489
  0.03381920724678561  0.03732348811938579  0.04084983289570691  0.04464707412459607
  0.04880168594333542  0.05818262655572191  0.06737878186438054  0.07694289512361030
  0.09339752083781844  0.11398093896068980  0.13598333409217647  0.15538719949833973
  0.16904379642212294  0.18206350809376365  0.19579904612764382  0.21017024333023376
  0.22608757654254522  0.23739013146535728  0.24528701652021237  0.25284065178146820
  0.25774590219417465  0.26228036322712178  0.26762698323158901  0.27482899649396242
  0.28579095847085056  0.30127801865677351  0.31726212937328441  0.33234260640346558
  0.34657680219500597  0.35789167189147059  0.37192103457634729  0.38691753805266255
  0.40195853145881721  0.41450083621285988  0.42370114629998495  0.43616201026491769
  0.44690762163233572  0.45650955503434792  0.46496371062687769  0.47040793938967973
  0.47483155382243331  0.47947672211667164  0.48375802638769277  0.48986846666442996
  0.49871062544049688  0.50970728269630661  0.52076626296701389  0.52987783244219733
  0.54126404448199650  0.55492740662568674  0.56842592874661568  0.58384920460185363
  0.60041590458644978  0.61572331983031103  0.63780576043106041  0.65723632233743390
  0.67581121565404045  0.68912655911799747  0.70447497493774824  0.71543362182129999
  0.72547662981619976  0.73401227484467058  0.74425510151328789  0.75877016138347886
  0.77530418967971004  0.79031386530536007  0.80185230007930230  0.80690698357468593
  0.81032165399404676  0.81495221133347484  0.81789931409681760  0.82155048656094876
  0.82787900150954796  0.84925023037569669  0.86304827910033011  0.87710764609775249
  0.88904537528974081  0.90451702498934561  0.92220775469884453  0.93785462143213849
  0.94975285807962584  0.95941711838927657  0.96777317544549402  0.97467571137176956
  0.98047695359209042  0.98659717090653365  0.99329858545326677  1.00000000000000000
 -0.00206766706994560  0.01098462970474461  0.02255069401104429  0.03625639171838176
  0.04966176834116293  0.06062428298327933  0.07255409141214202  0.07762726525666357
  0.08064651269721709  0.08317587302673002  0.08693418065231251  0.08901325749518768
  0.09411748385178842  0.10152153649863414  0.10876587644576415  0.11528123704482381
  0.12295765846709270  0.12993745483505201  0.13858593693128665  0.15194391968719231
  0.16306866751146837  0.17160969582507346  0.17804172094543572  0.18323977660994759
  0.19137005001314264  0.20253276424990843  0.21202758793793727  0.21992164520277152
  0.22454505581683259  0.22879240886429142  0.23390541124105282  0.24492325961024183
  0.26291893308938175  0.27886132020812754  0.29262065144682059  0.30274965405011095
  0.31458890327148825  0.32646226781179444  0.33923207992533633  0.35583192585384177
  0.37615889168406447  0.39699587194366187  0.41512194698748439  0.43575922911224568
  0.45735311085334135  0.47467572143865899  0.48689671623307307  0.50011536531685963
  0.50970899738007625  0.51912453230914579  0.52655157471789271  0.53232580285313269
  0.53718595477682063  0.54169568570895243  0.54750072037056208  0.55564315776732676
  0.56296885798892493  0.57020652771102798  0.57797504945176181  0.59154769815246377
  0.60692930782236176  0.62386865375084111  0.63573235841864728  0.64060683816900077
  0.64593938302190412  0.65221021457875838  0.66062740812797338  0.66966753477403751
  0.67853657949651180  0.68784324660276863  0.69899236346170424  0.71383785775849684
  0.72826574777250763  0.74177254243619550  0.75748039980137294  0.77548448845312290
  0.79170888473237266  0.80440667032636448  0.81483896144838697  0.82478697952345725
  0.83477153738706811  0.84507320558686405  0.85577049940355454  0.86732758077451211
  0.87646588974459405  0.88557634661206641  0.89340836085427688  0.89935503781978920
  0.90575610958134833  0.91268313160769488  0.92097906660539108  0.93012862640610128
  0.94727480932418040  0.96540235680097231  0.98161523247384275  1.00000000000000000
 -0.01165625780071264  0.03827033288172885  0.07037957498530337  0.09120600550938915
  0.10294824113193665  0.11162386871626402  0.11937228973511818  0.12648517630429404
  0.13582443949296666  0.15051134606004174  0.16918785118594501  0.17910038022202915
  0.18670220164554369  0.19342290399355186  0.19989208646276252  0.20767099409692685
  0.21583061915773766  0.23611489309488959  0.24950667857977957  0.26012394571439024
  0.26872510933137755  0.27734308004516223  0.28328902990050492  0.28671142641278236
  0.29090424657582592  0.29726399990705810  0.30419499235071840  0.30954278389197598
  0.31477733316563750  0.31997682134793726  0.33067784613566026  0.34454033685076402
  0.35904177999907261  0.36657634991415960  0.37252818092002843  0.37819255596553247
  0.38454775960706161  0.39503532224175975  0.40533492509105640  0.42083240667792188
  0.44003050238533969  0.45151650490148554  0.46075812981974851  0.46949643663191365
  0.48008594687616435  0.49031096582753780  0.50277484485534851  0.51557255809973146
  0.52641611799086541  0.53620603037169534  0.54603590589386930  0.55696326101958604
  0.56864669079059127  0.57950084783424194  0.59196942677939923  0.60586258683822458
  0.61639786912458394  0.62322478928855651  0.63285930380677791  0.64230251641875480
  0.64944569468932511  0.65645486821681864  0.66319275428974866  0.67462743697970351
  0.68630134365631268  0.69928957826721749  0.70793119229537704  0.71612805793781209
  0.72481416417674716  0.73191804109359060  0.74473659332632525  0.76055197065504410
  0.77388547921802131  0.78308316321009608  0.79250620253987003  0.80537153647779391
  0.81685706689081383  0.82468140349564778  0.83154058455227420  0.83883036184198378
  0.84944752194931294  0.86017131231308741  0.87090807579697838  0.88173111191767639
  0.89152499901391058  0.90429886751880950  0.91839047099824078  0.93270724013181072
  0.94460809312140737  0.95852394421411868  0.96913102952984875  0.97632248635422136
  0.98151521819572041  0.98836827233270086  0.99457493114137929  1.00000000000000000
 -0.00320768992943455  0.01078080153544963  0.02011494787526578  0.02808029907594267
  0.03644188792166932  0.04784609140067723  0.06173762032786051  0.07629894712348931
  0.08791152080448805  0.09441892897996100  0.10067926541460799  0.10664435815292225
  0.11060642597674243  0.11472025833444360  0.11947302673356279  0.12472781123932518
  0.13099401085123430  0.13686865618489036  0.14233555545171611  0.14839407022226195
  0.15515889038794975  0.16102777329346199  0.16699385120009533  0.18144079041507635
  0.20181638679715577  0.21749749174271468  0.23024902108403317  0.24458675887819420
  0.26172389959167158  0.27726529082936524  0.29352511604990011  0.31370114553551109
  0.33126922624113914  0.34192366575300848  0.35155103216439487  0.36009926422180372
  0.36637476810367581  0.37026029376335334  0.37502156493614341  0.38126783429482464
  0.38614635272678344  0.38995557501592815  0.39510838921629460  0.40149408343948351
  0.41172328174588824  0.42831612717403506  0.44927132289377003  0.47295391038011630
  0.49552084018936499  0.50535543372310188  0.51550264423640713  0.52665229334665842
  0.53889480994301442  0.54648149050294559  0.55089224693465833  0.55512029627418125
  0.55768847672759891  0.56133555337518570  0.56494022610443928  0.57092093375458264
  0.58163716630875861  0.59156835151924492  0.60747577468055303  0.61995022736726757
  0.62802805298837394  0.63383169537191242  0.63947949894254874  0.64422642123871932
  0.65063761017258004  0.66145741657958490  0.67664881026209045  0.69430924818145068
  0.71222618604489341  0.72792508007744716  0.74415002693813670  0.76386876122938208
  0.78108721135492098  0.79915749124945679  0.82003680947100666  0.83361272243353746
  0.84258161727008718  0.85065384956271262  0.85739802865783843  0.86424986366220968
  0.87250008201766471  0.88205034689771422  0.89476238797284724  0.91516174682312057
  0.93350634518908404  0.94698960049119707  0.95633499151160772  0.96451883557924101
  0.97354749694673348  0.98237486774605809  0.99050218009974322  1.00000000000000000
 -0.00351299855295181  0.00935345917834685  0.02130775327922188  0.03154924901828143
  0.03899870111036605  0.04370705030156868  0.04812675442565869  0.05273770412203351
  0.05761686166805277  0.06255696250696184  0.06842437017402297  0.07607421796835802
  0.08466028157913505  0.09224061951178496  0.09738645055658277  0.10336120519407237
  0.11228399766877288  0.12088605683820561  0.12995565758599420  0.14128663433534802
  0.15300131822237711  0.16462158515539718  0.17415609391725578  0.18109945311927159
  0.18564132019242155  0.19074568467439712  0.19534162359648388  0.20257024922140540
  0.20844453711878158  0.21417675802696151  0.21976945804652059  0.22495396188503852
  0.23350775744688562  0.24545662364916776  0.25938382507248464  0.27524352793262796
  0.30187263884025045  0.32902141358558368  0.33773355652234405  0.34326341210765832
  0.35105518787119233  0.36029076834283102  0.36900253473538752  0.37592572826637033
  0.37995178830605053  0.38522347324516132  0.39171901177531615  0.39912660376919418
  0.40931118175775133  0.42254046798032996  0.44150064321509475  0.46179984572179406
  0.47898380091286535  0.49504113139126638  0.51200050341512338  0.53275096398558164
  0.54732647261178302  0.55796570214260532  0.56584488556088453  0.57340391267219781
  0.57965401711384534  0.58628114664295672  0.59223790893105144  0.59832391288256692
  0.60438635691083475  0.61157234177758135  0.62020299866248940  0.63668515302573725
  0.65407958932036236  0.66460858487702468  0.67450259544801150  0.68529465982444993
  0.69618070622985428  0.70989084741265362  0.72362701465595947  0.73999397100667130
  0.76655841135983915  0.78168832322422754  0.79645869026792937  0.81031971392624447
  0.81825699181135336  0.82434843304590022  0.83155281938288006  0.84274498280061316
  0.85259231326575202  0.85866076247668888  0.86435118605486083  0.86942812973050443
  0.87506198678529390  0.88255969289935143  0.89005739901340886  0.90801721877884112
  0.92664467807594919  0.94612641052370816  0.96411716217106236  1.00000000000000000
 -0.00127033315432831  0.00489337526189907  0.00917571806969845  0.01452878406849263
  0.02061421828810383  0.02986642536727772  0.04115824761711642  0.04756306053152000
  0.05329344992212177  0.05798142973027365  0.06543403123866957  0.07560900158425156
  0.08645585473721573  0.09575277737419970  0.10501674053436387  0.11245399515491687
  0.12377719541120286  0.13761638187313158  0.15608941418395753  0.17596268572447421
  0.18919043475608469  0.19985376738622190  0.20861300303414385  0.21546113160493754
  0.22417005067543208  0.23303905813769443  0.24705303904803397  0.26290400931249180
  0.27529811655064340  0.28485264990094972  0.29588238807375611  0.31046503360220795
  0.32757705001380255  0.34672499101377818  0.36627301323261063  0.38148543972204374
  0.39165677806809090  0.40312883455228204  0.41598900725047216  0.43209747330141990
  0.45447418209885465  0.47390260466878864  0.48774215317545028  0.49708467298003745
  0.50445587318418306  0.50986727535533960  0.51395703889560596  0.51941037824573022
  0.52428863442660401  0.53049093274096415  0.53973729570457751  0.54711978201322464
  0.55618957400053493  0.56800877060686294  0.58003437492685839  0.59127662653540425
  0.60161133865201544  0.61078973000581949  0.61799902187710642  0.62457258493888557
  0.63266743636643341  0.64044245222754614  0.64764764911064210  0.65613207405433127
  0.66602137507358228  0.67704768935725734  0.68652928696645432  0.69518387666340231
  0.70466721352140749  0.71585686312189722  0.72772272619822220  0.73784671303887328
  0.74672926506401982  0.75496708093447484  0.76523547842715134  0.77654613953488527
  0.78777543606744393  0.80432318090401633  0.82406578788208618  0.84673683851219494
  0.86421249476571294  0.88100182270111937  0.89814735062085704  0.91051139778648693
  0.91955322463675204  0.92770650729654835  0.93841910379104432  0.95615032548714751
  0.96746142413337866  0.97290469339053831  0.97574906959449614  0.98045699613693049
  0.98512268915587364  0.99011420006941331  0.99497222325345791  1.00000000000000000
 -0.03011226033810740  0.15507118459768562  0.21785469472779512  0.24504553415602290
  0.26161620964916715  0.27464405091429261  0.28049274137281260  0.28668240123164734
  0.29465048105041530  0.30110544097262032  0.30805814455772074  0.31174957869918740
  0.31430990294700911  0.31765759072110078  0.32199771465744315  0.32825007230813963
  0.33591627256756140  0.34253085586650350  0.34849613157670462  0.35506380812705257
  0.36217500900257255  0.36785933332188792  0.37570068617994540  0.38316333064022762
  0.39094881632675299  0.39934559200627751  0.40713170446134744  0.41313171266684273
  0.41846241350856905  0.42367337422497969  0.42987647208368540  0.43630187625376304
  0.44315504341410827  0.45150333872418180  0.46087465304061359  0.47069093226720737
  0.48041259793668684  0.48791634957126845  0.49326351269663826  0.49772446255863373
  0.50135906981232758  0.50473006319356162  0.50821002344879340  0.51136292217936108
  0.51465360604460064  0.51865620288490544  0.52255300689037942  0.52533127205722030
  0.52740062569446045  0.52916588209470805  0.53229589342451578  0.53602790000309386
  0.54192163704819274  0.54977389365667673  0.55669140409635887  0.56306018454452722
  0.56816117326717519  0.57331770999074794  0.57869854109259811  0.58184662858775071
  0.58378014508158238  0.58680633889102007  0.59016343424084339  0.59355492039370672
  0.59695273552611716  0.60156642512132996  0.60664640567738326  0.61206718602307786
  0.61891156932072011  0.62617072802394191  0.63187082870986133  0.63636755432792136
  0.63986716827768131  0.64298115795459942  0.64629805963820197  0.64869433783776831
  0.65140326910512103  0.65543191338126494  0.65794067705774462  0.66036543949330895
  0.66377291940025906  0.67026437131148120  0.67708256354883500  0.68423476123807969
  0.69333130856273961  0.70707768102077639  0.72338943142659573  0.73943006234431852
  0.75414314863024745  0.76782885708897752  0.78057135829059876  0.79392491655175945
  0.80700884536597917  0.83727771985645394  0.89410628391177882  1.00000000000000000
 -0.00318963480971225  0.01056891250834709  0.02566953479431779  0.03832169937019070
  0.05194269385830601  0.06468769377334409  0.07978699569998557  0.09007836969638834
  0.09839176158683195  0.10811730350694938  0.11890372372346249  0.12904618565702636
  0.14087646898559009  0.15183641081986002  0.16119054346551218  0.17225638767546023
  0.18454643940816851  0.19810407015390821  0.21686311028912608  0.23569356280822648
  0.25270000025754913  0.25768393573312187  0.26061888345612955  0.26510986174238904
  0.27037432160448094  0.27452827600154905  0.27932817069212457  0.28562634139911497
  0.29010534864969162  0.29443951511982797  0.29935532877814952  0.30871058965368203
  0.32528893387177488  0.34357313783106391  0.35298181799593126  0.35971967869570576
  0.36626122354063484  0.37238929067192234  0.37796391716079986  0.38477969156889336
  0.39455989737556979  0.40895577918062487  0.42428155332061357  0.44007504584296192
  0.45566127168336124  0.47620272169378336  0.49523812256952443  0.51159051109743048
  0.52399631456459239  0.53652177107269328  0.54635077995437786  0.55734267585059760
  0.56790923515182523  0.57618919509025679  0.58616192387933153  0.59937225920129700
  0.61363664724667155  0.62730617431022984  0.63886107291136007  0.65084144108656217
  0.66290405547749753  0.67652432230284876  0.68280536095123356  0.68903455198334207
  0.69527011921532944  0.70147990567964880  0.70757200881598514  0.71475568877317530
  0.72596230754512392  0.73874127419703906  0.75153672770670810  0.76096761227364607
  0.76880665963318251  0.77594035601614053  0.78502381720224701  0.79714070084497912
  0.81510749539265159  0.83875351088660455  0.85913965945178894  0.87317915001857949
  0.88260265642618985  0.88723229947011728  0.89302263346970079  0.90047685371890263
  0.90689491090470409  0.91071984919564430  0.91439579182134367  0.91817378915315140
  0.92346503143489633  0.92978614495013179  0.93794446225382078  0.94545064464736583
  0.95673265196693047  0.96827917510147687  0.98285898145938522  1.00000000000000000
  0.60593368490456312  0.81836695416601946  0.84188286343282392  0.86822719263543591
  0.88633168119070271  0.89063606463283329  0.89387543055004692  0.89735701961029646
  0.89968356693629858  0.90321294605874713  0.90801226191929962  0.91432528323168938
  0.92089657946550407  0.92604033736922797  0.93290313946700087  0.93856928234923509
  0.94085469617115070  0.94327635324793302  0.94786285174025930  0.95125534196581096
  0.95342267764136235  0.95548258923114393  0.95786980213141071  0.96037147672307066
  0.96199250689554683  0.96342606771540140  0.96448458245101010  0.96552263444315589
  0.96654254428873965  0.96754599036065525  0.96846697008492688  0.96903984765315521
  0.96948327599791895  0.96992675388052429  0.97029841430244379  0.97070736713731309
  0.97125728489334684  0.97189732899943204  0.97269698439662167  0.97374914826206083
  0.97476670338380833  0.97561672202555105  0.97634440032709380  0.97711074212008253
  0.97772970255432112  0.97811550600703079  0.97841127995387522  0.97865308534629947
  0.97895655047770336  0.97930173315776237  0.97966108766695792  0.98004701315513543
  0.98056267233198480  0.98114344807346521  0.98188376771506036  0.98251233008043237
  0.98303398991258950  0.98350511324306478  0.98388330573761840  0.98423003569429668
  0.98463178704008236  0.98498573801472356  0.98526868451355609  0.98548718324444984
  0.98569278735721666  0.98592738506648203  0.98614976702263124  0.98642873798959740
  0.98672269172638882  0.98690135172327331  0.98712997144207004  0.98739926440483683
  0.98784500048026758  0.98848872344907890  0.98921910143295366  0.98987503746450367
  0.99047974051395149  0.99090081699710975  0.99123357042478200  0.99149173075628549
  0.99173650267691527  0.99202229105344808  0.99229814281283335  0.99261970188439652
  0.99297444209845420  0.99321967739180961  0.99335798263860320  0.99350310616650794
  0.99366493499134423  0.99384774681808696  0.99408810681636939  0.99442009594000069
  0.99504621888289735  0.99606650344240411  0.99743810787842146  1.00000000000000000
 -0.03763065631320712  0.17717145208745527  0.23264659491940051  0.25935336548496202
  0.27811237045947546  0.29372259057595557  0.30995313329642493  0.32593883794839107
  0.34112157484322886  0.35546383965391271  0.36160920849690048  0.36902588415868337
  0.37503511477603729  0.38181042715297597  0.38910518318086451  0.39703861978270599
  0.40751130097929111  0.41892770646414279  0.43226495282201594  0.44716541564244094
  0.46360429338670167  0.47961894257228094  0.48399980716025870  0.48887790746331133
  0.49337060338910105  0.49802064207021551  0.50237734132418088  0.50700878126298499
  0.51038556035743188  0.51358681342033230  0.51746214973061444  0.52268419428772928
  0.52608608711685090  0.52901544193927719  0.53155131273571665  0.53402030212035678
  0.53606374712339633  0.53805480027205910  0.54256426066684227  0.54676609237934937
  0.55172935003687484  0.55702942367275854  0.56033437488367877  0.56273203941749961
  0.56549504024241681  0.56854974048265838  0.57295988552989130  0.57909184080778087
  0.58506154299334912  0.58984208568609453  0.59471300292942220  0.60103267345094569
  0.60750908746411203  0.61149198677534222  0.61353851015641592  0.61514072805235553
  0.61713216117240177  0.61996850377172064  0.62203348470392728  0.62365250800283523
  0.62477129879068838  0.62585586037512930  0.63109912803716517  0.63878651356901694
  0.64541185201523510  0.65214618945388070  0.66126138892049735  0.67069175160796335
  0.68033427902728716  0.68597389443655898  0.69114977503057129  0.69596705106818690
  0.70128763159689722  0.70801826181958272  0.71446450372454040  0.72004667807388967
  0.72583036966855696  0.73348993764246562  0.74188891290264314  0.75028683857434864
  0.75866968162249293  0.76754828986185997  0.77641522714995470  0.78196804975947543
  0.78553151591158077  0.78970155609304682  0.79544914947820344  0.80265251002456639
  0.80781848767400266  0.81256270991233714  0.81742437506379506  0.82183333152963156
  0.83558335723477739  0.85456733613262814  0.87685046194300087  1.00000000000000000
   7.2937736574310785E-021  -1.0000000000000000     
 F F F F F F F F F F F F F F F F F F F F F F F F F F F F F F F F F F F F F F F F F F F F F F F F F F F F F F F F F F F F F F F F F F F F F F F F F F F F F F F F F F F F F F F F F F F F F F F F F F F F F F F F F F F F F F F F F F F F F F F F F F F F F F F F F F F F F F F F F F F F F F F F F F F F F F F F F F F F F F F F F F F F F F F F F F F F F F F F F F F F F F F F F F F F F F F F F F F F F F F F F F F F F F F F F F F F F F F F F F F F F F F F F F F F F F F F F F F F F F F F F F F F F F F F F F F F F F F F F F F F F F F F F F F F F F F F F F F F F F F F F F F F F F F F F F F F F F F F F F F F F F F F F F F F F F F F F F F F F F F F F F F F F F F F F F F F F F F F F F F F F F F F F F F F F F F F F F F F F F F F F F F F F F F F F F F F F F F F F F F F F F F F F F F F F F F F F F F F F F F F F F F F F F F F F F F F F F F F F F F F F F F F F F F F F F F F F F F F F F F F F F F F F F F F F F F F F F F F F F F F F F F F F F F F F F F F F F F F F F F F F F F F F F F F F F F F F F F F F F F F F F F F F F F F F F F F F F F F F F F F F F F F F F F F F F F F F F F F F F F F F F F F F F F F F F F F F F F F F F F F F F F F F F F F F F F F F F F F F F F F F F F F F F F F F F F F F F F F F F F F F F F F F F F F F F F F F F F F F F F F F F F F F F F F F F F F F F F F F F F F F F F F F F F F F F F F F F F F F F F F F F F F F F F F F F F F F F F F F F F F F F F F F F F F F F F F F F F F F F F F F F F F F F F F F F F F F F F F F F F F F F F F F F F F F F F F F F F F F F F F F F F F F F F F F F F F F F F F F F F F F F F F F F F F F F F F F F F F F F F F F F F F F F F F F F F F F F F F F F F F F F F F F F F F F F F F F F F F F F F F F F F F F F F F F F F F F F F F F F F F F F F F F F F F F F F F F F F F F F F F F F F F F F F F F F F F F F F F F F F F F F F F F F F F F F F F F F F F F F F F F F F F F F F F F F F F F F F F F F F F F F F F F F F F F F F F F F F F F F F F F F F F F F F F F F F F F F F F F F F F F F F F F F F F F F F F F F F F F F F F F F F F F F F F F F F F F F F F F F F F F F F F F F F F F F F F F F F F F F F F F F F F F F F F F F F F F F F F F F F F F F F F F F F F F F F F F F F F F F F F F F F F F F F F F F F F F F F F F F F F F F F F F F F F F F F F F F F F F F F F F F F F F F F F F F F F F F F F F F F F F F F F F F F F F F F F F F F F F F F F F F F F F F F F F F F F F F F F F F F F F F F F F F F F F F F F F F F F F F F F F F F F F F F F F F F F F F F F F F F F F F F F F F F F F F F F F F F F F F F F F F F F F F F F F F F F F F F F F F F F F F F F F F F F F F F F F F F F F F F F F F F F F F F F F F F F F F F F F F F F F F F F F F F F F F F F F F F F F F F F F F F F F F F F F F F F F F F F F F F F F F F F F F F F F F F F F F F F F F F F F F F F F F F F F F F F F F F F F F F F F F F F F F F F F F F F F F F F F F F F F F F F F F F F F F F F F F F F F F F F F F F F F F F F F F F F F F F F F F F F F F F F F F F F F F F F F F F F F F F F F F F F F F F F F F F F F F F F F F F F F F F F F F F F F F F F F F F F F F F F F F F F F F F F F F F F F F F F F F F F F F F F F F F F F F F F F F F F F F F F F F F F F F F F F F F F F F F F F F F F F F F F F F F F F F F F F F F F F F F F F F F F F F F F F F F F F F F F F F F F F F F F F F F F F F F F F F F F F F F F F F F F F F F F F F F F F F F F F F F F F F F F F F F F F F F F F F F F F F F F F F F F F F F F F F F F F F F F F F F F F F F F F F F F F F F F F F F F F F F F F F F F F F F F F F F F F F F F F F F F F F F F F F F F F F F F F F F F F F F F F F F F F F F F F F F F F F F F F F F F F F F F F F F F F F F F F F F F F F F F F F F F F F F F F F F F F F F F F F F F F F F F F F F F F F F F F F F F F F F F F F F F F F F F F F F F F F F F F F F F F F F F F F F F F F F F F F F F F F F F F F F F F F F F F F F F F F F F F F F F F F F F F F F F F F F F F F F F F F F F F F F F F F F F F F F F F F F F F F F F F F F F F F F F F F F F F F F F F F F F F F F F F F F F F F F F F F F F F F F F F F F F F F F F F F F F F F F F F F F F F F F F F F F F F F F F F F F F F F F F F F F F F F F F F F F F F F F F F F F F F F F F F F F F F F F F F F F F F F F F F F F F F F F F F F F F F F F F F F F F F F F F F F F F
  <DiscreteSampler_grid>
  grouped_processes
  1 # 1 for a reference and 2 for a running grid.
  10 # Attribute 'min_bin_probing_points' of the grid.
  1 # Attribute 'grid_mode' of the grid. 1=='default',2=='initialization'
  0.0000000000000000 # Attribute 'small_contrib_threshold' of the grid.
  0.5000000000000000 # Attribute 'damping_power' of the grid.
 # binID   n_entries weight   weight_sqr   abs_weight
    61   10   3.588154270401739E-019   1.209315852931587E-036   3.588154270401739E-019
    62   10   3.588154270401764E-019   1.209315852931610E-036   3.588154270401764E-019
    64   10   7.176308540803478E-019   4.837263411726348E-036   7.176308540803478E-019
    65   10   7.176308540803529E-019   4.837263411726442E-036   7.176308540803529E-019
    67   10   9.028868065106959E-019   7.570702449886488E-036   9.028868065106959E-019
    68   10   9.028868065106838E-019   7.570702449886287E-036   9.028868065106838E-019
    70   10   1.805773613021392E-018   3.028280979954595E-035   1.805773613021392E-018
    71   10   1.805773613021368E-018   3.028280979954515E-035   1.805773613021368E-018
    106   10   3.835848345244134E-019   1.135548323547468E-036   3.835848345244134E-019
    107   10   3.835848345244098E-019   1.135548323547442E-036   3.835848345244098E-019
    109   10   7.671696690488268E-019   4.542193294189871E-036   7.671696690488268E-019
    110   10   7.671696690488196E-019   4.542193294189770E-036   7.671696690488196E-019
    112   10   1.050015949356940E-018   9.639864294272900E-036   1.050015949356940E-018
    113   10   1.050015949356959E-018   9.639864294273320E-036   1.050015949356959E-018
    115   10   2.100031898713879E-018   3.855945717709160E-035   2.100031898713879E-018
    116   10   2.100031898713918E-018   3.855945717709328E-035   2.100031898713918E-018
    151   10   3.588154270401740E-019   1.209315852931587E-036   3.588154270401740E-019
    152   10   3.588154270401784E-019   1.209315852931623E-036   3.588154270401784E-019
    154   10   7.176308540803480E-019   4.837263411726348E-036   7.176308540803480E-019
    155   10   7.176308540803567E-019   4.837263411726493E-036   7.176308540803567E-019
    157   10   9.028868065106990E-019   7.570702449886541E-036   9.028868065106990E-019
    158   10   9.028868065106859E-019   7.570702449886321E-036   9.028868065106859E-019
    160   10   1.805773613021398E-018   3.028280979954616E-035   1.805773613021398E-018
    161   10   1.805773613021372E-018   3.028280979954528E-035   1.805773613021372E-018
    196   10   3.835848345244158E-019   1.135548323547483E-036   3.835848345244158E-019
    197   10   3.835848345244092E-019   1.135548323547438E-036   3.835848345244092E-019
    199   10   7.671696690488317E-019   4.542193294189931E-036   7.671696690488317E-019
    200   10   7.671696690488184E-019   4.542193294189752E-036   7.671696690488184E-019
    202   10   1.050015949356937E-018   9.639864294272860E-036   1.050015949356937E-018
    203   10   1.050015949356957E-018   9.639864294273277E-036   1.050015949356957E-018
    205   10   2.100031898713875E-018   3.855945717709144E-035   2.100031898713875E-018
    206   10   2.100031898713913E-018   3.855945717709311E-035   2.100031898713913E-018
  </DiscreteSampler_grid>
