  0.00226829440342228  0.01585178937863340  0.02655723803219169  0.03484723996983560
  0.04342604393952902  0.05423885744336394  0.06528629414410997  0.07753972872949619
  0.09082216551517044  0.10391328588526748  0.11193187214156082  0.11916524594009088
  0.12680659065142386  0.13488138144845305  0.14427995634739058  0.15495062605748511
  0.16504986750183279  0.17697320535351846  0.19133633016831128  0.20590613392093537
  0.21865434652796475  0.23077916913542448  0.24310506650061092  0.25442722244892479
  0.26447921587601358  0.27325927077795925  0.28161566241259828  0.28927397039824460
  0.29705861176721737  0.30494617378937894  0.31209994043673478  0.31920412593138747
  0.32680547684431660  0.33441948583048997  0.34407450861773914  0.35509159457530004
  0.36673773458532055  0.37822095223216035  0.39293303986398576  0.40521805769947339
  0.41609820554837640  0.42556738789946524  0.43440095505049053  0.44354402632449558
  0.45489930061953671  0.46641604984186019  0.47513372184067021  0.48539067903440036
  0.49803924399128385  0.51416342418077199  0.52875104123592365  0.54158098011441580
  0.54962425850717189  0.55800293689407932  0.56768809652728580  0.57872124734789376
  0.58976703422009313  0.59947771361011570  0.60933155780417314  0.61931997379862602
  0.62777198561704073  0.63714098776658645  0.64723047325614791  0.65568576412672375
  0.66385030817176194  0.67214652522088636  0.68088422802876170  0.69117547220992548
  0.70492807261608148  0.71981194790131697  0.73429010759128943  0.74693710768580845
  0.75721997716969147  0.76630148533381393  0.77558326532132071  0.78622582724585877
  0.79762619339579288  0.80812548590497546  0.81784619832355010  0.82803084690173523
  0.83854292453438095  0.84832699867240380  0.85735808905104038  0.86568463192103207
  0.87577579707444331  0.88450037236169410  0.89424282484398154  0.90665765262822828
  0.91703713977524348  0.92834091540143460  0.93939696479446433  0.95134142157819257
  0.96102760228896478  0.97272255288990939  0.98583117511892682  1.00000000000000000
  0.00815548431038765  0.01833137342055519  0.03092846179453351  0.04264299038977055
  0.05437609692870183  0.06703297930271004  0.08029162443992229  0.09315115681080217
  0.10727545779762744  0.12042365704145649  0.13075105317171043  0.14019624679262019
  0.15004916287522982  0.16087040427985977  0.17196042026063299  0.18198771192217669
  0.19162893424212205  0.20099691624733423  0.21014852192602923  0.21623622730806930
  0.22226961171048740  0.22910859456393176  0.23767793493063297  0.24908018568573154
  0.26304988418873693  0.27550319035702425  0.28669459928212854  0.29704601307166817
  0.30596663911155864  0.31451179811388413  0.32339164679951915  0.33234243081261422
  0.34139815898849524  0.35103807237871987  0.36196663094292464  0.37380769976957251
  0.38332937890024887  0.39134625272321188  0.40041354192575196  0.40832074269960594
  0.41690303129888484  0.42794517271466415  0.43781971259653135  0.44757646844255300
  0.45522289842666136  0.46328495897710126  0.47203718573367071  0.48141768465142204
  0.49169480343614014  0.50377537107941173  0.51549843151199748  0.52579772737942176
  0.53661629515562859  0.54677675735095455  0.55635901695034728  0.56569954545475210
  0.57565653401659522  0.58688674580069056  0.59837980554763126  0.60835968980625388
  0.61742950555884457  0.62740032619265995  0.63628563240372660  0.64314552579056050
  0.64961522265111238  0.65544125797128749  0.66312772369145268  0.67189127597264275
  0.68264737237799988  0.69645061740570635  0.71340947265516608  0.73032624579120842
  0.74407925370606098  0.75437424853512869  0.76484466272965757  0.77616272682595555
  0.78837028302533840  0.79874329508139341  0.81051558371672416  0.81944244232415664
  0.82819632662537823  0.83626591642130943  0.84429893745706408  0.85321610112631219
  0.86175232031093651  0.87171573436353778  0.88279226941613087  0.89380702123644229
  0.90670364052608254  0.91978430018371360  0.93206853507965781  0.94388196756247189
  0.95525010029917989  0.96675831717567595  0.98127644703357098  1.00000000000000000
  0.00018930414225353  0.00021172001526367  0.00022105899086652  0.00022739626952223
  0.00023387213922916  0.00023951283225255  0.00024429849788190  0.00024853779019500
  0.00025256472054375  0.00025652160828357  0.00026043505492892  0.00026424523858763
  0.00026788317784984  0.00027145962898552  0.00027532936469380  0.00027961834561766
  0.00028377289786754  0.00028699406841559  0.00029012941128198  0.00029353297557689
  0.00029710934738490  0.00030056621159277  0.00030425851458231  0.00030861314171315
  0.00031263666194547  0.00031671600679114  0.00032080349477497  0.00032520424746223
  0.00033017012151604  0.00033568007785763  0.00034133927778641  0.00034608652235579
  0.00035033490274113  0.00035467907175100  0.00035895723468177  0.00036405116641295
  0.00036975365258395  0.00037609595430206  0.00038388768922401  0.00039137285806478
  0.00039908140187132  0.00040736643509603  0.00041512022293385  0.00042132494856162
  0.00042778841083217  0.00043446830270110  0.00044056470958445  0.00044586403669005
  0.00045166227446415  0.00045835410032776  0.00046505086356292  0.00047085302679874
  0.00047653076519664  0.00048284555759721  0.00049040890406996  0.00049795518377811
  0.00050631334904360  0.00051416620102246  0.00052546278697974  0.00053584125349541
  0.00054790471284488  0.00055896210606821  0.00056888209188903  0.00057935972275801
  0.00059300292784468  0.00060956492573096  0.00062651037563829  0.00064337071434740
  0.00065693200380065  0.00066934364500414  0.00068425574727385  0.00069961106950542
  0.00071732586614809  0.00073956048573050  0.00076545917522991  0.00079545568352893
  0.00082611137702027  0.00085833224001372  0.00089101101072916  0.00092172775225407
  0.00095558486091858  0.00100605071794943  0.00106764759340746  0.00113861691840921
  0.00122379261202634  0.00133329882765038  0.00146517232513735  0.00157718886923743
  0.00171162819019119  0.00188738554882433  0.00221618656956488  0.00277961661848579
  0.00503068670712100  0.22811546129009153  0.41147831466946450  1.00000000000000000
  0.00330809551346006  0.01164745949148208  0.02266490815069306  0.03334034351695797
  0.04387484914111045  0.05367746060834346  0.06914187596879906  0.08027140735746099
  0.09092292652004802  0.09951665085321013  0.10879010014930957  0.11946539932954034
  0.13188465153343154  0.14173858595678146  0.15118554346033131  0.15914390869568845
  0.16552914772879398  0.17156876703372145  0.17983522945184485  0.19074024446446630
  0.20215671940349800  0.21245769680945853  0.22218936496156802  0.23245767032227505
  0.24223682364494928  0.25165131967930415  0.26219174217094826  0.27528337979493706
  0.28869369881887258  0.30058681920767411  0.31060264356739636  0.32044028636456512
  0.33257320051187256  0.34957701482135839  0.36809059565034330  0.38198518148266641
  0.39314848322802037  0.40352744349005720  0.41298352240729946  0.42163386323622482
  0.43208570745503155  0.44541893229008900  0.45925696924748055  0.47224345366330689
  0.48449214426552956  0.49623498862692583  0.50885190972976602  0.52199352624190509
  0.53245211888690880  0.54169495518645305  0.54901148667448341  0.55524748316985151
  0.56199261992272898  0.57027978568971405  0.57987418202163821  0.58938652016331261
  0.59882104242196654  0.60887802625261622  0.62043347768380575  0.63137140205295328
  0.64186397983233390  0.65257144394497046  0.66217439505739029  0.67044410956137301
  0.67992659560292357  0.69062305303152471  0.70279205818957891  0.71711288719837862
  0.72964226097164497  0.74188495763462325  0.75267756963678933  0.76105932637518270
  0.76899230823492903  0.77699366930015756  0.78495155610879619  0.79175068881079924
  0.79806198180634413  0.80474403589324273  0.81191758300456018  0.82244183905621826
  0.83321503759093163  0.84376312167607948  0.85350800875527733  0.86258031823422432
  0.87158228329871745  0.88021752378935991  0.89006537473850811  0.90056527683560272
  0.91062880447634975  0.92180657858937809  0.93289365821599790  0.94612949676136593
  0.96195114377738089  0.97421442818519810  0.98693798791222698  1.00000000000000000
  0.00000382518876416  0.00000951840302136  0.00001275749731136  0.00001580121557288
  0.00001856899220110  0.00002107366190943  0.00002418334829710  0.00002756572785331
  0.00003178226798370  0.00003593282802210  0.00003935267188151  0.00004328997964388
  0.00004730512713845  0.00005098539927451  0.00005443932397741  0.00005776648311936
  0.00006125341585634  0.00006468994629342  0.00006800323556962  0.00007132181841742
  0.00007491123136460  0.00007824054654770  0.00008091445972087  0.00008377118255316
  0.00008808074435072  0.00009330409551160  0.00009823624864902  0.00010264638908002
  0.00010689181336135  0.00011148785146397  0.00011622514322219  0.00012073462433675
  0.00012552928024882  0.00013096196659684  0.00013689802318681  0.00014279264195737
  0.00014831343589547  0.00015407583475056  0.00016034988738881  0.00016623946126638
  0.00017196192183098  0.00017803407530987  0.00018381874361639  0.00018907151136449
  0.00019522134957264  0.00020209796001318  0.00020801048460894  0.00021352101157142
  0.00021924116209140  0.00022629687067483  0.00023452946852563  0.00024447466354174
  0.00025525680075532  0.00026626564835258  0.00027763588867369  0.00028891802739721
  0.00030061704936266  0.00031299824838954  0.00032579050192567  0.00033913686600228
  0.00035371242940638  0.00036917822585446  0.00038657625512022  0.00040595476963856
  0.00042526490823960  0.00044676955881042  0.00047091589868699  0.00049638141876243
  0.00052049231996135  0.00054333221047852  0.00056768648280345  0.00059357542802573
  0.00061790830510326  0.00064244753708595  0.00067408969098488  0.00070846109832616
  0.00074108639654560  0.00077999899283909  0.00083347978962339  0.00090517087799055
  0.00096672576426224  0.00102714895371107  0.00108399900963872  0.00114638882823248
  0.00124700199812786  0.00138582842323594  0.00160563853279612  0.00191277030036252
  0.00229204883951424  0.00285233990122895  0.00343568670958878  0.00413166368037787
  0.00528414107579949  0.02583129297519430  0.60615335721075103  1.00000000000000000
  0.00000923118989878  0.00001834806194067  0.00002271726176560  0.00002744890497071
  0.00003254546219429  0.00004031524402714  0.00004755480218903  0.00005458522946527
  0.00006148866279832  0.00006807173431432  0.00007509448134394  0.00008322662084781
  0.00009349794950326  0.00010407811691010  0.00011450880687907  0.00012492418445091
  0.00013544767410371  0.00014753508603605  0.00016250558512274  0.00017763753755487
  0.00019112544746102  0.00020528923696400  0.00021602454340052  0.00022658444484059
  0.00023785283105293  0.00024900577148852  0.00026169775779153  0.00028028699138032
  0.00030074307654599  0.00032005786614600  0.00033959540558240  0.00035891208983575
  0.00037886288745404  0.00040008901211877  0.00042392113484341  0.00044786414723706
  0.00047062665484015  0.00049229099946469  0.00051318831275413  0.00053850283600897
  0.00056333826043867  0.00058794095600630  0.00061301370874465  0.00064001410733213
  0.00066735765960650  0.00069149341891114  0.00071497221644245  0.00073948739266933
  0.00076659209643260  0.00079707288944026  0.00082533380850214  0.00085387364598221
  0.00088309775929377  0.00091391447566333  0.00094439265769870  0.00098622334639917
  0.00102982101723406  0.00106552154739254  0.00109523991060111  0.00111540248605022
  0.00113646574828092  0.00116061577399269  0.00119237767264475  0.00123224549615870
  0.00127465603039802  0.00131749869332452  0.00136717705466830  0.00142045048604211
  0.00147186328126415  0.00152646117958333  0.00159642129022009  0.00168278201650647
  0.00177526387355434  0.00187474594965183  0.00198118013441114  0.00208269091750997
  0.00218815266987628  0.00229810190754084  0.00244170289294649  0.00259669938131424
  0.00279196001187150  0.00305006076442287  0.00335909401510587  0.00377048871981905
  0.00422484008811279  0.00463927687832241  0.00497538493344290  0.00534213028636601
  0.00607127308452063  0.00716680113008261  0.00866558748174813  0.01052404545317433
  0.01652852776558743  0.05359554681377844  0.62953067799613904  1.00000000000000000
  0.00000037358445178  0.00000142937353409  0.00000195680957420  0.00000254287369634
  0.00000336651427019  0.00000411854229820  0.00000489335577057  0.00000574418193016
  0.00000657446216173  0.00000728843256706  0.00000793937314970  0.00000857792141130
  0.00000936109065416  0.00001018977591200  0.00001096035440893  0.00001172465334857
  0.00001242436992264  0.00001332290242281  0.00001458302708213  0.00001576640959517
  0.00001706590508990  0.00001845172014093  0.00001994044454840  0.00002211404176402
  0.00002436352955974  0.00002655563327675  0.00002871953394095  0.00003070915053393
  0.00003256637729838  0.00003439815352734  0.00003607623721444  0.00003756439422439
  0.00003931366512367  0.00004140263917094  0.00004358125057909  0.00004585468987358
  0.00004835878342379  0.00005120370368063  0.00005426774508987  0.00005774402800192
  0.00006199550574474  0.00006669845645728  0.00007141541383219  0.00007671430086935
  0.00008297490333008  0.00009009056250036  0.00009746584453530  0.00010472605113058
  0.00011157699481739  0.00011934504996145  0.00012795690540246  0.00013761794649524
  0.00014764907960793  0.00015868004402039  0.00017076585656693  0.00018093132673610
  0.00019318428085180  0.00020403899368287  0.00021291649802682  0.00022291278218719
  0.00023415271595875  0.00024883067164260  0.00026748508376521  0.00028781857712971
  0.00030911018732861  0.00033596423600878  0.00037104838095057  0.00041137687074643
  0.00045116108862418  0.00048816554848424  0.00052539817940137  0.00056324875477234
  0.00061079844243898  0.00067188416745032  0.00072880865287665  0.00078758825311719
  0.00085559384718421  0.00091993331733751  0.00100439209237823  0.00110585530557094
  0.00118657243617368  0.00127045712633576  0.00138380656771041  0.00155571225105438
  0.00172392115798006  0.00190563458747547  0.00210873173416330  0.00230619938821404
  0.00252947449551001  0.00281473107787350  0.00331409238446955  0.00431386599250506
  0.00668261902200738  0.01746791035950705  0.07721509870200954  1.00000000000000000
 -0.00656209508569872  0.01822994063465846  0.04040453102010307  0.06308278853393867
  0.08679033141407583  0.10398226760195531  0.11409414504621601  0.12339990978494235
  0.13408448713345983  0.14427477166244046  0.15496643275876926  0.16788981154848379
  0.18090301925521696  0.19331312472512724  0.20431561963969883  0.21477194676247408
  0.22316165170773034  0.23011413316184748  0.23743847755660974  0.24548114704095420
  0.25538454396865451  0.26527663677693064  0.27357851365964092  0.28145893527985572
  0.28998737255252371  0.29767002795448849  0.30619594957772978  0.31542407333607780
  0.32418692575071179  0.33122511476686906  0.33782991918986255  0.34739407610489020
  0.35845794979626783  0.37232023040501117  0.38349642808760809  0.39201787030033880
  0.39937981922640714  0.40689831299790319  0.41223474650886777  0.41806933335432850
  0.42506401273510053  0.43490509711453668  0.44771672467586571  0.45615055975444097
  0.46337331345218891  0.47088748193905883  0.48017988138919016  0.49174546752866688
  0.50160237797348517  0.50812904940176096  0.51495052083686466  0.52192210191881250
  0.52832617155659256  0.53522648712623244  0.54260805178967619  0.55035676168955072
  0.55821833325214398  0.56673644597385930  0.57499771951306122  0.58472816463385635
  0.59217219920321407  0.59942037693239880  0.60709000669606650  0.61294407834823994
  0.61878466429265155  0.62563688284004937  0.63341708273102137  0.64227873328122109
  0.65284706854651742  0.66457669416178045  0.67603227064163940  0.68673513088632265
  0.69747930841020367  0.70869183821599890  0.71915764231180979  0.72857405495494931
  0.73672716219117129  0.74578754083651722  0.75621675021740631  0.76861155139511639
  0.78255474304843053  0.79469686522327676  0.80425900628892522  0.81194861014790609
  0.82259916146579881  0.83660624073130518  0.85100924746831785  0.86546764449521119
  0.87785735055038772  0.89141570414992177  0.90680795155735960  0.92377809071747730
  0.94277801962714070  0.96249211675183166  0.98157271607117191  1.00000000000000000
 -0.00186351323980267  0.00805207741601882  0.01741866611006458  0.02731814309948275
  0.03550945424574835  0.04365520083331365  0.05312492024971832  0.06635485488312576
  0.07790104932636550  0.08832114217248113  0.09867956034471953  0.10982560992545820
  0.12231924343662433  0.13535231302091416  0.14757952579263989  0.15980131128949296
  0.17261666151453256  0.18420770536862022  0.19263793069722546  0.19970961018149735
  0.20898991411623974  0.22127121929472765  0.23400198516606649  0.24731597381898515
  0.26057211332475766  0.27371442883928998  0.28726784617300066  0.29901656904183932
  0.31002093815285869  0.32253753757975040  0.33498559853608856  0.34703226564133088
  0.35731991569823723  0.36670233021707588  0.37547839258571702  0.38562997144700939
  0.39671308046542647  0.40682855260468309  0.41533983125811846  0.42350672045701210
  0.43194570662564641  0.43978971110195930  0.44635706689127930  0.45098573277863530
  0.45550272536449204  0.46025993040992197  0.46572316265763031  0.47324607092365367
  0.48660876491427474  0.50312260322059843  0.51646314212734123  0.52615712430893635
  0.53558067196915204  0.54771003192534662  0.56094334147615932  0.57278348492793618
  0.58349165248562174  0.59300234213924807  0.60219909775233438  0.61312521046575941
  0.62494833800551530  0.63786204260644497  0.64989139523632067  0.65957667613572513
  0.66868615899678840  0.67755017050448774  0.68866137757170742  0.70257067495197556
  0.71665779662737772  0.72895824831222333  0.73885616591030312  0.74732291194310052
  0.75515967522423000  0.76365758188845334  0.77211499132399386  0.78072763920269406
  0.79021255309646554  0.79873101543893066  0.80913158679049224  0.82048515755233042
  0.83218512951295898  0.84549412977029959  0.85989086720999386  0.87350763470518156
  0.88430429880316552  0.89201550248323824  0.89924428199737272  0.90553960097445640
  0.91282684788669000  0.91979784296989409  0.93973412566689729  0.95426368210044521
  0.96702611713425313  0.97772734098536862  0.98858214591024651  1.00000000000000000
 -0.00163183325915195  0.00620556432860615  0.01619733435366352  0.02638328888069058
  0.03750621835748644  0.05006948295810125  0.06376103205719562  0.07656183034453666
  0.08816158880201157  0.10097164392682778  0.11180517000877366  0.11982641501109732
  0.12730668336189602  0.13488175785218223  0.14246822936050907  0.15253978498793402
  0.16778459353349545  0.18261043024334450  0.19646805095553671  0.20910816798617624
  0.22022193073615132  0.22944735514304515  0.23699648741388388  0.24604136192513848
  0.25546219912265594  0.26381966115517791  0.27134839231960389  0.27879938437160001
  0.28576018794421948  0.29240019516948945  0.30323421413868690  0.31320246929595164
  0.32210412856221715  0.33185200986607322  0.34282777922332680  0.35465446669371375
  0.36654989757832812  0.37867743638291462  0.38980367656952092  0.40189456983517574
  0.41227177960844674  0.42208222091096276  0.43297829677144739  0.44214616237196946
  0.45140495725269314  0.46020921494003819  0.46914644420727869  0.47997626354867134
  0.49267043233467989  0.50551388002337172  0.51752950312479717  0.52931973441705482
  0.54093756472913213  0.55258466785124094  0.56475320299514820  0.57801331643719778
  0.59127488848712317  0.60403860367889373  0.61543006532106492  0.62671639899528131
  0.63653920555153787  0.64537180366673363  0.65478213134011853  0.66386169588672328
  0.67359307035238158  0.68411022125332732  0.69486518922109597  0.70603208951723673
  0.71826483723861156  0.73063042400041667  0.74143116775656848  0.75141122631939627
  0.76476268879360310  0.77882069601346382  0.79342797763122264  0.80742733014959600
  0.81971052116412546  0.83155712556396455  0.84255917973166450  0.85386442832539178
  0.86558399677272202  0.87704159934893244  0.88822581594203487  0.89737166936757706
  0.90563092645882948  0.91497036716101821  0.92503472443032619  0.93456532144285465
  0.94453742118936468  0.95355867134743877  0.96048484397495626  0.96801613264728270
  0.97514517416775526  0.98211582272897791  0.99087988534307703  1.00000000000000000
 -0.00235178629412892  0.00803972333741418  0.02039982044819700  0.03112615312755332
  0.04088834983247577  0.05205187806322924  0.05957735093909391  0.06628808206165307
  0.07211500221928678  0.07967717339000638  0.09145499360043262  0.10762710137374443
  0.12297066161920650  0.13715304471042788  0.15045777580691005  0.16346980855713614
  0.17762371002997232  0.19014783478682451  0.20296692378614162  0.21543206602625339
  0.22876197747096078  0.24226025050580538  0.25463780793286001  0.26629518151793408
  0.27793711535518889  0.28972358767501910  0.30300573908247869  0.31371407047596944
  0.32283616938237697  0.33159771169035901  0.34053643934110939  0.34946757234850606
  0.35933085413872962  0.36940421440082050  0.37798065613962689  0.38689394397108234
  0.39846472979748404  0.41251937340282574  0.42686266110381710  0.43958763308947901
  0.45126007076280567  0.46321814894873631  0.47540835366426809  0.48663347840995153
  0.49779238710246931  0.50900575130849313  0.52047417040020949  0.53379376362368480
  0.54846981861168975  0.56304900934228730  0.57640473590399655  0.58916988505395007
  0.60021679123552640  0.60925459939193494  0.61648179154795502  0.62565023966372058
  0.63553440708787423  0.64592706778936448  0.65708833445044346  0.66796724358718029
  0.67721684553839079  0.68570599793623899  0.69559847360800597  0.70429596093240798
  0.71131522940947234  0.72184319110362982  0.73166067738089369  0.73844932266923713
  0.74420065876991803  0.75019388299767631  0.75842737440241226  0.76707004491907882
  0.77702536541442702  0.78804075420047481  0.79409257700917835  0.80032916865393555
  0.80894874871339917  0.81743437162978139  0.82585426744010992  0.83580680747410541
  0.84633460774353864  0.85807934516440776  0.87182363705338506  0.88639816442514585
  0.89917314120622771  0.91094939300883748  0.92055093685166434  0.92821043888075339
  0.93668575757433292  0.94552388069895710  0.95381164958874276  0.96352111669401541
  0.97291809308301880  0.98197723379216617  0.99224766673703046  1.00000000000000000
 -0.00242668107798155  0.00950708637880560  0.01897154479816546  0.02646035301030672
  0.03352079842384295  0.04032266857574635  0.04770557961847361  0.05726853938105642
  0.06778134201108252  0.07708237952629349  0.08477291226637361  0.09227623504290496
  0.10002936893223856  0.10712035429397022  0.11377741495637153  0.12013923425087059
  0.12709419881486267  0.13530471370631372  0.14241812033084858  0.14839901121221943
  0.15310675043811134  0.15749695666191629  0.16318844751546738  0.16896500938399192
  0.17458730337503212  0.18005676831887424  0.18579887681407281  0.19219870263159211
  0.19909239451115632  0.20589503750882140  0.21202442017674286  0.21832945203088291
  0.22587178185717610  0.23227521490684452  0.23842063095272137  0.24551188592110396
  0.25346169725209344  0.26216112281566234  0.26905754852613539  0.27494040158842553
  0.28152324750361307  0.28776049987531782  0.29447822508658794  0.30303176973119245
  0.30923851612534553  0.31478737693594216  0.32117768129527924  0.32743433026549662
  0.33395892215311862  0.34205972500931248  0.35117180979317991  0.36107870338724796
  0.37146244898678493  0.38106066697472435  0.39021406441882084  0.39970619515202027
  0.41051167048141213  0.42291875596066625  0.43493910717981138  0.44644495374211696
  0.45631396607195518  0.46570305289187852  0.47294376360516605  0.48227490229954484
  0.49290392787378401  0.50356046940915111  0.51420707979492752  0.52583812465053248
  0.53824723124408669  0.54989834751877265  0.56184971917956006  0.57400358283900488
  0.58519371575213364  0.59562337829882361  0.60729779886504420  0.62239398591620787
  0.63912640158500189  0.65543289396132753  0.66864467084679091  0.67658085134377755
  0.68736458536322886  0.69914894806148442  0.71090467729731399  0.72348980033216659
  0.73863983910676034  0.75552317687318393  0.77267936285834404  0.78916114974306262
  0.80504109049081596  0.82405852016256709  0.84809885829632414  0.87291899545593610
  0.89645808213528744  0.91957739622223988  0.95174778241804237  1.00000000000000000
 -0.00239147829690826  0.01055420639504681  0.02136672321965548  0.02851768975127578
  0.03665684652733757  0.04673703830511446  0.05868082652651174  0.07015179925604834
  0.08080274529305657  0.09197441563222415  0.10472265064711930  0.11950945875117998
  0.13385807392364388  0.14489665244966968  0.15811151195895148  0.17202916865452852
  0.18789363453613961  0.20357573385779662  0.21720848499262457  0.22932519318125910
  0.24060212780830012  0.25231668166027504  0.26016239044987388  0.26763650838093439
  0.27518401461633962  0.28375017334675973  0.29402625797145060  0.30432777778490289
  0.31376011297666123  0.32197829594714583  0.33050027280852023  0.33912806472791185
  0.34944701882788431  0.36196528527342070  0.37347680150772783  0.38416198265916662
  0.39487263451977511  0.40733916100899775  0.42199052796924774  0.43699850731346968
  0.45098996334967578  0.46295765545782869  0.47300765495108871  0.48271017484739343
  0.49384352736979559  0.50627554080640247  0.51722762089571950  0.52611547419591109
  0.53456593628337390  0.54283152466753937  0.55036680986126330  0.55852227797669851
  0.57041509311471028  0.58322504617418602  0.59282547731214685  0.60128235514021022
  0.60975267153692703  0.61818103209519337  0.62534079340529625  0.63312373170329339
  0.64235697774534817  0.65293346963320498  0.66420276167804415  0.67569863410418807
  0.68632704695702507  0.69574515134988602  0.70316947077392900  0.70899604520433790
  0.71508148224832380  0.72511984571519217  0.73504121174409975  0.74540450376080425
  0.75784367067929059  0.76939124256672797  0.78024795555883408  0.79224250502613958
  0.80530078298498009  0.81917109920691311  0.83332309363054524  0.84622874129191528
  0.85729674495659847  0.86662328238116193  0.87545645307808739  0.88457261433976175
  0.89260356881086766  0.90400187062710891  0.91607867173477353  0.92722511802544438
  0.93644537468842781  0.94386584261966744  0.95283114425532300  0.96171897318392707
  0.97080013884344707  0.97895602297973905  0.98975806249620957  1.00000000000000000
 -0.00361028148640956  0.01809253023257220  0.04042667335596466  0.06099726066360668
  0.08032183737867822  0.09826261988606835  0.11528780495404563  0.13038378826917893
  0.14544745127739889  0.16166202022430681  0.17770874585070762  0.19238128113263536
  0.20475977223215680  0.21673999300363544  0.22889879822017806  0.24077247046590966
  0.25197030174362406  0.26228665435876164  0.27289180017607140  0.28338542102662628
  0.29343717230994976  0.30531518062126506  0.31882378893955443  0.33142125369387310
  0.34251233967430272  0.35210107620367231  0.36142248785017367  0.37101610315108530
  0.38093394906790101  0.39223855797542562  0.40520773716924513  0.41647430863756785
  0.42760740992588092  0.43807479702350860  0.44728125904917110  0.45695064635588462
  0.46827964720129733  0.48159773896749924  0.49435100670430232  0.50584043078866425
  0.51752589820063621  0.52908083279901641  0.53648072539534608  0.54205715534117904
  0.54712676917411107  0.55386608248842539  0.56333131304625883  0.57227962512142694
  0.58069290697798215  0.58911596830559976  0.59738659025567398  0.60443942024355146
  0.61214859688252665  0.62533378355564972  0.63480672241526592  0.64292690228932692
  0.65071178919387251  0.65672877299771715  0.66263856876187566  0.66916736235114749
  0.67605334131943040  0.68289721319000252  0.69091537107986001  0.69895367214489146
  0.70787425646594870  0.72158969157599251  0.72998524969297551  0.73767403082500038
  0.74435126631589010  0.75189427238982498  0.76212525960370969  0.77363048628207975
  0.78563691394874979  0.79745413823630951  0.80600024832831474  0.81210399002672939
  0.81842817214289565  0.82535134034793811  0.83372316506192679  0.84222494368561462
  0.84959738692777342  0.85788119760907300  0.86662010266819023  0.87436970467937170
  0.88194399409096669  0.88952917851651203  0.89777381839447501  0.90781838369284651
  0.91825146309769357  0.93063468875983413  0.94216160376593405  0.95350840533480452
  0.96445511635440206  0.97509655498148029  0.98694784588919438  1.00000000000000000
 -0.00219443149986152  0.00941349878034131  0.02224574357601066  0.03407396700455059
  0.04384799316489621  0.05124433017292192  0.05853596582688445  0.06642912274122535
  0.07534279583618000  0.08697954935021858  0.09669754083946636  0.10726378310851378
  0.11780772241451189  0.12842955877632867  0.14042339228687395  0.15290928094368314
  0.16529213463711556  0.17815248247738577  0.19199271972594378  0.20504979173668297
  0.21633065891363590  0.22643959081289705  0.23659540002132631  0.24776216707731522
  0.25918938411432729  0.26924307305999795  0.27826010192041867  0.28586807958024130
  0.29192055593500943  0.29817092515668975  0.30737490055952976  0.31950937527021050
  0.32956530766249270  0.34122656114918160  0.35456036768872146  0.36791074159945136
  0.38143395219446807  0.39551723461245236  0.41021013596814215  0.42318820889366326
  0.43364490066951816  0.44492485260105791  0.45628746038884854  0.46678659147282631
  0.47678863504700125  0.48808614317774429  0.50054191271010318  0.51282364466840791
  0.52260305131538654  0.53054327952137270  0.53867438590210681  0.54797135402000852
  0.55920648813042373  0.57158397163396268  0.58190655106348199  0.59199900226550450
  0.60166517934235619  0.61161189097810065  0.61952295530542389  0.62673834835546460
  0.63439648047679531  0.64270037119517143  0.65336222714706538  0.66588586958091533
  0.67911419135591833  0.69276512858792172  0.70685793150069354  0.72115429091862360
  0.73421972177916917  0.74538565434044124  0.75397252106776691  0.76049239581670636
  0.76717081504493456  0.77499243222437841  0.78288235552408136  0.79058357693615522
  0.79783278211439579  0.80491716536012548  0.81467596410327481  0.82756369447197997
  0.84174903401131729  0.85507926278255852  0.86689540456476910  0.87844028895402970
  0.89103333610065472  0.90239490722752003  0.91344551900486859  0.92414143789175918
  0.93514950509379280  0.94608527890972616  0.95519354317438443  0.96457139793295743
  0.97318916875612904  0.98092533277859850  0.98965241908310830  1.00000000000000000
 -0.00274502060245395  0.00599102942473652  0.01546440555134391  0.02594121871819808
  0.03748989554200513  0.04849795234361848  0.05970715616476778  0.06909395324957593
  0.07700799880681526  0.08510652362063122  0.09447315626616479  0.10654616611938367
  0.11824347896958300  0.12857705515027240  0.13889177808926295  0.14960426879254690
  0.16034138138068962  0.17062026951061185  0.18106703912306779  0.19166089461813962
  0.20155574542473320  0.21176016335441025  0.22284303729691152  0.23390864721319171
  0.24505694965848068  0.25721647125649372  0.27101465967430044  0.28612162357017951
  0.30057993766471758  0.31156683508731903  0.32029224508012716  0.32996698332367130
  0.34204037866432674  0.35369189189313144  0.36412627919704932  0.37395541236084079
  0.38407464032557270  0.39465324043017630  0.40201138698623967  0.41025610711194027
  0.41771944423974922  0.42338770947840842  0.43045680736862768  0.43924024003950518
  0.44929053039206673  0.46123200983334234  0.47452062349359370  0.48908705735557745
  0.50172781687110302  0.51266465342146084  0.52303037171954025  0.53370151439419666
  0.54620035978042925  0.56338742142802889  0.57938336492724529  0.59131664961513164
  0.60025677338851979  0.60891638140020299  0.61617492336381519  0.62499672975545917
  0.63584013312072096  0.64590552295101633  0.65564444395603361  0.66651849195013313
  0.67902846555789209  0.69150766652598916  0.70145802324513506  0.71123465727535373
  0.72132554526397630  0.73115119347495683  0.73978137043142522  0.74848829971292896
  0.75863619989912745  0.76854587443962485  0.77811875512169260  0.78738512628486801
  0.79798152995718163  0.80847853944983605  0.81920432489732586  0.83024638523521788
  0.84144197707565260  0.85280721078761890  0.86419207686643595  0.87640255978682446
  0.88813287493463511  0.89813831413829037  0.90730998270285579  0.91711929879963916
  0.92712202914021735  0.93694690551109250  0.94613750232951577  0.95675496438834040
  0.96867814533693164  0.97985269241685791  0.98953134759564476  1.00000000000000000
 -0.00059244753495094  0.00640062527755234  0.00974685128885251  0.01207731582994388
  0.01375711595106891  0.01576878993685612  0.01790336217677720  0.01969527427797335
  0.02107465059585404  0.02234300320723309  0.02362545312986479  0.02490901687411289
  0.02646392238547859  0.02824141536578166  0.03016575529009384  0.03175320476160073
  0.03318648678361919  0.03447925310612327  0.03573827846577940  0.03707793946633157
  0.03826458897560480  0.03954011744317805  0.04104080855625264  0.04275374753746636
  0.04459276128110247  0.04631315048164866  0.04799992194793833  0.04977008570916711
  0.05167845228221028  0.05351345054138296  0.05489840161314938  0.05613281476726913
  0.05723260921480931  0.05880393758791038  0.06102553929249915  0.06272247431105771
  0.06408795404637113  0.06563287682971250  0.06723646052173061  0.06829583996592835
  0.06941055558138455  0.07052687226998289  0.07156392967382716  0.07279067620264326
  0.07465406100385349  0.07671841004849531  0.07848739375842893  0.08006557551247678
  0.08134599757689201  0.08276854831870871  0.08433053242276341  0.08588286423136385
  0.08765083633003019  0.09009770746224850  0.09226778814139701  0.09428362713302346
  0.09630186678312232  0.09799852307391002  0.09999192493480508  0.10214945807437890
  0.10351175401980744  0.10469793768162136  0.10603109179465085  0.10812614257099114
  0.11136233555384559  0.11455435795120099  0.11899784425459663  0.12321216508582510
  0.12719041628553399  0.13090406684905384  0.13383199223536385  0.13654490220132090
  0.13930173081491651  0.14181639556103506  0.14461493988208851  0.14833442078768233
  0.16338874542246601  0.17608603227417421  0.18764976888454207  0.20568226399952186
  0.22550460362213215  0.24915299618687009  0.26265581544274258  0.27271988495700283
  0.28278395447126303  0.29286047052259617  0.30358576704528240  0.31431106356796856
  0.32503636009065479  0.33578363517523452  0.34663082001402978  0.35747800485282505
  0.36832518969162031  0.43627550395167014  0.68668369340471203  1.00000000000000000
 -0.00203592865619360  0.00756619622215962  0.01784359515201014  0.02816803859065932
  0.03772537709411834  0.04731544478586993  0.05726236121880181  0.06725911676118018
  0.07674799502011918  0.08740402163633208  0.09821259848975955  0.10696796882146496
  0.11410257832211299  0.12126495792347407  0.12857017037770366  0.13594624204601710
  0.14420612844158134  0.15374360868238213  0.16342049781427970  0.17332252096480003
  0.18105310128501803  0.18805521751758014  0.19716449084527496  0.20644565214678526
  0.21347367835913389  0.21961992111023110  0.22577598627422366  0.23436911549478540
  0.24522967695233486  0.25680736764494261  0.26829968819003513  0.27919184012188603
  0.28904219401496145  0.29973531413720422  0.31402901501094022  0.32291606697668906
  0.33096911231248033  0.33954813786086491  0.34762298375671213  0.35546724300269034
  0.36727228622071484  0.37849002270802184  0.39012260465104009  0.40083111554550499
  0.41397864785468624  0.43223622551073687  0.45044911750242494  0.46795000785995539
  0.48740076177435276  0.50843854675631150  0.52771874838715416  0.54726525038903817
  0.56480436801347089  0.58060359898933445  0.59406017840088687  0.60479999420745734
  0.61538057738208507  0.62446899015322233  0.63438866460743126  0.64517517248825329
  0.65643159282478336  0.66672072031604179  0.67769110839787661  0.69104530826864174
  0.70506210856488238  0.71838708014810471  0.72997298815672607  0.73863400003052304
  0.74488382352420623  0.75143210899622792  0.75869918262487723  0.76473783858972955
  0.77131835939596838  0.77790706740379134  0.78632439420433409  0.79845483310530052
  0.81055949509839709  0.82046046864967237  0.82800220547643277  0.83548944259659719
  0.84278738324275304  0.85120010551325964  0.85871879038134302  0.86683944950702052
  0.87730565309597575  0.88848617683225084  0.90048111559597865  0.91298430983860468
  0.92646000202890733  0.93823383624724710  0.94866438957374843  0.95773734098760310
  0.96425004237252343  0.97193317803923640  0.98265750563806753  1.00000000000000000
  0.00021521454207391  0.00035681659354469  0.00050033720580850  0.00062562209071550
  0.00074547422725095  0.00086047741533075  0.00096855733742815  0.00108613268435077
  0.00120087376298545  0.00131400964791333  0.00142995277318507  0.00154951267777949
  0.00167043917588364  0.00179815037827955  0.00194467806781017  0.00209300236221535
  0.00224012759993640  0.00238135277839323  0.00251739107745392  0.00265397901921566
  0.00279764584113872  0.00296270365969962  0.00314800379638044  0.00334759505849580
  0.00355277096958403  0.00375560346974812  0.00395715315535409  0.00416752310718320
  0.00436162448806958  0.00456248217726761  0.00476735638430417  0.00497160760873822
  0.00518171735591425  0.00539559647692264  0.00557570938903013  0.00573640470291258
  0.00589299421833600  0.00606231730267919  0.00626093571049445  0.00648160679649756
  0.00670723367070058  0.00691804369606955  0.00710334382089961  0.00725684717892773
  0.00739872129250595  0.00756077149371712  0.00781388899041903  0.00811685413675293
  0.00846415098992427  0.00880669261867909  0.00913171067787165  0.00948766818124643
  0.00986426341443833  0.01025762135626406  0.01069493882559243  0.01118660635249515
  0.01164613196612808  0.01213696399750571  0.01260961140000416  0.01313340587652156
  0.01376546114157232  0.01424473626517297  0.01463358001870169  0.01507213599919223
  0.01552979191546322  0.01588338242595658  0.01630686856741465  0.01675053544431756
  0.01720652758286945  0.01774278883294053  0.01831454182749794  0.01918271072444313
  0.01988706361974341  0.02056793258896420  0.02127229830239711  0.02202948015770909
  0.02292331796519706  0.02392764735170066  0.02494426986537358  0.02596439282994866
  0.02695021234168516  0.02769327309562865  0.02856886785208746  0.02984465996159374
  0.03077443457944505  0.03196305369458329  0.03370771252244703  0.03588439836188558
  0.03909182674286993  0.04274762312868203  0.04568957017103908  0.04914078344744439
  0.06523607119255961  0.10852110205926105  0.46564966085992482  1.00000000000000000
 -0.00240541166969457  0.00876369275028764  0.01995570115204769  0.03001490937630977
  0.04052531058177279  0.05259852343452242  0.06573345703919006  0.07853638776230552
  0.09030556284042293  0.10290768674189588  0.11622152021209028  0.12925930600203517
  0.14053572765563005  0.15227972295644512  0.16435573852866708  0.17553079934762814
  0.18691760888257899  0.19981384518290116  0.21399800686885598  0.22718445207035751
  0.23894937240865249  0.25173582450807458  0.26636097130735981  0.28208127099854197
  0.29696447905724344  0.30952951679553753  0.32154063401502547  0.33410794630427421
  0.34526301383608010  0.35510545449944125  0.36402959382449662  0.37216589995659294
  0.37922083451199556  0.38688280287575871  0.39473455581708627  0.40255950368882271
  0.41143320754295465  0.42015421805134412  0.42967875926587779  0.44102896961849880
  0.45116357269738078  0.45896489123338846  0.46569226991341545  0.47354315073335795
  0.48078164067507889  0.48743866034489686  0.49682031075005006  0.50756778341424236
  0.51718672677368027  0.52466684715948175  0.53207903286285896  0.53925006287398614
  0.54885828617987953  0.55801743468244336  0.57077306499244351  0.58011212578838967
  0.59049353953830030  0.60144400316753144  0.61236293136771147  0.62268555984638829
  0.63409315292598156  0.64792606985954915  0.66062794570079419  0.67019967586159934
  0.67962886922102528  0.69007431776633299  0.70180701347404473  0.71435924591192290
  0.72717848969636034  0.74044217673586898  0.75311045900535534  0.76497970646523972
  0.77568506590180208  0.78588994760065600  0.79599536553872008  0.80586819714147384
  0.81711814587817355  0.82987169584392573  0.84132104839064548  0.84950393183101192
  0.85588765277170564  0.86252266295407820  0.87160667474756370  0.88154671159116671
  0.89008561400117803  0.89703948448322790  0.90689002102590899  0.91799892190851218
  0.92956512853152451  0.93980896279301107  0.94870607359941239  0.95783476096754794
  0.96855233486803460  0.97986837582217146  0.99032692537241929  1.00000000000000000
  0.59938531604480605  0.86992198225391626  0.90368888779133416  0.92236346220897147
  0.93516587779075311  0.94176689940110414  0.94653558439083096  0.95154778150152464
  0.95587542608189657  0.95800302728843278  0.95974782754504451  0.96100413946120944
  0.96237666812020406  0.96404676691397762  0.96571968958445797  0.96736662952028751
  0.96926178679313157  0.97118729099646073  0.97270659848239827  0.97387927478453673
  0.97505569356155886  0.97627249655962345  0.97735565935123903  0.97827823458913732
  0.97919329238850705  0.98004228118741965  0.98072078054783784  0.98131404545366163
  0.98192315784769713  0.98252413528231053  0.98296451093678849  0.98338055443980488
  0.98383458791283529  0.98424654955608404  0.98463140383703007  0.98505329302108791
  0.98559706341132225  0.98617381617601363  0.98668186928512602  0.98713354070806247
  0.98753688696521935  0.98794378981535813  0.98835945675949721  0.98877106165709272
  0.98919737715776168  0.98953554946718691  0.98985299937666549  0.99014377833918221
  0.99042518905537980  0.99069289588060883  0.99094005023069365  0.99119330607532674
  0.99145446530279790  0.99169912499548440  0.99192931023455733  0.99215707481264936
  0.99240547116486522  0.99266357922826498  0.99289112739683494  0.99310410207951649
  0.99332030630225576  0.99355555932715856  0.99379699754232420  0.99401414786023590
  0.99420740736700508  0.99438649370374055  0.99456791108896692  0.99477320161583593
  0.99497711898578367  0.99518685140751784  0.99539996158371380  0.99560679135646102
  0.99578171558850104  0.99588747717912840  0.99599304203104000  0.99609997769599268
  0.99620373191147582  0.99632012298241868  0.99647326712445095  0.99662608079968673
  0.99676337757665234  0.99690785233778201  0.99706099949610749  0.99719915659920466
  0.99731946241326086  0.99743500624734227  0.99755400780117709  0.99770987753832230
  0.99789681284610010  0.99809889045201305  0.99830188279916210  0.99852463843238082
  0.99875936569719836  0.99903348919364410  0.99939156476652946  1.00000000000000000
 -0.02901994163504542  0.12534959957147174  0.16441534684904879  0.18295598660409310
  0.19901898106304336  0.21543639686112892  0.23311921075730005  0.24926241838029004
  0.26522057127268300  0.28021335303155714  0.29124794366945456  0.29931754721170639
  0.30633944471612329  0.31319984371300041  0.32218392617825742  0.33151345992821707
  0.33965053773277970  0.34689483828043632  0.35381951608909795  0.36095418377013372
  0.36807120902820684  0.37586766870798133  0.38417481351162658  0.39164439443233917
  0.39722186403431420  0.40108027518399320  0.40477029591598285  0.40867172919068545
  0.41371249657965575  0.42040527936639865  0.42680927307098437  0.43345766337287134
  0.43925102852958520  0.44512235403982348  0.45082070092153265  0.45698562304285906
  0.46309462330367474  0.46952615067212472  0.47622719896503846  0.48273390910665304
  0.48908119967939762  0.49534793861898813  0.50173241624706377  0.50804684402541922
  0.51498396983643657  0.52170326869744299  0.52791962160300410  0.53346729607755039
  0.53882862584528868  0.54442916350091664  0.54953674454263535  0.55420105288028321
  0.55974451301060524  0.56533474680934936  0.57097390086692279  0.57648038340542018
  0.58215431973350273  0.58830696380137359  0.59458837048772173  0.60074337614284967
  0.60654058188149407  0.61179761272971689  0.61697211450906553  0.62188960183240549
  0.62755993843951352  0.63394314147031405  0.63977152317917452  0.64526763288383249
  0.64967566888135875  0.65289941591217848  0.65609663674591390  0.65916304096599065
  0.66228407231121922  0.66745895887842344  0.67358832654067746  0.67899666535336656
  0.68764210993549546  0.69657254467571728  0.70343232641830455  0.70910457090464329
  0.71416945445354352  0.72005727205148451  0.72652507248944742  0.73317461676690088
  0.74004119125700618  0.74771700684516851  0.75419974407496237  0.76160452978669702
  0.76876347582223648  0.77860055385966809  0.79249151912623705  0.80649588672481398
  0.82407807777016107  0.84739912125182348  0.88191374080453833  1.00000000000000000
   6.3248263811436551E-014  -1.0000000000000000     
 F F F F F F F F F F F F F F F F F F F F F F F F F F F F F F F F F F F F F F F F F F F F F F F F F F F F F F F F F F F F F F F F F F F F F F F F F F F F F F F F F F F F F F F F F F F F F F F F F F F F F F F F F F F F F F F F F F F F F F F F F F F F F F F F F F F F F F F F F F F F F F F F F F F F F F F F F F F F F F F F F F F F F F F F F F F F F F F F F F F F F F F F F F F F F F F F F F F F F F F F F F F F F F F F F F F F F F F F F F F F F F F F F F F F F F F F F F F F F F F F F F F F F F F F F F F F F F F F F F F F F F F F F F F F F F F F F F F F F F F F F F F F F F F F F F F F F F F F F F F F F F F F F F F F F F F F F F F F F F F F F F F F F F F F F F F F F F F F F F F F F F F F F F F F F F F F F F F F F F F F F F F F F F F F F F F F F F F F F F F F F F F F F F F F F F F F F F F F F F F F F F F F F F F F F F F F F F F F F F F F F F F F F F F F F F F F F F F F F F F F F F F F F F F F F F F F F F F F F F F F F F F F F F F F F F F F F F F F F F F F F F F F F F F F F F F F F F F F F F F F F F F F F F F F F F F F F F F F F F F F F F F F F F F F F F F F F F F F F F F F F F F F F F F F F F F F F F F F F F F F F F F F F F F F F F F F F F F F F F F F F F F F F F F F F F F F F F F F F F F F F F F F F F F F F F F F F F F F F F F F F F F F F F F F F F F F F F F F F F F F F F F F F F F F F F F F F F F F F F F F F F F F F F F F F F F F F F F F F F F F F F F F F F F F F F F F F F F F F F F F F F F F F F F F F F F F F F F F F F F F F F F F F F F F F F F F F F F F F F F F F F F F F F F F F F F F F F F F F F F F F F F F F F F F F F F F F F F F F F F F F F F F F F F F F F F F F F F F F F F F F F F F F F F F F F F F F F F F F F F F F F F F F F F F F F F F F F F F F F F F F F F F F F F F F F F F F F F F F F F F F F F F F F F F F F F F F F F F F F F F F F F F F F F F F F F F F F F F F F F F F F F F F F F F F F F F F F F F F F F F F F F F F F F F F F F F F F F F F F F F F F F F F F F F F F F F F F F F F F F F F F F F F F F F F F F F F F F F F F F F F F F F F F F F F F F F F F F F F F F F F F F F F F F F F F F F F F F F F F F F F F F F F F F F F F F F F F F F F F F F F F F F F F F F F F F F F F F F F F F F F F F F F F F F F F F F F F F F F F F F F F F F F F F F F F F F F F F F F F F F F F F F F F F F F F F F F F F F F F F F F F F F F F F F F F F F F F F F F F F F F F F F F F F F F F F F F F F F F F F F F F F F F F F F F F F F F F F F F F F F F F F F F F F F F F F F F F F F F F F F F F F F F F F F F F F F F F F F F F F F F F F F F F F F F F F F F F F F F F F F F F F F F F F F F F F F F F F F F F F F F F F F F F F F F F F F F F F F F F F F F F F F F F F F F F F F F F F F F F F F F F F F F F F F F F F F F F F F F F F F F F F F F F F F F F F F F F F F F F F F F F F F F F F F F F F F F F F F F F F F F F F F F F F F F F F F F F F F F F F F F F F F F F F F F F F F F F F F F F F F F F F F F F F F F F F F F F F F F F F F F F F F F F F F F F F F F F F F F F F F F F F F F F F F F F F F F F F F F F F F F F F F F F F F F F F F F F F F F F F F F F F F F F F F F F F F F F F F F F F F F F F F F F F F F F F F F F F F F F F F F F F F F F F F F F F F F F F F F F F F F F F F F F F F F F F F F F F F F F F F F F F F F F F F F F F F F F F F F F F F F F F F F F F F F F F F F F F F F F F F F F F F F F F F F F F F F F F F F F F F F F F F F F F F F F F F F F F F F F F F F F F F F F F F F F F F F F F F F F F F F F F F F F F F F F F F F F F F F F F F F F F F F F F F F F F F F F F F F F F F F F F F F F F F F F F F F F F F F F F F F F F F F F F F F F F F F F F F F F F F F F F F F F F F F F F F F F F F F F F F F F F F F F F F F F F F F F F F F F F F F F F F F F F F F F F F F F F F F F F F F F F F F F F F F F F F F F F F F F F F F F F F F F F F F F F F F F F F F F F F F F F F F F F F F F F F F F F F F F F F F F F F F F F F F F F F F F F F F F F F F F F F F F F F F F F F F F F F F F F F F F F F F F F F F F F F F F F F F F F F F F F F F F F F F F F F F F F F F F F F F F F F F F F F F F F F F F F F F F F F F F F F F F F F F F F F F F F F F F F F F F F F F F F F F F F F F F F F F F F F F F F F F F F F F F F F F F F F F F F F F F F F F F F F F F F F F F F F F F F F F F F F F F F F
  <DiscreteSampler_grid>
  grouped_processes
  1 # 1 for a reference and 2 for a running grid.
  10 # Attribute 'min_bin_probing_points' of the grid.
  1 # Attribute 'grid_mode' of the grid. 1=='default',2=='initialization'
  0.0000000000000000 # Attribute 'small_contrib_threshold' of the grid.
  0.5000000000000000 # Attribute 'damping_power' of the grid.
 # binID   n_entries weight   weight_sqr   abs_weight
    49   10   6.790327148305626E-012   4.288851212302795E-022   6.790327148305626E-012
    52   10   1.358065429661125E-011   1.715540484921118E-021   1.358065429661125E-011
    79   10   2.704324824579030E-012   5.706688961885307E-023   2.704324824579030E-012
    82   10   5.408649649158059E-012   2.282675584754123E-022   5.408649649158059E-012
    94   10   6.790327148305622E-012   4.288851212302790E-022   6.790327148305622E-012
    97   10   1.358065429661124E-011   1.715540484921116E-021   1.358065429661124E-011
    100   10   1.352266633628489E-011   1.701470498147159E-021   1.352266633628489E-011
    101   10   1.352266633628463E-011   1.701470498147141E-021   1.352266633628463E-011
    103   10   2.704533267256979E-011   6.805881992588634E-021   2.704533267256979E-011
    104   10   2.704533267256925E-011   6.805881992588562E-021   2.704533267256925E-011
    106   10   1.054382667931790E-011   1.006492419612272E-021   1.054382667931790E-011
    107   10   1.054382667931778E-011   1.006492419612272E-021   1.054382667931778E-011
    109   10   2.108765335863580E-011   4.025969678449090E-021   2.108765335863580E-011
    110   10   2.108765335863556E-011   4.025969678449087E-021   2.108765335863556E-011
    118   10   1.078809263385190E-011   1.053583818230763E-021   1.078809263385190E-011
    119   10   1.078809263385178E-011   1.053583818230762E-021   1.078809263385178E-011
    121   10   2.157618526770380E-011   4.214335272923054E-021   2.157618526770380E-011
    122   10   2.157618526770355E-011   4.214335272923048E-021   2.157618526770355E-011
    124   10   2.704324824579024E-012   5.706688961885367E-023   2.704324824579024E-012
    127   10   5.408649649158048E-012   2.282675584754147E-022   5.408649649158048E-012
    130   10   5.326698618533991E-012   2.209691579783252E-022   5.326698618533991E-012
    131   10   5.326698618533892E-012   2.209691579783251E-022   5.326698618533892E-012
    133   10   1.065339723706798E-011   8.838766319133007E-022   1.065339723706798E-011
    134   10   1.065339723706778E-011   8.838766319133003E-022   1.065339723706778E-011
    139   10   6.790327148305602E-012   4.288851212302768E-022   6.790327148305602E-012
    142   10   1.358065429661120E-011   1.715540484921107E-021   1.358065429661120E-011
    169   10   2.704324824579027E-012   5.706688961885290E-023   2.704324824579027E-012
    172   10   5.408649649158054E-012   2.282675584754116E-022   5.408649649158054E-012
    184   10   6.790327148305602E-012   4.288851212302770E-022   6.790327148305602E-012
    187   10   1.358065429661120E-011   1.715540484921108E-021   1.358065429661120E-011
    190   10   1.352266633628484E-011   1.701470498147148E-021   1.352266633628484E-011
    191   10   1.352266633628468E-011   1.701470498147155E-021   1.352266633628468E-011
    193   10   2.704533267256969E-011   6.805881992588591E-021   2.704533267256969E-011
    194   10   2.704533267256936E-011   6.805881992588619E-021   2.704533267256936E-011
    196   10   1.054382667931790E-011   1.006492419612272E-021   1.054382667931790E-011
    197   10   1.054382667931775E-011   1.006492419612265E-021   1.054382667931775E-011
    199   10   2.108765335863579E-011   4.025969678449090E-021   2.108765335863579E-011
    200   10   2.108765335863549E-011   4.025969678449060E-021   2.108765335863549E-011
    208   10   1.078809263385191E-011   1.053583818230766E-021   1.078809263385191E-011
    209   10   1.078809263385174E-011   1.053583818230753E-021   1.078809263385174E-011
    211   10   2.157618526770382E-011   4.214335272923063E-021   2.157618526770382E-011
    212   10   2.157618526770347E-011   4.214335272923014E-021   2.157618526770347E-011
    214   10   2.704324824579022E-012   5.706688961885362E-023   2.704324824579022E-012
    217   10   5.408649649158045E-012   2.282675584754145E-022   5.408649649158045E-012
    220   10   5.326698618533985E-012   2.209691579783247E-022   5.326698618533985E-012
    221   10   5.326698618533902E-012   2.209691579783264E-022   5.326698618533902E-012
    223   10   1.065339723706797E-011   8.838766319132986E-022   1.065339723706797E-011
    224   10   1.065339723706780E-011   8.838766319133056E-022   1.065339723706780E-011
  </DiscreteSampler_grid>
