  0.00005401064020117  0.00005421968051149  0.00005438167961081  0.00005453022371921
  0.00005470699977651  0.00005486892096012  0.00005500986645399  0.00005512691969651
  0.00005518886731276  0.00005523980727493  0.00005528170937853  0.00005532323727659
  0.00005536733102192  0.00005543640745554  0.00005553088492902  0.00005566606412590
  0.00005582073618796  0.00005601302938447  0.00005626273075067  0.00005663466734586
  0.00005699202266843  0.00005717486385459  0.00005728928565357  0.00005737460669366
  0.00005745138715624  0.00005753033544513  0.00005760481540073  0.00005772583425550
  0.00005790252680486  0.00005808675788108  0.00005828804223674  0.00005852223820240
  0.00005879508878211  0.00005898700615910  0.00005917703444085  0.00005938348935593
  0.00005956179831894  0.00005976139293855  0.00005993465388859  0.00006017425632061
  0.00006051629300748  0.00006089226494418  0.00006123928262791  0.00006152223633096
  0.00006185038986376  0.00006227457725203  0.00006280938724916  0.00006342699618689
  0.00006397909483270  0.00006453653299092  0.00006507919588954  0.00006558493025929
  0.00006599295478220  0.00006638755423569  0.00006680571630771  0.00006732421889002
  0.00006796797838737  0.00006841811281454  0.00006866846676962  0.00006889918555363
  0.00006910954200518  0.00006930477292084  0.00006970210756190  0.00007070440399425
  0.00007181010889834  0.00007271396021347  0.00007322174144271  0.00007365032023358
  0.00007400961681127  0.00007422114254800  0.00007437922909125  0.00007453509023084
  0.00007473665726505  0.00007518444239894  0.00007564368986383  0.00007596825861200
  0.00007659126272181  0.00007761451420713  0.00007890570394145  0.00008046642150337
  0.00008232985451718  0.00008406173453590  0.00008546440598695  0.00008684953517515
  0.00008870629085319  0.00009073555802772  0.00009276957248444  0.00009525780986313
  0.00009887711905761  0.00010396980613260  0.00011294682220616  0.00012993599336819
  0.00015516517320949  0.00019806005459848  0.29853388056003682  1.00000000000000000
 -0.00008894149040715  0.01435555774690215  0.02827515187816697  0.04140699486942510
  0.05123898072143905  0.06143573187884942  0.07595763979027170  0.09951160721200464
  0.12187030855638405  0.13935234190951240  0.15307364429156453  0.16436666542064896
  0.17511020039814071  0.18636619236836244  0.19832391442099581  0.21527149414498373
  0.23141091697169711  0.24624368974932789  0.25963410844742646  0.27185106538434156
  0.28800717181963931  0.30612677775529101  0.32554712286677207  0.33990626146364344
  0.35484350371319229  0.37195731900304596  0.38742598396800865  0.40002443643740204
  0.41551645874822912  0.42254823868395119  0.42981243932422114  0.43813951191585521
  0.44658865672862552  0.45524453474775378  0.47208766979816635  0.49176671727144289
  0.50464995250615952  0.51292255464321779  0.52585941575939144  0.53940749318133485
  0.55296677373639691  0.56509478630992671  0.57020820545527229  0.57547330661921903
  0.58259139131837689  0.59137480488514105  0.59846264997075893  0.60612715269398665
  0.61187503442792102  0.61878641353313457  0.63318244660300738  0.64967329169330512
  0.66559623514988520  0.68061122191055468  0.69619194419704922  0.71521404228737817
  0.73109382482324592  0.74265012311230183  0.74846493052259000  0.75341750992967060
  0.75809614238667000  0.76304208571156595  0.76996331865205370  0.78066758072297349
  0.79226384385457338  0.80591699978824405  0.82205716515331662  0.83493384947294835
  0.84857549571398971  0.86088763622909070  0.86896461516186352  0.87337867191257323
  0.87796079701808938  0.88254166236947140  0.88784880180316494  0.89146260886389195
  0.89438136525836087  0.89781832022005970  0.90109736438160115  0.90707048589165351
  0.91453923832879613  0.92090633198798433  0.92848536386128655  0.93523682027633492
  0.94278467355446072  0.95024659267046774  0.95710228287081101  0.96184804788067391
  0.96774151797929975  0.97168173623469101  0.97537829589933278  0.97913421667552214
  0.98231146796294699  0.98834017627436299  0.99177450241629872  1.00000000000000000
  0.00017398995239627  0.00018106355446172  0.00018668676754353  0.00018918356531872
  0.00019173001503040  0.00019435113591586  0.00019773091616044  0.00020061880917184
  0.00020228468359105  0.00020437867528443  0.00020644540083709  0.00020867645417407
  0.00020996663940193  0.00021109348929169  0.00021303492374806  0.00021619254303367
  0.00021888724486441  0.00022077606065150  0.00022211025958494  0.00022340911965642
  0.00022477688347866  0.00022588896872074  0.00022665614663551  0.00022746959814275
  0.00022888113473957  0.00023026111839508  0.00023221499049910  0.00023522821273401
  0.00023851171821798  0.00024006301900992  0.00024127366014339  0.00024235478802313
  0.00024379209832004  0.00024630139101307  0.00024956602348192  0.00025219083095602
  0.00025402402516546  0.00025599649454440  0.00025754911395702  0.00025959162947791
  0.00026280818076521  0.00026627451691312  0.00026881739675055  0.00027133155471786
  0.00027385976383922  0.00027603247163487  0.00027744805157984  0.00027887093191349
  0.00028112045497510  0.00028294468202114  0.00028401473394074  0.00028507509137960
  0.00028612801151812  0.00028764957111521  0.00029068837029793  0.00029380150840168
  0.00029663086711045  0.00030002332326048  0.00030309226839497  0.00030571458936963
  0.00030844065264911  0.00031147340140800  0.00031593013348336  0.00032143248466634
  0.00032551532193757  0.00032848502126095  0.00033138931229668  0.00033482163010165
  0.00033901601009490  0.00034359351611789  0.00034820558472186  0.00035341343989407
  0.00035814802010966  0.00036423026770508  0.00037154275450957  0.00037910349500644
  0.00038950990710323  0.00039979301236485  0.00041172579881455  0.00042080380498406
  0.00042910695106656  0.00043653194841801  0.00044253580140821  0.00044800531859227
  0.00045831245226269  0.00047085757288468  0.00048867607281522  0.00051433851488501
  0.00055233610973656  0.00063181202510393  0.00070506827277750  0.00075516189326182
  0.00083692968877138  0.00128298846189013  0.55096037453043434  1.00000000000000000
  0.00102354650512792  0.01855467153294158  0.03427844901017536  0.04381938866208424
  0.04719450503024913  0.05029402194965946  0.05439288929027382  0.05904031710882809
  0.06399161915183933  0.06875771863986221  0.07334536981314083  0.07931337287412192
  0.08716531452902007  0.09602259047029418  0.10190672361855194  0.10921070248080558
  0.12242435302422036  0.13776949246386452  0.14858638814148931  0.15957305537020966
  0.17447827467674698  0.19272080283490559  0.20573265326820134  0.21385887054245095
  0.22204076219916116  0.23079072264550085  0.23815626740150209  0.24380002904388928
  0.24881058944104295  0.25330222386908924  0.25820819179027060  0.26623500606978956
  0.27558184906297772  0.28428291537704009  0.29296840564563409  0.30192931364640491
  0.30904723078444057  0.31582573909180112  0.32246587979639141  0.33322459382062947
  0.34491033448836689  0.35638394497398129  0.37392925087369944  0.39422747758075938
  0.42038745140523048  0.44295381755201257  0.45998217115252910  0.47316860460589033
  0.48728011671744714  0.49975645470281505  0.51367579476777014  0.53031945275429315
  0.54898107345922864  0.57757360305195238  0.60296988789737549  0.62451011149730773
  0.64092241718826970  0.65525991400110484  0.67320504403163484  0.69356447438044622
  0.71008618268224677  0.72186951229673701  0.72742918713665816  0.73556049166357307
  0.74391918223410325  0.75030268255285881  0.75729572649762389  0.76484238241088165
  0.77149572421247170  0.77754192039498304  0.78652584900852773  0.79943449543037282
  0.81257659547073435  0.81908831571146079  0.82260810028072939  0.82961030560055893
  0.83881620291909820  0.84706404332270568  0.85501550381304126  0.86604377859936754
  0.87734792235949732  0.88671515024777559  0.89777027655134622  0.90982286735504914
  0.91668121464705066  0.92154399910879081  0.92778882857176792  0.93210416727990564
  0.93466227540089697  0.93758309223909342  0.94077249455568845  0.94837563001537362
  0.95806210250772328  0.97078723169789360  0.98200254031102152  1.00000000000000000
  0.00035096980334625  0.00041122002820326  0.00045445968667932  0.00046611151998959
  0.00047682341738706  0.00048933153450478  0.00050482942563668  0.00052002724612742
  0.00053317288161643  0.00054463742098322  0.00055460895467579  0.00056375537729156
  0.00057056381067731  0.00057737220983292  0.00058706665379350  0.00059906730314215
  0.00060826462287406  0.00061840210661051  0.00062986092927555  0.00064108338348727
  0.00064975440946532  0.00066024367011969  0.00066931691130106  0.00067608637855358
  0.00068426269098230  0.00069159046149592  0.00069919430340234  0.00070677737352466
  0.00071501040622997  0.00072318948228450  0.00073130444677749  0.00073863550834482
  0.00074683826177489  0.00075460863115225  0.00076046633973634  0.00076597728615413
  0.00077759392213818  0.00078810579462909  0.00079251590514312  0.00079476468154297
  0.00079697126148347  0.00080073350504189  0.00080589493413783  0.00081743131072328
  0.00082525565589978  0.00083176610003640  0.00083654337306783  0.00084279515480904
  0.00085020976551624  0.00085898046961287  0.00086903600460497  0.00088996229915899
  0.00091138517201046  0.00093049236868328  0.00094947823761628  0.00096508069881901
  0.00097657799612889  0.00098559159058018  0.00099266400483599  0.00100072287420424
  0.00101516635888644  0.00103331820352898  0.00105174665551187  0.00107029462204078
  0.00108916159690798  0.00110551520813370  0.00111947484805160  0.00113003604535623
  0.00113992999579668  0.00115107098381540  0.00116478512709805  0.00118947673769828
  0.00121754175118211  0.00124938343124047  0.00127532215752450  0.00131524419573989
  0.00135656553460572  0.00139827054529107  0.00142637185207765  0.00145212207768211
  0.00147773141281848  0.00150200299088330  0.00152997207754032  0.00156303792229392
  0.00159657074137638  0.00165522930610505  0.00173190634683496  0.00187550973233771
  0.00203041988934413  0.00220950671471446  0.00240117876152811  0.00261404832388696
  0.00290040205633474  0.00349457571496610  0.00502209582423302  1.00000000000000000
  0.00393002755301651  0.02575021458770309  0.04593342207347006  0.06445831633179713
  0.07691638811139113  0.08995980351743597  0.10290342721534171  0.11924509009498790
  0.13681416016993367  0.14935078209184707  0.15759329552477008  0.16426735518135491
  0.17522469779388589  0.18489809851378000  0.19706280911843888  0.20852294273476335
  0.22102714580533320  0.23812278411728313  0.25603859281127367  0.27281155352428943
  0.28952967066319496  0.30278619420297032  0.31542927187374031  0.32856711905124864
  0.34265894051486590  0.35755428975033637  0.37088252253359555  0.38024488858671129
  0.38624454770025146  0.39164355148277313  0.39631771893669276  0.40017502664066595
  0.40400338938036673  0.41400868648484662  0.42532821292941592  0.43560703322254135
  0.44360402909623725  0.45053606056931944  0.45668101474144795  0.46274671298197412
  0.46603556430127474  0.47017681411436485  0.47883112033673048  0.48510076213940917
  0.49021648140996593  0.50021531306730482  0.50985443557211640  0.51763128460129992
  0.52470107471500704  0.53367984962129311  0.53999560936115953  0.54755412061840758
  0.56118830230012973  0.57320637184031553  0.58063749999978276  0.58776770737185324
  0.59100225223950986  0.59375685775054776  0.59648560843810638  0.60046512207955383
  0.60716985226765818  0.61259565155065288  0.61676140890053288  0.62117434379605230
  0.62610955952514324  0.63142978065436239  0.63754689307256818  0.64662260388008452
  0.65867651029403251  0.67198018254871328  0.68554709895919386  0.69613961458056384
  0.70473248361352459  0.71051523473483780  0.71610552796886706  0.72346789206970241
  0.73295716239475162  0.74273889752562361  0.75117190519812127  0.75938792142545253
  0.77308118776208623  0.79327763942420360  0.81735585707095981  0.83588313989783991
  0.84896233461394854  0.86033492859429805  0.86944876622734291  0.87527473385612897
  0.88275635807578756  0.89253592189307773  0.91530961085068963  0.93796893245918911
  0.95661224606694606  0.97200402215069126  0.98641611610181212  1.00000000000000000
 -0.00024175402457900  0.00163951974127889  0.00397275853323936  0.00807121583957378
  0.00941274567152768  0.01045617671225511  0.01311991303504980  0.01950330696222756
  0.02520987619635850  0.03016406593821171  0.03335715890274832  0.03591960872642439
  0.03874214190070804  0.04363030502182531  0.05250577552941853  0.06221304837407552
  0.07156045490724922  0.08062584107336093  0.08979397714757603  0.09776923730398222
  0.10153156742189461  0.10501181670787685  0.10857503742645723  0.11248628492653613
  0.11608768061880005  0.11958688570797263  0.12372146294864457  0.13179005666162730
  0.14223009215672291  0.15415421156845502  0.16243459733490312  0.16925833058537271
  0.17723046958276972  0.18400002818253128  0.18818943355273873  0.19272174553570959
  0.19727006786988580  0.20185131065545264  0.20763159539159284  0.21715644197913159
  0.23227825640036076  0.24818590167306381  0.26038876433174762  0.26878367031287093
  0.27705617998888427  0.28302460637785049  0.28954137001325714  0.29666892715522442
  0.30415243389808228  0.31411132109443207  0.32289175882625326  0.33339952036461584
  0.34839516740057580  0.36163980404813523  0.37341302404268606  0.38253260839900977
  0.39225562909551992  0.40252218390267164  0.41222584589586353  0.42370450047638181
  0.43618465901940240  0.44880036214245433  0.46003467883574645  0.48492892961486633
  0.50606562330054461  0.52862391810639842  0.54452333304486811  0.55709274616489335
  0.56984115897165533  0.58256059565093588  0.59428157439972173  0.60647830121001800
  0.61972448234204625  0.63151722053896908  0.64171375384659668  0.65061905395522679
  0.65824759710794112  0.66441931331431103  0.66991061778244143  0.67737977497430535
  0.68802230436175926  0.70152841207564753  0.71529277477393227  0.72816420478325339
  0.73873637089921074  0.74957167680558390  0.76106788900719868  0.77296588013858003
  0.78867327296791290  0.80817857136636750  0.83671476732970440  0.86510523676042328
  0.88916124897619808  0.92523076528792880  0.96280451211547935  1.00000000000000000
 -0.00643468794267932  0.02328696304470753  0.03874167792767376  0.04996487011978466
  0.05744268035401144  0.06219481335294577  0.06672168983699969  0.07190577288335448
  0.08065494410246041  0.09510695903911832  0.11209257496538236  0.12814380033655898
  0.14326165362304238  0.15365198332996827  0.16015245213657103  0.16468835503575049
  0.17071983463829965  0.17753870018070375  0.18673804355333970  0.19678779014396827
  0.20708696969394075  0.22163072511966647  0.23494763409677147  0.24904757207105674
  0.26404391599019816  0.28138016695582468  0.30190644101190262  0.32089868878263206
  0.33168066009041575  0.33952164733381190  0.34626237611524674  0.35254937126446834
  0.35809563516575399  0.36434827485877747  0.37278896260129424  0.38324780285114463
  0.39575711885773379  0.40924289074344000  0.42623751108234231  0.44495320420222667
  0.46218138262754466  0.47992137893407877  0.49387613334889358  0.50582149824140810
  0.52315945333705216  0.54176601865914953  0.56203378742401655  0.58260108339666017
  0.59786543021885241  0.61024809115980105  0.62110158709650665  0.63195981924143985
  0.64331471956823183  0.65431254036974562  0.66826557374660434  0.68631216467733747
  0.70576087070076798  0.72276771023597075  0.73354679868035932  0.73735774099588514
  0.74023603955603123  0.74303700690196661  0.74603990563891975  0.74943786105125176
  0.75370209540679733  0.75816981955586238  0.76325189261450976  0.76602632397855352
  0.76826065640692698  0.76977155774519457  0.77434129937228369  0.77827356280063642
  0.78278753670368817  0.78672490031538267  0.79019821682328062  0.79760403892442633
  0.80714317713774653  0.81829454829657733  0.83226452369426640  0.84954085741851126
  0.86086209012900994  0.86836226359709290  0.87889617625344862  0.88846111467302391
  0.89536903344143737  0.90000628580227326  0.90277047375696895  0.91346418147009656
  0.92306216424498921  0.93157771971920389  0.94172914432010246  0.95241844036653711
  0.96285889058507179  0.97523875870777332  0.98783148850885139  1.00000000000000000
 -0.00046444733779563  0.00357748835342082  0.00940565221851991  0.01764234370728729
  0.02648804829198590  0.04183561045905406  0.06127608513010584  0.07766516798782461
  0.09239631445573453  0.10535463691299407  0.11514257310548508  0.12436148974741724
  0.13416699583467104  0.14444043453596397  0.15505455082745315  0.16759524976322310
  0.18236051002447787  0.19961136448174727  0.21052146304499017  0.21672408640276017
  0.22065352586574363  0.22320581273323969  0.22622293993743886  0.22899173375408949
  0.23098301655026982  0.23434899164477560  0.23786172214555720  0.24158332949968439
  0.24587740922207846  0.25536464181058494  0.26404691116317902  0.27140473053073927
  0.27951966620239443  0.29150492751179607  0.30751125732627727  0.32539236885414591
  0.34596812352698086  0.36026728564855359  0.37183029080770091  0.38381083402476873
  0.39069992232247991  0.39558791466784982  0.40167771632486132  0.40906243248220814
  0.42039395834081889  0.43024358518948719  0.43653744586543175  0.44194861553136972
  0.44666691322216567  0.45084324304923584  0.46153698181908637  0.46862725298754287
  0.47318392518734453  0.47794112782885034  0.48373690791600416  0.48866788859420579
  0.50311582489367801  0.52447350804916504  0.54854025892545288  0.56813966771238855
  0.57967692119126113  0.58947620473483930  0.59899715147077104  0.60838133485285262
  0.61353248696362772  0.61668497447224180  0.62305464927037757  0.62974211158991522
  0.63610347452336891  0.64241064470447173  0.65234774305979437  0.66419787780977835
  0.67314688419295554  0.68176941210014819  0.68962793186890847  0.69810589559278469
  0.70526696777427100  0.71121421892891756  0.72006129081629600  0.72481779042290007
  0.73889151699136002  0.75926745972765464  0.78111155491592821  0.79752589339857927
  0.80409917371809192  0.80922021429943847  0.81625499311187077  0.82884471081469535
  0.84463094222707724  0.85879038669911945  0.87442800120029751  0.89300640595642677
  0.91070145054332219  0.93101009574083393  0.95699563350726213  1.00000000000000000
 -0.00667588139210437  0.01190025980560653  0.02894644354359998  0.04347484976167398
  0.06076992461142550  0.08362672943736660  0.10679070185753119  0.12710341587077770
  0.13791517167010117  0.14645436502906595  0.15441614378298069  0.16307694659691246
  0.17270240157238592  0.18191613480627469  0.19367003768847968  0.21008323024557363
  0.22359268737489468  0.23416600998924583  0.24176079511626511  0.24877637826273441
  0.25725727594046727  0.26261298462233229  0.26821073283619989  0.27412701885754365
  0.27864356846288446  0.28268268922478951  0.28672021359651884  0.29274631060018497
  0.30296006369139333  0.31616159445987219  0.32956613600687612  0.34360613171548637
  0.35780408093134591  0.37258966051077091  0.39263472936744631  0.41107262588936128
  0.42496748287530073  0.43588858068681380  0.44567802729284856  0.45609635222809025
  0.47738456277587860  0.49426584824292691  0.50454463166978702  0.51256338084490394
  0.52056397796882792  0.52729339361864414  0.53332928417298753  0.53962589582614906
  0.54711993384695223  0.56000748582644166  0.57746454794789381  0.59842841205598296
  0.62143929323171709  0.64159735396520279  0.65430090495196913  0.66260930995189615
  0.67474611685113906  0.68688861520992683  0.69297936451977193  0.69678213710536507
  0.70065330385326119  0.70210028580981243  0.70417819419904482  0.70729350858549933
  0.71159502349202652  0.71787769874519924  0.72355469973177544  0.73321809102012248
  0.74570404071149343  0.75592742647500111  0.76475432782411568  0.77333479516961023
  0.78210349887669728  0.79097955596174674  0.80198723666226612  0.81616302253887019
  0.82785554874945211  0.83484855103430000  0.84043608553974658  0.84622774929200351
  0.85379984242102136  0.86371590085323557  0.87347728426874138  0.88653038580078436
  0.89482184122706709  0.90371734068320964  0.91914500593355342  0.93878528267608718
  0.94766614977064212  0.95445999927708847  0.96157928031261852  0.96528894223573081
  0.96834461258651050  0.97214081190821278  0.97954932364772584  1.00000000000000000
 -0.01620246129918517  0.01781811851502002  0.05136447308860171  0.07219324244496411
  0.08378693527520488  0.09471680219586262  0.10619816011466597  0.11849909341855779
  0.12955010537628309  0.13963507354882135  0.15401565358284161  0.16729612458306209
  0.18028478106474649  0.18985698530279910  0.19839645678162873  0.20762028412000419
  0.21778827853892585  0.22925541381593931  0.24302529384603461  0.25197986398724620
  0.25948226101648303  0.26811961342530705  0.27919901567871880  0.28579831798819944
  0.29099173384749732  0.29754479819497570  0.30652069136957610  0.31496184328695931
  0.32347999613535477  0.33245337392240148  0.34113881502245808  0.34950393750992254
  0.35787787668083171  0.36607011934357803  0.37545515383787237  0.38506211226333054
  0.39327308323384585  0.40100850078934214  0.40822951384028117  0.41447788056828577
  0.42030602116898147  0.42850633831846607  0.43893173750178238  0.45030144933432342
  0.46221403013294604  0.47412997640896809  0.48688249073168055  0.50298332861185280
  0.51737215337305764  0.52459841518737949  0.53245822083362715  0.54475893429067934
  0.55470056258519274  0.56088311259875145  0.56734822659746098  0.57428745053498897
  0.58048867271668347  0.59018864587184483  0.60588451348021233  0.62413837078949097
  0.64034412204687452  0.65348612330895572  0.66482160790715772  0.67484982484642653
  0.68288225825418958  0.69348137619650263  0.70283473655907636  0.71326169288190733
  0.72548781098369530  0.74240914069776143  0.76081302425564590  0.77921930846570431
  0.79403135913302836  0.80911963377228346  0.82429492051050535  0.84124090814928165
  0.85158993194860677  0.86195548022119595  0.86973747793525413  0.87522747722249750
  0.87976105046703656  0.88416772905183760  0.88868197600747878  0.89518460659551635
  0.90049967483008730  0.90587557693529008  0.91085187091802988  0.91490867896783101
  0.91797085786498167  0.92263738243195426  0.93269777859649550  0.94291026651416465
  0.94909489330227614  0.96104203219975826  0.98007987454116541  1.00000000000000000
 -0.00790511518015466  0.01700335760651047  0.03913083486024650  0.05927689009684162
  0.07185891865743829  0.08004406341712045  0.08605809749936620  0.09052904324066816
  0.09439177889248916  0.09919291539219005  0.10931648322406501  0.12316565395477312
  0.13570649895655604  0.14867177742227289  0.16099859994821614  0.17159420052889329
  0.18169380972634000  0.18849977120427036  0.19364898112550002  0.19994759461101011
  0.21229519829450758  0.22335880440418818  0.23302674213509891  0.24017151609428339
  0.24549722499222451  0.25376008119551635  0.26831624116114389  0.29041142668970316
  0.31388222776191566  0.33693705247650957  0.35476614789804312  0.37066746771092834
  0.38508345424016815  0.39862018548693789  0.41659362208456596  0.44162811091890575
  0.46631085531006450  0.47392279708212287  0.48087618426462703  0.48737198854999730
  0.49545439890630177  0.50436884516167169  0.51341382362122268  0.52431592563700113
  0.53409480112529029  0.54432201846235484  0.55427500240612038  0.56442622482076743
  0.58195386720499098  0.58909061206018332  0.59581501947930193  0.60197032138364537
  0.60636171998735988  0.60970131155018958  0.61664085062953333  0.62348925205300088
  0.63145782171185372  0.64356897672418922  0.65805474694405830  0.67242860199992738
  0.68688083777824815  0.70033636436104862  0.71116511948339789  0.71869862471774104
  0.72949181982699463  0.74167036239702921  0.75396865090113530  0.76220411768844942
  0.77008835904594430  0.77930670533120039  0.78811146811742805  0.79492942705493375
  0.80262387118444900  0.80842910125432144  0.81262150922214016  0.82261313259098634
  0.83172121757090922  0.84360065065763823  0.85753864380247824  0.87133791961515505
  0.88716497202962552  0.89734670739009403  0.90646771454372344  0.91455474250642477
  0.92283956553236346  0.93122679821338772  0.93645621628192344  0.94009951996358398
  0.94451589246215284  0.94870370791340441  0.95299514613878344  0.95824700274402885
  0.96400132951558870  0.97390210325312054  0.98643788751703776  1.00000000000000000
 -0.00162266679178002  0.00322615191216780  0.01000259123873384  0.01674786454364051
  0.02327630967957937  0.03046841259016648  0.03769403462934383  0.04383023009526373
  0.04999814896350820  0.05690347471523639  0.06220536007305185  0.06618537173114089
  0.07219720547713214  0.07843757526216950  0.08494062839038270  0.09152841781563036
  0.09812091671955332  0.10499126641907564  0.11203378325850666  0.12040727085401347
  0.13117109162326385  0.14229788164304125  0.15241864609706132  0.16463253420751661
  0.18076821659336229  0.19400315556869399  0.20091619407631900  0.20763307689050897
  0.21526102751898318  0.22736036555513384  0.23805980702676846  0.24799409911434353
  0.25872643240848736  0.27688725524015961  0.30000266063647124  0.32081173363392551
  0.33641657330548297  0.35008039311635736  0.36197288604873518  0.37050301781708872
  0.38029865361936560  0.38775604055008400  0.39663076609779863  0.41315203013581564
  0.43122139222799138  0.44464257326926204  0.45476844099143759  0.46377996421072809
  0.47282209225746186  0.48358033957734087  0.49816156915842147  0.51370617807577768
  0.52392229708277616  0.53508168736823913  0.54155835915797013  0.54526149887960007
  0.54862555938257351  0.55368528796970906  0.55966917514376158  0.56495635430568458
  0.56916931331348852  0.57506681596705345  0.58118589501809148  0.58496758783159275
  0.58783000400287633  0.59266864717918122  0.60060354463680699  0.61081664133489422
  0.62562287895752200  0.64102671697917657  0.66077734397785215  0.67831177212040672
  0.69293643838356023  0.70176587891793341  0.70634124533869491  0.71027203504191205
  0.71746598625721636  0.72478224808359593  0.73818100235446371  0.75141277027876852
  0.77595180654621665  0.80146462314669642  0.82399419310871425  0.83833919715110494
  0.84785297672943427  0.85460417201052485  0.86110077157156306  0.86907771355878638
  0.87930937026005229  0.89067848300948338  0.90356209650591879  0.92245348792235082
  0.93886252773885082  0.95349708385270004  0.97341315601945422  1.00000000000000000
 -0.00142454149945776  0.00627384471435637  0.01216034343827866  0.01715388863740439
  0.02652122688269299  0.03504737211216643  0.04247357002065928  0.05323236444960824
  0.06334311515665442  0.07416338925683598  0.08759666031575852  0.10673283153308058
  0.13361688270459707  0.15820788716449485  0.16981640354928393  0.17635495844713314
  0.18242813509533648  0.18734654573985526  0.19135553586862730  0.19743715418374272
  0.20545141410918302  0.21433198795284489  0.22593061039986664  0.23697932781498537
  0.24629078743427127  0.26877738815867053  0.29577579113288216  0.32480898503808936
  0.34966627365812392  0.36180235089705948  0.37271551386237423  0.37617968302447968
  0.37817094050640593  0.37982809566746661  0.38122324711695699  0.38257294853887330
  0.38542318972752421  0.39553322806676089  0.40546103324798594  0.41052910603939452
  0.41597151544130573  0.42260482885166833  0.42848023334621377  0.43307282695068328
  0.45094606056929804  0.47238237111905340  0.49139811295189201  0.50804370523696374
  0.52464082399173673  0.54205259786176052  0.55943509596932894  0.57321089769689648
  0.58202409996513138  0.58731145961435360  0.59070561129542698  0.59496588313942467
  0.59870674208017605  0.60130774241797025  0.60471565671838412  0.61005675140871019
  0.61665719208906788  0.62341783638925807  0.63049629378988226  0.63742194720218193
  0.64320642422800900  0.64964455852365866  0.65754038473223486  0.66645651889177160
  0.67900848569122818  0.69622684342969132  0.71935321365819471  0.74668231423056486
  0.76896749538334908  0.78667239199030925  0.80271540975838818  0.81673874946940972
  0.82912374437103042  0.84009394013634142  0.85172200389385777  0.86443562367064464
  0.87815723721614725  0.89626469358402650  0.91338806032736575  0.92590584237759233
  0.93514715320118869  0.94119082384439334  0.94695942612393802  0.95199033329196903
  0.95857796561845254  0.96459939271883333  0.97142428209274634  0.97861553706224913
  0.98415286871467877  0.99006740249669822  0.99511952783523849  1.00000000000000000
 -0.00311759560143173  0.01652747527551986  0.02788694344069635  0.03566387812053740
  0.04631094287440387  0.06128958958630265  0.08021401034008127  0.10733940090003445
  0.12851979438171476  0.14553593139667845  0.15879825424410401  0.16703942988184883
  0.17307819035908129  0.17708030377961489  0.18613832032090744  0.19546893363062592
  0.20488209556751028  0.21564928907628633  0.22664478598791821  0.23844511602781657
  0.25387549534040305  0.26736516706355817  0.27817070093673052  0.28908220407012425
  0.30035844959134622  0.31104934276401885  0.32225588283359841  0.33613860840854937
  0.34811255353819837  0.36217097190388581  0.37164035687052732  0.37735049517261793
  0.38008671988572951  0.38242281560376906  0.38708073150914141  0.39392327625520773
  0.39990040007840955  0.40531976441849449  0.41178891813701923  0.41957167575155685
  0.42635150940998084  0.43204013028213217  0.43680300676255845  0.44092239518705589
  0.44426281283661406  0.44780446034471671  0.45211285701339077  0.45669883099079583
  0.46662836051438067  0.47547616758878641  0.48141184961908801  0.48578519346525728
  0.48946138951600249  0.49547526790260543  0.50263864447401851  0.51026455549507854
  0.51483172981517078  0.51849036586772523  0.52154803716595055  0.52377872385176560
  0.52509551065849192  0.52711787984831271  0.53019780332527178  0.53628121761963166
  0.54882727418054023  0.56426789837438407  0.57837523282877323  0.59018622979877255
  0.60056272695062318  0.61155672461377564  0.62340161774245872  0.63344739824477236
  0.64377769570420951  0.65398890276032751  0.66409951842305137  0.67464600477716785
  0.68690098655521115  0.69915596833325444  0.71371866430800723  0.72830277521382669
  0.74196417499710909  0.75425867986321671  0.76521327587320409  0.77556224173918820
  0.78809645333846368  0.80689159655147014  0.83487960655345916  0.84929581245530328
  0.85895120304235195  0.86703453345647852  0.87702716107387535  0.88917962318822652
  0.90986328957656637  0.93189937870329165  0.96001859697590652  1.00000000000000000
 -0.00320000987395579  0.01168367193876538  0.02753952891776374  0.03837317503596133
  0.04634935538290126  0.05427505642172527  0.06495861016050761  0.07852708676318725
  0.09129304934224820  0.10339764996140813  0.11392592451856821  0.12200735669776318
  0.12860774170000053  0.13711125459297668  0.14651904985545647  0.15406411326872760
  0.16123193553461146  0.17140790774615400  0.18122037189009141  0.19418965123768697
  0.20678400711486916  0.21360176152964783  0.21846148950447697  0.22288505529959837
  0.22669742831964448  0.23228849048940961  0.24018956563620977  0.24849271662118189
  0.25579149068248852  0.26253765488191150  0.27108611254978576  0.28912052840992808
  0.30316867899025263  0.31480325912170487  0.32623275440159999  0.33398312011835624
  0.34168045246982243  0.34962099431598387  0.35708564560811829  0.36485251942180763
  0.37382897187473663  0.38283081107920186  0.39096491056172167  0.39707738943087467
  0.40135681009731916  0.40542002519289566  0.40941375989610568  0.41486730055463850
  0.42085373815460125  0.42669651583433860  0.43314614535236501  0.44045576937737785
  0.44451715818734078  0.44959326598240473  0.45468267282577846  0.46474529024778377
  0.47632364434171381  0.49192418552995626  0.51057956884902844  0.53060159286238062
  0.54824465698133373  0.56139402701747210  0.57442564395294360  0.58682384991561598
  0.59569086904106805  0.60404266884507785  0.61671244340802167  0.63170312332306300
  0.64558892359574560  0.65860658925543247  0.67415835283855630  0.68812550215022095
  0.69708906177544216  0.70634383297481662  0.71676337785793254  0.73360099093667508
  0.75243206593652823  0.77503252705383174  0.79760783593120710  0.82044958215351760
  0.83926912235470219  0.85402845665739624  0.86598985878583745  0.87759331329298418
  0.88880613919049067  0.90295273902591655  0.91832539949857772  0.93022067941242359
  0.93493157804636673  0.93831284678639293  0.94177096475470401  0.94704683752746310
  0.95563723414504798  0.96580228564266846  0.98106126080497758  1.00000000000000000
 -0.00237604043262204  0.01007361121603979  0.01456398305265602  0.01653118715405212
  0.01843742067565475  0.02303959526854697  0.03049981587196124  0.04422259923115014
  0.06126977200520477  0.08069516370458332  0.09940700800668234  0.12766820147120195
  0.15197558850309109  0.16583293596396262  0.17344843809990271  0.17839956838063831
  0.18320792532947691  0.18943632243912173  0.19507521126528077  0.20036728465298442
  0.20727609067758690  0.21710241498746402  0.22364985587954381  0.23141677776304026
  0.24284882108273245  0.25817973181302223  0.27500772184113281  0.28683136630518585
  0.29391669573808971  0.30230451427033939  0.31236924560360146  0.32221125740774509
  0.33108263124068760  0.34159168905903098  0.35537767291023897  0.36642673409884485
  0.38159866950947119  0.39460769900704712  0.40177390293986426  0.41019803560911883
  0.41864216374287672  0.42520902035692337  0.43234310548280475  0.44192348344054133
  0.45489652873850761  0.47297314596507978  0.49534720395353848  0.51680290026182663
  0.53885191238390839  0.55809533484813190  0.57112077462641730  0.58028020499294486
  0.58676186684238207  0.59268983821518217  0.59761793604123004  0.60199198415766642
  0.60676224231041176  0.61083233585212104  0.61420249359703727  0.62034200623517033
  0.62699037805051694  0.63154159642343888  0.63573617257509241  0.64531821835083192
  0.65444900874379952  0.66135665870185567  0.66863701234009609  0.67608587778555262
  0.68497384779874892  0.69482716882366724  0.71254563977341134  0.72665180052864853
  0.73986773483643431  0.74921775029751181  0.75832533220651921  0.76687152738199416
  0.77432082859844487  0.78044863011628574  0.78550465386794355  0.79125023319195475
  0.79961666712528412  0.81061927428683123  0.82385755528540217  0.83809886039121750
  0.85172592781424161  0.86330690305603441  0.87313943369764357  0.87972760825117302
  0.89115199269171519  0.90327009440264494  0.91657684804152639  0.93220825425483178
  0.94900394452968406  0.96401442404627424  0.98036891614026167  1.00000000000000000
 -0.00147777139172688  0.00391913117258910  0.01116652756799248  0.01814564797405856
  0.02504587562518631  0.03023098495542042  0.03611453890079051  0.04454208155755102
  0.05326397379933817  0.06223866963489762  0.07122999439908427  0.08059836603533435
  0.09021339846565310  0.10075561320526812  0.11367720456492593  0.12882455816068525
  0.14257158820262297  0.15567410023028785  0.16736639859450908  0.17706395712674081
  0.18474753240276112  0.19456427234794327  0.20474033407010980  0.21452543521530373
  0.22288522376996128  0.22927415954417668  0.23388340482876543  0.23791926609580089
  0.24406981582768825  0.25504655025786060  0.26725526614484640  0.28137168379196442
  0.29608578483200382  0.30827559461006371  0.31971660415354708  0.32980000739502335
  0.33480699121097168  0.33818766292514746  0.34447607878996328  0.35856686790751169
  0.37119486249907246  0.38000872152633941  0.38507200043445289  0.38833223537604322
  0.39168038533689609  0.39694288772605846  0.40208941400870396  0.40708663335329998
  0.41649713783821629  0.42770193344692681  0.43792545902520980  0.44313840191074183
  0.44838683869569351  0.45484793915304228  0.46228564023693491  0.47139612257087421
  0.48039150639772321  0.48996531909871460  0.49777270392120859  0.51755236554593720
  0.52976589012362585  0.53956783351658122  0.54923356660300870  0.55588428536351786
  0.56100604644496099  0.56607694904346251  0.57392537782139008  0.58847109751159077
  0.60479651529488709  0.62030765448999547  0.63650133807771503  0.65413628018892045
  0.67379426296554334  0.70260412507282455  0.72414577654789014  0.74097737793241292
  0.75634998758182281  0.77421221091355086  0.79100067806850660  0.80019032343641339
  0.80768248188369396  0.81533931610662846  0.82455729700686797  0.84163516162179086
  0.85457383821136179  0.86900726894565095  0.88790743295994112  0.90156463526625419
  0.90717271914424191  0.91428899290017362  0.92377260041189790  0.93479969884073932
  0.94581991097777607  0.95274929729180513  0.96918862688793384  1.00000000000000000
 -0.02214739979247636  0.09648404922065937  0.14843042584217075  0.18663864883513576
  0.20790403426285781  0.21783223675586083  0.22824782116082820  0.23974700078527020
  0.25058572609201857  0.26103405949429936  0.27721260474453963  0.29554091672874233
  0.31062827005713056  0.32471386229050514  0.33419614055427843  0.34135838592359424
  0.34788629117097503  0.35616640456672910  0.36588512511911947  0.37450017048354983
  0.37865910479536469  0.38235086031040794  0.38846481051365428  0.39523107454744638
  0.40342582275431632  0.41289743592160805  0.42159035072854129  0.42763641717385353
  0.43205766794341566  0.43759550693693422  0.44627149391982196  0.45371988202516195
  0.45729407136289235  0.46053575458729934  0.46360063962090092  0.46602456942413217
  0.46910670139826222  0.47530873797874840  0.48326825217800684  0.49165956525041404
  0.49733031582060844  0.50054987054089450  0.50280377448396862  0.50496359188321049
  0.50708820947183664  0.50994357444329264  0.51386076852019624  0.51898774711684570
  0.52369105266090621  0.52835205143220187  0.53688466964133708  0.54409649596717047
  0.54972989867078303  0.55398167817669952  0.55897347586328694  0.56412050985266970
  0.57048441791528004  0.57539489549357448  0.57939401672994983  0.58546613302198269
  0.59064636306507934  0.59459318347102041  0.59930034228983309  0.60487475483353870
  0.60867882839087617  0.61209621650774559  0.61531348600636093  0.61821763771668792
  0.62172736980208243  0.62633515449887056  0.62890414011848628  0.63195941412013301
  0.63420532413170061  0.63685330909956406  0.64099020112268357  0.64551190834467398
  0.65099840619784100  0.65721204060679128  0.66460859370148961  0.67092895306951916
  0.67490222585882720  0.67801785165358186  0.68099363304833394  0.68373953834455681
  0.68677209118479476  0.69593552661579339  0.71025449205260083  0.73049239993164472
  0.75213528391242546  0.76897032910988017  0.78618625312077539  0.80775914224167078
  0.83460082101202127  0.87465170090166966  0.92946996459398457  1.00000000000000000
 -0.00239959403830712  0.00642225118514801  0.01589473170576328  0.02664899913047201
  0.04130439000938373  0.05602913788636350  0.06573591062671488  0.07728212473903996
  0.09298498552873734  0.11468321347842717  0.13124831407878992  0.14539078913400905
  0.15884427305941123  0.16912547299440736  0.18046986484655078  0.19301240567200728
  0.20368691454088228  0.21387212485876123  0.22478830226778918  0.23622406970144277
  0.25102201008748648  0.27032481417524062  0.29276720234538384  0.31492575768629538
  0.32730711714890298  0.33498703088459730  0.34220999914962152  0.34831437890171701
  0.35342367448055284  0.35734074328560977  0.36007020921009597  0.36387057021222502
  0.37315957638807618  0.38406522779236130  0.39919587370954074  0.41269945520793211
  0.43839233826030799  0.45787101104852868  0.47216789562554756  0.48222216001652812
  0.49210120619599179  0.50072732927456631  0.50707379761724702  0.51621254658767612
  0.52801513480145823  0.53996808311697508  0.54729083294216219  0.55588504160488850
  0.56577204197185538  0.57389835632074349  0.58126213948662731  0.58696648438164012
  0.59350947050485492  0.60168454777740699  0.61206642611737982  0.62134483714880329
  0.62952354506607544  0.63857903734442845  0.65091808077435587  0.66486224917752712
  0.67563130267062999  0.68571247349796449  0.69344442441234588  0.70102397288113683
  0.70921352717387909  0.71675949018344753  0.72347687179493814  0.73225975269122900
  0.74242160939806601  0.75147898158998472  0.75939517817166646  0.76577166063576629
  0.76972250702033473  0.77124705327307808  0.77275507182216874  0.77582016586438596
  0.77828926523154573  0.78044791612426812  0.78501913374080612  0.79118835196753068
  0.79459611150035370  0.79904669154277530  0.80586938453982471  0.80986064697428239
  0.81334437381833402  0.81751501114876046  0.82351291585905262  0.83171353822735972
  0.83958640715705501  0.85781626531350730  0.88512605334023620  0.91357490535228947
  0.94048275393327807  0.96340760203330400  0.98287078531026417  1.00000000000000000
  0.34665745603389403  0.57435256782850663  0.63256878668590111  0.66908668072696997
  0.71360116353773551  0.75827066195145920  0.79008712127234038  0.80790123034600336
  0.81589770263422212  0.82478916528377921  0.83833470373817776  0.85115834689981129
  0.85893064648479356  0.86479548752064916  0.87062765089728344  0.87406403312349168
  0.87855406805620295  0.88225836697115156  0.88575143482169771  0.88964335236679992
  0.89323919970144994  0.89551313258645959  0.89756484812832871  0.89946313184899429
  0.90026538395614997  0.90107263884984501  0.90340564005023549  0.90728108151165943
  0.90980443769802410  0.91077159376982242  0.91165943894929058  0.91262062681713729
  0.91397372308263181  0.91588741129331164  0.91832789064300402  0.92070691149362205
  0.92284849296463001  0.92484285532641508  0.92655911954348413  0.92815510651938604
  0.92986417908170627  0.93147217124884707  0.93257707572741355  0.93335655016714791
  0.93411381173809427  0.93486223748628627  0.93577817510992978  0.93678969245104593
  0.93875247308999132  0.94044597666765561  0.94170468297924192  0.94295271382256196
  0.94422121307197671  0.94535667132937440  0.94639899961994778  0.94781824303814910
  0.94948195397545143  0.95089141027936308  0.95177085274564055  0.95253255319813335
  0.95330700286304126  0.95378570413827346  0.95409906891977392  0.95436304520947390
  0.95467171104161941  0.95500478460805327  0.95519325551913270  0.95537779116352572
  0.95555806353680084  0.95574895950764716  0.95715900059412695  0.95913623143428095
  0.96074010009342492  0.96223447174311094  0.96369467436730794  0.96496300456406192
  0.96598491111638063  0.96687610261936463  0.96777506888144293  0.96886115765957026
  0.96976811069588642  0.97053411572715331  0.97127409545804932  0.97195563790740480
  0.97265937773708389  0.97338784703099901  0.97424626031864225  0.97501778083041568
  0.97631664004997254  0.97798219279964649  0.97982189197325553  0.98233386707481973
  0.98504443322595481  0.98939496010563754  0.99424386314024860  1.00000000000000000
 -0.04689246222511925  0.20678930981353436  0.24344453760841617  0.25681526431120555
  0.26919840693997932  0.28150547844110341  0.29534834597772236  0.30772685574620573
  0.32248792726304826  0.33893211488093544  0.35585587147191688  0.37481497582828982
  0.39095234011371266  0.40270035116674741  0.41135264525642340  0.41941954304868190
  0.42648261379710350  0.43416354504720450  0.44299412177109870  0.45211209688238135
  0.46187250495822868  0.47106535784013276  0.47896848868252512  0.48584687894558382
  0.49091534213742910  0.49511595521141250  0.49905220595452804  0.50299672064638890
  0.50795571011140928  0.51402386068598971  0.52066579309371908  0.52973675766011796
  0.53749361517202354  0.54174365071893549  0.54559472216314109  0.54926581203031666
  0.55245796446755857  0.55671314910251180  0.56323489820164707  0.56871525788174204
  0.57311676183183491  0.57757555875707567  0.58305710598120786  0.59176500632430917
  0.60106344543199974  0.60892554197152360  0.61398121749023737  0.61884080633119753
  0.62354604135119995  0.62791677729591866  0.63365197366410275  0.64118392705646654
  0.64881336286933178  0.65257824877299897  0.65734852182081593  0.66334661125282623
  0.66812002281565097  0.67187884420077415  0.67466040838780983  0.67761367031645692
  0.68163269549233363  0.68600688831506873  0.69034897047790844  0.69403903218815821
  0.69783146097285997  0.70172835517767784  0.70552016630964509  0.71133212622209596
  0.71802994436696788  0.72263381762575918  0.72712288494605426  0.73001883998212580
  0.73284458643583827  0.73632356140976674  0.73984019721867555  0.74340261094743587
  0.74744065269134496  0.75219992427439064  0.75684727216816805  0.75893555974030846
  0.76068774587820165  0.76263840225405943  0.76505084583704230  0.77343376469192293
  0.78350618103958103  0.79538808067706568  0.80621185169376886  0.81615724512721344
  0.82173956883769717  0.82829300916135773  0.83619402884401617  0.84285256398981390
  0.84968571045317076  0.86443320634728338  0.89807954508943388  1.00000000000000000
   1.1881376656563707E-018  -1.0000000000000000     
 F F F F F F F F F F F F F F F F F F F F F F F F F F F F F F F F F F F F F F F F F F F F F F F F F F F F F F F F F F F F F F F F F F F F F F F F F F F F F F F F F F F F F F F F F F F F F F F F F F F F F F F F F F F F F F F F F F F F F F F F F F F F F F F F F F F F F F F F F F F F F F F F F F F F F F F F F F F F F F F F F F F F F F F F F F F F F F F F F F F F F F F F F F F F F F F F F F F F F F F F F F F F F F F F F F F F F F F F F F F F F F F F F F F F F F F F F F F F F F F F F F F F F F F F F F F F F F F F F F F F F F F F F F F F F F F F F F F F F F F F F F F F F F F F F F F F F F F F F F F F F F F F F F F F F F F F F F F F F F F F F F F F F F F F F F F F F F F F F F F F F F F F F F F F F F F F F F F F F F F F F F F F F F F F F F F F F F F F F F F F F F F F F F F F F F F F F F F F F F F F F F F F F F F F F F F F F F F F F F F F F F F F F F F F F F F F F F F F F F F F F F F F F F F F F F F F F F F F F F F F F F F F F F F F F F F F F F F F F F F F F F F F F F F F F F F F F F F F F F F F F F F F F F F F F F F F F F F F F F F F F F F F F F F F F F F F F F F F F F F F F F F F F F F F F F F F F F F F F F F F F F F F F F F F F F F F F F F F F F F F F F F F F F F F F F F F F F F F F F F F F F F F F F F F F F F F F F F F F F F F F F F F F F F F F F F F F F F F F F F F F F F F F F F F F F F F F F F F F F F F F F F F F F F F F F F F F F F F F F F F F F F F F F F F F F F F F F F F F F F F F F F F F F F F F F F F F F F F F F F F F F F F F F F F F F F F F F F F F F F F F F F F F F F F F F F F F F F F F F F F F F F F F F F F F F F F F F F F F F F F F F F F F F F F F F F F F F F F F F F F F F F F F F F F F F F F F F F F F F F F F F F F F F F F F F F F F F F F F F F F F F F F F F F F F F F F F F F F F F F F F F F F F F F F F F F F F F F F F F F F F F F F F F F F F F F F F F F F F F F F F F F F F F F F F F F F F F F F F F F F F F F F F F F F F F F F F F F F F F F F F F F F F F F F F F F F F F F F F F F F F F F F F F F F F F F F F F F F F F F F F F F F F F F F F F F F F F F F F F F F F F F F F F F F F F F F F F F F F F F F F F F F F F F F F F F F F F F F F F F F F F F F F F F F F F F F F F F F F F F F F F F F F F F F F F F F F F F F F F F F F F F F F F F F F F F F F F F F F F F F F F F F F F F F F F F F F F F F F F F F F F F F F F F F F F F F F F F F F F F F F F F F F F F F F F F F F F F F F F F F F F F F F F F F F F F F F F F F F F F F F F F F F F F F F F F F F F F F F F F F F F F F F F F F F F F F F F F F F F F F F F F F F F F F F F F F F F F F F F F F F F F F F F F F F F F F F F F F F F F F F F F F F F F F F F F F F F F F F F F F F F F F F F F F F F F F F F F F F F F F F F F F F F F F F F F F F F F F F F F F F F F F F F F F F F F F F F F F F F F F F F F F F F F F F F F F F F F F F F F F F F F F F F F F F F F F F F F F F F F F F F F F F F F F F F F F F F F F F F F F F F F F F F F F F F F F F F F F F F F F F F F F F F F F F F F F F F F F F F F F F F F F F F F F F F F F F F F F F F F F F F F F F F F F F F F F F F F F F F F F F F F F F F F F F F F F F F F F F F F F F F F F F F F F F F F F F F F F F F F F F F F F F F F F F F F F F F F F F F F F F F F F F F F F F F F F F F F F F F F F F F F F F F F F F F F F F F F F F F F F F F F F F F F F F F F F F F F F F F F F F F F F F F F F F F F F F F F F F F F F F F F F F F F F F F F F F F F F F F F F F F F F F F F F F F F F F F F F F F F F F F F F F F F F F F F F F F F F F F F F F F F F F F F F F F F F F F F F F F F F F F F F F F F F F F F F F F F F F F F F F F F F F F F F F F F F F F F F F F F F F F F F F F F F F F F F F F F F F F F F F F F F F F F F F F F F F F F F F F F F F F F F F F F F F F F F F F F F F F F F F F F F F F F F F F F F F F F F F F F F F F F F F F F F F F F F F F F F F F F F F F F F F F F F F F F F F F F F F F F F F F F F F F F F F F F F F F F F F F F F F F F F F F F F F F F F F F F F F F F F F F F F F F F F F F F F F F F F F F F F F F F F F F F F F F F F F F F F F F F F F F F F F F F F F F F F F F F F F F F F F F F F F F F F F F F F F F F F F F F F F F F F F F F F F F F F F F F F F F F F F F F F F F F F F F F F F F F F F F F F F F F F F F F F F F F F F F F F F F F F F F F F F F F F
  <DiscreteSampler_grid>
  grouped_processes
  1 # 1 for a reference and 2 for a running grid.
  10 # Attribute 'min_bin_probing_points' of the grid.
  1 # Attribute 'grid_mode' of the grid. 1=='default',2=='initialization'
  0.0000000000000000 # Attribute 'small_contrib_threshold' of the grid.
  0.5000000000000000 # Attribute 'damping_power' of the grid.
 # binID   n_entries weight   weight_sqr   abs_weight
    61   10   1.340453221567369E-017   1.796791008729512E-033   1.340453221567369E-017
    62   10   1.340453221560453E-017   1.796791008710973E-033   1.340453221560453E-017
    64   10   2.680906443134737E-017   7.187164034918047E-033   2.680906443134737E-017
    65   10   2.680906443120906E-017   7.187164034843890E-033   2.680906443120906E-017
    67   10   7.986752802134935E-016   6.373056170048981E-030   7.986752802134935E-016
    68   10   7.986752802022146E-016   6.373056169868899E-030   7.986752802022146E-016
    70   10   1.597350560426987E-015   2.549222468019593E-029   1.597350560426987E-015
    71   10   1.597350560404429E-015   2.549222467947560E-029   1.597350560404429E-015
    106   10   1.340453221567298E-017   1.796791008729322E-033   1.340453221567298E-017
    107   10   1.340453221560968E-017   1.796791008712352E-033   1.340453221560968E-017
    109   10   2.680906443134596E-017   7.187164034917290E-033   2.680906443134596E-017
    110   10   2.680906443121935E-017   7.187164034849406E-033   2.680906443121935E-017
    112   10   7.986752802134420E-016   6.373056170048157E-030   7.986752802134420E-016
    113   10   7.986752802021847E-016   6.373056169868424E-030   7.986752802021847E-016
    115   10   1.597350560426884E-015   2.549222468019263E-029   1.597350560426884E-015
    116   10   1.597350560404369E-015   2.549222467947370E-029   1.597350560404369E-015
  </DiscreteSampler_grid>
