  0.00005406287834419  0.00005406867958667  0.00005433493196044  0.00005456975490663
  0.00005481675934944  0.00005507664324258  0.00005533065501909  0.00005556156314819
  0.00005577336874750  0.00005593858936424  0.00005608125421026  0.00005621867921592
  0.00005637807914922  0.00005655800680291  0.00005680558468298  0.00005699602392652
  0.00005718955248951  0.00005737630467123  0.00005756582033859  0.00005787133506751
  0.00005828123830015  0.00005865483236206  0.00005903402371744  0.00005942182352077
  0.00005977631315052  0.00006015099969810  0.00006053503342211  0.00006092125145516
  0.00006127542432666  0.00006165564553713  0.00006203018452658  0.00006236095813212
  0.00006291690194691  0.00006349551151848  0.00006407499589928  0.00006463164030715
  0.00006515743826148  0.00006568670959737  0.00006619556080902  0.00006664724110794
  0.00006706219733985  0.00006747009554634  0.00006799733634849  0.00006861925974217
  0.00006932741269547  0.00007001399346990  0.00007071536147515  0.00007151835100852
  0.00007240896997449  0.00007320026274286  0.00007401562677233  0.00007486328668647
  0.00007579583465863  0.00007694016124432  0.00007808481047299  0.00007922386907483
  0.00008040579779167  0.00008162077506341  0.00008309458296518  0.00008458356235687
  0.00008622080686355  0.00008788985663785  0.00008933231077526  0.00009069956015970
  0.00009208098307547  0.00009354393218686  0.00009508079042590  0.00009661410018267
  0.00009832315227294  0.00010057425266057  0.00010321502547619  0.00010563576044273
  0.00010829651288806  0.00011156237689703  0.00011439809053424  0.00011703326213584
  0.00012025287876860  0.00012441014476788  0.00012797216284293  0.00013160978139680
  0.00013694625363268  0.00014458284864759  0.00015350884978620  0.00016307788918984
  0.00017456251247124  0.00018934844966693  0.00020735820715759  0.00022914657882220
  0.00025535407926709  0.00028433824080086  0.00031948923663206  0.00036653138705625
  0.00045127989114098  0.00070830576322152  0.29796860321954322  1.00000000000000000
  0.00744405445265610  0.02180488157821459  0.03482867516236448  0.04820342920502860
  0.06103846780593786  0.07605898731868385  0.09221020616555424  0.10715536009169005
  0.11900289805558567  0.12917477770763189  0.13966051226043763  0.14946311434100307
  0.15899916009657725  0.16863752591518186  0.17917648403952721  0.18973490717692407
  0.20117645777054355  0.21298438858728336  0.22442284352693287  0.23567216099174271
  0.24567194469187126  0.25359332564240250  0.26186063736405629  0.27043004191208087
  0.28020902337879794  0.29363493023005327  0.30735027168309720  0.31848975385849165
  0.32844955284199789  0.33835039824926927  0.34820241173948085  0.35603972435491676
  0.36348389462024611  0.37213504320995977  0.38200171383310350  0.39184690735006839
  0.40070683152269465  0.41029898237669404  0.42023499059408298  0.43129927682646174
  0.44040712947428584  0.44869852732902793  0.45587025948166421  0.46352356593448052
  0.47189279370520398  0.48373021868792471  0.49507380884660734  0.50762899374407411
  0.52415690247330582  0.54141442688391739  0.55394143755180147  0.56365615927456536
  0.56974755226016061  0.57629150383322614  0.58290412346188125  0.59198421282702507
  0.60127777620277967  0.61108911218009898  0.62328863408827706  0.63739043119484751
  0.65052699856369400  0.66168179328624743  0.67061453059640741  0.67948065758895881
  0.68845522888297339  0.69817160483655494  0.70740292557688822  0.71576144452443247
  0.72202570745731498  0.72907095682495682  0.73699804656581791  0.74641410906291328
  0.75943035587968344  0.77726950162895425  0.79735666942917394  0.81195593729311810
  0.82420267586800833  0.83447290836556198  0.84346418572273019  0.85248892437457702
  0.86195638731118007  0.87253280421278723  0.88245505465620233  0.88906788473608156
  0.89479382248654127  0.90045154476447442  0.90711200137277281  0.91501032979294183
  0.92505367365196589  0.93443499737970426  0.94752027741249589  0.95899833775011567
  0.97240650012628471  0.98230753555010086  0.99144531647901935  1.00000000000000000
  0.00027586062338566  0.00028401818136979  0.00028933097145236  0.00029390758388853
  0.00029866518508786  0.00030306214402281  0.00030643107256293  0.00030971327150384
  0.00031263381413736  0.00031547451730503  0.00031782782220867  0.00031994336472419
  0.00032173559111395  0.00032330801086674  0.00032489917134686  0.00032657420965176
  0.00032876304258762  0.00033095465554342  0.00033322010035083  0.00033598631205251
  0.00033810420722164  0.00034026962711374  0.00034258717512545  0.00034505499721793
  0.00034719895419808  0.00034888639958073  0.00035055555708531  0.00035276367545434
  0.00035551045970500  0.00035926115116006  0.00036317812431450  0.00036715247650917
  0.00037188354145690  0.00037604435039742  0.00037972342172866  0.00038354961492888
  0.00038766981088732  0.00039213723919644  0.00039702490186992  0.00040216261444544
  0.00040695945665930  0.00041159717173165  0.00041623984597928  0.00042086593765638
  0.00042517910111027  0.00042941227183091  0.00043376960803083  0.00043858829678333
  0.00044381569875814  0.00044939018650687  0.00045543243100494  0.00046163296269417
  0.00046675117699201  0.00047200900083851  0.00047726679161974  0.00048359268566497
  0.00049101934687434  0.00049806274632743  0.00050532140448904  0.00051251858762100
  0.00052076980709057  0.00052950633728156  0.00053759446657392  0.00054620087574262
  0.00055526958353636  0.00056503888443502  0.00057543807665771  0.00058553777092278
  0.00059551072590345  0.00060691760115095  0.00061791300479403  0.00062778082727121
  0.00063983506398080  0.00065444923667591  0.00067021144659591  0.00068580317611418
  0.00070296701013352  0.00072448929605442  0.00075044224583121  0.00077865652763967
  0.00081071802514563  0.00084553918287949  0.00088413351301557  0.00092852930903347
  0.00099074485621724  0.00107378392932466  0.00119177663572810  0.00132309432427420
  0.00145602815529783  0.00160235449988766  0.00179707026724975  0.00217317466162465
  0.00277096793468063  0.00359897125867052  0.00521525555964904  1.00000000000000000
  0.00101395779162873  0.01758228566697485  0.03575681574195538  0.05336903127246909
  0.06881166806161669  0.08284712864396997  0.09629383316137491  0.10887068069350196
  0.11866285002351787  0.12712015875255778  0.13513811370249068  0.14504793786682130
  0.15706418176961190  0.16751141090141003  0.17767767560237943  0.18756708908445044
  0.19502100018065666  0.20418409767098505  0.21495165116256543  0.22661533073907394
  0.23984576352750667  0.25232510683412340  0.26484613016919190  0.27873116902901618
  0.29052709788926961  0.29998754358948426  0.30958912683062390  0.31905841335341134
  0.32787149161348184  0.33719490619224390  0.34608773338269594  0.35543424884757024
  0.36709092320902820  0.38102382411640717  0.39325834217565725  0.40422140235569387
  0.41504310850717974  0.42662224606187299  0.43763027011007305  0.45069695792695175
  0.46353154561104448  0.47584201705326873  0.48718378130271028  0.49713738887299547
  0.50635973997622696  0.51639984500431801  0.52794817601441157  0.54008229980525324
  0.55167434301901230  0.56385360874733126  0.57635959798385639  0.58821237194377907
  0.59925568544758645  0.60982442127519687  0.62043384216422537  0.63264395983406219
  0.64411845877657625  0.65321326964591919  0.66187042333831692  0.67160353440826726
  0.68398685076811394  0.69641358590886782  0.70760694788086931  0.71795770009859838
  0.72758252835877157  0.73797594807992695  0.74878699423505446  0.75977000527827254
  0.77152775258730277  0.78287775536154935  0.79362609981019760  0.80386687802309265
  0.81255057309572609  0.82059902043444777  0.82844818933372866  0.83659469626291560
  0.84509802500475806  0.85348851792191205  0.86377488236233113  0.87559137625275840
  0.88789092467363961  0.89560336468753332  0.90146678408224323  0.90689522600633521
  0.91299041802371272  0.92444760541755655  0.93627656835312467  0.94576784810997472
  0.95364503138321366  0.96001557714290353  0.96763718775546403  0.97488781109987266
  0.98158925694749688  0.98784695478278017  0.99211721147995935  1.00000000000000000
  0.00047878709375366  0.00059133667972471  0.00066900426134729  0.00072145587414818
  0.00077319074954780  0.00083033455538713  0.00088000242693931  0.00093127024323120
  0.00098874743048158  0.00104751557373242  0.00109975079618318  0.00114635786692927
  0.00119466415938622  0.00124438676342049  0.00129995053789931  0.00137003361584443
  0.00143792151852478  0.00150747865746883  0.00158278144554844  0.00166548856784865
  0.00174797342286200  0.00182652070329943  0.00190979699674794  0.00199882282783690
  0.00208988587365061  0.00217645729618160  0.00226729340233175  0.00237302219318110
  0.00247473551868401  0.00255031735111625  0.00262317438499524  0.00270963015506279
  0.00277796419871842  0.00283916452483308  0.00289923619435662  0.00298224579157340
  0.00308914297831346  0.00322260847964043  0.00335955667460971  0.00346959175791358
  0.00357547259095586  0.00369688133378125  0.00386657986163486  0.00410198390688194
  0.00435097014456368  0.00459449161624605  0.00486026805168131  0.00512601347555737
  0.00537617426086060  0.00559975118242240  0.00586203507393084  0.00612005613455518
  0.00641771085238546  0.00670774324959620  0.00701677802520715  0.00734982061175456
  0.00771189217001429  0.00809093936381476  0.00845793200718096  0.00882070767846426
  0.00925609288797436  0.00974681849386728  0.01027734596799181  0.01085328869787840
  0.01143850176598048  0.01198681511150934  0.01251478330426771  0.01305296707723164
  0.01372864757352206  0.01459772242194606  0.01543498374105217  0.01625425451039532
  0.01693033108298356  0.01751645213590136  0.01809199652189436  0.01855394688591252
  0.01916962281156714  0.01971164452636394  0.02023791810279691  0.02094632540467314
  0.02175886350737455  0.02299786036093686  0.02464918786916999  0.02610948294426019
  0.02796834513808666  0.02953145969180896  0.03069731250984063  0.03183167489955575
  0.03385453344542694  0.03608336576910597  0.03688545980845921  0.03737932902517033
  0.03917001087036640  0.04228821058422660  0.30775453005313874  1.00000000000000000
 -0.00492860879286020  0.04704301252628858  0.06311776164658678  0.07539246850685288
  0.08389710176109727  0.09573501149834771  0.10717182973145337  0.11942600633186398
  0.13247611129163350  0.14251233139794875  0.15237612258670233  0.16133615096499621
  0.17137317101335400  0.18297729461004797  0.19367630113980938  0.20318168340837164
  0.21258844050957657  0.22452006937797048  0.23641665902453368  0.24726280504905121
  0.25686091295028063  0.26608804426629795  0.27657946169681114  0.29009733189163356
  0.30507094889304287  0.31929610209595949  0.33548994385588882  0.34809093292820170
  0.36018989501828824  0.36941312233798940  0.37791923107386549  0.38710645254867587
  0.39609321242793732  0.40792917657319205  0.41663261500622506  0.42434434791943426
  0.43230303415340454  0.44037337950520516  0.44926595047096723  0.46147762264084119
  0.47368182159554134  0.48545902682892855  0.49938357229353741  0.51044720086752271
  0.52169247174696776  0.53110719564871089  0.53838519789449035  0.54477346534051985
  0.55294548325204562  0.56305516847450698  0.57382394376718193  0.58425705242687809
  0.59356325048839775  0.60229891402707680  0.60951388562157671  0.61559584359780550
  0.62207244640012449  0.62899857770785361  0.63374301946119982  0.63999071161296095
  0.64786682531943762  0.65724972247311386  0.66573580927235254  0.67360601988405777
  0.68188330034167777  0.69264121544592716  0.70366627182696262  0.71189218197563675
  0.71968348375700408  0.72847258799962078  0.73815549541957215  0.74920033021709576
  0.76145289532565430  0.77392949955391765  0.78563082432339859  0.79723976399661689
  0.80939816232520256  0.82468979716654389  0.83778868482969360  0.84819086361001039
  0.85812447994502172  0.86807289305261948  0.87816434162826718  0.88849600874543200
  0.90225212663942556  0.91293339633616877  0.92198208568882889  0.93095262056603800
  0.94154176950465318  0.95243806811935583  0.96189549377977501  0.96878043939863245
  0.97505418342492201  0.98251821520378957  0.99270949319405999  1.00000000000000000
  0.00001045469760096  0.00001779587104729  0.00002219269065610  0.00002621526787275
  0.00003028888548953  0.00003418080809451  0.00003719900035913  0.00003966736668979
  0.00004237297421971  0.00004526729757730  0.00004870692520565  0.00005250648247940
  0.00005634906497598  0.00005995005871019  0.00006350006782429  0.00006754689320766
  0.00007148940585690  0.00007617893575045  0.00008038602166860  0.00008385597319398
  0.00008720646025455  0.00009082808839972  0.00009575588226475  0.00010260064858858
  0.00011045230532911  0.00011901955917016  0.00012809246735075  0.00013734018339114
  0.00014848709987571  0.00015917821169152  0.00016932863192228  0.00018200936175449
  0.00019669573067826  0.00021151126473648  0.00023020686876918  0.00025174018977796
  0.00027444903853612  0.00029691029694078  0.00031877628472169  0.00034052595295205
  0.00036486919198899  0.00039107923882781  0.00041842396863699  0.00044888945749985
  0.00047969179287706  0.00052125158587907  0.00055418136326735  0.00058658919176090
  0.00062221831707450  0.00065954386524421  0.00070102827829035  0.00074653906114375
  0.00079488365812658  0.00084580383843183  0.00089724560062138  0.00094011103727949
  0.00098876807496960  0.00104076094347405  0.00110784012358664  0.00118211765214650
  0.00124898110066218  0.00132220368249297  0.00139370613624971  0.00146351487689402
  0.00159437394354548  0.00172130828119685  0.00186018888173397  0.00197663519844751
  0.00210349107108171  0.00222210043068262  0.00230198930647403  0.00238772699795106
  0.00247652028533680  0.00257359404876672  0.00267248852063144  0.00284404907009664
  0.00306917900522639  0.00329664463193868  0.00351189260235414  0.00366639629533250
  0.00381522569422615  0.00404805043793209  0.00430773620336799  0.00451429364717387
  0.00474631946963896  0.00511085051337833  0.00541564121675524  0.00588959244756655
  0.00641854255047848  0.00708053125965860  0.00805739061002193  0.00946081925916483
  0.01050841372300565  0.01163263774725509  0.12629257068556651  1.00000000000000000
 -0.00319964429911818  0.00592564507140943  0.01536724144133485  0.02561686238595319
  0.03567462525947275  0.04641519131261247  0.05945476263026273  0.07046508716894209
  0.07953627954238168  0.08795184236369931  0.09692691404844936  0.10809487641965364
  0.12156660490133141  0.13488361186660336  0.14521596296923228  0.15502692131177015
  0.16538385018978571  0.17638313636377284  0.18624961878496266  0.19477757561578296
  0.20409158165861749  0.21526316286337105  0.22691614294970419  0.23841922078272099
  0.24829760760071276  0.25679134996200326  0.26404816583404173  0.27210984433996244
  0.28382914343390447  0.29366198264444060  0.30410152216589437  0.31423216237787083
  0.32453227620584452  0.33564983157146017  0.34605700484469987  0.35404956956178302
  0.36199459362976577  0.37188905496577701  0.37871065052288039  0.38463309681397240
  0.39258308907187051  0.40212396218979896  0.41304762367266407  0.42290404483477739
  0.42914657553816365  0.43435304882929165  0.43950267586984237  0.44522009748947600
  0.45228689781491621  0.45835052404559867  0.46513928026497819  0.47517843267704374
  0.48791187508873918  0.49989162711334301  0.50941656057083173  0.51701258986462040
  0.52447228627001341  0.53239886276430337  0.53999957655103936  0.54798172639243303
  0.55684661553405845  0.56773722142198435  0.58103746765225384  0.59382446478027284
  0.60599056715550714  0.61777869085830428  0.62651820673537573  0.63327617336775788
  0.63970993943743260  0.64705224842042530  0.65511870611089951  0.66321472857141750
  0.67118122341940523  0.68030544586517538  0.69242910734020624  0.70539925749379517
  0.71519224528928960  0.72365585845175917  0.73343921210621765  0.74724386803572929
  0.76314438495093317  0.77505762931466815  0.78467833700990841  0.79558758330760593
  0.80804932522074202  0.81953855007362475  0.83018249186177251  0.84207923501323934
  0.85523705154024199  0.87002373447783510  0.88490524123058190  0.89914402049457309
  0.91379367932075917  0.93067998534254537  0.95709211157683083  1.00000000000000000
 -0.00332242429967502  0.01401677009200060  0.02554015157513143  0.03642372535012602
  0.04901500449227848  0.06144184065328021  0.07194283621009036  0.08182140098389910
  0.09068874359451298  0.09947251480411928  0.10817737164188566  0.11957194803139710
  0.13005333861736826  0.13988767403469243  0.14885673829507892  0.15824561381287838
  0.17108882173070786  0.18219626881435980  0.19199881878948494  0.20102981115722968
  0.21199417497395898  0.22299096044136310  0.23548372561402817  0.24829625275492573
  0.26010334988288381  0.27067582149279312  0.28040506138735238  0.28984064336062354
  0.30016498993297153  0.31081624203669600  0.31981966034529014  0.32932007617329728
  0.34078069516279258  0.35342343098303064  0.36729733896899064  0.37767303253606938
  0.38553471077218809  0.39293280418514359  0.40011670119203180  0.41070069267678572
  0.42363078333495946  0.43706274699014702  0.45104500984115165  0.46038343369926449
  0.46750219583609182  0.47364633474578405  0.47971820911487312  0.48643483187291786
  0.49517876730671229  0.50618555885442995  0.51896763365020959  0.53252664121152382
  0.54755974024958409  0.56215188389733128  0.57403536599607197  0.58457535432214125
  0.59482535563146111  0.60480663120637768  0.61410338619278981  0.62352295300431626
  0.63520312891406994  0.64691536211531442  0.65661767185988684  0.66707315173739667
  0.67961425346561155  0.69273809304716227  0.70567041261042995  0.71779610118069848
  0.73010784741814683  0.74348879496026821  0.75584592189509314  0.76580209856796255
  0.77358484809031480  0.78012895741788291  0.78705878107849536  0.79421245460701639
  0.80241890192119691  0.81450885885385105  0.82972554206475380  0.84289379033620604
  0.85453825793308313  0.86502158336069057  0.87509822691648165  0.88342162082686948
  0.89108309336467506  0.89881985472816583  0.90705735066943138  0.91616272028785850
  0.92646817653339164  0.93742814926711204  0.94846520788822375  0.95845757461944137
  0.96730898464410420  0.97698694947918108  0.98826686056304347  1.00000000000000000
 -0.00310618342324898  0.01077257912122455  0.02331080971903072  0.03448909958170148
  0.04660742333294465  0.06004253204874870  0.07472207688258635  0.08998272043490824
  0.10500742207801360  0.12002215498469204  0.13643035842558601  0.15202284810780808
  0.16459339050698360  0.17431493581200530  0.18383306485219489  0.19548616545809486
  0.20810871629994593  0.21912835017511995  0.22837869334352684  0.23876576584271370
  0.25018296244535565  0.26212519365184450  0.27220288969781831  0.28154476145695673
  0.28888066050547689  0.29576201452745482  0.30340998072419528  0.31203749458025193
  0.32216024799611565  0.33324479854131095  0.34513184119643275  0.35596325829873671
  0.36552382285915985  0.37292218849828707  0.37943248885855008  0.38554873874607554
  0.39181033909383500  0.39998356098021121  0.41024482092965048  0.42081744859924863
  0.42996416155256206  0.43913072259471830  0.44901808538303012  0.45997583397997371
  0.47309234031714753  0.48319815012679923  0.49192313609308325  0.50022852298680665
  0.50820870035577859  0.51432875908668985  0.51945065237808086  0.52399980787659695
  0.52844669736096395  0.53313274592358262  0.53838051450049251  0.54553616013952244
  0.55517068235806022  0.56696901988366732  0.58048199670551615  0.59160036142642980
  0.60059010948327385  0.61043195576138909  0.62263140515954229  0.63541653113706309
  0.64633985168024843  0.65555524529620690  0.66471440864452958  0.67420903660020826
  0.68535575790923631  0.69524785731663508  0.70474173362325976  0.71412851212296302
  0.72372284158436151  0.73385395846660484  0.74747176206977051  0.76097464600503695
  0.77356593058469780  0.78793529180530597  0.80341802503056181  0.81929038332096782
  0.83259425632156903  0.84313977607860913  0.85233917829684991  0.86255336787490033
  0.87313094576850103  0.88374680077334400  0.89423943974467057  0.90479563486583547
  0.91686683683987424  0.92818335989446776  0.93667179031881131  0.94399479957213583
  0.95455133444790108  0.96985973765748568  0.98570476786648997  1.00000000000000000
 -0.00076136345874999  0.00490822120820787  0.01411424074346350  0.02317884771036715
  0.03251024475857599  0.04606347265769449  0.06077837742933162  0.07342932236264649
  0.08510840972697055  0.09528753693612164  0.10608653356402839  0.11628925661952801
  0.12613421080060000  0.13597985399743950  0.14568461985922199  0.15616087808088752
  0.16766249179402101  0.17899891059633632  0.19052449840510699  0.19990690196119690
  0.20926274263058683  0.21794050767810433  0.22661298787214446  0.23507824707926947
  0.24324903505449910  0.25180064806907965  0.26078559060626755  0.27038643353930841
  0.28059096775931186  0.29124183705375345  0.30264496255875173  0.31396293961291716
  0.32471430356992537  0.33366070251711671  0.34249429934703790  0.35293530342560692
  0.36559173954065033  0.37853045784424483  0.39084448145181361  0.40125615276704951
  0.41085496389289933  0.42024981350813201  0.42950153844422534  0.43948866337432041
  0.44924978174928853  0.45873201925727725  0.46794375528406373  0.47660173436654657
  0.48470130147289570  0.49369977026859041  0.50371217470263208  0.51621625287399098
  0.52862559472911830  0.53881140394069649  0.54863622325197858  0.55792897955972742
  0.56791871364300306  0.57843665687862078  0.58885786038626131  0.59998294062473401
  0.61022970270110433  0.62071080439132020  0.63128150623661361  0.64373066426902059
  0.65838545912565904  0.67307779606802021  0.68665790149742822  0.69696049758285805
  0.70699278795103759  0.71981827906302864  0.73386742871820287  0.74769585088543233
  0.76071212244472208  0.77396399555068451  0.78635274872431427  0.79770520617404572
  0.80836260539868054  0.81954409480164625  0.83136697640319346  0.84273126559414879
  0.85515238721894860  0.86672528599178211  0.87759389981387803  0.88980618878295326
  0.90267323001056077  0.91611179416771893  0.92739346057353234  0.93569187011440247
  0.94306052011205421  0.95023536574825263  0.95758585939593044  0.96738915101291589
  0.97600839740663159  0.98380864621046182  0.99136711044992387  1.00000000000000000
 -0.00408279771669599  0.01450330156297733  0.03138965311483935  0.04455510117828918
  0.05512987524204172  0.06449453768796604  0.07359483246009235  0.08474849346808953
  0.09735102684772354  0.11165306504035673  0.12630773408773577  0.13917752004281309
  0.15113587254986607  0.16357639280025862  0.17649857851596171  0.19116760587672682
  0.20625884739538700  0.21701073152826256  0.22520136719707734  0.23229000676737988
  0.23924574731969817  0.24602357607375261  0.25393949892839512  0.26259506857719145
  0.27106794637713805  0.28028038854513826  0.28970655316912419  0.29956901539091263
  0.31211546151104830  0.32407396012984796  0.33285429288275015  0.34061989717333135
  0.34787973304598868  0.35472721150090497  0.36189856201093878  0.36962937574641702
  0.37706658562149592  0.38471278022971228  0.39334181009696578  0.40474329821124644
  0.41825486161333503  0.43090634258237526  0.44300040355548265  0.45667716882263365
  0.46961424408777169  0.48063550157596097  0.49026125617051114  0.50011943349548604
  0.51055529721752191  0.52237491735435249  0.53415454386718142  0.54562534442717314
  0.55807264713722549  0.56837720296697147  0.57613584006299179  0.58325760723704900
  0.59063577697466230  0.59927119487434599  0.60911954496851672  0.61917578686817154
  0.62988461381865191  0.64081065015525218  0.65335462799032873  0.66339764180111649
  0.67524863596259443  0.68559452431026935  0.69461614858304033  0.70280494746259492
  0.71045173666672101  0.71918199018098716  0.73073830093410763  0.74246268753534939
  0.75335215944658196  0.76406991895639631  0.77573284448920066  0.78876568588119367
  0.80283209594748950  0.81566674540377715  0.82645588610585408  0.83462766615577100
  0.84178122106878228  0.85130123925104773  0.86516789261870530  0.87702070376301944
  0.88444948060897366  0.89087350377892827  0.89794583642396186  0.90637788647721318
  0.91559986180734954  0.92503026021805757  0.93599744658381967  0.94936785050940420
  0.96413142654873374  0.97872057522957978  0.99095364280851772  1.00000000000000000
 -0.00464797383823098  0.01669094391204008  0.02894056017014193  0.04246590068912767
  0.05518436703347902  0.06627444874284145  0.07624425784524713  0.08635282239188936
  0.09770092557345715  0.10966901588640614  0.12046688581635397  0.13025362827287779
  0.14032788367254448  0.15148700494875017  0.16141888587957265  0.17088899838839069
  0.18073909994211965  0.19010234031761136  0.19915787465218712  0.20951932385973360
  0.22081486502455158  0.23309415658894844  0.24931569955078256  0.26074604478820140
  0.27065428426770238  0.28174486032324014  0.29415451541546461  0.30549276085599075
  0.31629158225275689  0.32793576121365375  0.34022341045705773  0.35095380917353941
  0.35908292000038028  0.36710003396570634  0.37595941899898483  0.38478804550277967
  0.39438149982948584  0.40456974768001053  0.41460343525902399  0.42520301210775308
  0.43702434134623691  0.44833012193897565  0.45752896659982750  0.46676055532341215
  0.47664962233939240  0.48808197724179625  0.50039328158812668  0.51161288834172836
  0.52137764586926760  0.53001199277571853  0.53928525480195411  0.54921284012485672
  0.55761226941145547  0.56578073855759081  0.57435332505125347  0.58387184069762832
  0.59431731728277082  0.60443732830753705  0.61456046198509595  0.62522679078682974
  0.63609017051000361  0.64549707779253362  0.65307086326830244  0.65979351817309428
  0.66600653358806172  0.67391795506926921  0.68346793428703390  0.69520342143599634
  0.70822544119939934  0.72046828176379540  0.73345959370732938  0.74585620374208816
  0.75799797176443051  0.76833132200803533  0.77708723316258599  0.78638097105247184
  0.79619037591911035  0.80774808544007881  0.81998322952249303  0.82764246749018455
  0.83522554983981312  0.84345217501026226  0.85220241789990681  0.86223689157679362
  0.87730271741260935  0.89515080544973480  0.90799186939078969  0.91706484857785497
  0.92599232148503197  0.93578110701078931  0.94731243399913390  0.95955523422199729
  0.97005448909620151  0.97866977867675309  0.98691048585169394  1.00000000000000000
 -0.00284127985363378  0.00914739001430654  0.02218982184228001  0.03031114217548022
  0.03815907829937483  0.04528722130581534  0.05182723386628736  0.05849191917928529
  0.06504567456696332  0.07129359249941565  0.07736802950873489  0.08338298345759737
  0.08851881047338937  0.09324316197235061  0.09916171474032508  0.10776507909869799
  0.11644882391182747  0.12440518452622587  0.13201806236337191  0.14044321234239523
  0.14968397812278519  0.15947822830325944  0.16906498704143877  0.17885330154388931
  0.18860175525158723  0.19797520774920807  0.20711045027402675  0.21678173030149264
  0.22568792972241469  0.23298208203393059  0.23812084487889928  0.24168513715765980
  0.24594788450618246  0.25128035551646960  0.25712281226974970  0.26294530930006260
  0.26875583962184008  0.27448072975170967  0.28056661800401067  0.28788859838284386
  0.29786342965272655  0.30805270478808044  0.31749673660299260  0.32576847986376756
  0.33387602679371126  0.34178682408277977  0.34892783645022857  0.35580503342208392
  0.36320184013447449  0.37198403328398894  0.38237660110404170  0.39376329496747725
  0.40502512465895935  0.41685897447356052  0.42736082686480575  0.43344336320136317
  0.43958455405314378  0.44585461265532872  0.45258231946566885  0.46182712779368984
  0.47270512205831694  0.48595626888709142  0.50043105251252229  0.51283711026048040
  0.52320773400995824  0.53591650802967239  0.54729913681090570  0.55667793519150943
  0.56584931010121164  0.57453081625618652  0.58289911742354439  0.59136644266848137
  0.60200621061411064  0.61787926138184068  0.63700575183215236  0.65575094135469425
  0.67256145911531062  0.68694522190804408  0.69824782317971934  0.71109877899149743
  0.72492969342870872  0.73760736181679154  0.75041598675299670  0.76343510231389999
  0.77704402339864609  0.79102470109403256  0.80825994150317393  0.83013826527491041
  0.84938780001168723  0.86444812510191849  0.87977160461991588  0.89645495161752831
  0.91459929109130522  0.93490184697238665  0.96044228390541830  1.00000000000000000
 -0.00527571212850748  0.01906340834106835  0.03357470682309062  0.04562546883755981
  0.05586222183159337  0.06534932223151430  0.07540686969179818  0.08518831949618214
  0.09480827158551668  0.10352021262075475  0.11341637857131592  0.12476230050157054
  0.13719504499779434  0.14920736920163699  0.15921773509996617  0.16938309127027862
  0.18022852436159470  0.19211107353522586  0.20286083419918649  0.21247624431393225
  0.22207596824074805  0.23034058710536659  0.23799989051968198  0.24631006077849180
  0.25447683670053123  0.26611950279592489  0.28220093019867021  0.29648434650185068
  0.30724287183045862  0.31536285476806541  0.32315700073710391  0.33291384473211144
  0.34340810919691178  0.35202095776695747  0.35987411586152934  0.36875207559022161
  0.37962158930147893  0.39271699758163570  0.40526599867090068  0.41671426313213183
  0.42755736882949158  0.43921532305772104  0.45015696290513019  0.46321839272927784
  0.47503200844480092  0.48564090741668897  0.49592443580807749  0.50283326391838479
  0.51043221065166011  0.51829342314553717  0.52630212602093784  0.53710693489902961
  0.54593183412372914  0.55302317674927248  0.55887534771088809  0.56573702835555373
  0.57431152520329121  0.58474142177895638  0.59608233421059698  0.60753717946429453
  0.61955633724016035  0.63105141144092058  0.64017293334966974  0.64770212741854949
  0.65626932771898627  0.66423553023114934  0.67240572793750042  0.68269195152906748
  0.69260697749970523  0.70256665352351921  0.71461442219488758  0.72694125943673427
  0.73775056317518461  0.74908952869742451  0.75973023423389219  0.77048224279323574
  0.78072494432731165  0.79106089200981855  0.80247955007283389  0.81166920839399881
  0.82206079544296562  0.83365670222182653  0.84624255465374698  0.85957832689663061
  0.87180145368813866  0.88364303478821338  0.89598348847704568  0.90770846442436282
  0.91825276501298825  0.92828220673120221  0.93891557611105947  0.95000993244603638
  0.96234564394092215  0.97470774873099486  0.98710698853522927  1.00000000000000000
 -0.00320842818310661  0.01266826239121231  0.02555759057610455  0.03630287444001132
  0.04389078868890948  0.05155005991758146  0.05876362137053451  0.06519780693462067
  0.07350565312842190  0.08190135665990700  0.08971903758126813  0.09789328529237744
  0.10574036551275420  0.11503042576921187  0.12341798581822609  0.13190921421422910
  0.13962523325456563  0.14659826466385500  0.15275886056588317  0.15906379506520260
  0.16515131911464981  0.17208090840948490  0.17993862446178840  0.18856447661096851
  0.19839233571696704  0.20855911054838222  0.21802315014436352  0.22752574554828570
  0.23445871416960115  0.24119087709153220  0.24773736494208157  0.25335687064424900
  0.25901270239518659  0.26502273017094263  0.27114207581093952  0.27759590552580893
  0.28384371268003722  0.29031587819319327  0.29720124565364608  0.30406354486482851
  0.31148082169161351  0.31912143835433787  0.32631479530127833  0.33321413940677180
  0.33901812333284542  0.34459481956259413  0.35035999677964358  0.35560509001993207
  0.36149486310377416  0.36600080477141611  0.37100287339595805  0.37669562157479164
  0.38269834272131070  0.38867766651699004  0.39510478249379299  0.40177036327101939
  0.40778013824440390  0.41357582562670603  0.41878957429587188  0.42370807431004015
  0.42790200794954319  0.43144170819514183  0.43532953585427586  0.43973314453116147
  0.44444437193124559  0.45088749524798011  0.45942048020913384  0.46830270633633764
  0.47694167305730667  0.48609306609112002  0.49750097268092319  0.50884563872811617
  0.52155451609655912  0.53403706312236832  0.54640048109357120  0.55838256809695164
  0.56913613661484319  0.57837462146664020  0.58636770556514750  0.59409147839238763
  0.60273496285203099  0.61383130854210588  0.62726059717293225  0.64049775776130824
  0.65359417228302685  0.66752987128278152  0.68539579499234282  0.70764563237307088
  0.73208630118230678  0.75589671382590784  0.79005145883893968  0.82928340835049630
  0.86121056987474498  0.89011421760045173  0.91872313613054823  1.00000000000000000
 -0.00257277270837627  0.00988321285858474  0.02282388795029904  0.03445907809565280
  0.04620988154891816  0.05915447535476825  0.07213126127560482  0.08381024941097064
  0.09378374850103605  0.10273522182778537  0.11232546594863801  0.12318976931213162
  0.13357809547137728  0.14367046918461002  0.15322823757572834  0.16213800939692677
  0.17062003147224661  0.17865033538450076  0.18757009466704341  0.19714937437716920
  0.20602207189663926  0.21515883332514699  0.22569406706470754  0.23728929817198691
  0.25050050577258137  0.26575042270469884  0.28033172498784487  0.29000268948725377
  0.29820952068751549  0.30536651995674469  0.31256640758823123  0.31982712068762831
  0.32863500758044961  0.33854337144598268  0.34906736617748235  0.35892897996542922
  0.36801052238089810  0.37663113475474297  0.38400813082233565  0.39231482068140228
  0.39996823714702018  0.40847519458491166  0.42011076248849766  0.43139547589697663
  0.44113269745890155  0.45079777208062172  0.46033464814747571  0.47068479455658452
  0.48234870331234359  0.49599252753979894  0.51252289778684501  0.52586188743284057
  0.53652321404434811  0.54624833913587034  0.55808054250986394  0.57043750241262459
  0.58366659488622452  0.59843276910318466  0.61109498036688537  0.62251433276733326
  0.63474502410628086  0.64967879064575518  0.66634183074464870  0.68007673165578786
  0.69053106944790876  0.70055274449094729  0.71114190653631004  0.72070178637482207
  0.72938830776831398  0.73739565469916313  0.74632379581818176  0.75808670831895997
  0.76920301469181052  0.77996586728304962  0.79029547864692162  0.80069981436664173
  0.80923558120312800  0.81843061441532095  0.82919077335283342  0.83873311272754281
  0.84604147296283205  0.85379126548876794  0.86420954307425069  0.87569007847983016
  0.88665108485335187  0.89875461520579270  0.91201095132978893  0.92514075861333456
  0.93596630128261538  0.94458205419173313  0.95336595057911733  0.96099882573662487
  0.97116340006695578  0.98115818975570279  0.99092661707518570  1.00000000000000000
 -0.00420817596915051  0.01505904287949810  0.02713672605914526  0.03806838581276392
  0.04670909064932263  0.05600935473897005  0.06499175291276696  0.07361353971585434
  0.08157118360199560  0.08988074667419012  0.09764087913306685  0.10621025440190653
  0.11331806913438881  0.11989384604355181  0.12628988036166777  0.13380889110338012
  0.14155715137772576  0.14735192427357222  0.15333526997613312  0.15959512444758289
  0.16545818404888563  0.17222399942697511  0.17973134799181176  0.18758048766474339
  0.19505720264394907  0.20238945055551069  0.21020881096072047  0.21885178781246525
  0.22734162873927988  0.23764708052090752  0.24767434974551389  0.25777589080208740
  0.26905236974227348  0.27848233489998847  0.28575546441377031  0.29294225170570604
  0.29948877437538085  0.30548670367880909  0.31408818615676759  0.32283799664984458
  0.33330971520881930  0.34087976233362294  0.34792958862848905  0.35448702915573210
  0.36320809614236971  0.37187857598878638  0.38026831264098587  0.38890242026559663
  0.39783215507218272  0.40770906356558251  0.42004156295333878  0.43269558342745235
  0.44564929220396293  0.45750531731183014  0.46599710418616241  0.47402065346418887
  0.48104392785624883  0.48759180727046891  0.49535384467206117  0.50280570255778945
  0.51324979070529908  0.52278208786417668  0.53115290734833687  0.53838905263343240
  0.54652659262444592  0.55553846385855221  0.56512355547232707  0.57730010461868586
  0.59056960646603829  0.60110826653964300  0.61062413059720666  0.62071836893065269
  0.63366118041332442  0.64426032444951631  0.65306356603749394  0.66226005855686632
  0.67228787434022785  0.68270039745680877  0.69370803329489839  0.70467556937827180
  0.71815762515035675  0.73299600746641869  0.74765895144298411  0.76251719575818744
  0.77812169731169889  0.79354131561497554  0.80862484547879421  0.82425886799254533
  0.84215971939746814  0.85890119201280779  0.87291466847530674  0.89110419219199055
  0.91157620502158110  0.92911331754962156  0.94958415690111664  1.00000000000000000
 -0.00465435283467508  0.01369414895584427  0.02938182743727015  0.04418328113472272
  0.05851025209078520  0.07160464733516622  0.08439573973556053  0.09592464697013796
  0.10682896060972853  0.11809420933369429  0.12974127622945952  0.14266221972622897
  0.15620985482381339  0.16855231499073275  0.18012540426717619  0.19148218699940617
  0.20363358952476687  0.21739741814120372  0.23032772000786203  0.24125586467808965
  0.25218145113434642  0.26270945775276128  0.27343627461173847  0.28247880325138230
  0.29118211003909361  0.29879612803315903  0.30549867516388074  0.31252645195967010
  0.31750786574484779  0.32195951335270090  0.32742687315491648  0.33570448030110756
  0.34469447728945640  0.35292131508346841  0.35994415252755002  0.36821855056815816
  0.37824488303543413  0.38767810641488026  0.39492693596130563  0.40084734259716953
  0.40899704745550425  0.41873472705235459  0.42924000975443716  0.43938839239636440
  0.44944084656545896  0.46010418238580564  0.47020086796316168  0.47932181076997621
  0.48887468387899669  0.49981880600081163  0.51102264508596473  0.52298847187403297
  0.53479777381756588  0.54582069414573842  0.55687003412796299  0.56717573925445419
  0.57702409106031927  0.58873764501480674  0.60223361601444758  0.61523222532510879
  0.62850022294313601  0.64225008003923745  0.65392575060658875  0.66507459702530192
  0.67634113960457076  0.68917372117429687  0.70080224964519555  0.71224296381270169
  0.72456500410831282  0.73491396316140123  0.74463406811462118  0.75444270600516494
  0.76478636148211909  0.77440094103535573  0.78314261431757892  0.79176273724286461
  0.80266149196561487  0.81349543628238419  0.82274327581664120  0.83160248846552287
  0.84166154090973821  0.85310137664583441  0.86241971862269196  0.87266144759812070
  0.88343707413080319  0.89418537197497194  0.90387935222974425  0.91324942780442941
  0.92201859303259859  0.93412897541758910  0.94777645500107799  0.95931351580448510
  0.96956611497960310  0.97926154034886059  0.98919666062891953  1.00000000000000000
 -0.00292870241756003  0.01073780994431832  0.02285773268955461  0.03313722840990913
  0.04353480217731501  0.05396167735864912  0.06409606336392551  0.07597931215308050
  0.08524727028904595  0.09391622255186026  0.10372072192379765  0.11414687810328396
  0.12665129490598617  0.13717538894533959  0.14840813877650752  0.15713205929831536
  0.16677722104176657  0.17691431145291212  0.18779980757828546  0.19545339015951851
  0.20118457235687626  0.20765740388124035  0.21841157625114085  0.22752185704190750
  0.23578942203467115  0.24321729644206341  0.25192424260147661  0.26230119835582189
  0.27426718011525164  0.28362876746722582  0.29220528256665440  0.30071704143519112
  0.30904328800717212  0.32008110746297219  0.33252512874026252  0.34490198523303234
  0.35515286478450725  0.36369398550544907  0.37166918833825563  0.38268796606473865
  0.39406372221156033  0.40374495838389773  0.41340159731854537  0.42674400269286261
  0.44009727092850370  0.45283369845813037  0.46355718668805113  0.47389684736018461
  0.48324535013471781  0.49272056254798741  0.50320686768554379  0.51331430949144563
  0.52323279104823073  0.53365287918638171  0.54450325845975756  0.55441463065034635
  0.56365507175001628  0.57144150477500777  0.58058074912167212  0.59093534327544162
  0.60207290093335775  0.61250420255065430  0.62250370424535251  0.63410529640280600
  0.64831922929235863  0.66115128266778256  0.67370745538138976  0.68603011602647723
  0.69920569537248567  0.71052074348912753  0.71999563461556637  0.72937115304715594
  0.73719750987143662  0.74544678407783083  0.75645775926396575  0.76753352319467616
  0.77915804992437554  0.79597752753551598  0.81049740836808370  0.82180867215292686
  0.82842527474657990  0.83530775040480143  0.84066755414310335  0.84739124431561419
  0.85936766157706990  0.87256666404822980  0.88674690407787649  0.90195042991793017
  0.91517113844329356  0.93067380442062830  0.94392044253602148  0.95542782270655224
  0.96752209708650572  0.97853322676065280  0.98947152599492683  1.00000000000000000
  0.26358840182725807  0.32147610528684645  0.37476830464844918  0.42806050401005191
  0.48135270337165464  0.49207403734968957  0.49952458935717842  0.50697514136466726
  0.53245434639806744  0.56640012460129496  0.59111918464407454  0.61545283328511791
  0.63851231522992458  0.65768696246721692  0.67231512707164354  0.68392749917760165
  0.69513060330529408  0.70634327711291767  0.71754301307145052  0.72681876476775875
  0.73355150208438769  0.73872429596710731  0.74436893443751762  0.75174566128540210
  0.76037916982139031  0.76921612015290142  0.77627893611102472  0.78357991845131847
  0.78980059188510154  0.79566117751754817  0.80124736857351120  0.80676879153669900
  0.81178509778543229  0.81610724537546298  0.82056613726863792  0.82591840265262040
  0.83128214349310825  0.83575982549247840  0.83975954396919139  0.84391163896615462
  0.84805495886626803  0.85163064161681634  0.85460787172557828  0.85729636752859162
  0.86026466282851377  0.86379386632416488  0.86769948023975585  0.87126266600286362
  0.87452997057503623  0.87772475841781938  0.88119980435335699  0.88416779002461521
  0.88658526804139159  0.88870337481260331  0.89088520910043689  0.89291590319578595
  0.89480780818663519  0.89725330862275321  0.90009651423641313  0.90317941095554433
  0.90671149226378456  0.90960088472105360  0.91259450393669317  0.91544925710261082
  0.91827915788553860  0.92041380028513364  0.92295421855364457  0.92540023552959905
  0.92806851396136147  0.93077720090367622  0.93340084106957688  0.93614357950503935
  0.93828175257952651  0.94022711072376641  0.94215159542094762  0.94408026571359016
  0.94652116333534930  0.94918001747790071  0.95210008583128880  0.95453083646788917
  0.95687603781304142  0.95911223959741509  0.96077618499445105  0.96237548971877263
  0.96403089079404181  0.96583682129232518  0.96860857719699056  0.97096191121576469
  0.97304429033803352  0.97517436094491716  0.97724178149591534  0.97992936633799599
  0.98304955280241579  0.98689091239656412  0.99205964020640069  1.00000000000000000
 -0.03768928074394003  0.17921358258208597  0.23197888105509948  0.25792184712500493
  0.28002805335572689  0.30077550166915890  0.31732900890436172  0.33275654767274199
  0.34402633421848666  0.35335701418219229  0.36255660497355668  0.37053277522544159
  0.37800036281636473  0.38416257842706703  0.39135388299699986  0.39913569748795696
  0.40727727360759236  0.41496926354674035  0.42127430097946977  0.42786089932957377
  0.43646164489939765  0.44530626457611588  0.45442520466395603  0.46262954348695828
  0.46943738286748243  0.47502731699428979  0.48103215947989547  0.48710659612114204
  0.49394158580295838  0.50230787579706471  0.51133544063111147  0.51882074378088971
  0.52538203936277217  0.53132347755067466  0.53710915709380136  0.54390797951697112
  0.55035501707777579  0.55713160008774365  0.56413834776644212  0.57110981340804634
  0.57759724382565081  0.58310698276694506  0.58788119648003967  0.59221630372561795
  0.59697537095059261  0.60125888706147435  0.60586013520279380  0.61043928349952947
  0.61463281181442697  0.61878332630066812  0.62295998844090017  0.62788198026563835
  0.63302857692894288  0.63776715062180533  0.64241581694745720  0.64676160023893436
  0.65033679781663145  0.65313538237200164  0.65649251144855214  0.65995072949666200
  0.66318592486043537  0.66787381433708537  0.67382658415717245  0.67858247226528068
  0.68276626477688096  0.68640464575815896  0.69086151218195246  0.69492346672069027
  0.69845652940667580  0.70161035968790730  0.70497946070206652  0.70944925939157155
  0.71479174277516944  0.71990435812918674  0.72492741639425851  0.72990038784401423
  0.73499149538926800  0.73995578967152631  0.74463633729126033  0.74790811292663661
  0.75180804253364131  0.75643243409960426  0.76168435283212854  0.76815077536841692
  0.77610451754484944  0.78333986119265642  0.79056631646422304  0.79860328216700727
  0.80807039837083217  0.81999271247819050  0.83390269590956700  0.84810785717003356
  0.86335871981272982  0.88171129482530164  0.91301818023334169  1.00000000000000000
   1.0437065110354775E-016  -1.0000000000000000     
 F F F F F F F F F F F F F F F F F F F F F F F F F F F F F F F F F F F F F F F F F F F F F F F F F F F F F F F F F F F F F F F F F F F F F F F F F F F F F F F F F F F F F F F F F F F F F F F F F F F F F F F F F F F F F F F F F F F F F F F F F F F F F F F F F F F F F F F F F F F F F F F F F F F F F F F F F F F F F F F F F F F F F F F F F F F F F F F F F F F F F F F F F F F F F F F F F F F F F F F F F F F F F F F F F F F F F F F F F F F F F F F F F F F F F F F F F F F F F F F F F F F F F F F F F F F F F F F F F F F F F F F F F F F F F F F F F F F F F F F F F F F F F F F F F F F F F F F F F F F F F F F F F F F F F F F F F F F F F F F F F F F F F F F F F F F F F F F F F F F F F F F F F F F F F F F F F F F F F F F F F F F F F F F F F F F F F F F F F F F F F F F F F F F F F F F F F F F F F F F F F F F F F F F F F F F F F F F F F F F F F F F F F F F F F F F F F F F F F F F F F F F F F F F F F F F F F F F F F F F F F F F F F F F F F F F F F F F F F F F F F F F F F F F F F F F F F F F F F F F F F F F F F F F F F F F F F F F F F F F F F F F F F F F F F F F F F F F F F F F F F F F F F F F F F F F F F F F F F F F F F F F F F F F F F F F F F F F F F F F F F F F F F F F F F F F F F F F F F F F F F F F F F F F F F F F F F F F F F F F F F F F F F F F F F F F F F F F F F F F F F F F F F F F F F F F F F F F F F F F F F F F F F F F F F F F F F F F F F F F F F F F F F F F F F F F F F F F F F F F F F F F F F F F F F F F F F F F F F F F F F F F F F F F F F F F F F F F F F F F F F F F F F F F F F F F F F F F F F F F F F F F F F F F F F F F F F F F F F F F F F F F F F F F F F F F F F F F F F F F F F F F F F F F F F F F F F F F F F F F F F F F F F F F F F F F F F F F F F F F F F F F F F F F F F F F F F F F F F F F F F F F F F F F F F F F F F F F F F F F F F F F F F F F F F F F F F F F F F F F F F F F F F F F F F F F F F F F F F F F F F F F F F F F F F F F F F F F F F F F F F F F F F F F F F F F F F F F F F F F F F F F F F F F F F F F F F F F F F F F F F F F F F F F F F F F F F F F F F F F F F F F F F F F F F F F F F F F F F F F F F F F F F F F F F F F F F F F F F F F F F F F F F F F F F F F F F F F F F F F F F F F F F F F F F F F F F F F F F F F F F F F F F F F F F F F F F F F F F F F F F F F F F F F F F F F F F F F F F F F F F F F F F F F F F F F F F F F F F F F F F F F F F F F F F F F F F F F F F F F F F F F F F F F F F F F F F F F F F F F F F F F F F F F F F F F F F F F F F F F F F F F F F F F F F F F F F F F F F F F F F F F F F F F F F F F F F F F F F F F F F F F F F F F F F F F F F F F F F F F F F F F F F F F F F F F F F F F F F F F F F F F F F F F F F F F F F F F F F F F F F F F F F F F F F F F F F F F F F F F F F F F F F F F F F F F F F F F F F F F F F F F F F F F F F F F F F F F F F F F F F F F F F F F F F F F F F F F F F F F F F F F F F F F F F F F F F F F F F F F F F F F F F F F F F F F F F F F F F F F F F F F F F F F F F F F F F F F F F F F F F F F F F F F F F F F F F F F F F F F F F F F F F F F F F F F F F F F F F F F F F F F F F F F F F F F F F F F F F F F F F F F F F F F F F F F F F F F F F F F F F F F F F F F F F F F F F F F F F F F F F F F F F F F F F F F F F F F F F F F F F F F F F F F F F F F F F F F F F F F F F F F F F F F F F F F F F F F F F F F F F F F F F F F F F F F F F F F F F F F F F F F F F F F F F F F F F F F F F F F F F F F F F F F F F F F F F F F F F F F F F F F F F F F F F F F F F F F F F F F F F F F F F F F F F F F F F F F F F F F F F F F F F F F F F F F F F F F F F F F F F F F F F F F F F F F F F F F F F F F F F F F F F F F F F F F F F F F F F F F F F F F F F F F F F F F F F F F F F F F F F F F F F F F F F F F F F F F F F F F F F F F F F F F F F F F F F F F F F F F F F F F F F F F F F F F F F F F F F F F F F F F F F F F F F F F F F F F F F F F F F F F F F F F F F F F F F F F F F F F F F F F F F F F F F F F F F F F F F F F F F F F F F F F F F F F F F F F F F F F F F F F F F F F F F F F F F F F F F F F F F F F F F F F F F F F F F F F F F F F F F F F F F F F F F F F F F F F F F F F F F F F F F F F F F F F F F F F F F F F F F F F F F F F F F F F F F F F F F F F F F F F F F F F F F F F F F F F F F F F F F F F F F F F F
  <DiscreteSampler_grid>
  grouped_processes
  1 # 1 for a reference and 2 for a running grid.
  10 # Attribute 'min_bin_probing_points' of the grid.
  1 # Attribute 'grid_mode' of the grid. 1=='default',2=='initialization'
  0.0000000000000000 # Attribute 'small_contrib_threshold' of the grid.
  0.5000000000000000 # Attribute 'damping_power' of the grid.
 # binID   n_entries weight   weight_sqr   abs_weight
    61   10   1.580149938868301E-013   1.158976565355515E-025   1.580149938868301E-013
    62   10   1.580149938868323E-013   1.158976565355562E-025   1.580149938868323E-013
    64   10   3.160299877736602E-013   4.635906261422062E-025   3.160299877736602E-013
    65   10   3.160299877736646E-013   4.635906261422247E-025   3.160299877736646E-013
    67   10   1.105784916443710E-012   1.040763626914155E-023   1.105784916443710E-012
    68   10   1.105784916443737E-012   1.040763626914211E-023   1.105784916443737E-012
    70   10   2.211569832887420E-012   4.163054507656618E-023   2.211569832887420E-012
    71   10   2.211569832887475E-012   4.163054507656846E-023   2.211569832887475E-012
    106   10   1.580149938868294E-013   1.158976565355503E-025   1.580149938868294E-013
    107   10   1.580149938868323E-013   1.158976565355560E-025   1.580149938868323E-013
    109   10   3.160299877736587E-013   4.635906261422012E-025   3.160299877736587E-013
    110   10   3.160299877736646E-013   4.635906261422242E-025   3.160299877736646E-013
    112   10   1.105784916443705E-012   1.040763626914144E-023   1.105784916443705E-012
    113   10   1.105784916443737E-012   1.040763626914210E-023   1.105784916443737E-012
    115   10   2.211569832887409E-012   4.163054507656575E-023   2.211569832887409E-012
    116   10   2.211569832887474E-012   4.163054507656838E-023   2.211569832887474E-012
  </DiscreteSampler_grid>
