  0.00005405546033402  0.00005412289283936  0.00005422887493777  0.00005433302652669
  0.00005442490893260  0.00005453749036243  0.00005465928897792  0.00005476905411456
  0.00005486315623416  0.00005494888628928  0.00005506677201657  0.00005518696076181
  0.00005527650977407  0.00005538170727378  0.00005552460121270  0.00005564717194178
  0.00005579490162508  0.00005601072443312  0.00005620150531437  0.00005636249206830
  0.00005653553956604  0.00005672616257147  0.00005691525404701  0.00005712913551989
  0.00005740720569115  0.00005769662323902  0.00005797488197940  0.00005823331422455
  0.00005844611148696  0.00005864057294644  0.00005883975627329  0.00005896457535262
  0.00005907966005486  0.00005919371872149  0.00005931223683933  0.00005948648899214
  0.00005970647233659  0.00005996425685390  0.00006022343484879  0.00006046017226970
  0.00006074583521878  0.00006110437475614  0.00006139479120793  0.00006173480591601
  0.00006206387291905  0.00006238018055063  0.00006271456149766  0.00006325568915573
  0.00006363914632793  0.00006397393134987  0.00006437551700068  0.00006492235689507
  0.00006557969042405  0.00006614358271083  0.00006656215147897  0.00006693607544895
  0.00006721112265892  0.00006749492852838  0.00006796842996779  0.00006850289400269
  0.00006910303465937  0.00006977036690839  0.00007047403331074  0.00007120109490626
  0.00007196434928640  0.00007270827746373  0.00007337091300215  0.00007403240190160
  0.00007504365589324  0.00007635300025548  0.00007770149551549  0.00007915567486432
  0.00008069934818842  0.00008209888973031  0.00008340330387252  0.00008496802590070
  0.00008701255084746  0.00008980539660191  0.00009292194663320  0.00009573091903057
  0.00009793473317458  0.00010058557543734  0.00010258495741971  0.00010491769886562
  0.00010810946215868  0.00011457589239310  0.00012477669422261  0.00012937851920443
  0.00013439528864176  0.00013976990413684  0.00014405728231120  0.00014839617548825
  0.00015629588223058  0.00017805032341728  0.00027072749413817  1.00000000000000000
  0.00172572419073057  0.01486333646017842  0.02399760511353112  0.03161626683344507
  0.03966275474107323  0.04769219783968608  0.05746849220185003  0.07211707039458906
  0.08598348289149187  0.09720412267832811  0.10577535550543267  0.11029764747874474
  0.11561480700457569  0.12198061055197093  0.12759863761635001  0.13771331786455601
  0.14931699735447015  0.15576170383429974  0.16244174187279858  0.17408891741044027
  0.18844368920350721  0.20357146011478747  0.21787873820983567  0.23036812861685774
  0.24259608460753010  0.25187001283469451  0.25972144773340911  0.26764032414974026
  0.27831287819983053  0.28982630753789962  0.29762371977042956  0.30883378253171156
  0.32139967135638092  0.33288939492161002  0.34648319303677666  0.36050325573830561
  0.37231099616720797  0.38151874500231614  0.39093676162954305  0.39866071266546216
  0.40409700964491818  0.41093218508682028  0.42200795881596809  0.43167848467353648
  0.43502971933469359  0.43878883771539534  0.44422182663436172  0.45362759577812140
  0.46165901468415071  0.46638429388054703  0.46975712153563054  0.47350630455899134
  0.47843765887265560  0.48629518776091207  0.49393477438045275  0.50160471581250721
  0.50971409976295479  0.51746398772405544  0.52384737556431937  0.52920002000006272
  0.53940434241948787  0.55218770968802400  0.56713903392926279  0.58145330015332963
  0.59528033783748735  0.60972199354438150  0.62437545774213721  0.64122928183334194
  0.65713652953683077  0.67503303995953123  0.69301113606790821  0.70838507297526854
  0.72163044623606865  0.73268415432340905  0.74531085384158458  0.75740254614993063
  0.77137563940897025  0.78765350497943565  0.80214488104107573  0.81041829829048606
  0.82013948779940626  0.82783623386664440  0.83409067790485936  0.84014753752911242
  0.84881936220269827  0.86527741883970855  0.88989676541599005  0.90126448419257132
  0.91251523404362800  0.92329737806658962  0.93431971850377205  0.94425469550004881
  0.95566591533805401  0.96688860160367907  0.97794254554853444  1.00000000000000000
  0.00016798544039569  0.00017903264142726  0.00018276835369093  0.00018591699942290
  0.00018963186791098  0.00019360754785845  0.00019677215129634  0.00019917569454073
  0.00020141535401625  0.00020370125832588  0.00020583237791417  0.00020795591038801
  0.00020928176681684  0.00021051724675519  0.00021176030820935  0.00021316594354023
  0.00021499603679533  0.00021645531389083  0.00021800033019821  0.00021990485243479
  0.00022135909667456  0.00022232283325420  0.00022341180135309  0.00022463372223822
  0.00022611452038842  0.00022837055476234  0.00023112375080240  0.00023379745453511
  0.00023579555072874  0.00023715708145905  0.00023878648708662  0.00024068697186747
  0.00024267857751746  0.00024493216884303  0.00024787913829574  0.00025126455318747
  0.00025424353891858  0.00025685713553935  0.00025914465922370  0.00026083626045331
  0.00026219187846539  0.00026352017884973  0.00026488946377795  0.00026643147292187
  0.00026835403304101  0.00027010588565928  0.00027170307444400  0.00027319924623550
  0.00027499658774095  0.00027703863154423  0.00027953129474718  0.00028246047104255
  0.00028516324199763  0.00028824293879137  0.00029108656317319  0.00029353822298739
  0.00029575718021618  0.00029825343285428  0.00030101835903266  0.00030346461013534
  0.00030579281564789  0.00030848821484356  0.00031106766019564  0.00031550778785734
  0.00032024960219668  0.00032523402990957  0.00033056456295953  0.00033640800524016
  0.00034432808135549  0.00035301204978116  0.00036032278820072  0.00036731788907254
  0.00037451457464555  0.00038184851843187  0.00039105311431378  0.00040209090247626
  0.00041458752757358  0.00042874118674058  0.00044450027684935  0.00045955235007951
  0.00047149414238903  0.00048708970197446  0.00050449491464261  0.00052063077278218
  0.00053785376678913  0.00056035490370295  0.00059738954141095  0.00065462130352465
  0.00072935776581593  0.00078876264159277  0.00085160347541835  0.00094182466662554
  0.00107959745405279  0.00144543132586079  0.00247860578992848  1.00000000000000000
  0.00126113798549032  0.02152817359826791  0.02786933055381287  0.03331239487191967
  0.03903508942595700  0.04540449978751588  0.05087936499171970  0.05594118287326659
  0.06076822850856951  0.07043205838460968  0.08246730808582985  0.09546067841203136
  0.10793861499922773  0.11731850024457963  0.12769356308881266  0.13822576797896455
  0.14715294374614929  0.15659374771036083  0.17070372856880150  0.18430314207192081
  0.19655134213922273  0.20471348989821508  0.21376551206044539  0.22378944140457813
  0.23565638961800672  0.24869473289147850  0.25976949501309238  0.27147960351185979
  0.28466829294811791  0.29965593503533600  0.31918285379149769  0.33723679840485477
  0.35495059333249990  0.37099414089543653  0.38281899156021509  0.39229011107075196
  0.39964362186082719  0.40511375822929357  0.41016486993817824  0.41675359846031967
  0.42647666972212667  0.43662053800905609  0.44628646162769003  0.45681214822618060
  0.46767774532320328  0.47576297728079858  0.48398481137180366  0.49204432638405798
  0.49892489266019246  0.50705522780555712  0.51850132354598222  0.52939455358443710
  0.53928506965471579  0.54749926135240667  0.55586120626120428  0.57082389743297313
  0.58397384071377656  0.59563241210601559  0.60918011446691855  0.62191496412411718
  0.63258768921775754  0.64293668431103135  0.65405417197221416  0.66400389142279992
  0.67466178786779873  0.68588695110914299  0.69920237399301255  0.71738213933985506
  0.73185201789140297  0.74253890910995302  0.74946449171943785  0.75626453395709325
  0.76553807773305860  0.77866200971709365  0.78724066687976924  0.79477278745122526
  0.80261418593909872  0.80942815739657370  0.81578164847047374  0.82510284644263898
  0.84290013630509808  0.87040356740488578  0.89338911531556797  0.90987347414020714
  0.91870793910160575  0.92723787952017300  0.93551538928487121  0.94325798443870146
  0.95091567765586138  0.96080728358818801  0.96739739012000481  0.97321720875892903
  0.98259630306544721  0.98869045736274908  0.99157163140336180  1.00000000000000000
  0.00040346149362213  0.00043595923065087  0.00045734244531701  0.00047470540157024
  0.00048786570125945  0.00049985844330125  0.00051211661744712  0.00052471233399924
  0.00053763955643080  0.00055147569568613  0.00056782533246928  0.00058677550704072
  0.00060350381831876  0.00062477124641324  0.00064302353339683  0.00065807564675875
  0.00066939303616561  0.00067745665416485  0.00068486873353926  0.00069282152475282
  0.00070148137500867  0.00071147516045701  0.00072030055511935  0.00072825350586866
  0.00073610119018681  0.00074129684987942  0.00074561350422449  0.00075148778797342
  0.00075519120165519  0.00075877966054843  0.00076454297849812  0.00077527212049179
  0.00078699600824208  0.00079810133979694  0.00081142244677955  0.00082421169497581
  0.00083600359819011  0.00084754497039964  0.00085912795022527  0.00086816058575668
  0.00087464225923897  0.00088220579499897  0.00088902043150419  0.00089524547430292
  0.00090340400552917  0.00091364394728321  0.00092617291849785  0.00094463953209765
  0.00097188109036785  0.00101059656018037  0.00103303089875519  0.00104540526834060
  0.00105386174188603  0.00106113353881239  0.00106750086101906  0.00107762619141638
  0.00108656370369917  0.00110027922738038  0.00111643522044612  0.00113276981537044
  0.00114745613545847  0.00116169979627030  0.00118039599475205  0.00119742560043864
  0.00122190086217302  0.00124649953412641  0.00127269020484055  0.00130136224384621
  0.00132761504615339  0.00135390940500597  0.00139376226440038  0.00144408907555440
  0.00150690819867005  0.00158538822268338  0.00167533614867863  0.00176826429455216
  0.00184193888676374  0.00192652968038990  0.00200728080673663  0.00208208451910949
  0.00215386470893654  0.00222528100406729  0.00230551007733417  0.00247403196394944
  0.00266772725132080  0.00288749078532824  0.00310162139419179  0.00334464175692153
  0.00368799450307568  0.00433598940601411  0.00542291005933234  0.00714331421366869
  0.00907155487316187  0.01066030234525612  0.01390843935086726  1.00000000000000000
  0.00838178113103089  0.02243767022767422  0.03817245078174811  0.05010050579827337
  0.06258560060681104  0.06999688739597933  0.07489795904409352  0.07986654480274850
  0.08947317805290621  0.09945083369587782  0.10938735680706684  0.12355598358632308
  0.13137673021431581  0.13830168134266771  0.14608984654873050  0.15462564783315932
  0.16360549917405914  0.17510615994170184  0.18700341144860541  0.19750867195290955
  0.20796010662323375  0.21885972651571181  0.23030384896166575  0.23985871416190077
  0.24893991114382152  0.26270491345187963  0.28110341769791020  0.30271101960176677
  0.31424815161275005  0.32594543661840553  0.33468480620623597  0.34149264086965048
  0.34978847890199166  0.36155701868637397  0.37418786300817242  0.38601447168271552
  0.39761148691313009  0.41270836744501399  0.43418499000361099  0.45782069752936827
  0.47260819132200288  0.48605555814890861  0.49816709174410911  0.50823321441056124
  0.51780595972712118  0.52685886757429656  0.53652935775159039  0.54834148827680762
  0.56232542388325624  0.57696525604142557  0.58831626456320896  0.59986837329017972
  0.61108672059405877  0.62174040170712497  0.63203052680770044  0.64193682726831158
  0.65197971234117336  0.66325623459289074  0.67644089815202812  0.69226737025032781
  0.71108701187005352  0.72619331340142046  0.73339505676311390  0.73806659954065457
  0.74098330554929126  0.74561686028354024  0.75254518106160495  0.75913831905307882
  0.76976482868235463  0.77671467525304017  0.78273433551461591  0.78876448199717730
  0.79548718860327716  0.80257172991155512  0.81030055677751289  0.81683117785644543
  0.82160696112303289  0.82570829644924626  0.82979926592887621  0.84061271754991496
  0.85339933152771041  0.86483476367259349  0.87183700251545593  0.87769716607855819
  0.88401156588849705  0.89127486699678249  0.90016277747253559  0.91301486150749311
  0.92798756674186045  0.94465915297301062  0.95692059840464039  0.96679334561649266
  0.97646962028519113  0.98707757741151014  0.99149494889812173  1.00000000000000000
 -0.00035426087808825  0.00254597105872950  0.00527690030393295  0.00975822008833930
  0.01762580507992927  0.02426066796370278  0.02910001728166696  0.03555901579100357
  0.03891550487179118  0.04349010772219100  0.04998878597072033  0.06081468759989317
  0.07240721629898661  0.08233811519529262  0.09086542345295029  0.10108035007331960
  0.11343322695507872  0.12127064007424385  0.12563943673167244  0.13169903417397016
  0.13964231261066665  0.14810851781507969  0.15653020630563025  0.16461196603406250
  0.17196059992665089  0.17836139721356215  0.18530945887638695  0.19003099703846560
  0.19418150307924628  0.19936851956321924  0.20457162055797784  0.21088890073354938
  0.21715205538859736  0.22291479883257592  0.22890941487793640  0.23531944503864244
  0.24371950086649680  0.25314405733326539  0.26121685456850197  0.26937891252753621
  0.27758061457168182  0.28436903796423996  0.29262455289644301  0.30027536888353817
  0.30946867754091995  0.31543447019377069  0.32486600355426404  0.33437544838810562
  0.34573810786701065  0.35573406894144444  0.36665842893245948  0.38035230611497128
  0.39525861178481808  0.41075241581685257  0.42588126088475436  0.43994287427460727
  0.45519576716312166  0.47567818935496115  0.49524519891132740  0.51264857059870650
  0.52872229417348249  0.54532303517010428  0.56187279319894601  0.57822117479927004
  0.59520396051914748  0.61545815496783918  0.63391568019625355  0.65227487510647419
  0.66798044198325623  0.68135663980293404  0.69627128554418150  0.70747220267553201
  0.71798741962427626  0.72816006201161587  0.73765391102339517  0.74916202366799345
  0.76096282412316940  0.77390260346758188  0.78848378502404137  0.80045232979440351
  0.81021092423944774  0.81933345644804401  0.82897454980645546  0.83746773956446896
  0.84214052616088197  0.84758759756211466  0.85298305147448683  0.85898168372645245
  0.86785913258307712  0.88203558294841133  0.89842079704372657  0.91818761463520637
  0.94055359365885149  0.96087251499969728  0.98059322107524682  1.00000000000000000
 -0.00370000141071072  0.01117719379646177  0.02072678878442722  0.02708793412323498
  0.03296880375063649  0.03978046890128622  0.04725542199904158  0.05534407919776177
  0.06423718341419747  0.06930800559437719  0.07560336353860300  0.08257414847779708
  0.08973480127696423  0.09677652544929945  0.10972254773256801  0.12476985362546544
  0.13785851783974365  0.14821404793380044  0.15830532791442029  0.17171246130457751
  0.18680018979911675  0.20425907943856439  0.21739242182290425  0.22784720915301152
  0.23762506486513407  0.25027260004995794  0.26734006018941664  0.28459344123552582
  0.29658429559955718  0.30671491224233660  0.31833639999082075  0.33184803794748852
  0.34780429820265196  0.36341188170979399  0.37496927578015204  0.38303787152711932
  0.39105621797258122  0.39760990787010669  0.40092981328608629  0.40361181888865827
  0.40729216729970780  0.41183240088592937  0.41762729705740353  0.42429024755880967
  0.43688395414616077  0.45262119179522398  0.47140386886805280  0.48995814428435525
  0.50644005168434758  0.52190325965288142  0.53797336395286766  0.55409035139776963
  0.56753045878738395  0.57797573652375034  0.58842758206175527  0.59620333714705220
  0.60559858138946332  0.61692710844511534  0.63151443627560910  0.64370704146526259
  0.65217505185672919  0.66049584569380559  0.66955674455886494  0.67963009596114432
  0.69094076934600579  0.70108612183870445  0.71285474162533158  0.72546146598910355
  0.73546938146762331  0.74476709080688752  0.75609396752722791  0.76828271686834282
  0.77857337671775761  0.78798377888918691  0.79829451088131176  0.80417541094806144
  0.81009251236623858  0.81628739277350604  0.82319942265180890  0.82864518409213994
  0.83297895555638579  0.83709176779402472  0.84111559795984858  0.84727114385539792
  0.85621398027474671  0.86556495306196268  0.87999473503263859  0.89203866012947630
  0.90294631381956159  0.91624666144614308  0.93057022544097645  0.94180764051306487
  0.94998997383697337  0.95990275336823849  0.97152427819373866  1.00000000000000000
 -0.00847181881418145  0.02406719628161572  0.05551281561782312  0.08189880791503208
  0.09991388575234685  0.11068049816789063  0.12193261243821074  0.13291471363313698
  0.14256126503118235  0.15161008734877615  0.16357285006101807  0.17393584698317652
  0.18455062961513202  0.19640360083755359  0.20790102782791731  0.21739634883320222
  0.22602810773451479  0.23608006481537699  0.24963326775948011  0.25953341642074090
  0.26938167315593570  0.28131979268499208  0.29164673919825895  0.30031783105357296
  0.31006760300013259  0.31788812178051978  0.32493784774965856  0.33200116408251801
  0.34000787732259835  0.34713826206813336  0.35308352256094822  0.36240967883384329
  0.37240570605360185  0.38275878734531765  0.39350221028744764  0.40713243085922302
  0.41710823745347209  0.42604259257966082  0.43311209360529396  0.44021196090106601
  0.44853958449219611  0.45240721547898066  0.45671018781369249  0.46126403495361634
  0.46634408177970338  0.47366344868271004  0.48783961730837871  0.51028157921113038
  0.53438278952509233  0.55224264598295580  0.55894332822540027  0.56574683696900419
  0.57233977629183419  0.57981659746160819  0.58773126543746312  0.59850260056219762
  0.61169425265261268  0.62537493878812556  0.63822585994862091  0.65059334068522101
  0.66177502049946513  0.66994419194015009  0.67507347127905026  0.68051201954215357
  0.68907274581826916  0.70344324743181441  0.72079148384891845  0.73740046571750395
  0.75174184772043584  0.76458032817507526  0.77796105846220054  0.78919492516407241
  0.79828918314950204  0.80536564943717681  0.81141591884878761  0.81779416245900360
  0.82638978746594249  0.83559222937606314  0.84205449125574483  0.84648203230044439
  0.85118834124651910  0.85688249374988079  0.86350967300505266  0.87252882100194640
  0.88711846235876368  0.89627786118922426  0.90573820100969393  0.91692777027380890
  0.93454536744012295  0.94620567880051876  0.95303085499881268  0.95954904391585005
  0.96595260707565123  0.97292736803391278  0.98313978577789118  1.00000000000000000
 -0.00174371083572645  0.00690302680943771  0.01515138526435323  0.02881067216494287
  0.04199476827974929  0.05180266621390672  0.05912646441779666  0.06908573958248289
  0.08111258431163461  0.09454915609763635  0.10604888621194533  0.11132861974834662
  0.11649838968278364  0.12259187627517855  0.13115687229237694  0.14006265715218877
  0.14802174435234863  0.15492939935672864  0.16181856316017684  0.16780952885767794
  0.17603246651828217  0.18048472550298611  0.18532722544950692  0.19148901590808970
  0.19740405925564047  0.20465106037140079  0.21557568036341326  0.22742861989816734
  0.23575566840555387  0.24338647735992422  0.25222171991866921  0.26574184271311568
  0.28926499831600233  0.31676086849412044  0.33686830690863895  0.35008035963087569
  0.35841456033331437  0.36560317941312226  0.37396619545382775  0.38415530746515003
  0.39572439383366720  0.40811169314656270  0.42301706216096474  0.43796993442421928
  0.45042863289945007  0.45972921788376725  0.47130735962899134  0.48586463611732689
  0.50036873440627549  0.51116451638864302  0.51880181117123292  0.52466176906401851
  0.53040564748638475  0.53611191874750508  0.54296972586049252  0.55128007092615339
  0.56202869003658629  0.57237767685567986  0.58250753086349849  0.59415000479502311
  0.60400134094398228  0.60766674763924167  0.61192827466966437  0.61520292198600157
  0.61953359691683085  0.62410269239751981  0.63031249110467635  0.64137630274165613
  0.65464111241974776  0.66309132659083392  0.67520580693382504  0.68948134174594633
  0.70357562225883752  0.71596035887717635  0.72724769986241733  0.74007193581950170
  0.75503526286332867  0.76997929938190579  0.78784103175248643  0.80801529727944554
  0.82609962641726364  0.83669566819107988  0.84681294135995266  0.85651525389453709
  0.86414629644604712  0.87067895305772158  0.87843281756680880  0.88539606531641801
  0.89247714448018256  0.89954040900946952  0.91242767063657348  0.92617204174116530
  0.94160019510628212  0.96311549203037339  0.98193663206966486  1.00000000000000000
 -0.00327184781616313  0.01035597128843877  0.02206433846326561  0.03026090076347464
  0.03675857092515746  0.04240757190669216  0.04835835494937673  0.05744975026339376
  0.06481179312077741  0.07282383272257806  0.08152812064642284  0.08864068132631100
  0.09517253523803752  0.10060655340991721  0.10513262340052160  0.10936769445517110
  0.11500227820481632  0.12949004752444285  0.14115751563989037  0.15046470961258043
  0.16003827436590240  0.16986022428328029  0.18272295047995729  0.19705244280298390
  0.21870316394973860  0.23654718970694188  0.25197997961890550  0.26637020759412061
  0.27772376695149004  0.28863559080404910  0.29880496012315572  0.31081500374644189
  0.32730938957425193  0.34267451557340095  0.36264036650464976  0.38414715903078028
  0.40540869766982968  0.42649528616760990  0.44434053053712036  0.45838257196324628
  0.46656931085462838  0.47398895517408152  0.47956730361771027  0.48423653326984306
  0.48781734450550657  0.49179182772012703  0.49715404589465662  0.50371571119880343
  0.50741183174345694  0.51133108044548947  0.51591660060833078  0.51950164407201493
  0.52470791361196645  0.52867992632167660  0.53575636379822178  0.54558895662813134
  0.55530622986235134  0.56492123924921600  0.57794089055407560  0.58937671768378652
  0.60472097986526807  0.61865968854467135  0.62960643696684726  0.64078063767504145
  0.64986554269797003  0.65785526390913429  0.66487626791960841  0.67266270982270893
  0.68134367404906748  0.69523886201861307  0.70773713336343624  0.71955782919244737
  0.73152063353771724  0.74486138218229503  0.75615195758718634  0.76627091048768314
  0.77110267737438165  0.77717283675216797  0.78514924891276627  0.79261269024210856
  0.80100478159557886  0.81452047309696729  0.82820119056770947  0.84126793854749460
  0.85413086072076350  0.86734406192710667  0.88216045603586601  0.90218193536281688
  0.92223129965489092  0.93822124072900226  0.95097538194574127  0.96751884045248382
  0.97638186085041989  0.98433929301137946  0.99209324634990903  1.00000000000000000
 -0.00293261851680475  0.01201843798655132  0.02658933026947582  0.04103047417137233
  0.05430688217633450  0.06467014828289643  0.07522760586557624  0.08894612945343007
  0.10264549012948873  0.10939789036096911  0.11561145321328309  0.12352868036447406
  0.13403740102302594  0.14747631684298862  0.15760571381686966  0.16511244212153683
  0.17406405715529227  0.18327797130597198  0.19308285996882174  0.20613881061038811
  0.22241761018066025  0.23997928428675133  0.25694794536224874  0.27038935010319881
  0.27659032030407082  0.28147313209091157  0.28729101845201721  0.29265563496202002
  0.29803785491846357  0.30787138746158205  0.31589537467929796  0.32092848273727820
  0.32687562038137380  0.33402088730778273  0.34136547974547327  0.35490950490463985
  0.37077886657198345  0.38672475318417526  0.40189193987139937  0.41654169938777280
  0.43003918456027790  0.44329601914642924  0.45488451832533427  0.46638282739647569
  0.47916896065440567  0.49173025029792466  0.50343028176819482  0.51359300860625656
  0.52356715828671840  0.53673633406761945  0.55937679948872865  0.58181556687563174
  0.59458633828561080  0.60460963500295728  0.61505539822265443  0.62568255703866305
  0.63712424609900309  0.64239293341011194  0.64665195623067806  0.65183127994250856
  0.65671502763003942  0.66271308142601160  0.66943532767788660  0.67698186681685446
  0.68831680722504252  0.70186103017605661  0.71010841662022939  0.71514481883922709
  0.72309333358736083  0.73350853053680953  0.74357973040659331  0.75190839935637166
  0.76180602668346564  0.77182392208525941  0.77751243135535308  0.78112594985716033
  0.78696804696232725  0.79565513893400708  0.80279506534428136  0.80996237182773179
  0.81819638249505544  0.82148832789593362  0.82457580054882718  0.82877623640004350
  0.83457355633332386  0.84122921600598111  0.84927893925297904  0.85775805160824781
  0.86847583853531507  0.88301306114151612  0.90027184929904025  0.91667016135168156
  0.93731717093655942  0.95624197709961034  0.97686605435535956  1.00000000000000000
 -0.00328560320071663  0.01456854931664001  0.02873651292484557  0.04684409493387827
  0.06557660892027101  0.08186794007863844  0.09912988975242508  0.11979351095072811
  0.13927963181008068  0.15443373916824463  0.16638879071041529  0.17618858261784193
  0.18993094213916636  0.20206483573199122  0.21088261736164304  0.22041672097145265
  0.23355396314715229  0.24227782601564654  0.24832655217730668  0.25425747166143353
  0.25999398708733407  0.26610145602985119  0.27361057739482048  0.28489624995738044
  0.30192714225457101  0.32835360587693063  0.34395205347322594  0.35453229781395651
  0.36264807602133931  0.37388135354274593  0.38514373337034341  0.39631784259191205
  0.40702948493319924  0.41664595293645623  0.42877176312578069  0.44461412675232159
  0.46038700114186942  0.47566964627504899  0.48889654227301871  0.49853096819298659
  0.50644575934113745  0.51550715503544042  0.52635533145784097  0.53121347628752424
  0.53686034915388470  0.54412071513582305  0.55386098187267230  0.56659575362677284
  0.57685103674320237  0.59021359606386359  0.60482061409681942  0.62142402894374071
  0.63929879704931958  0.65559785635105738  0.66922824661003100  0.67970135572278900
  0.69065527392872506  0.70267532473467997  0.71532007182385482  0.72777497869840613
  0.74063233477294854  0.75253838048583077  0.76227689098846174  0.77051730237105309
  0.77817521660355538  0.78631301860760283  0.79435570579170356  0.80157501736856385
  0.80743883056419385  0.81303196813432077  0.82048716138207078  0.82926226139083681
  0.83622354031169832  0.84051249850488363  0.84618872022681391  0.85246013586772829
  0.85725430160304750  0.86311081400014988  0.86997321247171466  0.87790844337398510
  0.88522046987025893  0.89189596434212359  0.89969559963395862  0.90440203741959679
  0.91125762762727447  0.92010371415992620  0.92845433432393254  0.93616968498221032
  0.94339191529066979  0.95011108872657168  0.95782513978328554  0.96666124281847976
  0.97447728158705837  0.98102957620164433  0.98924312139496084  1.00000000000000000
 -0.00413853497784254  0.01629824434290495  0.03316167213377823  0.04546122741814006
  0.05525212436038056  0.06366024963229400  0.07018346054941878  0.07697554917321223
  0.08517847950695663  0.09672952193123266  0.11237060691253212  0.13077550888342873
  0.14436348446643205  0.15245109978877883  0.16109219976832834  0.16807988096908394
  0.17603955997467047  0.18501219627656651  0.19483006976565578  0.20748147731289610
  0.22106225751200614  0.23011632277674862  0.24042741342130722  0.24872928534935973
  0.25779525359898342  0.26578825589631067  0.27401147493954747  0.28204920009623036
  0.29507436151711447  0.30657696201983531  0.31959644553467553  0.33742605653843050
  0.35220910560842733  0.36539620984731375  0.37542289375086135  0.38546551469827062
  0.39831309742457327  0.40808183226771610  0.41699624985894590  0.42654619781131892
  0.43927557749391954  0.45369622623229972  0.46001704425992124  0.46870010945899609
  0.47551531102405420  0.48285445545760630  0.49369885300402566  0.50849133923718615
  0.52890119153273785  0.55561435872032650  0.57201132075259831  0.57906441946913978
  0.58501737996391268  0.59061862614784066  0.59878550993762503  0.60844243186516977
  0.61609301830092900  0.62339733197659997  0.63839164563377004  0.65502689471999798
  0.67159176725476488  0.68571205395895574  0.69641675514965518  0.70655947980467604
  0.71795643219782757  0.72640416852085687  0.73647301370992058  0.74556785079798171
  0.75511110822925454  0.76641022074709686  0.77448190183850174  0.78339846902799348
  0.79114221887358205  0.79760237966272662  0.80340071285845216  0.80970578655691039
  0.81800720126361215  0.83074089851798782  0.84234342729544398  0.85111355232048980
  0.85611351577260075  0.86135145508318156  0.86957539964121888  0.87795785385251757
  0.88730032305162665  0.89765823301757264  0.91058870387445823  0.92520120630016345
  0.93454403959935939  0.94319526022015254  0.94960285101125630  0.95534143815435046
  0.96228190430961635  0.97341456351983768  0.98611384770909016  1.00000000000000000
 -0.00649134655630902  0.02666943815491045  0.04675889055088737  0.05616936274532633
  0.06489868930426876  0.07120655887286263  0.07756360461299060  0.08551692665110117
  0.09881487364579582  0.11585552484384992  0.13370813678875537  0.15486953355436620
  0.17622258221363085  0.19826867616308849  0.21928410977012214  0.23723944736354233
  0.25067741527901660  0.26136551129210073  0.27294921221451296  0.28518253549074546
  0.29402238548527271  0.30003369367123534  0.30462080025600824  0.30770735219105971
  0.30917762745580735  0.31091310708782233  0.31377907543587247  0.31682100381315964
  0.32663904543378497  0.33858393969352257  0.34745276420732296  0.35847631335057006
  0.37573962724534926  0.39037297395170095  0.40186033473517413  0.41167924297836317
  0.42098931925877836  0.42878447440650030  0.43697958934272169  0.44609802498399997
  0.46131157952158247  0.47468212027300527  0.48119049364760530  0.48862765978072592
  0.49637551956801129  0.50573689523019372  0.51230207550091733  0.51567706588886275
  0.51904674055922906  0.52321058457244340  0.52870604560771406  0.53622604377761529
  0.54315630734495945  0.54913778310529193  0.55478976599755803  0.56083338026827412
  0.56812649965745321  0.57661827556598788  0.58721379220179892  0.59763288366495682
  0.60845223230052881  0.62042961798086238  0.63339776621540411  0.64762467919995725
  0.66327689259617317  0.67623616652131202  0.68688157395186344  0.69821975386301993
  0.70909728862755916  0.71912663954169265  0.72893863921299529  0.73735171540415145
  0.75051891514265678  0.76659676061005666  0.77503561898219731  0.78232022472434781
  0.79051575170110200  0.80209638679752915  0.81542179044308505  0.82938800042316441
  0.84072782966530668  0.84690490311202071  0.85471913215598472  0.86451633885544676
  0.87571811055668447  0.88780384624839692  0.89869328628589773  0.90627329406532664
  0.91272083613140853  0.91877736632163265  0.92533965133480278  0.93291225873775707
  0.94396280525116338  0.95500749753210501  0.97159326660460088  1.00000000000000000
 -0.00266913487780195  0.01178002910344404  0.02202137195513310  0.03019988330343229
  0.03445920991695547  0.03869630611050107  0.04345458968016108  0.04865884676041007
  0.05387886849318537  0.06230704302268121  0.07158099644034524  0.07985771837417342
  0.08719388773855420  0.09433903541564588  0.10238436803374262  0.11147244062429819
  0.12054432774403277  0.12868995376300979  0.14183134874881195  0.15673318400007052
  0.17017759640905025  0.18129914329851093  0.19285030181942198  0.20667202703361937
  0.22357557229848288  0.23656575359030330  0.24676952364041194  0.25688695051554411
  0.26906126774546257  0.28115712013817651  0.29298648628001600  0.30124301206323612
  0.32125782974669043  0.33549320753451745  0.34727983100397997  0.35843087276520463
  0.36855577614256474  0.37396479596474763  0.37787579996295395  0.38206114823796256
  0.38746140441955573  0.39488011178772980  0.40393446068043642  0.41215131998530363
  0.42083184072632712  0.43462028283180659  0.44537494170177044  0.45546261322385956
  0.46650352529443651  0.47688340060591500  0.48783954400243706  0.50093957700677660
  0.51416991313929228  0.52568831200276600  0.53792490915817814  0.55184154234346050
  0.56553325085070738  0.57864497771341750  0.59303474988710192  0.60972090306568094
  0.62608377699585216  0.64412716271752546  0.65931233589373583  0.67234872467530893
  0.68392528004879827  0.69440902614332367  0.70250341405492778  0.71072761176432930
  0.71822398121722619  0.72577084946996262  0.73366723168356485  0.74224618456710867
  0.75146243769569221  0.76095359001589524  0.76921537909644233  0.77610547745954694
  0.78539018956960716  0.79606246085171695  0.80758231990834661  0.81867695366069493
  0.82750684233961846  0.83533374403130778  0.84321296155460890  0.85143732233827518
  0.86056739215904832  0.87184654958319918  0.88411635621978579  0.89713712254666755
  0.90763873499311298  0.91836767278139253  0.92791852157064270  0.93921558414455664
  0.95413248824668151  0.97056594206286473  0.98623440976569354  1.00000000000000000
 -0.00457436901053331  0.01463420795874648  0.02914186093177536  0.03993317737433665
  0.04822426581620254  0.05649916771174877  0.06524238786780807  0.07313558969639461
  0.08288022324946047  0.09235142145810013  0.10227054726874336  0.11243158821921033
  0.12010768865368095  0.12715922218625916  0.13523401900848470  0.14525077688606200
  0.15155666608656543  0.15981941804795194  0.16934647896287977  0.17888207984312954
  0.19084481560968591  0.20187973348127244  0.20971238935734399  0.21413434333868983
  0.21859322978309825  0.22349258373443773  0.23158095315701277  0.23904888585725459
  0.24340687808857064  0.24871425740275005  0.25538092425964209  0.25880762490135056
  0.26122898134854078  0.26366784348567307  0.26684607180372710  0.27092284473673178
  0.27552154103302323  0.27974590542204891  0.28665254316724137  0.29542218730761211
  0.31063074777239669  0.32256331632134932  0.33114559672930532  0.34167703167822661
  0.35375841666119595  0.36620037111735870  0.37856277494211854  0.39322916651446371
  0.40725546996157119  0.42123104500677150  0.43544202488890815  0.45118834753314274
  0.46586948520838639  0.47853025349534445  0.49116227166963733  0.50306884453834455
  0.51317336472352315  0.52114651074903129  0.52692084027278596  0.53485894830873548
  0.54510417260521482  0.55039579029577368  0.55575661276539112  0.56253058572269699
  0.57117904951067033  0.58295721373894360  0.59715221423458664  0.60843843029595468
  0.61693034422373771  0.62470781661599750  0.63047941852572542  0.63697467853981860
  0.64306933329811333  0.64827594533202726  0.65584963643458349  0.66422271341926686
  0.67298622961130483  0.68249033954083260  0.69200919576844278  0.70099082438029581
  0.71025271808229917  0.72179589882123962  0.73297082138768466  0.74606787477060721
  0.76063259455654697  0.77721407219604433  0.79857723807915104  0.82478182964316882
  0.84877625000696943  0.87061432020062490  0.89188610906285848  0.91222248836767250
  0.93342067699644737  0.95535667330693963  0.97771447747953155  1.00000000000000000
 -0.00552196151041136  0.02077121887357891  0.03950411860781394  0.06130326582705573
  0.08017387894910961  0.09522660354568524  0.10604812838200076  0.11422589298910675
  0.11833158170049414  0.12194171141794587  0.12548675219307848  0.12895138258513036
  0.13308997634453384  0.13877262624207842  0.14404878530137191  0.14991383142938666
  0.16175371650040485  0.17871018351702142  0.19273497720396787  0.20521190997818334
  0.21603547467763681  0.22500596349961141  0.23385777150916937  0.24272684290376195
  0.25317626189059350  0.26228493032202033  0.27137286263295796  0.28130051636365466
  0.28976918537441632  0.29648844885339715  0.30449607439188570  0.31350805142167221
  0.31977572923487024  0.32598442829164470  0.33389250703743245  0.34647245431429491
  0.36312823258496824  0.38092646811609343  0.39517368721481244  0.40552234400657916
  0.41679152680603077  0.42670569419188481  0.43887128069939985  0.45793901327924802
  0.48034097025625255  0.49692740454629380  0.51152875828081268  0.51896009090388440
  0.52554473446018757  0.53087402573088105  0.53642311737048198  0.54439312900527470
  0.55313763053913723  0.56110071797440209  0.56829918417798497  0.57436820182238402
  0.58027738939753348  0.58958173873240161  0.60255439931937749  0.61417575614367459
  0.62542120453562855  0.63653904353204327  0.64749442590956474  0.65909218496560451
  0.67192607791361880  0.68355436289781124  0.69274975393619054  0.69945756529113745
  0.70604518863880539  0.71284088459909623  0.72095059927874372  0.73040138756409334
  0.73898191014399628  0.74863472835442069  0.75909603563906369  0.76991039741201006
  0.78061364437353042  0.79156465961306699  0.80104231483534849  0.80952021930474494
  0.82261313653869195  0.83669246121568819  0.85073084323170689  0.85720693286298499
  0.86403278412391382  0.87022530979287016  0.87860462602157374  0.89378467741057166
  0.91431957737810332  0.92783722899045840  0.94314215118867661  0.95438974600191007
  0.96505421035631977  0.97377961681384406  0.98463621840888615  1.00000000000000000
 -0.02484625939010746  0.11593264765577610  0.15610255154167246  0.18748696426579692
  0.21281414925327810  0.23603077783109930  0.25798977660385936  0.27640012411563591
  0.28744789401558540  0.29546860884290527  0.30300510671811609  0.30671709759176552
  0.31025131941151535  0.31333229646667149  0.31598592696161215  0.32016975184931901
  0.32643390906289660  0.33346297252485135  0.34234983671708397  0.34828364811878953
  0.35460893509960328  0.36055135665431259  0.36604040048155534  0.37137579140670302
  0.37590435637135894  0.38129777052465474  0.38837590134913630  0.39346827457731781
  0.39760879218372158  0.40154289450942698  0.40431413973653130  0.40629846428335775
  0.40787357657995055  0.40938475518846629  0.41080093882255875  0.41255183130187539
  0.41503082163061239  0.41862949426480861  0.42280323803477088  0.42708972924175204
  0.43137638052942484  0.43582037650458860  0.44162003552357454  0.44896368658332353
  0.45566772507627396  0.46080145155305774  0.46542492121817486  0.47005130569100467
  0.47489447468387952  0.48009490915085434  0.48466230720767062  0.48905865414944377
  0.49429359884232399  0.49967499324404274  0.50384025450342906  0.50842547030068819
  0.51311141527948700  0.51684252388133989  0.52013479676061525  0.52470391583377163
  0.53072892446838404  0.53749389796322644  0.54171028556728840  0.54637848430667713
  0.55101098424674921  0.55660171360323563  0.56155035177660673  0.56605066240546642
  0.57038015741607784  0.57407626859876282  0.57782872845534461  0.58169776267989548
  0.58718218804355859  0.59429141849780742  0.59960608696730533  0.60406146471062494
  0.60969745750321847  0.61653867704168008  0.62501062102177474  0.63397228729647126
  0.64301447009696411  0.65194607810743965  0.65983690450398280  0.66771646233498727
  0.67557851126870905  0.68340696537331780  0.69211374844046447  0.70506965988816250
  0.71581389002657370  0.72651834562989592  0.73689373127767288  0.74798218343653800
  0.76569822331037352  0.79564894872676928  0.84626297548916052  1.00000000000000000
 -0.00060784861556263  0.00379151370096717  0.00807667496979549  0.01296610851729825
  0.02155153104945591  0.03410988754462380  0.04714901418626838  0.05918386682647361
  0.07329966195306360  0.09146577170377425  0.11354263895952005  0.13291708552781328
  0.14801867562271875  0.16679400446823167  0.18366818156055192  0.19516425717792932
  0.20500318904056902  0.21212697730217436  0.21801471191871441  0.22417781079967417
  0.22986766535771902  0.23590332136262152  0.24461533352051104  0.25508821918764107
  0.26380124355403667  0.27119159386812108  0.27995467067258134  0.28886546097954852
  0.29715322840178315  0.30538924811315549  0.31366620040875698  0.32332505029567682
  0.33424778467572025  0.34764236591642717  0.36380376087142446  0.37963534590669495
  0.39498334337880581  0.40960686374041827  0.42240565400193858  0.43355758041623915
  0.44535880336720124  0.45606433099136939  0.46668772036546641  0.47814722662268805
  0.48801638028868383  0.49496729771933234  0.50765084512583503  0.52093935760746302
  0.52653046140462745  0.53092074976451575  0.53479689787554796  0.53861423114743856
  0.54373749171518382  0.55082354213687201  0.55688515042032283  0.56266146744292223
  0.56886224526892804  0.57831921738513870  0.58933417031422308  0.59899059332555138
  0.60951657042416674  0.62091249492588318  0.63282337858228432  0.64486957526516198
  0.65894194116205662  0.67769917314135930  0.69810739166362279  0.71346678519987339
  0.72619255766853574  0.73870648415441686  0.74908463449627460  0.76020159164149337
  0.77185419155673352  0.78298920126266414  0.79604808131080940  0.80976007813341733
  0.82146828806319139  0.83039138874517970  0.83734226106818133  0.84460789639880518
  0.85315147410862313  0.86280990803470570  0.87634188930508872  0.89120932719368084
  0.90531643407437701  0.91805216100425746  0.93109262581530250  0.94330091839254315
  0.95285989550952843  0.96003567079580010  0.96624148667671994  0.97330078221688676
  0.98515407494723439  0.99225425857168781  0.99593470884379498  1.00000000000000000
  0.34439383625936870  0.54334261379917803  0.60220293594649010  0.65610192742131834
  0.71705902849762204  0.76360501294458305  0.78683961296821925  0.80163193749501582
  0.81432428399635770  0.82591951141091402  0.83499769505458488  0.84157917861332576
  0.85097298667770482  0.86009346610180948  0.86782241547842764  0.87352910740293788
  0.87861733361422345  0.88318719336504969  0.88832745244151567  0.89289596934683058
  0.89686458010929482  0.89931818571974054  0.90160472736365127  0.90380308715919544
  0.90627161381639243  0.90898468994754500  0.91104831747060122  0.91297579715439414
  0.91473434364346606  0.91643308692680669  0.91867696306176094  0.92140619737883800
  0.92393391441523121  0.92775341336295702  0.93169730957750407  0.93491678233206787
  0.93746085805823209  0.93949964343837322  0.94111684863369449  0.94251714716280177
  0.94384270321762054  0.94505557105423632  0.94601717541876396  0.94683834550582835
  0.94750988661366287  0.94819762602329882  0.94896160998679857  0.94984610757275245
  0.95088135817866815  0.95221769026771952  0.95355935223116051  0.95489042549990322
  0.95596015772198584  0.95671582777122832  0.95739053860525813  0.95813956035637426
  0.95912826244002669  0.96075276901443363  0.96250159872931984  0.96421489072188082
  0.96580387963898851  0.96733157246865054  0.96888757708256901  0.97020976638630663
  0.97125935267214802  0.97213915991438915  0.97310081493635070  0.97416958423009292
  0.97507908410951971  0.97581667556364460  0.97645981543934945  0.97707125963042862
  0.97761376584063409  0.97804044601670925  0.97853497284887070  0.97891146267986695
  0.97938143736950556  0.97996392273528987  0.98065312773247759  0.98223677646238794
  0.98397816900257662  0.98566592031037015  0.98726479934724187  0.98857218596727026
  0.98983420564400071  0.99104344053092985  0.99213909563009761  0.99300494643818216
  0.99367442720972510  0.99425910947053775  0.99481616827083219  0.99555819007432622
  0.99637973897331700  0.99723949690335156  0.99828928683924834  1.00000000000000000
 -0.02645133293981418  0.15011663622138155  0.22633358340064832  0.25869928277665738
  0.27994975121521182  0.29702965455703523  0.30938580705568580  0.32149559552708717
  0.33024387335388877  0.33505747071439534  0.34401934241661297  0.35406807348302716
  0.36679025742500870  0.38009302057487926  0.39161543260598908  0.40488257187269361
  0.41516555189339172  0.42430842336735553  0.43193086030268557  0.43878281036147876
  0.44495693695889049  0.45087199422771529  0.45658120356851667  0.46192173238303336
  0.46678051402726223  0.47127045652811661  0.47693718890291675  0.48636838965806006
  0.49741319729742506  0.50537619426778524  0.51052763725879291  0.51539173704517915
  0.52038238978626494  0.52548355560572391  0.53064559922343368  0.53582273906707545
  0.54025955515197543  0.54487471228974738  0.55001161358152550  0.55633586301546867
  0.56322834133236577  0.57094289642571172  0.57836913704147430  0.58454128410818562
  0.58897568994584104  0.59279664645613617  0.59640185996480499  0.60012513054787742
  0.60315435371381887  0.60563390488449720  0.60805938524550129  0.61177003511832562
  0.61576527439233020  0.61952173506942443  0.62312944503387002  0.62656769513018040
  0.63012349232593756  0.63416598370140753  0.63806039294001626  0.64246273687042144
  0.64813222092825462  0.65668493571448183  0.66626729535665830  0.67732672358913915
  0.68592612312593226  0.69321262013523488  0.69962275627961945  0.70422726653802703
  0.70796953628959758  0.71130703422856734  0.71427469579250447  0.71792236763698603
  0.72116742122894306  0.72470789158873128  0.72796063910770425  0.73158979632289500
  0.73592620235211037  0.74222618820014641  0.74918993508510567  0.75567807275580412
  0.76203078624892207  0.76635644232861433  0.76932364200299663  0.77304403917753950
  0.77895606485526514  0.78848236045233755  0.79807651713451744  0.80593674392580916
  0.81431209873875654  0.82749797048623708  0.84334762575645283  0.85861489499992782
  0.87189698821569495  0.88433294745604707  0.90819984019484301  1.00000000000000000
   2.8781091504911643E-018  -1.0000000000000000     
 F F F F F F F F F F F F F F F F F F F F F F F F F F F F F F F F F F F F F F F F F F F F F F F F F F F F F F F F F F F F F F F F F F F F F F F F F F F F F F F F F F F F F F F F F F F F F F F F F F F F F F F F F F F F F F F F F F F F F F F F F F F F F F F F F F F F F F F F F F F F F F F F F F F F F F F F F F F F F F F F F F F F F F F F F F F F F F F F F F F F F F F F F F F F F F F F F F F F F F F F F F F F F F F F F F F F F F F F F F F F F F F F F F F F F F F F F F F F F F F F F F F F F F F F F F F F F F F F F F F F F F F F F F F F F F F F F F F F F F F F F F F F F F F F F F F F F F F F F F F F F F F F F F F F F F F F F F F F F F F F F F F F F F F F F F F F F F F F F F F F F F F F F F F F F F F F F F F F F F F F F F F F F F F F F F F F F F F F F F F F F F F F F F F F F F F F F F F F F F F F F F F F F F F F F F F F F F F F F F F F F F F F F F F F F F F F F F F F F F F F F F F F F F F F F F F F F F F F F F F F F F F F F F F F F F F F F F F F F F F F F F F F F F F F F F F F F F F F F F F F F F F F F F F F F F F F F F F F F F F F F F F F F F F F F F F F F F F F F F F F F F F F F F F F F F F F F F F F F F F F F F F F F F F F F F F F F F F F F F F F F F F F F F F F F F F F F F F F F F F F F F F F F F F F F F F F F F F F F F F F F F F F F F F F F F F F F F F F F F F F F F F F F F F F F F F F F F F F F F F F F F F F F F F F F F F F F F F F F F F F F F F F F F F F F F F F F F F F F F F F F F F F F F F F F F F F F F F F F F F F F F F F F F F F F F F F F F F F F F F F F F F F F F F F F F F F F F F F F F F F F F F F F F F F F F F F F F F F F F F F F F F F F F F F F F F F F F F F F F F F F F F F F F F F F F F F F F F F F F F F F F F F F F F F F F F F F F F F F F F F F F F F F F F F F F F F F F F F F F F F F F F F F F F F F F F F F F F F F F F F F F F F F F F F F F F F F F F F F F F F F F F F F F F F F F F F F F F F F F F F F F F F F F F F F F F F F F F F F F F F F F F F F F F F F F F F F F F F F F F F F F F F F F F F F F F F F F F F F F F F F F F F F F F F F F F F F F F F F F F F F F F F F F F F F F F F F F F F F F F F F F F F F F F F F F F F F F F F F F F F F F F F F F F F F F F F F F F F F F F F F F F F F F F F F F F F F F F F F F F F F F F F F F F F F F F F F F F F F F F F F F F F F F F F F F F F F F F F F F F F F F F F F F F F F F F F F F F F F F F F F F F F F F F F F F F F F F F F F F F F F F F F F F F F F F F F F F F F F F F F F F F F F F F F F F F F F F F F F F F F F F F F F F F F F F F F F F F F F F F F F F F F F F F F F F F F F F F F F F F F F F F F F F F F F F F F F F F F F F F F F F F F F F F F F F F F F F F F F F F F F F F F F F F F F F F F F F F F F F F F F F F F F F F F F F F F F F F F F F F F F F F F F F F F F F F F F F F F F F F F F F F F F F F F F F F F F F F F F F F F F F F F F F F F F F F F F F F F F F F F F F F F F F F F F F F F F F F F F F F F F F F F F F F F F F F F F F F F F F F F F F F F F F F F F F F F F F F F F F F F F F F F F F F F F F F F F F F F F F F F F F F F F F F F F F F F F F F F F F F F F F F F F F F F F F F F F F F F F F F F F F F F F F F F F F F F F F F F F F F F F F F F F F F F F F F F F F F F F F F F F F F F F F F F F F F F F F F F F F F F F F F F F F F F F F F F F F F F F F F F F F F F F F F F F F F F F F F F F F F F F F F F F F F F F F F F F F F F F F F F F F F F F F F F F F F F F F F F F F F F F F F F F F F F F F F F F F F F F F F F F F F F F F F F F F F F F F F F F F F F F F F F F F F F F F F F F F F F F F F F F F F F F F F F F F F F F F F F F F F F F F F F F F F F F F F F F F F F F F F F F F F F F F F F F F F F F F F F F F F F F F F F F F F F F F F F F F F F F F F F F F F F F F F F F F F F F F F F F F F F F F F F F F F F F F F F F F F F F F F F F F F F F F F F F F F F F F F F F F F F F F F F F F F F F F F F F F F F F F F F F F F F F F F F F F F F F F F F F F F F F F F F F F F F F F F F F F F F F F F F F F F F F F F F F F F F F F F F F F F F F F F F F F F F F F F F F F F F F F F F F F F F F F F F F F F F F F F F F F F F F F F F F F F F F F F F F F F F F F F F F F F F F F F F F F F F F F F F F F F F F F F F F F F F F F F F F F F F F F F F F F F F F F F F F F F F F F F F F F F F F F F F F F F F
  <DiscreteSampler_grid>
  grouped_processes
  1 # 1 for a reference and 2 for a running grid.
  10 # Attribute 'min_bin_probing_points' of the grid.
  1 # Attribute 'grid_mode' of the grid. 1=='default',2=='initialization'
  0.0000000000000000 # Attribute 'small_contrib_threshold' of the grid.
  0.5000000000000000 # Attribute 'damping_power' of the grid.
 # binID   n_entries weight   weight_sqr   abs_weight
    61   10   1.011008223823170E-020   4.404296490122865E-040   1.011008223823170E-020
    62   10   1.011008223823186E-020   4.404296490122905E-040   1.011008223823186E-020
    64   10   2.022016447646339E-020   1.761718596049146E-039   2.022016447646339E-020
    65   10   2.022016447646373E-020   1.761718596049162E-039   2.022016447646373E-020
    67   10   8.270513811666889E-017   6.186985871239238E-032   8.270513811666889E-017
    68   10   8.270513811666921E-017   6.186985871239290E-032   8.270513811666921E-017
    70   10   1.654102762333378E-016   2.474794348495695E-031   1.654102762333378E-016
    71   10   1.654102762333384E-016   2.474794348495716E-031   1.654102762333384E-016
    106   10   1.011008223823171E-020   4.404296490122881E-040   1.011008223823171E-020
    107   10   1.011008223823183E-020   4.404296490122881E-040   1.011008223823183E-020
    109   10   2.022016447646343E-020   1.761718596049152E-039   2.022016447646343E-020
    110   10   2.022016447646366E-020   1.761718596049152E-039   2.022016447646366E-020
    112   10   8.270513811666871E-017   6.186985871239211E-032   8.270513811666871E-017
    113   10   8.270513811666903E-017   6.186985871239262E-032   8.270513811666903E-017
    115   10   1.654102762333374E-016   2.474794348495685E-031   1.654102762333374E-016
    116   10   1.654102762333381E-016   2.474794348495705E-031   1.654102762333381E-016
  </DiscreteSampler_grid>
