  0.00276883295289261  0.01327923219710249  0.02410688354212024  0.03560732870701151
  0.04760040767428472  0.06017653104093389  0.07279330363251420  0.08514741987722237
  0.09758742016929622  0.11062982875540781  0.12410365336948234  0.13670383733464894
  0.14727411298808141  0.15646445342401574  0.16594709175492253  0.17550889512648707
  0.18336116871525943  0.18988054752431313  0.19594325153367689  0.20370518407940813
  0.21361666009572197  0.22411438801265987  0.23426613560372783  0.24440554164951761
  0.25491173308500648  0.26542438359274900  0.27536684778691106  0.28595869410076247
  0.29777437811408669  0.30935272203366432  0.32057040228491723  0.33145694252985797
  0.34226840393372232  0.35257456187121838  0.36278610145652113  0.37162298719276954
  0.38011275691155050  0.38961713973104517  0.40053760002695776  0.41238831722576402
  0.42450307008013605  0.43459335118029974  0.44380824598297169  0.45326540357054301
  0.46164014091613731  0.46963747977718284  0.47842693934273967  0.48693940675648595
  0.49671776490415648  0.50697277733805668  0.51544063346175428  0.52309099218053190
  0.53072744618772283  0.53897327511670756  0.54885561958177220  0.56019629380402547
  0.57285362512025662  0.58477258238225815  0.59470481388892993  0.60101969165605507
  0.60965667523984612  0.61823871783905737  0.62675326699561040  0.63538156934015266
  0.64592153708304478  0.65697655131068466  0.66773296245155878  0.67928711876371284
  0.69005550574909724  0.70148872683664232  0.71324411439858926  0.72323891095654225
  0.73496316452175869  0.74521902184102196  0.75487654923032688  0.76393918916015258
  0.77568320185164386  0.78901580298902108  0.80104898387657408  0.81185810421875648
  0.82176712538741858  0.83315748392109712  0.84704712126982029  0.86193073210254423
  0.87671221319203152  0.88928192793027927  0.90088764964817247  0.91295095613590505
  0.92385669654698710  0.93534647595796805  0.94786695352314454  0.95977469429249140
  0.97055910805391243  0.98138318491378029  0.99105936708307851  1.00000000000000000
  0.00963906481380853  0.01518340176769011  0.02370135211926042  0.03429280146217435
  0.04721077408008022  0.06221432284514632  0.07597014320393881  0.08629144996732606
  0.09481322591595749  0.10370439307274751  0.11296105566972604  0.12440610716715313
  0.13871273858573446  0.15343572650016304  0.16733336151942002  0.18062519740556468
  0.19240212842923818  0.20508921612563105  0.21704133259699798  0.22880627384844693
  0.24190121822508248  0.25588061926248196  0.26858114553070922  0.27905669918219062
  0.28810885860184626  0.29790658583003532  0.30912132892861582  0.31939985816553501
  0.32821821331786927  0.33763877374307916  0.34662126897642054  0.35465041650151019
  0.36254444187543627  0.37105664851784576  0.37915810809649464  0.38815543571182265
  0.40033871504968482  0.41253749787439525  0.42349867526653939  0.43280178193769070
  0.44059421211074029  0.44754462222900182  0.45407931242882843  0.46309206515607410
  0.47443304903755756  0.48577977460657024  0.49591491692571704  0.50542464074065330
  0.51313503783065928  0.52048219838955401  0.52785137162472950  0.53481757355412241
  0.54415941934131529  0.55550364255462592  0.56631741524762202  0.57636702902690085
  0.58559983573516439  0.59555797856051262  0.60799165309290348  0.62174344727279507
  0.63457099173636111  0.64715804268864696  0.65842094634902959  0.66860849515813903
  0.67843209824793382  0.68961459679918347  0.70140992732254381  0.71332366394695734
  0.72375102125040369  0.73434917741073569  0.74448758711857133  0.75415496351015643
  0.76459837637308348  0.77579521291862918  0.78715222067876922  0.79906481999190127
  0.81142742466002882  0.82338133065137897  0.83451828205316647  0.84734437102337057
  0.85688184012718960  0.86661957413446966  0.87811164942557318  0.88952028121301274
  0.89931869701876388  0.90779640027881747  0.91635069745332687  0.92669452975962341
  0.93563234784723415  0.94419982795320656  0.95317259886828409  0.96234573451501104
  0.97065071655962953  0.97856755667270512  0.99090279244659341  1.00000000000000000
  0.00018494724016642  0.00019452974972788  0.00020087235012304  0.00020662311195354
  0.00021137898422736  0.00021422968969806  0.00021720708890558  0.00022224306614696
  0.00022855686546193  0.00023414710069517  0.00023930477208910  0.00024387971094810
  0.00024826785043866  0.00025285991351524  0.00025689795350644  0.00026094176645490
  0.00026450252232961  0.00026801782251493  0.00027162740595069  0.00027531374152828
  0.00027885762472781  0.00028226012052609  0.00028556606936486  0.00028858457292513
  0.00029222562905253  0.00029617312534231  0.00029989302929390  0.00030339345801121
  0.00030679239580431  0.00031070237033713  0.00031483169562256  0.00031905291976744
  0.00032360764156731  0.00032788583671632  0.00033199150159917  0.00033566972608030
  0.00033932310757251  0.00034310682294252  0.00034743638207574  0.00035300932041649
  0.00035919967725494  0.00036558996330579  0.00037213071209106  0.00037873154655036
  0.00038531540420618  0.00039193288976799  0.00039855568260477  0.00040493477957882
  0.00041025482743847  0.00041552423854660  0.00042135948235935  0.00042759235162042
  0.00043391180536050  0.00043983867386179  0.00044578087601735  0.00045166949596522
  0.00045774168425913  0.00046602540089195  0.00047548455774692  0.00048451219499593
  0.00049403463632934  0.00050535304617007  0.00052073589409570  0.00053754129086667
  0.00055536677985892  0.00057074764748564  0.00058432734690866  0.00059689324654444
  0.00061060232013893  0.00062780911788469  0.00064626915611592  0.00066389593186983
  0.00068405068260366  0.00070088197892726  0.00071403757834901  0.00072647255786609
  0.00074067079879477  0.00075632414132616  0.00077300747024343  0.00079840503147147
  0.00083532294921753  0.00087601267477152  0.00092087311265101  0.00095808926165983
  0.00099503188962086  0.00103068229953101  0.00110458081007610  0.00119576505958612
  0.00132758317830132  0.00152993838477909  0.00177705198504409  0.00211161305891011
  0.00285277294421753  0.00408809656946731  0.63028543845572171  1.00000000000000000
  0.00351335924146901  0.01253560143066547  0.02139612654643023  0.02977589183556376
  0.03886847674980148  0.05041981486172638  0.06346317629589190  0.07537260353456746
  0.08591392584671387  0.09567250982042601  0.10711213604975899  0.12093519062913552
  0.13429031720198659  0.14613169433971859  0.15854065125075173  0.17173330916218862
  0.18637651038829556  0.19526755003595075  0.20448263602797159  0.21410922825354842
  0.22455445642847910  0.23726874525691782  0.24927968893225641  0.26052574953499180
  0.27077760079189594  0.28078101437873770  0.29273719278071375  0.30675961453306994
  0.32038070701685589  0.33183710942014732  0.34133018250895308  0.35032712116490788
  0.36001789336143974  0.37103247197520955  0.38153127083747551  0.39274803337962627
  0.40495756314912029  0.41743141777540316  0.42995732317135005  0.44171290754345321
  0.45355955060701802  0.46593088997729953  0.47860376881192235  0.49071012588529195
  0.50203864885624594  0.51262601871346081  0.52226839625880228  0.53167002061852542
  0.54239835400881631  0.55507478741038963  0.56781212560116656  0.57919941578986944
  0.58912392274493086  0.59848605132706933  0.60787754951990092  0.61692291797077836
  0.62560214885687548  0.63557536984745788  0.64585986322291333  0.65755622959907678
  0.66935315929434269  0.68158698439151366  0.69369268822480468  0.70574172444207761
  0.71834960278100679  0.73044920917237943  0.74183263834843538  0.75208208943593291
  0.76052994925475681  0.76816568907710148  0.77629480541740015  0.78445516339884913
  0.79210819702552082  0.80050478309327600  0.80955822314980441  0.81642799133545119
  0.82281671432538928  0.83074763068536128  0.83945797428858437  0.84874792844134339
  0.85921501794065647  0.87023829089118443  0.88077920286122247  0.89234174686374601
  0.90618454338531262  0.92069243815464274  0.93327011610992139  0.94435209739945780
  0.95524409964470247  0.96542256953093786  0.97244779452066443  0.97589496324519698
  0.98015953230452080  0.98567140161004396  0.99220203869938173  1.00000000000000000
  0.00000004096126817  0.00001192622798087  0.00001550172148934  0.00001980159974151
  0.00002409512561068  0.00002761858372062  0.00003093778111813  0.00003409848892883
  0.00003729259061726  0.00004082641390312  0.00004459769957004  0.00004838553940702
  0.00005211818090325  0.00005546988574443  0.00005878300901364  0.00006215885240890
  0.00006546156460133  0.00006838492301648  0.00007088557551698  0.00007396572545974
  0.00007756947971369  0.00008084141289355  0.00008318951254448  0.00008534937623330
  0.00008808003708385  0.00009106053516190  0.00009468092282003  0.00009872538025541
  0.00010410297787632  0.00010947515705551  0.00011402812855056  0.00011799376856194
  0.00012152629530024  0.00012486540755195  0.00012825224539095  0.00013169860844201
  0.00013530404037862  0.00014003653117864  0.00014738764608004  0.00015385034114577
  0.00015972607092739  0.00016566707913609  0.00017204481850669  0.00017854055417915
  0.00018479477890355  0.00019077593487721  0.00019668227920699  0.00020251322276945
  0.00020813473527988  0.00021366168933787  0.00022031693837986  0.00022892849702564
  0.00023470719871302  0.00024274056594658  0.00025305470709363  0.00026344722012440
  0.00027256738349288  0.00028063662920079  0.00028845057968755  0.00029606584448319
  0.00030549562640530  0.00031723542568230  0.00032973187735905  0.00034226883006844
  0.00035566020608511  0.00037052880078576  0.00038722825440419  0.00040600374518653
  0.00042581102911542  0.00044620362298209  0.00046927401564873  0.00049469666555545
  0.00052058194044036  0.00054678829746017  0.00057307851715667  0.00060169802219874
  0.00063614210604686  0.00068116234020682  0.00072963052914469  0.00077539579823999
  0.00082198610751896  0.00088458627332744  0.00095956157194929  0.00105895493755458
  0.00120012838100894  0.00138899023928659  0.00162496515573953  0.00191541098647194
  0.00231220659538672  0.00272276298204857  0.00326644948672961  0.00411043682867505
  0.00507363239270478  0.05824869994696533  0.67238995342112595  1.00000000000000000
  0.00000202246234583  0.00001216069219172  0.00002219273888187  0.00003054880239553
  0.00003875905596375  0.00004687920636174  0.00005769938974470  0.00006750524235225
  0.00007786401803744  0.00008714771587499  0.00009573450450133  0.00010405345012497
  0.00011433871466090  0.00012404396918825  0.00013498799201538  0.00015066951120539
  0.00016665631297152  0.00018124848812925  0.00019422846446231  0.00020576567157355
  0.00021827878934207  0.00023235493892382  0.00024890370610156  0.00026758466258773
  0.00028562891279948  0.00030179747016900  0.00031557734102420  0.00032765609788510
  0.00034244735012838  0.00035825807221993  0.00037621178599711  0.00039397689997786
  0.00041147702629633  0.00042753708078745  0.00044253718447345  0.00045768876031327
  0.00047501317719877  0.00049303670833036  0.00051264152992001  0.00053123415309123
  0.00054822102989350  0.00056443752025753  0.00058060455844114  0.00059763338215996
  0.00061599413144238  0.00063532383534394  0.00065555538466825  0.00067560360123764
  0.00069601351518005  0.00071828137047730  0.00074372198958143  0.00077235161323721
  0.00080524960885978  0.00084469281210204  0.00088656953507360  0.00092449189148891
  0.00095751044285775  0.00098756094035819  0.00101435069648131  0.00104742185638175
  0.00107654222952776  0.00111014060556233  0.00114454793926164  0.00117833019930363
  0.00121795552115717  0.00125739406963715  0.00129399557973431  0.00132539891758599
  0.00136816850813502  0.00141558863473759  0.00146519838617326  0.00151778905668381
  0.00157056711088221  0.00161119987546408  0.00165114264989279  0.00170170354332959
  0.00181097549460740  0.00191508847365155  0.00202913059328388  0.00217280195677402
  0.00234168323464672  0.00247456058524312  0.00259654218713903  0.00274536339675221
  0.00294843697589412  0.00319954629588943  0.00360121059985620  0.00418928478996740
  0.00487110819494814  0.00569428483104335  0.00647608701249346  0.00753583901776326
  0.01640460428274548  0.15875050725953310  0.62529765622293820  1.00000000000000000
  0.00000043101482536  0.00000137796184996  0.00000204823981099  0.00000262287608577
  0.00000317712282960  0.00000374852189013  0.00000432093525989  0.00000499951824254
  0.00000577760303894  0.00000655900164155  0.00000731868429766  0.00000813739752543
  0.00000898397328599  0.00000992107085306  0.00001100550207776  0.00001219498303929
  0.00001358668244712  0.00001526909880390  0.00001707103246212  0.00001876577912139
  0.00002020839934124  0.00002163164547437  0.00002310750762045  0.00002463540530419
  0.00002637877133992  0.00002829506095851  0.00003008204018737  0.00003207949765710
  0.00003422557045971  0.00003645004236809  0.00003886652635163  0.00004148806563378
  0.00004487339943524  0.00004864466015627  0.00005218810301572  0.00005610003502053
  0.00005995077193720  0.00006373738175044  0.00006927410237623  0.00007548971809704
  0.00008194427515085  0.00008859056078552  0.00009444287573494  0.00010016195869026
  0.00010590312589589  0.00011249813540347  0.00011974493652548  0.00012800512184173
  0.00013695808683206  0.00014627583071217  0.00015628139735965  0.00016747176054428
  0.00018100212259853  0.00019640293011501  0.00021548362429288  0.00023548373692042
  0.00025558315468611  0.00027599890697755  0.00029782908357670  0.00032017793539730
  0.00034193647535627  0.00036937114182409  0.00039909316951068  0.00043005030885839
  0.00046563167432285  0.00050722195417197  0.00054865233644967  0.00058096963247410
  0.00061949956075447  0.00065768123929827  0.00070371355897447  0.00078332924659846
  0.00088229366091487  0.00098554154705586  0.00109692469194008  0.00123897715536508
  0.00141531181593004  0.00161015541852358  0.00184110077500708  0.00218130776640292
  0.00262722882771233  0.00302574936586815  0.00327492643402448  0.00352410350218080
  0.00377328057033713  0.00402245763849345  0.00427163470664978  0.02253826340334619
  0.04889302363753917  0.07524778387173214  0.10160254410592509  0.12795730434011804
  0.15431206457431101  0.18066682480850396  0.20646859972256743  1.00000000000000000
 -0.00303036773030843  0.01370349957994182  0.03298252320197920  0.05356844849521963
  0.07258280552901292  0.08701517346069385  0.09910300648475695  0.11138340345854028
  0.12328753656339736  0.13522984997490783  0.15068632859969736  0.16486292496198945
  0.17615162955016392  0.18751985716772487  0.19946990153455882  0.21087109307316948
  0.22065810210287598  0.22998424603439874  0.23917785724249754  0.25056132464495706
  0.26205624375264897  0.27317045748473351  0.28407865553116157  0.29382218556809353
  0.30191562323461979  0.30947963114240912  0.31663574034130759  0.32439985444290048
  0.33343454718515070  0.34343466251306359  0.35094629113408021  0.35896039053085915
  0.36603485877364172  0.37283496297275615  0.38127774674589537  0.39069644695079175
  0.39874262010089284  0.40484426226435111  0.41084849575295418  0.41791901973992496
  0.42548140902508136  0.43336285427859866  0.44356787870908937  0.45316371923033605
  0.46115079903611905  0.46744252585958834  0.47597514317699052  0.48326945033710095
  0.49002552880169342  0.49638355400902395  0.50308728456333729  0.51081238554958364
  0.51982973255389253  0.52959387547035908  0.53946438989700884  0.54854031327031061
  0.55793948233445689  0.56726071374481057  0.57660125772005855  0.58569727624741441
  0.59482289905215513  0.60472701590897049  0.61409322970577085  0.62295245263057841
  0.63164635093884192  0.64052470103711145  0.65097453427413887  0.66230901286862698
  0.67214140010532386  0.68229332110593055  0.69293123482661112  0.70220951311157132
  0.71271627150560990  0.72190268956711390  0.73045509969959277  0.73903314788365193
  0.74852145920979185  0.75992184909554172  0.77206131522723331  0.78043121421992367
  0.79013834785731041  0.80081139222036946  0.81104964773672572  0.82090208178902990
  0.83372081830268951  0.85110018426942058  0.86945173640900209  0.88572398381975925
  0.89776341189387132  0.90740833122939268  0.91591913886445053  0.92601837866941472
  0.94133020828647196  0.96282181145929868  0.98188846056515144  1.00000000000000000
 -0.00300108582217665  0.00942299552956877  0.02229162401374364  0.03454166779624508
  0.04626599095374829  0.05674702341872266  0.06660740105665650  0.07648259796593852
  0.08552662730135743  0.09596979494780827  0.10680732991753362  0.11858652282048916
  0.12799344679420371  0.13758554452540422  0.14723469019178412  0.15600691877271258
  0.16592800304865360  0.17624098411018768  0.18649797263910498  0.19650907096469403
  0.20674873018918399  0.21790775651046274  0.22974607181415166  0.24188984773964406
  0.25378229704244387  0.26450912077645056  0.27376936138975427  0.28249964589580023
  0.29147432989407218  0.30043028053289167  0.30774666452036847  0.31604537516812642
  0.32613804972538407  0.33941481838209636  0.35290832428482422  0.36583899746803067
  0.38027989337171925  0.39472458245661590  0.40859460328624408  0.42180804811845779
  0.43382615189580426  0.44450911976151042  0.45528027961942735  0.46650482780201041
  0.47708801241986715  0.48574468541136989  0.49389870019486454  0.50469849086223451
  0.51612139055990125  0.52956412253542773  0.54365913122622667  0.55812066402816540
  0.57047934684205337  0.58262426284400037  0.59402762608601944  0.60438277715470090
  0.61485272671530256  0.62496773755537571  0.63408065759439081  0.64383181614567742
  0.65215268448846142  0.65874944093383903  0.66463340318204966  0.67071156365887397
  0.67955621030497504  0.68910476233112927  0.69706324092335747  0.70336371095590910
  0.71071439884503074  0.71763005475682917  0.72611356716834441  0.73719898550190632
  0.74964630707141000  0.76121840700692922  0.77046397521059373  0.77880963374255230
  0.78713766110193462  0.79484965281961550  0.80452459209718064  0.81578373526418702
  0.82440719727487088  0.83155183177907444  0.83898514743835817  0.84777121340523232
  0.85659630694613953  0.86379614139865735  0.87447626405720813  0.88484461438102424
  0.89491984798578172  0.90818498879962417  0.92391120397434368  0.93961220242321286
  0.95368126109939477  0.96681399255588640  0.98119927369437676  1.00000000000000000
 -0.00336101425680062  0.01237038926555062  0.02381036908166260  0.03469770516768382
  0.04473792979617575  0.05450037786607720  0.06354965343263043  0.07486420983843328
  0.08785480192121634  0.10311370730515010  0.12038697402068460  0.13874154340147138
  0.15577910021690089  0.16760178462600220  0.17573106976677627  0.18276195545699753
  0.19065300094071658  0.19948637437457278  0.20834882252866807  0.21752231172968026
  0.22651247735480445  0.23685740834419763  0.24554145512889913  0.25273150686727186
  0.25931712650917638  0.26700719431839115  0.27771724268092624  0.29108854807341961
  0.30552335622130072  0.32020557636320524  0.33372639059984366  0.34521832800699570
  0.35489803587883401  0.36396369300889164  0.37364599928548342  0.38248099102271216
  0.39015278268848830  0.39906573066786905  0.41062465859760983  0.42327755237700215
  0.43551283424197285  0.44711236156001910  0.45837560076543138  0.46868616580740230
  0.47785421050240340  0.48602736445258365  0.49376663324597675  0.50155227000647573
  0.51076031227951046  0.52059367702805270  0.53299263326190793  0.54474284104902271
  0.55561638347774789  0.56679330700643504  0.57764851506530324  0.58710658619943379
  0.59489797615934970  0.60159019511318945  0.60728149749829829  0.61224170738115247
  0.62106306427116209  0.63046689114135823  0.63713396802259992  0.64475217083025671
  0.65471844877545249  0.66645045800317249  0.67878760678954098  0.69166405010747645
  0.70461158574746252  0.71800111510864451  0.73126091255017711  0.74425546507270668
  0.75761797553864796  0.76931079360605603  0.78024633863893467  0.79033283508621177
  0.80188192080276310  0.81437846786950119  0.82828888917256827  0.84236472145018926
  0.85625380135879414  0.86864641743864146  0.88081535191914639  0.89037127134913852
  0.89988646088181445  0.90900139657247303  0.91861909571780831  0.92964188823779803
  0.94051246523318066  0.95093605862531461  0.96050931369093329  0.96898060340425440
  0.97774280872935726  0.98592071971204154  0.99259307493296889  1.00000000000000000
 -0.00342218871010135  0.01158602724574572  0.02380470353447324  0.03501471257335870
  0.04503842238345909  0.05378653071701051  0.06104379256368757  0.06796766624467986
  0.07540900463020572  0.08449818443435610  0.09314971173043692  0.10022584731723094
  0.10716146339143739  0.11530595019883592  0.12499956458355928  0.13649555366682520
  0.14630144733750783  0.15661484762464759  0.16707769369912415  0.17670238966957011
  0.18824089317152609  0.20096944902443811  0.21375799876962928  0.22637289617145567
  0.23854788703092353  0.24949814893807665  0.25984551361779223  0.26991660559288988
  0.27973528225386146  0.28898186377746521  0.29873865454771398  0.30966304437306630
  0.32068428303932561  0.33249428567906342  0.34375332326628738  0.35247543716701296
  0.35864498233330089  0.36669404560538382  0.37885575871184002  0.39150111693421014
  0.40281475101637665  0.41378518902233058  0.42609390117803531  0.43887237091621700
  0.45155187789506873  0.46460615233264013  0.47720265231117820  0.48715403348526665
  0.49542283904061096  0.50379842649697848  0.51141207203082895  0.51932857590268233
  0.52851603245021050  0.53760412459212525  0.54705363329983814  0.55710915928581362
  0.56873027753721184  0.58567858111286186  0.60709369468341357  0.62486165864566434
  0.63955430309927808  0.65112742147837588  0.66200740565684946  0.67216103414277451
  0.68515646728999302  0.69959550928095937  0.71454828499919831  0.72944108700660382
  0.74370671956756706  0.75623862496050376  0.76861045320436017  0.77892781236790276
  0.78840760106024921  0.79725855767286513  0.80628130762709649  0.81400407494665561
  0.81912133822879274  0.82459816978399503  0.83046125488442035  0.83879559615995758
  0.84785811272238509  0.85679656274984328  0.86595905961933406  0.87626338137707549
  0.88481335103616865  0.89310389421203384  0.90232051348997866  0.91418883568627662
  0.92147722955033262  0.92827308344036552  0.93479952540469169  0.94481753231552335
  0.95885086457714341  0.97372137038492690  0.98745193572667722  1.00000000000000000
 -0.00203633609320092  0.00481942061772645  0.01434387932370109  0.02432967806321633
  0.03306009257817594  0.04059138657231223  0.04807884033843525  0.05442968821822398
  0.05916123744228463  0.06389183238532599  0.06829821506534899  0.07249824930073503
  0.07728663621228624  0.08279322664171265  0.08865158943257714  0.09480153546075891
  0.10152195101469719  0.10668078500023970  0.11001637985284596  0.11445239243374400
  0.12071038083965814  0.12742911323630984  0.13454876546250966  0.14246526551097338
  0.15093344499204156  0.16070148277328630  0.16992483881131443  0.17939580202920496
  0.18900241801228046  0.19895147069005070  0.20879590348527755  0.21779382927676760
  0.22622241640397339  0.23370538359973864  0.24044524410496576  0.24706253396057623
  0.25324092508242496  0.26067002882004731  0.26830178338866206  0.27478490422474444
  0.28153969666515699  0.28904481971430129  0.29716090281218327  0.30521712519518940
  0.31261374842318490  0.31929883967081030  0.32567096360121695  0.33324763697603688
  0.34266883339900028  0.35272940804690955  0.36327765615820695  0.37481446850739275
  0.38737864202990951  0.39885691488346836  0.40731666574798869  0.41414661343896264
  0.42068047939718611  0.42780372628090224  0.43667495985049731  0.44568429793238296
  0.45445951558779923  0.46408723392035439  0.47561990014045508  0.48859493191491266
  0.50169877170194821  0.51415555474514874  0.52483605181421966  0.53438760904820326
  0.54406301599015039  0.55515934746318285  0.56817351363852908  0.58157788072344296
  0.59523689902607613  0.60882297271994767  0.62314350515275696  0.63609380205715804
  0.64708245887130122  0.65857066316026158  0.67059071233082990  0.68303087703379961
  0.69794594641673557  0.71654243710696408  0.73774671181296325  0.75794904456387890
  0.77480206758853476  0.78862634631991269  0.80693786059425598  0.82028058727360309
  0.83256307069438784  0.84793680057144039  0.86284508981285457  0.88093565975684618
  0.90429431244960723  0.93092757632586509  0.96262685774211709  1.00000000000000000
 -0.00176347936944247  0.00824025897896248  0.01850519356649220  0.02919969812482547
  0.04014610502957768  0.04992187492838107  0.05931957727327925  0.06866999514721563
  0.07821554651110824  0.08731648541526310  0.09431342412408433  0.10040754859160290
  0.10790951112894420  0.11680611421679327  0.12646268650568018  0.13549514410394320
  0.14373101318133447  0.15149123812491805  0.15750361975603291  0.16495623073142149
  0.17262661392857392  0.18051744606003500  0.19263802809623221  0.20730418490251096
  0.22146469271727398  0.23673375526262486  0.25003005498349429  0.25972798087343540
  0.26976200689423463  0.28061124099254292  0.29259368278416720  0.30430568995616841
  0.31294623918882875  0.32110751673204524  0.32825599692035734  0.33634026228896435
  0.34604456827874042  0.35678329323739166  0.36722531774274703  0.37916871133074731
  0.39351230208365945  0.40672822312935575  0.41627206566805691  0.42529194840988072
  0.43526565416287805  0.44672854769411879  0.45781786010999131  0.46589732620978092
  0.47435684208125972  0.48350084583865632  0.49505435053368418  0.50993053780101527
  0.52677256297221597  0.54422642372798824  0.56074598184860469  0.57525444528466319
  0.58752530553858040  0.59810815115388871  0.60803005331107296  0.61811855281947958
  0.62853283331013765  0.63959067987466511  0.65220207764892779  0.66450850071258094
  0.67629657800192333  0.68728836711674846  0.69821598631770443  0.70972824451852823
  0.72269086223833034  0.73677384117333289  0.75062563054927967  0.76288762240495078
  0.77407890287020509  0.78475029865681434  0.79455058380852561  0.80139079803645674
  0.80780798178393021  0.81403852577396041  0.81931455651885043  0.82698980020714397
  0.83528645015119285  0.84239737174448315  0.85177254764040600  0.86528930275701688
  0.88087309876076048  0.89684710402574652  0.91152060621664077  0.92268930907510682
  0.93353106347899195  0.94432062952277795  0.95527566105875783  0.96546341105792099
  0.97439969091755285  0.98358288286204376  0.99212802848010540  1.00000000000000000
 -0.00537910120567658  0.01909859955574056  0.03284025029633510  0.04737736561788635
  0.05781179650784823  0.06805932944624421  0.07701998540389542  0.08550349918957223
  0.09422734850420782  0.10259969531573247  0.11151112357687064  0.12133992393229885
  0.13259512634146961  0.14732915077705613  0.16205178739164358  0.17455063264029338
  0.18642643674671652  0.19947081956145463  0.21295953591022859  0.22559565295016049
  0.23458502489031591  0.24124909441794229  0.24831070619239293  0.25762087224519192
  0.26888735783198786  0.27944676482066377  0.28961697091626271  0.29935916187392003
  0.30917437111592472  0.31940878407862727  0.32921863247514199  0.33857711460723627
  0.34662965669725693  0.35269791427063713  0.35901648447991519  0.36608754393053194
  0.37450160881177447  0.38371707484690465  0.39420579344466483  0.40484735383377973
  0.41402762460929471  0.42168004782424695  0.42896970178483251  0.43641044722337557
  0.44381799478429013  0.45040049111565522  0.45774804274890402  0.46532488923899695
  0.47225028547185249  0.48021020917519835  0.48806979718758386  0.49584353535786724
  0.50458902690540419  0.51351526443259310  0.52308290705279370  0.52967864011504140
  0.53586651052182299  0.54188281548656014  0.54782694813540134  0.55623127103378034
  0.56524339735645202  0.57360685041893977  0.58200076306067072  0.59088701068776284
  0.59909765248007274  0.60586743810161625  0.61476079591698651  0.62514382415555469
  0.63669207159331020  0.64765028255355994  0.65792635960188861  0.67102481247259427
  0.68214584431589032  0.69151631707457761  0.69990801758674026  0.70759145140727764
  0.71753665922162824  0.72932750550643888  0.73900964548195791  0.74761303286237824
  0.75612691858319137  0.76467399484411613  0.78076193351217837  0.79441020495610115
  0.80629555323212965  0.81732017511643806  0.82881131388757656  0.84218277308979228
  0.85770308785499527  0.87145940184016113  0.88509276067857456  0.89701825580661154
  0.91141617640284844  0.93375729571681665  0.96401659270873219  1.00000000000000000
 -0.00464720223391635  0.01464447866807776  0.02755955888145840  0.03897710837583075
  0.04788944905708369  0.05595970623968883  0.06153786480257473  0.06670037202077303
  0.07273300112164657  0.08056967519089729  0.09169299803520758  0.10382066434701995
  0.11552264219428990  0.12647769993488298  0.13630513947023648  0.14461468927180282
  0.15221925665983871  0.16076062116491679  0.17081251421395671  0.18109471043192282
  0.19057917834964641  0.19963892775131417  0.21143681581077961  0.22249305149180584
  0.23245908591234757  0.24266376460920869  0.25267133581810364  0.26214806664845403
  0.27201533551594986  0.28344218607913441  0.29423955455164830  0.30339367056439132
  0.31278607430129862  0.32264813678400406  0.33644670775457070  0.35068621917391035
  0.36441226196680143  0.37903595250646482  0.39179217080743417  0.40249040870427399
  0.41266436997037875  0.42297837432380725  0.43429806132490623  0.44662863696383082
  0.45898511439681422  0.47071722574074559  0.48169295477061735  0.49297157939276459
  0.50544128910572828  0.51778957021349648  0.52976103203601954  0.54139690842249177
  0.55246835479245926  0.56269283651786683  0.57228775422595146  0.58239346998011299
  0.59135807890451308  0.59994928888970434  0.60904847871957224  0.61967473621964797
  0.63057821787831814  0.63975483257156218  0.64741488711139439  0.65530569538266858
  0.66376002566754688  0.67308135870252006  0.68266985011693715  0.69161134458920004
  0.70041646854966144  0.70881225356783717  0.71665918494004743  0.72499982097366511
  0.73468168201526551  0.74596683610105829  0.75845472489908750  0.76919901309142447
  0.77832554570101486  0.78723379893341305  0.79483818946226514  0.80156411030642027
  0.80977709685833477  0.81748976545627061  0.82625901076028518  0.83750454315916834
  0.84976482821678834  0.86263566983732776  0.87518440816424292  0.88662283209505011
  0.89786218507395965  0.90956867928537810  0.92290238815045245  0.93847541719811522
  0.95710968369625682  0.97200420565594381  0.98648303465434595  1.00000000000000000
 -0.00302054862566591  0.00999514390265850  0.02246883465454456  0.03402863580539749
  0.04583612848403682  0.05779666508578468  0.06851222487158405  0.07870057316634771
  0.08989873506380776  0.10115953241451840  0.11102011248321403  0.12146095931298008
  0.13387800775059466  0.14419240284002491  0.15436524937893853  0.16544618456043719
  0.17539075480745639  0.18464392524473805  0.19477197826786138  0.20533095483732675
  0.21489535466463303  0.22788392629746543  0.24054748208233379  0.25307691084389622
  0.26622640086218702  0.27745605496116982  0.28934190621284761  0.30415347496877199
  0.31460344522863687  0.32261519808620409  0.33065316361834168  0.33946680591234757
  0.35102825154088413  0.36449227527505002  0.37900119232169543  0.39277954122687159
  0.40491874646643083  0.41531946516461316  0.42507379172470422  0.43457441868385815
  0.44524310721793814  0.45754089264447467  0.47029748893704237  0.48194987774273162
  0.49294999303717446  0.50200619654712775  0.51185043659468199  0.52240043848400253
  0.53488859499416364  0.54781588520527436  0.55644331074754161  0.56410215615491988
  0.57294171142755634  0.58321155887140108  0.59390607461708511  0.60440528712671215
  0.61456515507499943  0.62358508445374383  0.63147103428089002  0.63933614387833915
  0.64759704368532389  0.65651618547422530  0.66577767166110668  0.67408326796565576
  0.68200565774148769  0.69307380207757585  0.70639745182674407  0.72139561624667814
  0.73799786572830772  0.75196464919413875  0.76472489907234953  0.77337531007177340
  0.77934886820469851  0.78649028166980361  0.79636181692068642  0.80781240521001951
  0.81892270769138875  0.82919522550996771  0.83820221148010521  0.84661970192733627
  0.85571307780094952  0.86609311740878181  0.87711811241887627  0.88878391736147155
  0.90058090233608723  0.91116469773843678  0.91791383179118780  0.92482324195294785
  0.93139195387546947  0.93810286105820906  0.94627811348930435  0.95522404486365597
  0.96553950666688593  0.97576177851526424  0.98822771084358263  1.00000000000000000
 -0.00044388490634523  0.00528714520602228  0.00834614724257427  0.01027394868848558
  0.01175074651435278  0.01326100084676074  0.01480219310178606  0.01611959916746410
  0.01718908813879906  0.01842036682617216  0.01983851479555021  0.02130006288901008
  0.02259035673143821  0.02345685383643783  0.02437354217992332  0.02548985384843409
  0.02685670472233495  0.02813397296855531  0.02912119239865587  0.03003826708876953
  0.03073799270120994  0.03143852337044251  0.03218814978127174  0.03305472710948576
  0.03422783946546369  0.03531210187180528  0.03619265833290396  0.03703860038495103
  0.03783457831119873  0.03843566910361771  0.03902650734514092  0.03990937088305749
  0.04101328836614618  0.04230244165881679  0.04357319842736321  0.04483035030179006
  0.04597791571330940  0.04724787300803897  0.04861929026704062  0.04992703041470839
  0.05115562116059645  0.05243433642852601  0.05380364816002227  0.05519496914490041
  0.05638058002275931  0.05724912829669262  0.05786761558199806  0.05860902281544703
  0.05957963210884949  0.06038329058758278  0.06120716807650207  0.06189811910459055
  0.06297841673073998  0.06458953293588406  0.06597192633201590  0.06743744583156350
  0.06872745784687841  0.06986846840450793  0.07088436845546295  0.07185595777795424
  0.07303214276935585  0.07452280779940641  0.07638529992924922  0.07857222298043319
  0.08125430652383453  0.08494855101127981  0.08888194157750551  0.09209587985617930
  0.09425294906196452  0.09585920109854734  0.09765459731634142  0.09957616764261791
  0.10187863173865909  0.10503937188277958  0.10934815995634523  0.11432951710104902
  0.11688318352797568  0.12054299711086428  0.12710178323031454  0.13603681467579101
  0.14562193026786313  0.15539713551181311  0.16735836771212775  0.17968089676762014
  0.18659984185719822  0.19217111179480451  0.19589559847217142  0.20056699511874684
  0.20514400275466368  0.21222048799246776  0.22412482786635443  0.24918448479702079
  0.27573037349886531  0.31846289545817807  0.41546752663710035  1.00000000000000000
 -0.00225271706087545  0.00859935662379377  0.01950161219439017  0.02760712750169799
  0.03456573839343136  0.04178727049833592  0.04917484218783229  0.05675839389928476
  0.06617545080429281  0.07589843906227324  0.08711835629631742  0.09878820019201427
  0.11073011045609661  0.12243999478008602  0.13320889136567560  0.14311652039449796
  0.15259382112761391  0.16185855227592724  0.17067291446150046  0.17789380606471000
  0.18425200962819616  0.19160628340602176  0.19851676005273977  0.20506044913144231
  0.21256633607107514  0.21919363206860815  0.22615318847791863  0.23456442994936888
  0.24415946165180213  0.25413040871939968  0.26378037142455241  0.27310108966929009
  0.28158767618837816  0.29047732587432329  0.30119170487468166  0.31120584192994194
  0.32118876087812898  0.33219305490854895  0.34411988845732411  0.35767817569918009
  0.36980544350065953  0.38329779725136814  0.39991289770721716  0.41977449708481890
  0.44261344011808890  0.46739037213224544  0.49115495526081726  0.51081416514158251
  0.52789352102695031  0.54475752688235268  0.55904317526767322  0.57374577584278763
  0.58894775178262071  0.60427712865605654  0.61899271474114648  0.63068058243070746
  0.63938938124126488  0.64528434859228612  0.65091383903337696  0.65776015097094576
  0.66678419879502537  0.67691730270650841  0.68665933720673711  0.69600053480535629
  0.70494536811704600  0.71432904395569619  0.72471479061450916  0.73637273356435518
  0.74602933915208813  0.75375953621918146  0.76049832425425568  0.76618511742776396
  0.77490271878240724  0.78544430137667276  0.79531566825398481  0.80515656407909597
  0.81528013745465400  0.82594309790028353  0.83787203197582705  0.85041231722006250
  0.85953037473833527  0.86743172500539278  0.87487397456809157  0.88157780168225464
  0.88851693447458346  0.89707682776853725  0.90816280952802120  0.92124950704442332
  0.93239266751172611  0.94164226133816464  0.94996327528370217  0.95821502188532282
  0.96694728232350435  0.97699284998225977  0.98782701816537377  1.00000000000000000
  0.00021583774521726  0.00034329435529643  0.00048138927769550  0.00061840930962172
  0.00074556915258965  0.00085608164698862  0.00096083449583357  0.00105639130663394
  0.00114492495547258  0.00123577017966012  0.00133311904153373  0.00143104433212251
  0.00152210235290010  0.00160323904810651  0.00167899114291873  0.00175371014340189
  0.00182708427078862  0.00190222252540184  0.00197884972848817  0.00206086986680493
  0.00215211213476920  0.00225380803623781  0.00235698305348481  0.00246054663790220
  0.00256510728258449  0.00268192055983722  0.00278230949785221  0.00287660418458491
  0.00297101626347606  0.00307445207165489  0.00318616903447026  0.00330201610369125
  0.00341919004837853  0.00353962048110416  0.00366756236156969  0.00378631341052647
  0.00389529658552893  0.00398240576254753  0.00406442960551525  0.00415271228636732
  0.00426783846211258  0.00440203518702911  0.00453837960908222  0.00467832161995173
  0.00483307429452942  0.00501932762412857  0.00521602800038276  0.00540993759056943
  0.00561608022039665  0.00577840690968927  0.00591888628360880  0.00606228396126857
  0.00623131798171006  0.00641304860406682  0.00659427739861242  0.00678433061646273
  0.00700420424569394  0.00722768420866845  0.00740403828356269  0.00760199403492918
  0.00783091248390797  0.00804002778516969  0.00816637479770557  0.00836489091568024
  0.00868515435467348  0.00899567296638257  0.00922839313922622  0.00942503890376120
  0.00974405329343724  0.01024345416934561  0.01083828496518721  0.01147810689009996
  0.01200586636659502  0.01249882511797434  0.01296373286047086  0.01331934013013080
  0.01380764124641391  0.01441342172226799  0.01501839568523077  0.01555253604012421
  0.01603259764800879  0.01672875602376945  0.01772512219132052  0.01878680099460826
  0.01988678015962324  0.02105726414513007  0.02263667052217749  0.02442557509738958
  0.02577398841676742  0.02743657160192007  0.03013631825073493  0.03415610974914476
  0.03878906946154075  0.04621404543952788  0.25209032410433291  1.00000000000000000
 -0.00289131007711692  0.01035391434549575  0.01857608618490810  0.02647105862356099
  0.03434579003644234  0.04321085048572713  0.05243261765586919  0.06338559614665670
  0.07557803530296252  0.08731751353372832  0.09665238015825035  0.10737215524721111
  0.11621258426573640  0.12452802105855558  0.13182487944269042  0.14072254603592366
  0.15087718952492551  0.16186464440758833  0.17186594083959333  0.18184902035507033
  0.18957610528730801  0.19979781766788376  0.21382437686086966  0.22479235228827443
  0.23575474873721977  0.24672929870934618  0.25854171689726874  0.26989034593205141
  0.28086249131672658  0.29228475730327880  0.30243992429784922  0.31006453893005897
  0.31731876016647620  0.32463499174003846  0.33318723089443708  0.34302927894737151
  0.35474792740222727  0.36519580068548907  0.37329734113187046  0.38119894687687000
  0.39002525831975843  0.40021413483200224  0.40979922104904698  0.41776580982778400
  0.42580545139998710  0.43425795558177044  0.44275350183246842  0.45139262331667102
  0.45937658178143664  0.46812354304632847  0.47780129200441968  0.48766065217207766
  0.49836115259870511  0.51119471008716966  0.52366110455187620  0.53559512487049299
  0.54948065837990023  0.56164992144385240  0.57404133179703642  0.58757046838509919
  0.60098813113475547  0.61353672425720240  0.62553974551781211  0.63667488194219501
  0.64767458044646342  0.65861144701678087  0.67374133019479610  0.68928437845501955
  0.70364709535428149  0.71515626759126383  0.72395561358229066  0.73228935061993128
  0.74010025046387939  0.74952440945192278  0.75819158453127566  0.76827365918816504
  0.77851234411133152  0.78843839978287367  0.79696216974880318  0.80525680793248511
  0.81411873764584419  0.82363970671438447  0.83396966406304263  0.84368175614512042
  0.85308259482872462  0.86433412939586252  0.87569590276404596  0.88858170837970185
  0.90352243664708953  0.91948779530738156  0.93546292443769352  0.95059849921856432
  0.96437277217910766  0.97614266637896530  0.98775583563111080  1.00000000000000000
  0.60996304694671288  0.86380798301751338  0.89265468970775863  0.90485111038280341
  0.91474833516568665  0.92436883710964302  0.93269568633327093  0.93986514254969711
  0.94577351053426228  0.94985500244486265  0.95307982643204103  0.95601512968962776
  0.95853853707843295  0.96057479246014932  0.96237469816505361  0.96413893578643439
  0.96546278710583533  0.96666964582460890  0.96790731064015878  0.96908377254822442
  0.97017661408236144  0.97127695709756234  0.97230711874998688  0.97315070120046199
  0.97387909571111753  0.97458171703830743  0.97527629540923855  0.97598815331803968
  0.97669366460383622  0.97743878418926911  0.97821321044922283  0.97895423806272253
  0.97957171023113798  0.98014064076760654  0.98070881753149208  0.98127268378782817
  0.98188483119108549  0.98253447159652396  0.98313867664717691  0.98369340733810484
  0.98419315255124384  0.98467366397533518  0.98515202229126830  0.98557900581317426
  0.98600173254650170  0.98639077456841517  0.98679314228698867  0.98722783543994175
  0.98766759160063833  0.98799032500520612  0.98824055563383650  0.98842062408096920
  0.98858769118794254  0.98877064675375559  0.98900633686481643  0.98923503540943314
  0.98941625723359894  0.98966830790304938  0.98994595284357678  0.99024077999577698
  0.99051297038510933  0.99077801996797410  0.99103230650227125  0.99129918830065056
  0.99155106672783500  0.99174094949430014  0.99194063319029147  0.99214110191658555
  0.99234765477041287  0.99257183356304668  0.99276644837338124  0.99294198477749629
  0.99310530352571746  0.99326352818980979  0.99343478676540675  0.99360295174945068
  0.99378577048803762  0.99398882331687100  0.99421663695517126  0.99446199174302430
  0.99470698026546089  0.99493643721752612  0.99514907586106283  0.99535799614095022
  0.99559134910178881  0.99584369604120793  0.99610533430433146  0.99633804723772690
  0.99657323051442792  0.99680513950132821  0.99706071226472048  0.99737188490465223
  0.99778305069142437  0.99825983529610229  0.99894241565342867  1.00000000000000000
 -0.03498315984806540  0.14389726454015828  0.17938037221649930  0.20818051906360169
  0.23171893623855136  0.24655293493205840  0.25920497523350933  0.27318332837967213
  0.28780112079373382  0.30163940018505786  0.31416350997580095  0.32329910180378446
  0.33063129075991937  0.33704056882490502  0.34450193648649036  0.35267566061270544
  0.35983139081470950  0.36576249929995425  0.37248089277714830  0.37816124825543002
  0.38215373433311167  0.38628300977852142  0.39057020434442707  0.39651886188788704
  0.40191520285190468  0.40736371661320186  0.41197263178732918  0.41596767107618909
  0.42104103793126474  0.42711140441161627  0.43314464469487035  0.43833831399755285
  0.44265511526264634  0.44645478424687685  0.45010726380266702  0.45535286472732761
  0.46218200816971672  0.46927893018133021  0.47598245267934586  0.48217663857643972
  0.48794151244276035  0.49368688110476655  0.49955328568643298  0.50520521710358901
  0.51063993763210314  0.51412665129576773  0.51868089372113602  0.52289236268273320
  0.52764187181675348  0.53264079238072581  0.53730815843597945  0.54137941705951576
  0.54605964911763794  0.55149575302642573  0.55734995553385902  0.56278890448316021
  0.56778261741573466  0.57322005977838741  0.57871298919635750  0.58442262329093408
  0.59026910010772338  0.59581536964495307  0.60138052014020149  0.60748118514726490
  0.61404969743046567  0.62051307435977154  0.62641624021392028  0.63205129254386982
  0.63753064800132797  0.64387575649791906  0.65090117618260390  0.65835443650011127
  0.66519844890444546  0.67093578140884880  0.67607175948105835  0.68107572645030323
  0.68517180370837749  0.68893548232237856  0.69352278276045065  0.69957917248707757
  0.70749573331039450  0.71500794197284090  0.71995119321169609  0.72509753525890164
  0.73085488692025058  0.73888378742736072  0.74854952383957396  0.75908207570310615
  0.76964340530958697  0.77921021687861514  0.78978196938830381  0.80211664786435100
  0.81977363582782314  0.84510126662843443  0.88620791566278390  1.00000000000000000
   1.7533892923527403E-014  -1.0000000000000000     
 F F F F F F F F F F F F F F F F F F F F F F F F F F F F F F F F F F F F F F F F F F F F F F F F F F F F F F F F F F F F F F F F F F F F F F F F F F F F F F F F F F F F F F F F F F F F F F F F F F F F F F F F F F F F F F F F F F F F F F F F F F F F F F F F F F F F F F F F F F F F F F F F F F F F F F F F F F F F F F F F F F F F F F F F F F F F F F F F F F F F F F F F F F F F F F F F F F F F F F F F F F F F F F F F F F F F F F F F F F F F F F F F F F F F F F F F F F F F F F F F F F F F F F F F F F F F F F F F F F F F F F F F F F F F F F F F F F F F F F F F F F F F F F F F F F F F F F F F F F F F F F F F F F F F F F F F F F F F F F F F F F F F F F F F F F F F F F F F F F F F F F F F F F F F F F F F F F F F F F F F F F F F F F F F F F F F F F F F F F F F F F F F F F F F F F F F F F F F F F F F F F F F F F F F F F F F F F F F F F F F F F F F F F F F F F F F F F F F F F F F F F F F F F F F F F F F F F F F F F F F F F F F F F F F F F F F F F F F F F F F F F F F F F F F F F F F F F F F F F F F F F F F F F F F F F F F F F F F F F F F F F F F F F F F F F F F F F F F F F F F F F F F F F F F F F F F F F F F F F F F F F F F F F F F F F F F F F F F F F F F F F F F F F F F F F F F F F F F F F F F F F F F F F F F F F F F F F F F F F F F F F F F F F F F F F F F F F F F F F F F F F F F F F F F F F F F F F F F F F F F F F F F F F F F F F F F F F F F F F F F F F F F F F F F F F F F F F F F F F F F F F F F F F F F F F F F F F F F F F F F F F F F F F F F F F F F F F F F F F F F F F F F F F F F F F F F F F F F F F F F F F F F F F F F F F F F F F F F F F F F F F F F F F F F F F F F F F F F F F F F F F F F F F F F F F F F F F F F F F F F F F F F F F F F F F F F F F F F F F F F F F F F F F F F F F F F F F F F F F F F F F F F F F F F F F F F F F F F F F F F F F F F F F F F F F F F F F F F F F F F F F F F F F F F F F F F F F F F F F F F F F F F F F F F F F F F F F F F F F F F F F F F F F F F F F F F F F F F F F F F F F F F F F F F F F F F F F F F F F F F F F F F F F F F F F F F F F F F F F F F F F F F F F F F F F F F F F F F F F F F F F F F F F F F F F F F F F F F F F F F F F F F F F F F F F F F F F F F F F F F F F F F F F F F F F F F F F F F F F F F F F F F F F F F F F F F F F F F F F F F F F F F F F F F F F F F F F F F F F F F F F F F F F F F F F F F F F F F F F F F F F F F F F F F F F F F F F F F F F F F F F F F F F F F F F F F F F F F F F F F F F F F F F F F F F F F F F F F F F F F F F F F F F F F F F F F F F F F F F F F F F F F F F F F F F F F F F F F F F F F F F F F F F F F F F F F F F F F F F F F F F F F F F F F F F F F F F F F F F F F F F F F F F F F F F F F F F F F F F F F F F F F F F F F F F F F F F F F F F F F F F F F F F F F F F F F F F F F F F F F F F F F F F F F F F F F F F F F F F F F F F F F F F F F F F F F F F F F F F F F F F F F F F F F F F F F F F F F F F F F F F F F F F F F F F F F F F F F F F F F F F F F F F F F F F F F F F F F F F F F F F F F F F F F F F F F F F F F F F F F F F F F F F F F F F F F F F F F F F F F F F F F F F F F F F F F F F F F F F F F F F F F F F F F F F F F F F F F F F F F F F F F F F F F F F F F F F F F F F F F F F F F F F F F F F F F F F F F F F F F F F F F F F F F F F F F F F F F F F F F F F F F F F F F F F F F F F F F F F F F F F F F F F F F F F F F F F F F F F F F F F F F F F F F F F F F F F F F F F F F F F F F F F F F F F F F F F F F F F F F F F F F F F F F F F F F F F F F F F F F F F F F F F F F F F F F F F F F F F F F F F F F F F F F F F F F F F F F F F F F F F F F F F F F F F F F F F F F F F F F F F F F F F F F F F F F F F F F F F F F F F F F F F F F F F F F F F F F F F F F F F F F F F F F F F F F F F F F F F F F F F F F F F F F F F F F F F F F F F F F F F F F F F F F F F F F F F F F F F F F F F F F F F F F F F F F F F F F F F F F F F F F F F F F F F F F F F F F F F F F F F F F F F F F F F F F F F F F F F F F F F F F F F F F F F F F F F F F F F F F F F F F F F F F F F F F F F F F F F F F F F F F F F F F F F F F F F F F F F F F F F F F F F F F F F F F F F F F F F F F F F F F F F F F F F F F F F F F F F F F F F F F F F F F F F F F F F F F F F F F F F F F F F F F F F F F F F F F F F F F F F F F F F F F
  <DiscreteSampler_grid>
  grouped_processes
  1 # 1 for a reference and 2 for a running grid.
  10 # Attribute 'min_bin_probing_points' of the grid.
  1 # Attribute 'grid_mode' of the grid. 1=='default',2=='initialization'
  0.0000000000000000 # Attribute 'small_contrib_threshold' of the grid.
  0.5000000000000000 # Attribute 'damping_power' of the grid.
 # binID   n_entries weight   weight_sqr   abs_weight
    49   10   6.593706260221560E-012   3.229228445283127E-022   6.593706260221560E-012
    52   10   1.318741252044312E-011   1.291691378113251E-021   1.318741252044312E-011
    79   10   3.822741617872940E-012   9.033842279325604E-023   3.822741617872940E-012
    82   10   7.645483235745879E-012   3.613536911730242E-022   7.645483235745879E-012
    94   10   6.593706260221559E-012   3.229228445283127E-022   6.593706260221559E-012
    97   10   1.318741252044312E-011   1.291691378113251E-021   1.318741252044312E-011
    100   10   1.297715428114294E-011   1.250640197752351E-021   1.297715428114294E-011
    101   10   1.297715428114271E-011   1.250640197752290E-021   1.297715428114271E-011
    103   10   2.595430856228587E-011   5.002560791009405E-021   2.595430856228587E-011
    104   10   2.595430856228543E-011   5.002560791009161E-021   2.595430856228543E-011
    106   10   1.068610276753349E-011   7.286828750328684E-022   1.068610276753349E-011
    107   10   1.068610276753339E-011   7.286828750328371E-022   1.068610276753339E-011
    109   10   2.137220553506698E-011   2.914731500131474E-021   2.137220553506698E-011
    110   10   2.137220553506679E-011   2.914731500131348E-021   2.137220553506679E-011
    118   10   1.128655987212772E-011   8.873940575813872E-022   1.128655987212772E-011
    119   10   1.128655987212761E-011   8.873940575813471E-022   1.128655987212761E-011
    121   10   2.257311974425543E-011   3.549576230325549E-021   2.257311974425543E-011
    122   10   2.257311974425521E-011   3.549576230325388E-021   2.257311974425521E-011
    124   10   3.822741617872970E-012   9.033842279325676E-023   3.822741617872970E-012
    127   10   7.645483235745941E-012   3.613536911730270E-022   7.645483235745941E-012
    130   10   7.694722826737115E-012   3.640592823860311E-022   7.694722826737115E-012
    131   10   7.694722826737263E-012   3.640592823860500E-022   7.694722826737263E-012
    133   10   1.538944565347423E-011   1.456237129544124E-021   1.538944565347423E-011
    134   10   1.538944565347453E-011   1.456237129544200E-021   1.538944565347453E-011
    139   10   6.593706260221555E-012   3.229228445283126E-022   6.593706260221555E-012
    142   10   1.318741252044311E-011   1.291691378113251E-021   1.318741252044311E-011
    169   10   3.822741617872924E-012   9.033842279325560E-023   3.822741617872924E-012
    172   10   7.645483235745849E-012   3.613536911730224E-022   7.645483235745849E-012
    184   10   6.593706260221554E-012   3.229228445283125E-022   6.593706260221554E-012
    187   10   1.318741252044311E-011   1.291691378113250E-021   1.318741252044311E-011
    190   10   1.297715428114293E-011   1.250640197752351E-021   1.297715428114293E-011
    191   10   1.297715428114258E-011   1.250640197752263E-021   1.297715428114258E-011
    193   10   2.595430856228586E-011   5.002560791009404E-021   2.595430856228586E-011
    194   10   2.595430856228516E-011   5.002560791009052E-021   2.595430856228516E-011
    196   10   1.068610276753347E-011   7.286828750328669E-022   1.068610276753347E-011
    197   10   1.068610276753344E-011   7.286828750328423E-022   1.068610276753344E-011
    199   10   2.137220553506695E-011   2.914731500131468E-021   2.137220553506695E-011
    200   10   2.137220553506688E-011   2.914731500131369E-021   2.137220553506688E-011
    208   10   1.128655987212771E-011   8.873940575813864E-022   1.128655987212771E-011
    209   10   1.128655987212765E-011   8.873940575813528E-022   1.128655987212765E-011
    211   10   2.257311974425542E-011   3.549576230325546E-021   2.257311974425542E-011
    212   10   2.257311974425530E-011   3.549576230325411E-021   2.257311974425530E-011
    214   10   3.822741617872982E-012   9.033842279325716E-023   3.822741617872982E-012
    217   10   7.645483235745965E-012   3.613536911730286E-022   7.645483235745965E-012
    220   10   7.694722826737139E-012   3.640592823860328E-022   7.694722826737139E-012
    221   10   7.694722826737281E-012   3.640592823860503E-022   7.694722826737281E-012
    223   10   1.538944565347428E-011   1.456237129544131E-021   1.538944565347428E-011
    224   10   1.538944565347456E-011   1.456237129544201E-021   1.538944565347456E-011
  </DiscreteSampler_grid>
