  0.00286600811709576  0.01460990324789547  0.02506974483480899  0.03321579395150972
  0.04139555508006106  0.05036597758829159  0.05726666363943326  0.06214534868498925
  0.06691541081860407  0.07571180828521000  0.08590079782423568  0.09753511257013335
  0.10930137839927617  0.12707391899578996  0.14118572550763658  0.15190295454456057
  0.15865891356176187  0.16406229956689244  0.17248892776725547  0.18217876882929174
  0.19092727245650645  0.19993117555333889  0.20718524349581222  0.21321468659194268
  0.22202482310958052  0.23383610742563268  0.24590318537821937  0.25805552907051049
  0.27068836033647264  0.28379901907003230  0.29675331237128794  0.30831707177852979
  0.31835307675986751  0.32901347528780017  0.34018371832967498  0.35071395997322069
  0.36204911631703884  0.37476805465339796  0.38725730759345633  0.39871830588912105
  0.41014493769091426  0.42147635573451409  0.43244310013331116  0.44359228123329003
  0.45507364780756787  0.46628969804979314  0.47517065775646417  0.48347180060427569
  0.49305611537236599  0.50588333291367027  0.51923820329408088  0.53018673709911113
  0.54356686886485062  0.55759568665589543  0.57098619182812227  0.58388976572543050
  0.59705617386512289  0.61015080378205488  0.62212055721605386  0.63344470258509444
  0.64430242992459719  0.65512900254172823  0.66526519209751167  0.67550065983228358
  0.68603008126678944  0.69673844445724864  0.70790974969029763  0.71793736562253496
  0.72737359856872885  0.73758504043642947  0.74861754230455868  0.75879010258708823
  0.76856721119800597  0.77524790510787411  0.78177127564063142  0.78722203342103780
  0.79167318421941379  0.79619297365617836  0.80368356709981015  0.81450436349726929
  0.82371249664848023  0.83247776968871612  0.84323118000018848  0.85387179031062099
  0.86218283616158464  0.86960509536959008  0.87932213601651976  0.89063852448843361
  0.90341827250706097  0.91596153251761558  0.92960591506194645  0.94415700558479765
  0.95863292597733896  0.97262337950351307  0.98648272258671676  1.00000000000000000
  0.00873689550621883  0.01728364115743985  0.02897176810753241  0.04077124893808383
  0.05285344506894490  0.06557393059759331  0.07873524890778084  0.08628660387177825
  0.09398895656091083  0.10103518017326892  0.10782446245726350  0.11621308297930402
  0.12488338137710826  0.13388552201377946  0.14361222538372273  0.15356958322894826
  0.16192100305860946  0.16822936064849636  0.17566332454280173  0.18554700945810862
  0.19463511707155373  0.20328865886043190  0.21356766981638792  0.22319987351842815
  0.23203845004162035  0.24074920546847950  0.25243702680034180  0.26591603714343059
  0.27865305408835001  0.28911685449563174  0.29857243014519763  0.30781588645842528
  0.31695726138219454  0.32869867856834412  0.34289859247705295  0.35755429996734350
  0.36996457728724197  0.38304547955314094  0.39594326589647971  0.40820944175282087
  0.42070394191070315  0.43300696517390741  0.44626642130053690  0.45928353508230624
  0.47091541770749412  0.48189577405084072  0.49126098767996329  0.50062160064177819
  0.50907722174016656  0.51346849616414314  0.51583303508316303  0.51825244657215075
  0.52593002389713306  0.53907344072455743  0.55424997494900641  0.56824761236586330
  0.58134663251286312  0.59453740367594243  0.60658343429892203  0.61879207460484587
  0.63124002139094360  0.64341873830563001  0.65562695335321353  0.66800350722790436
  0.68027154389568845  0.69307123126391801  0.70535231251202912  0.71688548282029341
  0.72999532678451273  0.74299165009567991  0.75518266869109008  0.76665814571864743
  0.77796155469006945  0.78771120514419068  0.79582342775928794  0.80264080124575310
  0.80948792712898898  0.81840366762696570  0.83059728052230264  0.84392551087630296
  0.85679893214361991  0.86760351751900022  0.87714326714899549  0.88792585501553201
  0.89957140264499047  0.91098228077702137  0.92174395323844738  0.93204441520088710
  0.94182931203077602  0.95171517207078782  0.95971794466502558  0.96746132067317325
  0.97534506425725254  0.98333175917444993  0.99101717174565351  1.00000000000000000
  0.00015877911966854  0.00019306093036515  0.00021763694574572  0.00023054457259329
  0.00023560305310850  0.00024152097671256  0.00024694897811134  0.00025234652238375
  0.00025753015873980  0.00026212400598432  0.00026626046058136  0.00027046266286915
  0.00027441714116880  0.00027835368868670  0.00028239551900498  0.00028682832330916
  0.00029185480339714  0.00029651605105488  0.00030083963087389  0.00030501353180788
  0.00030890554400027  0.00031340243615799  0.00031807526673885  0.00032316967247213
  0.00032912433383208  0.00033566332182684  0.00034290047367956  0.00035040283739058
  0.00035759917106672  0.00036473508339272  0.00037209569156961  0.00037819694363159
  0.00038350739729737  0.00038807738876215  0.00039216146584809  0.00039595128999219
  0.00040052258351786  0.00040531092016615  0.00041061577592804  0.00041672884801250
  0.00042328807965344  0.00042939496212825  0.00043581642858032  0.00044276587337473
  0.00044949853755602  0.00045628902679587  0.00046328359650090  0.00047006305077305
  0.00047702846544373  0.00048393578205894  0.00049114083557540  0.00049870874431896
  0.00050625701540832  0.00051398721899933  0.00052319332573952  0.00053403321777706
  0.00054400655561563  0.00055326758876715  0.00056334732340366  0.00057524477973504
  0.00058755757046486  0.00060043668797928  0.00061520804423604  0.00063167977067571
  0.00064900530094389  0.00066658102564588  0.00068520133733196  0.00070815082574661
  0.00073500458024359  0.00075937933526770  0.00078167432828616  0.00080802575159866
  0.00083509219317161  0.00086496968827742  0.00090401364180930  0.00095417927428939
  0.00100732311481095  0.00106024655503669  0.00110508488147569  0.00114921961870532
  0.00118403771961149  0.00121993215557840  0.00125574877446628  0.00131085038714333
  0.00143930187144285  0.00157062254352478  0.00166475846174171  0.00176280142208390
  0.00187827780698877  0.00207545739001951  0.00238542932002225  0.00292910030615949
  0.00350982290654346  0.13266217611877557  0.56852298912754051  1.00000000000000000
  0.00312936682921950  0.01394849383942353  0.02220739155467184  0.02963535941143491
  0.03708374995356714  0.04720293647041700  0.05655007629910096  0.06661122314468652
  0.07824425043869872  0.08982879828114010  0.10317719240676587  0.11262959692970841
  0.12347014000816633  0.13613577887846842  0.14976963351779293  0.16265531865237393
  0.17443360808128108  0.18555045824774610  0.19650289687626085  0.20734238537757901
  0.21866853671799882  0.23018019493648856  0.24133397863212183  0.25179957619007570
  0.26192494380209408  0.27246075141866133  0.28324684607057976  0.29460100579945986
  0.30687778164212265  0.32028204677692768  0.33240597061903077  0.34335648625680465
  0.35281496904063914  0.36193159267648767  0.37318048116154734  0.38490731266174705
  0.39412217307599390  0.40345068121799454  0.41315638960312617  0.42231636620377860
  0.43052226582911063  0.43843487935041986  0.44750872938528730  0.45812708847759409
  0.47067073524334341  0.48393233250745915  0.49549562566705613  0.50568608614802757
  0.51714312980636934  0.52636859724736984  0.53635859543947362  0.54735678471756932
  0.55853977863704851  0.56754967863610095  0.57655831414009262  0.58605517741892399
  0.59661571786178291  0.60745536813262879  0.61802944859280107  0.62880720174259164
  0.64063406771770126  0.65244444116514766  0.66312893566938047  0.67324617830954370
  0.68350075558378198  0.69221589842244602  0.69997510900874449  0.70961669516950998
  0.71988613533284140  0.73094103123386889  0.74405267432464783  0.75802374990885368
  0.76746344363297425  0.77495058830615382  0.78233108063498091  0.79066502746479961
  0.79977970986882618  0.80905353736742802  0.81873241211777603  0.82820381978352375
  0.83750507489986192  0.84908013273814276  0.86307060045901385  0.87681960682551030
  0.88953186315399646  0.90164821439492226  0.91299090431013896  0.92258413971005748
  0.93085207947478055  0.93969258014359580  0.95033967859186841  0.96157908621509647
  0.97199049889104983  0.98369477740472522  0.99278857801082332  1.00000000000000000
  0.00001869301388648  0.00003351965627454  0.00004453260494863  0.00005196721442390
  0.00005746465910528  0.00006204568454611  0.00006677239620131  0.00007149606890838
  0.00007707205255320  0.00008052697215714  0.00008415759886574  0.00008765668700577
  0.00009166321885467  0.00009594674903895  0.00009920434264378  0.00010203045953778
  0.00010493723785639  0.00010816931630476  0.00011191907268146  0.00011634662688129
  0.00012083004978859  0.00012528362823702  0.00013010767459444  0.00013550830137549
  0.00014020071450578  0.00014429106560145  0.00014854420635945  0.00015334818632203
  0.00015773610198494  0.00016207723614231  0.00016615212972661  0.00017017761743495
  0.00017380620125365  0.00017628121640887  0.00017876901153687  0.00018270080698979
  0.00018702525588040  0.00019245834122948  0.00019916309956127  0.00020635785864083
  0.00021280734101567  0.00021903791354777  0.00022528127957099  0.00023232045905629
  0.00023951241862109  0.00024689865168539  0.00025469082231699  0.00026219798197749
  0.00026993934424736  0.00027798296641851  0.00028569822587609  0.00029277590889279
  0.00029956665979600  0.00030645889390935  0.00031435018286471  0.00032378756647314
  0.00033545322396772  0.00034764550499370  0.00035772082216080  0.00036764866162097
  0.00037726548337466  0.00038782014957460  0.00039928968881413  0.00041161998244218
  0.00042323859403756  0.00043305940018887  0.00044262399708117  0.00045545757729002
  0.00047075012118077  0.00048493863890980  0.00049924819679850  0.00051582212561076
  0.00053681403153656  0.00055684068151112  0.00057618622594873  0.00059523049615836
  0.00061872048905583  0.00064575850366438  0.00067492982015559  0.00070530476298613
  0.00073957771515201  0.00078201333648826  0.00083271992429756  0.00088278884878338
  0.00092945015107148  0.00098935758112093  0.00105444539298412  0.00112945246783433
  0.00122378920476388  0.00139533401178603  0.00157248004999811  0.00172521670429544
  0.00189394649630391  0.01323402295497299  0.16516713093757518  1.00000000000000000
  0.00005029744313083  0.00006510556528139  0.00007425994171673  0.00008637280948753
  0.00009959175033657  0.00011166362854650  0.00012167234718601  0.00012766084102341
  0.00013336890747515  0.00013918215873751  0.00014594583921577  0.00015426873860229
  0.00016500879749109  0.00017992334283141  0.00019514674513463  0.00021044533959130
  0.00022543104425453  0.00024011941253870  0.00025530761919226  0.00027237593878239
  0.00029150267849742  0.00031138013806486  0.00033271249524344  0.00035091271799859
  0.00036794756993238  0.00038427320496468  0.00040126118628424  0.00041681778305852
  0.00043238981807956  0.00044960365499416  0.00047049714570140  0.00049425318256134
  0.00051868861755693  0.00054372356401320  0.00056838647814232  0.00059356607764600
  0.00061842642659968  0.00064668699477506  0.00067931462886424  0.00071633682182511
  0.00075639704237638  0.00079729268017357  0.00084567441337928  0.00090137567749699
  0.00095737217209858  0.00101108152102290  0.00106219761320059  0.00110989912033953
  0.00115599515676321  0.00120331834983450  0.00125366777777988  0.00130525256022482
  0.00135333510776651  0.00140143522527661  0.00145280710043067  0.00150618142473157
  0.00155518725949669  0.00159876039073737  0.00163544278532872  0.00170205423158841
  0.00177208790931093  0.00184018471232603  0.00191993666590535  0.00201649881873670
  0.00211916449326653  0.00221201040525876  0.00228919033929275  0.00236569917444325
  0.00245721799094992  0.00256572111603340  0.00268831195497422  0.00282326455615906
  0.00296014287725468  0.00308638450422572  0.00320714754090745  0.00337758388319010
  0.00352585779998803  0.00364832870137732  0.00377872602502502  0.00404322057305339
  0.00442925375581266  0.00481014014444900  0.00518455383069054  0.00564859082410844
  0.00617737065556271  0.00688195393321789  0.00785953358804855  0.00913342617028388
  0.01060059647282688  0.01208514521453429  0.01372015901781828  0.01557898068479848
  0.01961206103331900  0.02668782015031123  0.42874710057931126  1.00000000000000000
 -0.00000869755132142  0.00007340747614963  0.00011555457973469  0.00014934328479858
  0.00018169205216011  0.00020998281732232  0.00023357422881629  0.00025294120632398
  0.00027618213056317  0.00030385461923337  0.00032758582902635  0.00036055381251981
  0.00039066349728107  0.00041535183334416  0.00043629505982385  0.00045903747112437
  0.00048667832383475  0.00051529058030329  0.00054386110411744  0.00057382699918345
  0.00060478764078273  0.00063628503896209  0.00066723897445382  0.00069561281059036
  0.00072295698910720  0.00074990766160791  0.00078099936975516  0.00081961905239885
  0.00085958447206356  0.00090267995563207  0.00095086425607110  0.00100486956417229
  0.00105383935940792  0.00109751289889594  0.00114015437385979  0.00118519299937050
  0.00122911210464029  0.00127107484620463  0.00131326534202702  0.00135627921563081
  0.00139335222588596  0.00142341168154692  0.00144843051317996  0.00147596040904300
  0.00151418160357259  0.00155699610371826  0.00160747382353213  0.00166505966268379
  0.00172508606657745  0.00178624709426749  0.00184147100585512  0.00190125942038331
  0.00194925361320466  0.00199435508101718  0.00205679116876837  0.00213424600227529
  0.00221647627906580  0.00230543622880794  0.00239911051400311  0.00249784883418356
  0.00260394593052255  0.00271312544916044  0.00282208753529258  0.00292930843467159
  0.00303742625940197  0.00314004881150972  0.00323264767235910  0.00333292503392219
  0.00345455005426733  0.00360406287113010  0.00374896941465564  0.00384461466224287
  0.00395207988841166  0.00409838029496432  0.00425894593009077  0.00441683807111972
  0.00466529331246998  0.00499614095721630  0.00536451291829254  0.00586112947051628
  0.00642016133547898  0.00699724353447947  0.00760663836793320  0.00824644738609275
  0.00888599510774553  0.00947561679605721  0.00999938932467016  0.01043095044228602
  0.01098307007447404  0.01170717221679481  0.01341742737042136  0.01547059857470090
  0.02818380246063180  0.07953934687656118  0.17324340144753950  1.00000000000000000
 -0.00643220786952894  0.02710022902662217  0.04917887986181298  0.06995649112424994
  0.08643980944291002  0.10096817992607221  0.11239402723149350  0.12147295688750848
  0.13002094841933681  0.14156500666285071  0.15667500320809391  0.17270408923611089
  0.18693268304821836  0.19802408753768125  0.20750500303879560  0.21963010532712551
  0.23199399058094070  0.24392203561750067  0.25512192085042590  0.26461157940420155
  0.27476061147100256  0.28541095420428686  0.29727915943823890  0.30835387709437512
  0.31916051095635556  0.33049701827763639  0.34142664579657622  0.35323120290803833
  0.36505041651089409  0.37628504365694804  0.38776842676624840  0.39802286214502047
  0.40579701693834430  0.41342768947418246  0.42108669868842247  0.42848160390127948
  0.43614980283081406  0.44590177776399637  0.45641204080147096  0.46598206567335637
  0.47465595194467924  0.48318776344346964  0.49248427071170392  0.50281765107550735
  0.51394299540858579  0.52398405878147636  0.53342533298979955  0.54221961132857965
  0.55134970952650975  0.56115719350972448  0.57267894253440177  0.58383051597217084
  0.59395744801455586  0.60292583985476467  0.61111931926366536  0.61901697186870275
  0.62714313818676704  0.63518968606743587  0.64316139576292297  0.65168223493010979
  0.66137162312972708  0.67151002809298865  0.68048173896528719  0.68830963693830327
  0.69453344465921751  0.70105380487570657  0.70885795406250274  0.71861086469226765
  0.72950046078902364  0.74158064514291266  0.75140756673945153  0.76089863037163785
  0.76980537640882896  0.78059966897142630  0.79241039647120715  0.80464131829733943
  0.81679739958777742  0.82841043862583719  0.83933715682852783  0.85030896510124687
  0.86235442391556394  0.87217405120528191  0.88033449629448179  0.88885330372508331
  0.89847517918558351  0.90704928579857491  0.91293899372123233  0.91866326835399614
  0.92554991969958622  0.93564095579740736  0.94522688760186768  0.95678045307600346
  0.96742756937191221  0.97839272273266664  0.98974248371148132  1.00000000000000000
 -0.00326792135738881  0.01272027137669049  0.02414588820493275  0.03592894399798990
  0.04583823338088325  0.05426444789462403  0.06282604964341013  0.07190593252139778
  0.08226013399354308  0.09048951619974974  0.09982603065096664  0.10979915886539783
  0.12207918748398221  0.13689265034127049  0.15363669287598289  0.16740273598626354
  0.18024735125361588  0.19251841746940049  0.20553871244866412  0.21959335605235969
  0.23341839154181113  0.24637555634638955  0.25771073955902679  0.26704367899959908
  0.27526514881166353  0.28267867975409511  0.29095397978548382  0.30121677571497396
  0.31238712582510669  0.32308889895926413  0.33305610894190213  0.34246376305896897
  0.35164371297221925  0.36140733760476379  0.37056662663160450  0.37930605413828644
  0.38710894105117910  0.39395083270495052  0.40086941537257698  0.40973898716853552
  0.41878695116776360  0.42592451371253182  0.43315495634813694  0.44096209693751781
  0.44928190903150195  0.45968295108512619  0.47032720304725711  0.47953000031668702
  0.48912965162009431  0.49780719394421924  0.50733629676140457  0.51987874318918637
  0.53424421686812540  0.54768547978326976  0.56009155581864800  0.57201757822749111
  0.58011244987740440  0.59022501924537052  0.59845597822521024  0.60491702760729626
  0.61315247897289915  0.62372982961449230  0.63276410364676072  0.64239640151934774
  0.65295676862763086  0.66338081167178053  0.67348433922965534  0.68294388781644877
  0.69212462021829335  0.70167628783528446  0.71248115695157610  0.72533480130750516
  0.73891755485761623  0.75100560881068301  0.76088965869395842  0.76888568468251683
  0.77664178413028595  0.78397128571283414  0.79174572348980299  0.80232102989832266
  0.81582769966537372  0.83004920190163034  0.84326222793342720  0.85526571765598469
  0.86721782519057489  0.87776312685261026  0.88739266296002095  0.89606675645118361
  0.90449447482909817  0.91481234501560582  0.92685538913473697  0.94023034296486219
  0.95465365872245167  0.96965144197111908  0.98499685093630640  1.00000000000000000
 -0.00241256992135248  0.01020094338383551  0.02230998462777702  0.03354181688793965
  0.04482294143908244  0.05733836708495094  0.06896619702620696  0.07799694821500501
  0.08677296066875231  0.09613218622462713  0.10764671978930783  0.12133505869419897
  0.13513510515046612  0.14757373587409867  0.15886422929140612  0.17029821397075912
  0.18253920381613184  0.19340904251735960  0.20384111703179367  0.21481686301678027
  0.22632740027578846  0.23740018169510532  0.24690672587352513  0.25425204343789093
  0.26216376548661197  0.27030473957208734  0.27839763635944059  0.28627016224743346
  0.29352688387910214  0.30221094488601774  0.31249737166423208  0.32176334269814816
  0.32863709181921974  0.33633867466119233  0.34807340729078151  0.36186376552765115
  0.37686623421242155  0.39063727774094653  0.39890340639777483  0.40640201854166358
  0.41234365223574282  0.41815564787871512  0.42627462109348163  0.43553853852262769
  0.44535435622455294  0.45617270654556957  0.46863922195934360  0.48046586709275230
  0.49143009661361209  0.49888428885700770  0.50666608882237163  0.51561004880953276
  0.52346275776207063  0.53160441209207898  0.54194612336105297  0.55234984569624579
  0.56228521123331376  0.57299377611239299  0.58526167560079112  0.59828269365712905
  0.61019652211965592  0.62031282664093301  0.62956364396990872  0.63896397247080927
  0.64879665130704789  0.66144845743234115  0.67408457067078686  0.68544174568627758
  0.69490277487884111  0.70366374614529903  0.71158596813512842  0.71926321089299283
  0.72980859012126509  0.74014226848629028  0.75057147822551940  0.76173312906599377
  0.77228064628678195  0.78268038376232929  0.79267636912345396  0.80270398812040455
  0.81421271767079095  0.82587153423671478  0.83766041338062691  0.84971651915761059
  0.86174304831192383  0.87466146554132718  0.88530101970163388  0.89664445181408681
  0.90998288501078761  0.92382694293499013  0.93630202376502725  0.94780115439091728
  0.95930227302971549  0.97099789989350971  0.98418153767768402  1.00000000000000000
 -0.00176466693618419  0.00786631800766539  0.01331678567532254  0.01993978773484571
  0.02948310484162794  0.04039243080739551  0.05024968076205898  0.05990203849119519
  0.07050589297078022  0.08132751129855767  0.09281104817809142  0.10601686572482875
  0.12141157921663390  0.13720299640780104  0.15063315080616935  0.16050598351349990
  0.16776688111982108  0.17576332740678985  0.18408127234390251  0.19235490992885190
  0.20108947332339699  0.20977137276785271  0.21823739449914903  0.22772615932005008
  0.23812050620613054  0.25028490040286439  0.26203353530068235  0.27327272556374432
  0.28391844211657924  0.29445624455107139  0.30498006846654929  0.31602771116830963
  0.32761527528257806  0.33916727255756923  0.35164670393936953  0.36571153187787403
  0.37968238734152088  0.39094671983057977  0.40012102146162493  0.40810757652606128
  0.41339847213771541  0.41903480442723628  0.42547348382694222  0.43219426520343823
  0.44089593074252797  0.45233712357872846  0.46651104565591905  0.48027312489966056
  0.49347138947078834  0.50286884314741398  0.51197175320442589  0.52159349069831629
  0.53294454454798912  0.54425893564270911  0.55672455867212345  0.56996984676450124
  0.58365524707498495  0.59707954022691301  0.60956694168178527  0.62212746355565662
  0.63329165658503150  0.64346068234780762  0.65259644483209867  0.66202278836776551
  0.67168111168751865  0.68041055378777859  0.68982213883300780  0.70088440055564127
  0.71288636539525996  0.72580260492582527  0.73913663779064798  0.75106714195830637
  0.76206987988783670  0.77101351573049304  0.77897832510142728  0.78700051780589497
  0.79644993130874753  0.80621317427626082  0.81624734853457281  0.82757995810454121
  0.84084918216401860  0.85295688526894919  0.86216768504244012  0.86995717606913836
  0.88013950982555322  0.89088478446425734  0.90459013414025469  0.91807579479064183
  0.92876712993807731  0.93931743998745687  0.95010729896284918  0.96030617605396751
  0.96973215328145168  0.97896071643857907  0.98956290496289434  1.00000000000000000
 -0.00377159480820253  0.01618789135472565  0.03253707202460547  0.04940353723096069
  0.06778588956542894  0.08502118775125576  0.10197974128830077  0.11708134313174991
  0.12955204932513850  0.13933031955251654  0.14835302371571477  0.15921484808568157
  0.17263176290872537  0.18351916397899590  0.19429973247537047  0.20654863125975206
  0.21984388938924515  0.22963865757516672  0.23888283494151283  0.25286261710643176
  0.26646970194233410  0.27952247495139115  0.29406282455237487  0.31013011796565426
  0.32404446619545441  0.33621154896201805  0.34851860541743085  0.36072514887178209
  0.37406556480535241  0.38563882492652102  0.39597090890230624  0.40391994601415404
  0.40944846921371292  0.41653552961245344  0.42390097437428798  0.43067060059141449
  0.43971299684049003  0.45153443738667776  0.46466123060380210  0.47590921550361331
  0.48666500177212829  0.49734567910275385  0.50883988629393651  0.51934194857913418
  0.52909488329022858  0.53803693310158029  0.54617452632736374  0.55436633821113579
  0.56331670833976677  0.57361072659431311  0.58507447973881255  0.59785401790297998
  0.61021972070465025  0.62173558727799449  0.63314499622822618  0.64395110102109843
  0.65406420492240447  0.66447679079501032  0.67439579413580042  0.68328895629987962
  0.69283979260933415  0.70356433651014094  0.71414041971159947  0.72486057903018530
  0.73574220433796989  0.74701318969806685  0.75845240796749058  0.76934990366976930
  0.77972937660538855  0.78936444981197840  0.79928812928159931  0.80950815228871320
  0.81861627295172923  0.82735522122386973  0.83498656482480071  0.84251555732952366
  0.84824787845499194  0.85521971747937331  0.86359113307150337  0.87246541980775805
  0.88152526189219482  0.89055512352438837  0.89790603536922697  0.90395719579040090
  0.90996505396276040  0.91710506356472399  0.92516355851849641  0.93352264640500937
  0.94125212934089597  0.94834101476613597  0.95557355194336957  0.96339623766829607
  0.97214134754581916  0.98137603398389284  0.99063761954094676  1.00000000000000000
 -0.00199201202579311  0.00809056417504410  0.01901346914787120  0.02681538595021131
  0.03770188939514711  0.04760769626791546  0.05528300205584358  0.06611527812906406
  0.07502140802077487  0.08389348403356346  0.09457401757676670  0.10691597616245460
  0.11989073603908666  0.13296112874252511  0.14368270924048970  0.15442557252328490
  0.16550913511501714  0.17649130544137434  0.18692138904308314  0.19667478005062866
  0.20705596107107496  0.21977069017799908  0.23115090235576413  0.24208721284598456
  0.25331048510469817  0.26486253067004162  0.27845356052618020  0.29044230694561352
  0.30169895807797920  0.31270649457853417  0.32349645148185163  0.33431667550460620
  0.34472187660378678  0.35447494541417152  0.36448359958664589  0.37498778812113326
  0.38565449544557046  0.39696288453246664  0.40803145123164736  0.41954248018698798
  0.43154714640440134  0.44409784171722588  0.45768612761080624  0.47089243203198439
  0.48088181179556261  0.48978307347856170  0.49829018807975017  0.50633256412911409
  0.51410831912165356  0.52397822120206095  0.53490643030521479  0.54533496087631395
  0.55734711512631940  0.56976655017543587  0.58536738233723484  0.60207527287383489
  0.61692207801340948  0.62891572332603085  0.63770159790487557  0.64479785357090103
  0.65241582915327068  0.66148446954215789  0.67244749342240684  0.68550098734697429
  0.69820710347860759  0.70881938467834238  0.71990857644183892  0.73073766926177486
  0.74174833594711509  0.75229998607988291  0.76211431003163432  0.77008522427041470
  0.77771527440397259  0.78709265736777989  0.79743717675718162  0.80841457753229906
  0.81846742867489741  0.82982833002856293  0.84263273379637060  0.85574168153538055
  0.86829916499719051  0.87909428466922912  0.88926289509409795  0.89989757983797070
  0.90856271144472256  0.91733006770462289  0.92515342447642268  0.93117438383672768
  0.93765208913814002  0.94425627876118956  0.95123423207197355  0.95881452020307623
  0.96751769271297172  0.97683206910768827  0.98770627549853085  1.00000000000000000
 -0.00370080293506532  0.01578614450318369  0.03306821730828385  0.04732009831209241
  0.06579411890772806  0.08148272112638344  0.09522427267305657  0.10731536926983348
  0.11802694048451536  0.12773649863773692  0.13907781593361504  0.15022788036596879
  0.16155022600156588  0.17075220920390374  0.18025703305286606  0.18876995905191707
  0.19806006248339861  0.20835038906362421  0.21943492803830050  0.23170089516598519
  0.24394153169455521  0.25372754263975639  0.26161494256001228  0.26997453795284554
  0.27789208340627525  0.28558663890319669  0.29341678534263005  0.30187438812880130
  0.30964577528391513  0.31883055530529852  0.32944628225774492  0.34039486813330350
  0.35136861240314621  0.36137719411992020  0.36991553310047881  0.37741592935238816
  0.38483935135005470  0.39262352744164197  0.39986177042646004  0.40634399644689645
  0.41385879112368779  0.42289591296890633  0.43076024944438146  0.43753148741049253
  0.44530672022706153  0.45449005920012148  0.46297449963701698  0.47143439906166795
  0.47986215591018677  0.48806817300128003  0.49606362861007441  0.50424307522114387
  0.51312496704192778  0.52298376962701021  0.53343951863252037  0.54360181524902329
  0.55367040635245612  0.56384555056797059  0.57377895157398318  0.58334722798848859
  0.59201721595689583  0.60142645722551136  0.61106372778382112  0.61839150294381251
  0.62464582444710293  0.63113683387879271  0.63806420411418252  0.64524419254165066
  0.65350791257753438  0.66284285628256434  0.67123561099549867  0.67946769237188354
  0.68722908523046378  0.69645745818221405  0.70804340017515688  0.72053424038054870
  0.73186898017899815  0.74207729374394882  0.75181938810587712  0.76158128698721306
  0.77164924845605687  0.78216769889958804  0.79400675703760426  0.80573035369020274
  0.81771435829075423  0.83082460833485972  0.84604654976390892  0.86017409817721679
  0.87513473121145569  0.88970432622711704  0.90448188269379437  0.92434289721969332
  0.94534848975644170  0.96404324833038213  0.98346777440207100  1.00000000000000000
 -0.00243466466611628  0.00913578391400206  0.01957243161186587  0.02977853328982875
  0.04221312697000901  0.05510943462413365  0.06515299966593162  0.07422381222647109
  0.08379960293025626  0.09533181122407067  0.10715585551525666  0.11975166181490302
  0.13233286965652999  0.14332063862065805  0.15272484929627844  0.16187597254101085
  0.17238599366507962  0.18236325024715047  0.19285171869997883  0.19997941257101559
  0.20720857390249939  0.21493238780184690  0.22324965158770524  0.23145662087787031
  0.24374151642035485  0.25773693431796368  0.26811409796134533  0.27670783054341103
  0.28561124172102365  0.29502863098416576  0.30498184563033065  0.31521558673062161
  0.32619786784330912  0.33961725369041040  0.35590855929044712  0.36900858808982362
  0.37976184872850699  0.38932489707490087  0.39839428430849905  0.40815377631524458
  0.41961242604085436  0.43245011288033258  0.44609868079466203  0.45819986923558853
  0.46827705792931090  0.47753165025065752  0.48797059966414835  0.49894835207035304
  0.50956941866870376  0.51998852338988077  0.52961344979975777  0.53882615434008341
  0.54905514500241248  0.56017485074416851  0.56973866114895599  0.57847393187599305
  0.58657064498037470  0.59584890165200766  0.60547318488936164  0.61483604112309498
  0.62458224396510964  0.63478543851809655  0.64491049691392244  0.65429138169359413
  0.66451111991323264  0.67295746288361635  0.67993831474486699  0.68783243182546072
  0.69782350074641619  0.70807011831400168  0.72317316200884585  0.73717858681616777
  0.75081165664874183  0.76384271469056586  0.77613856501793643  0.78819949189900895
  0.80010670058751543  0.81173483458203921  0.82281709446288798  0.83304507215758072
  0.84312560936586123  0.85379962809547827  0.86307710195723908  0.87219025233875080
  0.88274777363925394  0.89344794045395137  0.90370706215953056  0.91440362057442659
  0.92609857063264589  0.93784407779221024  0.94824009040176538  0.95845247215403573
  0.96875729408632427  0.97882187424396427  0.98941545687832311  1.00000000000000000
 -0.00062683401180844  0.00252938971899251  0.00652353608364413  0.01095892928768321
  0.01528376084926397  0.01960890356422673  0.02403136575747094  0.02894677177474774
  0.03415210219461147  0.03925416823120792  0.04417249682925576  0.04857383585933412
  0.05231253189184672  0.05574257674055695  0.05982413948490201  0.06363000184931542
  0.06789315180247647  0.07291552846728634  0.07870713085167774  0.08503659942792861
  0.09124478313448034  0.09680339966749937  0.10180142213761570  0.10688106093088845
  0.11116889545196190  0.11461862908050061  0.11784010561517971  0.12096224957124779
  0.12454147210286230  0.13005025039569792  0.13555518534706543  0.14011149811629939
  0.14460102326457025  0.14917780539308786  0.15375033191843898  0.15917110281796967
  0.16556900795259727  0.17162112867053567  0.17714576739839449  0.18220746691079068
  0.18716806945030581  0.19144992216587067  0.19567545429296851  0.20131032209172225
  0.20858286695572595  0.21655285650786577  0.22363960524618745  0.23027442744774135
  0.23662230538574558  0.24264956645181632  0.24952424156776018  0.25782910875197240
  0.26727405130693022  0.27528753119128829  0.28344742023319414  0.29223330970984995
  0.30180048674357446  0.31016029589222999  0.31662351608283651  0.32239521542988026
  0.32744746152498888  0.33537067297419915  0.34612637264933238  0.35989921892091614
  0.37382365210488777  0.38188953814777182  0.38801756719937686  0.39460840364636796
  0.40459903810676823  0.41608782826381696  0.42814602429681076  0.44032666787782582
  0.45363597467667605  0.46970091922249818  0.48470300721030879  0.49970895088802081
  0.51431001056116077  0.52714990878475365  0.54007092464730977  0.55202714677524489
  0.56499195932863411  0.58109053391982113  0.60093345856461267  0.62529343686957617
  0.65092140387867059  0.67781367969014794  0.70414277793532998  0.72837858569744274
  0.75038422887819056  0.77343066917448522  0.80014934775718372  0.83151201029456046
  0.86904848157083481  0.90730863662327832  0.94274711398769018  1.00000000000000000
 -0.00287339290251407  0.01180426990139277  0.02635729530575391  0.03865614038633461
  0.05036709998473261  0.06156359698785217  0.07225094500639793  0.08276376702370522
  0.09287378783217394  0.10205588236902306  0.11376774083213033  0.12397445852692926
  0.13461844974760034  0.14570929398653956  0.15827797305507088  0.17000090351347874
  0.17789960333550825  0.18545032421266888  0.19451931198042133  0.20449278803329965
  0.21516301949857031  0.22688952382985025  0.23875235894426736  0.24732723450844898
  0.25538672481728047  0.26450007354385008  0.27451550465875413  0.28550474022530614
  0.29628227174557425  0.30634809905230709  0.31584395140203336  0.32573253056142287
  0.33720107702119378  0.35096927033804637  0.36589610977079423  0.37994127930644805
  0.39284574861941013  0.40335741976559386  0.41337289353020734  0.42003239062154218
  0.42712362080362160  0.43515877873840836  0.44468734404059029  0.45595558645810491
  0.46896262788206189  0.48240066709734042  0.49537877623033433  0.50935440882123872
  0.52122125518119422  0.53224674707270925  0.54298201841710969  0.55289524332937490
  0.56286648108237358  0.57398981751007028  0.58411196885942485  0.59246333366683712
  0.60085546686801250  0.61013486047072651  0.62063828660180320  0.63250117765778846
  0.64467616976324382  0.65614255196876459  0.66800822345443589  0.67984319546585892
  0.69171698486732203  0.70419263896711182  0.71616096767702098  0.72811638899071995
  0.74222774502364319  0.75192154710986936  0.76026255817537336  0.76683981722740280
  0.77471202358056845  0.78588973411484464  0.80044863515426368  0.81552843888875659
  0.82923817798429122  0.84129122454955940  0.85107248399688862  0.86073854673698913
  0.87183698025151612  0.88144750973172625  0.88943146864473288  0.89662765443079195
  0.90656246610179680  0.91674779083240787  0.92570207593301768  0.93561863340495377
  0.94395374615843530  0.95073818375995300  0.95961596306230268  0.96841817014942400
  0.97478542287521275  0.98071885436824768  0.98809676867243357  1.00000000000000000
 -0.00268967214614634  0.01126980947913501  0.02040120435401121  0.03008528390809922
  0.04013962990968824  0.05032359173523110  0.06061484805035199  0.06995157826257921
  0.07892046106720918  0.08914407746018339  0.10065262451461632  0.11163560669822442
  0.12252245308625052  0.13391676254741955  0.14610602904924516  0.15959265823167113
  0.17483747095011776  0.19159053760465197  0.20636769407643663  0.21986362619382235
  0.23052897621903948  0.23888669648785349  0.24600901391118032  0.25298760617089366
  0.26108586668490297  0.27263047684868985  0.28507296209607080  0.29559607067971916
  0.30497426781202797  0.31364020287112354  0.32193569332120558  0.33019224925868990
  0.33964483316827265  0.35158234961223361  0.36409043861073692  0.37382392201654546
  0.38346427155560958  0.39266984511880743  0.40001443861718683  0.40814437973866968
  0.41808700842842095  0.42701174332763875  0.43986842537647325  0.45487651505038812
  0.46920815178993813  0.48187287632326825  0.49306986786365520  0.50373852195748503
  0.51391413901873839  0.52426044921541004  0.53513690550586157  0.54581294895130394
  0.55658639085902140  0.56723852441046818  0.57736870134639851  0.58737248879025372
  0.59737034345709650  0.60804601154638827  0.61811327478063161  0.62903161931778562
  0.64075041894094620  0.65305055692787162  0.66602266451634362  0.67968837505780466
  0.69367330063242649  0.70724756665170863  0.71954580738244944  0.72911789754277068
  0.73780004291203616  0.74560908640788270  0.75327474818497242  0.76125573788445156
  0.77110004735307980  0.78252085179018049  0.79399904550827083  0.80476732465104961
  0.81287099311267941  0.81962230346864551  0.82537671228553289  0.83120719130488763
  0.83828880411951223  0.84560662840686773  0.85497705041780370  0.86766624200104159
  0.88047130331695556  0.89251014849583366  0.90395539070007225  0.91468561141692029
  0.92398499631094511  0.93271057486363873  0.94165639726648320  0.95030915478092426
  0.95894854833238907  0.96895534598692823  0.98201106408945560  1.00000000000000000
 -0.00001170971796655  0.00105657332438215  0.00192715724032833  0.00279769940618369
  0.00367790746383298  0.00450565231082914  0.00527922195385838  0.00613418702171899
  0.00698408626025344  0.00776439410637956  0.00850619395570154  0.00929023348183770
  0.01014648918652746  0.01102746513108056  0.01184016456072528  0.01266412874879556
  0.01342744758064780  0.01412938648552227  0.01472229890304636  0.01530472004598588
  0.01591472090214823  0.01654308894847532  0.01717445180252054  0.01778687263320675
  0.01825371174922308  0.01861031645808684  0.01903009303722376  0.01948124824635817
  0.01999480747638432  0.02060633873385639  0.02109354428185288  0.02163152539096449
  0.02233979299753428  0.02310847988644814  0.02393342449064454  0.02465478701536256
  0.02535960884089676  0.02604061706125950  0.02674439773889701  0.02750912546208482
  0.02823575142579560  0.02884683440522837  0.02932773713180292  0.02983070997483517
  0.03033329226301762  0.03099616998729901  0.03195000946904574  0.03295183939927127
  0.03384170909719478  0.03472200964450194  0.03554448657164647  0.03642079621903226
  0.03734962604920182  0.03809494908178536  0.03876234387328897  0.03940758925197208
  0.04013263214325876  0.04083135121440238  0.04155700663736921  0.04243375645934266
  0.04386019274594687  0.04594287369408302  0.04792789218161676  0.04960053039732035
  0.05114833276859192  0.05277509544638097  0.05469980149533101  0.05676510281709722
  0.05855243407356353  0.06001736031211694  0.06109271800660449  0.06268891649308168
  0.06431262867884946  0.06513153351552511  0.06611844712692205  0.06748878871223499
  0.06887856500961861  0.07044536303155598  0.07202274203885738  0.07346760367684424
  0.07504466894269748  0.07667360416965717  0.07838987215221795  0.08104411053614866
  0.08442689197501037  0.08799594858063367  0.09123943407060267  0.09390720350401255
  0.09670837147918715  0.09939686613957698  0.10229265206338507  0.10609858134470020
  0.11133825319572439  0.19810645988714165  0.74818036215647277  1.00000000000000000
 -0.00231191296006540  0.00793173998216678  0.01797477307727716  0.02575522803912835
  0.03337183113587876  0.04181139804178868  0.05112801398089471  0.06041388658099611
  0.06840727783426356  0.07511883812653117  0.08195423590998570  0.08900019633093541
  0.09744499897495404  0.10655681209994464  0.11529394914224855  0.12319884123554124
  0.13068402352722125  0.13878660814894120  0.14709410236423529  0.15507625976686609
  0.16319723588860330  0.17085517836757466  0.17739497181744510  0.18444018279465080
  0.19290201078454075  0.20214413997778236  0.21221554551977292  0.22300699287763595
  0.23443355702992216  0.24567960399853975  0.25594692723076340  0.26660567186564282
  0.27804948807329577  0.28951375406455698  0.30110650521028959  0.31323790928521383
  0.32556048400419418  0.33675619653440436  0.34695207832603420  0.35645190100571733
  0.36673862177518213  0.37957042585031875  0.39344956219690919  0.40748009585863149
  0.42351669889890148  0.44617305132804064  0.46696058560003401  0.48887058337557732
  0.50827449848155914  0.52053343537243524  0.53325361729691001  0.54749989100705021
  0.56206669293247813  0.57909969049231158  0.59567939662594871  0.60853255951705265
  0.61898985207095258  0.62981594269341779  0.64390625994801420  0.65941478984457291
  0.67350524331105710  0.68461399719333305  0.69349481895401155  0.70144465016268642
  0.70982768583814415  0.71982118866325362  0.73136396621356248  0.74300492095232207
  0.75352086419716102  0.76321859583840601  0.77311406647953307  0.78323952445421885
  0.79347126649300481  0.80333686780550650  0.81222277543303223  0.82060131006201109
  0.82816796487262245  0.83658015998399160  0.84590679731928353  0.85624482354870601
  0.86512793536125254  0.87231479164059544  0.87949126108449438  0.88765365031595289
  0.89633930255535033  0.90490438684602259  0.91206994694950816  0.91846947350822383
  0.92588615231276150  0.93566627869445529  0.94617078157899071  0.95605348471993135
  0.96673276642093831  0.97773638311429356  0.98901290096344330  1.00000000000000000
  0.57258983126170870  0.84460682900965456  0.90013324044360554  0.91849990108817436
  0.93005414325017155  0.93745931296500840  0.94239316565424092  0.94607967067899268
  0.94962262431089606  0.95303752067606873  0.95597927790133364  0.95839868701643882
  0.96026999221272102  0.96179411292359618  0.96316963283464918  0.96448822619111019
  0.96584018078253353  0.96707632506834829  0.96808044551118289  0.96917680508570481
  0.97018363599322877  0.97100137639816586  0.97188003263595824  0.97278299877209817
  0.97360475499891908  0.97441142046592499  0.97519312380093592  0.97583950207172654
  0.97655016619326607  0.97730605958702743  0.97800136023052286  0.97857480266384833
  0.97904462042094287  0.97951737778999570  0.98000849501714893  0.98052456079289940
  0.98115474347686249  0.98180618006472820  0.98232148720809231  0.98273819533529438
  0.98313072336654461  0.98350552252303380  0.98389387899879266  0.98438075777603096
  0.98497305873587893  0.98554108032008036  0.98602159094502506  0.98643313365739038
  0.98677280440190573  0.98707884056519701  0.98736538840085186  0.98761131562945303
  0.98785516371678272  0.98813502316009472  0.98846170421239365  0.98883203528387398
  0.98919088330004368  0.98953895694728955  0.98987604661632045  0.99016960127786868
  0.99044059785515481  0.99071396066305972  0.99097008353731508  0.99129775248022189
  0.99155082943744410  0.99180089246531344  0.99205534970791742  0.99232270883620766
  0.99258101066930482  0.99275265882202013  0.99291999924758556  0.99308959867306601
  0.99325000076121339  0.99343794902594595  0.99367028023579385  0.99392294384280788
  0.99415531871159557  0.99441410181380718  0.99465669792265632  0.99488825106711087
  0.99510507115573599  0.99531350788793371  0.99553416725162092  0.99575800787632263
  0.99596531737163063  0.99616941294070216  0.99638313211545626  0.99660380416273431
  0.99683059838084398  0.99706541268333271  0.99727638086643289  0.99747728138800351
  0.99766682186147249  0.99797338626005816  0.99849557990841997  1.00000000000000000
 -0.03484195291469587  0.14241646707700234  0.17787986343085882  0.21073707399558153
  0.23305008280747216  0.24931805546651167  0.26099620994754097  0.26929631376773039
  0.27666880415596196  0.28356654876877080  0.29140527585006143  0.30050833548874489
  0.31100178195030520  0.32165508804054355  0.33161410768310357  0.34106114472578886
  0.34922165813454786  0.35619516143153773  0.36228561837893852  0.36870481855721027
  0.37584148004300738  0.38294402191628901  0.38970458026265858  0.39640910492881803
  0.40289478120835609  0.40909469458445308  0.41534975463910678  0.42134163099966238
  0.42696635973931135  0.43218582702092939  0.43682743861936391  0.44087006516799843
  0.44507998913047470  0.44993834163062363  0.45498430194459338  0.46022823988545924
  0.46533750195489959  0.47065901482851391  0.47600207751715756  0.48046160964536733
  0.48521354674535938  0.49080789631676014  0.49678711051196078  0.50204468048913453
  0.50623778840118228  0.50895363142134342  0.51222330083961765  0.51654040595157857
  0.52242108694758282  0.52972923326989052  0.53607904968814801  0.54080725242109473
  0.54538338698261635  0.55078168089865898  0.55606939765551189  0.56160311745093872
  0.56725106208957454  0.57463407276100442  0.58085659193671046  0.58687059400820252
  0.59259317951756363  0.59743704394445019  0.60114316740554863  0.60538595526906269
  0.60985453062940842  0.61445573843088197  0.62019121534851129  0.62652557200017489
  0.63276690321102325  0.63893781320678389  0.64521126974075083  0.65128150521306627
  0.65734803651583151  0.66340634220265293  0.66915731503258880  0.67477995015729120
  0.68048890256063732  0.68640902496041345  0.69223383413339190  0.69787322332273316
  0.70388145033350824  0.70947410580096748  0.71673591031680106  0.72573069542720925
  0.73591962166940816  0.74630704516340440  0.75518550404124618  0.76454028996381318
  0.77415963428522661  0.78595431866022103  0.80045088240255091  0.81868608866902592
  0.83863641265496125  0.85953941790284927  0.88366671094164950  1.00000000000000000
   4.8020465806745430E-015  -1.0000000000000000     
 F F F F F F F F F F F F F F F F F F F F F F F F F F F F F F F F F F F F F F F F F F F F F F F F F F F F F F F F F F F F F F F F F F F F F F F F F F F F F F F F F F F F F F F F F F F F F F F F F F F F F F F F F F F F F F F F F F F F F F F F F F F F F F F F F F F F F F F F F F F F F F F F F F F F F F F F F F F F F F F F F F F F F F F F F F F F F F F F F F F F F F F F F F F F F F F F F F F F F F F F F F F F F F F F F F F F F F F F F F F F F F F F F F F F F F F F F F F F F F F F F F F F F F F F F F F F F F F F F F F F F F F F F F F F F F F F F F F F F F F F F F F F F F F F F F F F F F F F F F F F F F F F F F F F F F F F F F F F F F F F F F F F F F F F F F F F F F F F F F F F F F F F F F F F F F F F F F F F F F F F F F F F F F F F F F F F F F F F F F F F F F F F F F F F F F F F F F F F F F F F F F F F F F F F F F F F F F F F F F F F F F F F F F F F F F F F F F F F F F F F F F F F F F F F F F F F F F F F F F F F F F F F F F F F F F F F F F F F F F F F F F F F F F F F F F F F F F F F F F F F F F F F F F F F F F F F F F F F F F F F F F F F F F F F F F F F F F F F F F F F F F F F F F F F F F F F F F F F F F F F F F F F F F F F F F F F F F F F F F F F F F F F F F F F F F F F F F F F F F F F F F F F F F F F F F F F F F F F F F F F F F F F F F F F F F F F F F F F F F F F F F F F F F F F F F F F F F F F F F F F F F F F F F F F F F F F F F F F F F F F F F F F F F F F F F F F F F F F F F F F F F F F F F F F F F F F F F F F F F F F F F F F F F F F F F F F F F F F F F F F F F F F F F F F F F F F F F F F F F F F F F F F F F F F F F F F F F F F F F F F F F F F F F F F F F F F F F F F F F F F F F F F F F F F F F F F F F F F F F F F F F F F F F F F F F F F F F F F F F F F F F F F F F F F F F F F F F F F F F F F F F F F F F F F F F F F F F F F F F F F F F F F F F F F F F F F F F F F F F F F F F F F F F F F F F F F F F F F F F F F F F F F F F F F F F F F F F F F F F F F F F F F F F F F F F F F F F F F F F F F F F F F F F F F F F F F F F F F F F F F F F F F F F F F F F F F F F F F F F F F F F F F F F F F F F F F F F F F F F F F F F F F F F F F F F F F F F F F F F F F F F F F F F F F F F F F F F F F F F F F F F F F F F F F F F F F F F F F F F F F F F F F F F F F F F F F F F F F F F F F F F F F F F F F F F F F F F F F F F F F F F F F F F F F F F F F F F F F F F F F F F F F F F F F F F F F F F F F F F F F F F F F F F F F F F F F F F F F F F F F F F F F F F F F F F F F F F F F F F F F F F F F F F F F F F F F F F F F F F F F F F F F F F F F F F F F F F F F F F F F F F F F F F F F F F F F F F F F F F F F F F F F F F F F F F F F F F F F F F F F F F F F F F F F F F F F F F F F F F F F F F F F F F F F F F F F F F F F F F F F F F F F F F F F F F F F F F F F F F F F F F F F F F F F F F F F F F F F F F F F F F F F F F F F F F F F F F F F F F F F F F F F F F F F F F F F F F F F F F F F F F F F F F F F F F F F F F F F F F F F F F F F F F F F F F F F F F F F F F F F F F F F F F F F F F F F F F F F F F F F F F F F F F F F F F F F F F F F F F F F F F F F F F F F F F F F F F F F F F F F F F F F F F F F F F F F F F F F F F F F F F F F F F F F F F F F F F F F F F F F F F F F F F F F F F F F F F F F F F F F F F F F F F F F F F F F F F F F F F F F F F F F F F F F F F F F F F F F F F F F F F F F F F F F F F F F F F F F F F F F F F F F F F F F F F F F F F F F F F F F F F F F F F F F F F F F F F F F F F F F F F F F F F F F F F F F F F F F F F F F F F F F F F F F F F F F F F F F F F F F F F F F F F F F F F F F F F F F F F F F F F F F F F F F F F F F F F F F F F F F F F F F F F F F F F F F F F F F F F F F F F F F F F F F F F F F F F F F F F F F F F F F F F F F F F F F F F F F F F F F F F F F F F F F F F F F F F F F F F F F F F F F F F F F F F F F F F F F F F F F F F F F F F F F F F F F F F F F F F F F F F F F F F F F F F F F F F F F F F F F F F F F F F F F F F F F F F F F F F F F F F F F F F F F F F F F F F F F F F F F F F F F F F F F F F F F F F F F F F F F F F F F F F F F F F F F F F F F F F F F F F F F F F F F F F F F F F F F F F F F F F F F F F F F F F F F F F F F F F F F F F F F F F F F F F F F F F F F F F F F F F F F F F F F F F F F F F F F F F F F F F F F F F F F
  <DiscreteSampler_grid>
  grouped_processes
  1 # 1 for a reference and 2 for a running grid.
  10 # Attribute 'min_bin_probing_points' of the grid.
  1 # Attribute 'grid_mode' of the grid. 1=='default',2=='initialization'
  0.0000000000000000 # Attribute 'small_contrib_threshold' of the grid.
  0.5000000000000000 # Attribute 'damping_power' of the grid.
 # binID   n_entries weight   weight_sqr   abs_weight
    49   10   2.649859902180720E-012   6.885244568365344E-023   2.649859902180720E-012
    52   10   5.299719804361441E-012   2.754097827346137E-022   5.299719804361441E-012
    79   10   1.389361346160773E-013   1.075005150551963E-025   1.389361346160773E-013
    82   10   2.778722692321546E-013   4.300020602207851E-025   2.778722692321546E-013
    94   10   2.649859902180720E-012   6.885244568365349E-023   2.649859902180720E-012
    97   10   5.299719804361441E-012   2.754097827346140E-022   5.299719804361441E-012
    100   10   6.628978001712846E-012   4.327836321578832E-022   6.628978001712846E-012
    101   10   6.628978001713183E-012   4.327836321579277E-022   6.628978001713183E-012
    103   10   1.325795600342569E-011   1.731134528631533E-021   1.325795600342569E-011
    104   10   1.325795600342637E-011   1.731134528631711E-021   1.325795600342637E-011
    106   10   1.244607152021247E-012   1.251318530324255E-023   1.244607152021247E-012
    107   10   1.244607152021132E-012   1.251318530324004E-023   1.244607152021132E-012
    109   10   2.489214304042493E-012   5.005274121297020E-023   2.489214304042493E-012
    110   10   2.489214304042264E-012   5.005274121296017E-023   2.489214304042264E-012
    118   10   1.798670929807050E-012   2.978775910105240E-023   1.798670929807050E-012
    119   10   1.798670929806927E-012   2.978775910104820E-023   1.798670929806927E-012
    121   10   3.597341859614099E-012   1.191510364042096E-022   3.597341859614099E-012
    122   10   3.597341859613854E-012   1.191510364041928E-022   3.597341859613854E-012
    124   10   1.389361346161163E-013   1.075005150552746E-025   1.389361346161163E-013
    127   10   2.778722692322326E-013   4.300020602210982E-025   2.778722692322326E-013
    130   10   4.793922858287522E-013   1.264313369890135E-024   4.793922858287522E-013
    131   10   4.793922858288132E-013   1.264313369890554E-024   4.793922858288132E-013
    133   10   9.587845716575044E-013   5.057253479560540E-024   9.587845716575044E-013
    134   10   9.587845716576264E-013   5.057253479562216E-024   9.587845716576264E-013
    139   10   2.649859902180720E-012   6.885244568365344E-023   2.649859902180720E-012
    142   10   5.299719804361440E-012   2.754097827346137E-022   5.299719804361440E-012
    169   10   1.389361346160660E-013   1.075005150551739E-025   1.389361346160660E-013
    172   10   2.778722692321321E-013   4.300020602206955E-025   2.778722692321321E-013
    184   10   2.649859902180713E-012   6.885244568365306E-023   2.649859902180713E-012
    187   10   5.299719804361426E-012   2.754097827346122E-022   5.299719804361426E-012
    190   10   6.628978001712932E-012   4.327836321578944E-022   6.628978001712932E-012
    191   10   6.628978001713441E-012   4.327836321579617E-022   6.628978001713441E-012
    193   10   1.325795600342586E-011   1.731134528631578E-021   1.325795600342586E-011
    194   10   1.325795600342688E-011   1.731134528631847E-021   1.325795600342688E-011
    196   10   1.244607152021268E-012   1.251318530324302E-023   1.244607152021268E-012
    197   10   1.244607152021148E-012   1.251318530324039E-023   1.244607152021148E-012
    199   10   2.489214304042536E-012   5.005274121297207E-023   2.489214304042536E-012
    200   10   2.489214304042296E-012   5.005274121296158E-023   2.489214304042296E-012
    208   10   1.798670929806920E-012   2.978775910104791E-023   1.798670929806920E-012
    209   10   1.798670929806828E-012   2.978775910104476E-023   1.798670929806828E-012
    211   10   3.597341859613841E-012   1.191510364041916E-022   3.597341859613841E-012
    212   10   3.597341859613656E-012   1.191510364041790E-022   3.597341859613656E-012
    214   10   1.389361346161177E-013   1.075005150552775E-025   1.389361346161177E-013
    217   10   2.778722692322355E-013   4.300020602211101E-025   2.778722692322355E-013
    220   10   4.793922858288466E-013   1.264313369890788E-024   4.793922858288466E-013
    221   10   4.793922858288007E-013   1.264313369890464E-024   4.793922858288007E-013
    223   10   9.587845716576932E-013   5.057253479563153E-024   9.587845716576932E-013
    224   10   9.587845716576013E-013   5.057253479561857E-024   9.587845716576013E-013
  </DiscreteSampler_grid>
