  0.00238701012890962  0.01773836784860531  0.03039601693493495  0.04089494636520042
  0.05050175331875222  0.05925119970716961  0.06854215184511532  0.07775926712564782
  0.08879766764163026  0.09986046116822234  0.11116678934844325  0.12447842189726230
  0.13895567413856955  0.14806183245936080  0.15520387607007732  0.16230398017797881
  0.16926284784065979  0.17634537383026627  0.18394439083866571  0.19361189094698539
  0.20216654519787144  0.21000452257855007  0.22007195194836801  0.23067762867726477
  0.24191659765794851  0.25406560618560464  0.26765838320254426  0.27944393770235415
  0.29102076864394627  0.30334062250519256  0.31675576095907210  0.33075174585073164
  0.34483348922417040  0.35625355595340547  0.36710664104577362  0.37885337391980600
  0.39330066174521905  0.41032620982782020  0.42600258787082540  0.44048813759288774
  0.45278932613259820  0.46188615565826990  0.46964819735776303  0.47557773136411996
  0.48299906329873021  0.49022737619959017  0.49975611220889260  0.50745125501650756
  0.51430670852883209  0.52081099566197087  0.53008164770381239  0.53873647097558364
  0.54895870551111248  0.55838528060238946  0.56693944168339672  0.57526402268200594
  0.58239272409510789  0.58811445484477076  0.59451938309049135  0.60076551617349383
  0.60846690199864495  0.61883969176726827  0.63059976241530924  0.64359498470495269
  0.65507460315941757  0.66769539297697489  0.67948333490601054  0.69308665641671041
  0.70481485661224341  0.71571413969542874  0.72666603397714336  0.73721210195643583
  0.74776670753990293  0.76198921050322932  0.77399532948285410  0.78448923970054385
  0.79452840635648136  0.80512815841742280  0.81609055727345858  0.82694073050381800
  0.83760234353842145  0.84819901277837584  0.85991204955751654  0.87204142337036361
  0.88634495842638250  0.90146749663258474  0.91725123822628929  0.92900898735710125
  0.94045166658758539  0.94940148073525787  0.95914875140502265  0.96914129195384646
  0.97955508722376605  0.98663677762003954  0.99214501323601723  1.00000000000000000
  0.00949749845081315  0.01586323212427635  0.02747946962385297  0.04162279523595979
  0.05425007601936914  0.06626160878469162  0.07843366072425556  0.09250743110441891
  0.10482053674745263  0.11515480591340664  0.12343314809970496  0.13103062718126751
  0.13896538719313237  0.15277891856630743  0.16940287666958725  0.18631094261383921
  0.20062705469618863  0.21310902878587154  0.22446895024104485  0.23555523822000643
  0.24682688547388523  0.25803553048555100  0.26950845478604024  0.28095451219624779
  0.29432715468323717  0.30625358113194867  0.31705031690067864  0.32901695845919782
  0.34083629999727849  0.35201039513073124  0.36349127189992986  0.37379279377800845
  0.38247339276733144  0.39080413101371880  0.39751439450119846  0.40382724116755542
  0.41235857125896314  0.42293120910101722  0.43189051573033621  0.44048218369149578
  0.44996012564811488  0.46040073367149909  0.47092342039130142  0.48255319336411229
  0.49386324998405423  0.50618083481584975  0.51900599458251440  0.53381229487064774
  0.54677807642557386  0.55712555954560383  0.56838052305885811  0.57864113689218521
  0.58704754693191097  0.59403712378145546  0.60104297087022540  0.60741890921960484
  0.61160847561107934  0.61616598383020538  0.62109861487022533  0.62656448947355781
  0.63347121196637268  0.64114429103738058  0.65008510217407667  0.66093974441455072
  0.67349878729416091  0.68925587273423417  0.70210157883275826  0.71311380486954834
  0.72346639401491908  0.73378568076691575  0.74472227209734654  0.75572824143519413
  0.76573181078427055  0.77529693627868335  0.78388260692288014  0.79236003212060657
  0.80093732934825301  0.80974947184870061  0.82059296726994924  0.83210929091008057
  0.84328496671125386  0.85309045465930033  0.86257265461392174  0.87289383831191814
  0.88432592264151855  0.89838986660065434  0.91066267321594596  0.92297863234922362
  0.93476789387364800  0.94573445105588871  0.95720894142550139  0.96944199103999462
  0.97867501485117891  0.98532079648312221  0.99028049990766231  1.00000000000000000
  0.00020669334920496  0.00021563005404186  0.00022548889217660  0.00023400524697443
  0.00024309881887513  0.00025169030307721  0.00026036956215280  0.00026861243644481
  0.00027685969616281  0.00028497596875520  0.00029272797719239  0.00029954239167122
  0.00030670909576384  0.00031419974748399  0.00032204564596472  0.00033146945027319
  0.00034107233444686  0.00035183796191873  0.00036296168386635  0.00037326254880234
  0.00038424143358280  0.00039582502935845  0.00040778413317298  0.00041950023493406
  0.00043221868724482  0.00044302259189144  0.00045287154909363  0.00046213369848599
  0.00047107243618732  0.00048166797103941  0.00049151493533530  0.00050262380033677
  0.00051423267860875  0.00052800422024139  0.00054438136690932  0.00056442499770549
  0.00058596891416691  0.00060821589364614  0.00063226641858515  0.00065870682114677
  0.00068252957402154  0.00070085063577098  0.00071919839279475  0.00073938488385894
  0.00076124293457760  0.00078354651063426  0.00080609326996351  0.00082644512113304
  0.00084428527772968  0.00086341879966970  0.00088561553626599  0.00091124563331342
  0.00094434336877015  0.00098294293998956  0.00102084829727475  0.00105715914098733
  0.00109097729060349  0.00112540113265224  0.00118286004669158  0.00124925075356720
  0.00131068786030702  0.00137723329192217  0.00145368500130894  0.00154445964603266
  0.00165872815291413  0.00177520185769753  0.00188464765932392  0.00201041137083227
  0.00208376143282214  0.00215607546761730  0.00223467139351051  0.00232299410728908
  0.00249948981067809  0.00271077901019340  0.00294099860622953  0.00313839805429984
  0.00329413988759580  0.00345370155913264  0.00366684792059776  0.00393066199851735
  0.00427092220377135  0.00471461240009430  0.00497167173459884  0.00525178505138977
  0.00542273688633011  0.00560696477509769  0.00582495223617910  0.00603821305343410
  0.00624874677616081  0.00695966814207504  0.00818503311397607  0.00929538907951151
  0.01102219683665895  0.02020733570887462  0.52894474103824807  1.00000000000000000
  0.00218223968714949  0.01509574611099769  0.02825191663217177  0.04334949625627416
  0.05695879215435148  0.06669050988708390  0.07302780759814508  0.07994528372603087
  0.08948530106857139  0.09958207889236584  0.10726117665354755  0.11427142301243871
  0.12357955614731797  0.14023942858607416  0.15799759650067163  0.17274649077368773
  0.18144576610253613  0.18835710006388304  0.19507917282245812  0.20183005702425358
  0.20975158283647566  0.21796836488328489  0.22664644291573480  0.23688056332423016
  0.24829995862236992  0.25819599670664584  0.26736252764878737  0.27805939355178866
  0.29055581005421449  0.30456772735480292  0.31813881679735589  0.33025855132614251
  0.34036946596003081  0.35012656355475558  0.36029069244491829  0.37121899340919773
  0.38257693328628845  0.39470317912628350  0.40586538239642872  0.41575612161674042
  0.42561991802347315  0.43711025412554261  0.44994864896128617  0.46047998645722021
  0.47036785100104256  0.48064303913444173  0.49201323900173111  0.50404638030058768
  0.51434577755898536  0.52272719179683924  0.53049324969823530  0.53885608353989223
  0.54880993841312686  0.55901916524699446  0.56819792750432196  0.57645263403261748
  0.58568526260004405  0.59695721177676608  0.60780763607501753  0.61713642484242903
  0.62572762467841359  0.63428959954440689  0.64517085201646984  0.65633325434884815
  0.66566070727354187  0.67465363710472914  0.68429198988774809  0.69615938759307772
  0.70661511496041329  0.71617125732856868  0.72510797577482633  0.73409840201871668
  0.74344812999582544  0.75303857368486549  0.76243384978466300  0.77106274622159376
  0.78145187127011173  0.79222375931031719  0.80412062385261074  0.81674525941212450
  0.83010305692350728  0.84312097289828436  0.85672490321332118  0.86920297160363014
  0.87937332034865190  0.88861431027833637  0.89760305037210453  0.90744161640169352
  0.91589190903580908  0.92544315186611426  0.93557072450863976  0.94554290069477043
  0.95541716833861456  0.96614844639013542  0.97914093304664818  1.00000000000000000
  0.00002202658651597  0.00002828763360629  0.00003315352110636  0.00003691861443001
  0.00003763945117264  0.00003836028791527  0.00004033044515816  0.00004178300579794
  0.00004293997285267  0.00004415296325953  0.00004538677800662  0.00004665545170635
  0.00004812704707650  0.00004976284230146  0.00005127242114980  0.00005267708368170
  0.00005400235247701  0.00005535423778705  0.00005674581496289  0.00005837358027973
  0.00006022334819211  0.00006205557552140  0.00006380124438961  0.00006550621668680
  0.00006716691261747  0.00006881529932524  0.00007034193279539  0.00007183579056909
  0.00007356420452540  0.00007544462027644  0.00007724730796185  0.00007898201050785
  0.00008079608555753  0.00008261112211447  0.00008425265692957  0.00008602381026884
  0.00008780594944996  0.00008985090262674  0.00009191433217154  0.00009412518511102
  0.00009645680700915  0.00009841538467948  0.00010029868384743  0.00010213952922050
  0.00010421802816166  0.00010645133667854  0.00010927149203969  0.00011283343036922
  0.00011672460548389  0.00012024616489960  0.00012410113083727  0.00012764835931668
  0.00013101341193588  0.00013414068826454  0.00013680652014380  0.00014006262244492
  0.00014349014654915  0.00014741446743540  0.00015167246122446  0.00015599192031044
  0.00016035857653107  0.00016467859777011  0.00016921202711456  0.00017457894605736
  0.00018010498487576  0.00018602460481392  0.00019259899475061  0.00019987010464268
  0.00020765323942681  0.00021410086574909  0.00021872677963626  0.00022343507336432
  0.00022833000925958  0.00023435971972163  0.00024081121986622  0.00024766025198061
  0.00025489190511257  0.00026628388928842  0.00028221452610536  0.00029676321945444
  0.00030786370728135  0.00032244923618088  0.00034274316893029  0.00036619515636471
  0.00040261346867953  0.00044998699567943  0.00050720079050771  0.00057139423094120
  0.00067811681783847  0.00087936667409398  0.00102897739054955  0.00129560508831275
  0.00167766330289905  0.00242995725558071  0.74252027077925720  1.00000000000000000
  0.00019406357997240  0.00020301463721220  0.00021147862841275  0.00022411243432254
  0.00023459050289974  0.00024600917786870  0.00025716183043757  0.00026899497307238
  0.00028109151992538  0.00029234767120994  0.00030400503871692  0.00031604191280724
  0.00032791049576244  0.00034013664608875  0.00035295102138667  0.00036731141936217
  0.00038389132802801  0.00040222342547445  0.00042235588144436  0.00044448874791892
  0.00046848866993281  0.00049339548149488  0.00051572741537803  0.00053709273188515
  0.00055842155810973  0.00058353026812019  0.00061406753256448  0.00064620553223746
  0.00067651565307402  0.00070826466205793  0.00074316901385005  0.00078401282454062
  0.00082180497238552  0.00085527391394421  0.00088492742667992  0.00091559540036050
  0.00094932818915780  0.00098627349185958  0.00102725386025427  0.00106480137244342
  0.00109593523459153  0.00112291908645811  0.00115241982846909  0.00118462060248548
  0.00122620977768485  0.00126921597575286  0.00132676046152407  0.00140101578157041
  0.00149148991126713  0.00157910732836740  0.00165841704971212  0.00172589373429536
  0.00178785187206673  0.00186975232784034  0.00194568652032148  0.00202649433953264
  0.00211808905379889  0.00221353358421455  0.00230534987521957  0.00239633551455907
  0.00250022931430180  0.00262614475834503  0.00277355182114858  0.00290380718153106
  0.00302388606392771  0.00311457253049564  0.00321290891121714  0.00333902768575448
  0.00349386826396418  0.00367178400921874  0.00390037455560740  0.00421699674197686
  0.00445095045744033  0.00465351671160499  0.00485703612174063  0.00500584284115660
  0.00521888744386777  0.00546155487639834  0.00566329559333477  0.00589630416207339
  0.00629498399640497  0.00699983283076655  0.00788022775765767  0.00863772386383772
  0.00984725306889893  0.01201921276528382  0.01536077304733520  0.01975246984025210
  0.02461582045390718  0.02950717764751738  0.03261824154650361  0.03545535751222122
  0.03634330348323118  0.03920472634218022  0.79262814660522452  1.00000000000000000
  0.00000671668308001  0.00005246868921945  0.00006262208881894  0.00007126064326002
  0.00007944307267504  0.00008919269870548  0.00009832587854029  0.00010595009833299
  0.00011271255142665  0.00011932152834420  0.00012625470973714  0.00013354728420096
  0.00014298828193281  0.00015245175838216  0.00016266175384988  0.00017276934903855
  0.00018032241537105  0.00018677220402466  0.00019310462622169  0.00020050815134634
  0.00020729433221763  0.00021371826244687  0.00022012535992506  0.00022669499519927
  0.00023511663209830  0.00024410687631134  0.00025433672408836  0.00026556777724927
  0.00027890041474318  0.00029431580892241  0.00031068596567953  0.00033011443783853
  0.00035194871417657  0.00037300304890937  0.00039512846610611  0.00041740167464767
  0.00043827150536924  0.00046174662939106  0.00048692334667338  0.00051436855198609
  0.00054144983252408  0.00056796534975984  0.00059139766080742  0.00061666333636126
  0.00064575821794403  0.00067561044218289  0.00070398827572651  0.00073084616533772
  0.00075798147154796  0.00078528675864795  0.00081832786635619  0.00085551283235700
  0.00089203829539626  0.00093872839174367  0.00099429251165828  0.00105210630884047
  0.00111136137712470  0.00116941159710665  0.00123094880184443  0.00129806756161626
  0.00137173897050273  0.00144802617683705  0.00152250014528074  0.00159459106584643
  0.00166667726626375  0.00174915270867866  0.00185580198803854  0.00198068458537171
  0.00210229954809322  0.00223909145154595  0.00239908899766555  0.00254545351533440
  0.00269399923853431  0.00288260744901583  0.00307686485336340  0.00323749566149409
  0.00338481266909066  0.00356796843842082  0.00380187182690306  0.00401894269289441
  0.00420760702907336  0.00440645652328971  0.00459197309874754  0.00474845715255247
  0.00501021149718633  0.00531134531997495  0.00568989560237069  0.00621668958883067
  0.00683898640714810  0.00742395833878293  0.00807606725775519  0.00904499865434160
  0.01095098874253692  0.01367901454587481  0.02062471048766231  1.00000000000000000
 -0.00531120135312502  0.02730932190840205  0.05269701082182479  0.07269909201372475
  0.09130043830439587  0.11396221275305829  0.14034953486991444  0.16089280945337070
  0.17600325915741741  0.19125959503283926  0.20786489288385082  0.22503504311770839
  0.24232853091915585  0.25655613668188160  0.26996220409183896  0.28095540590977452
  0.29090658919077483  0.30076720852652594  0.31069522019631862  0.32356588810391979
  0.33803045877575233  0.34973207516628740  0.36258512228411277  0.37498388891463968
  0.38763951894859705  0.40035932081249515  0.41157532822078802  0.42511346981761389
  0.43908547570787504  0.45355823251074079  0.46455025869024541  0.47442681667719766
  0.48579751899490009  0.49917579089411446  0.50733926533544860  0.51305580419354102
  0.51820023953530925  0.52395759556767441  0.53126266730919491  0.53944267933502810
  0.54786669694164969  0.55617044777454061  0.56335311357805740  0.57425809250362359
  0.58465741842837260  0.59459484988356059  0.60497944852673047  0.61482351533472313
  0.62174201466153689  0.62773547228566295  0.63328977277410048  0.63868204546454788
  0.64610226475663379  0.65386816834912009  0.66256631028423973  0.67169242631795822
  0.67968638232788381  0.68620200248689422  0.69207192136733764  0.69922375600375319
  0.70596861059613814  0.71469465254372677  0.72481858988666603  0.73501137406785633
  0.74653849735035227  0.75424290418291740  0.76128198545342529  0.76745934793692672
  0.77404808583160378  0.78150595238423182  0.78971148817070158  0.79700132566133897
  0.80361654617190015  0.81087362089942683  0.82233924745466669  0.83497671837231147
  0.84575064536553757  0.85510347517419238  0.86415179334298553  0.87371432922343983
  0.88303978180225584  0.89193536996085787  0.90004148856243127  0.90718500624441856
  0.91405787363337276  0.91964426952277500  0.92545598329486733  0.93206424803911003
  0.94065783348603438  0.94925501386186717  0.95681030895996477  0.96336696262082278
  0.96966784629667757  0.97731151189411591  0.98897613712343502  1.00000000000000000
 -0.00320946280024295  0.00993734055064878  0.01995567202538713  0.02744987919902795
  0.03390499776270674  0.04129622864081893  0.04984453722038362  0.05749488324353078
  0.06522040792750938  0.07402169696556705  0.08628756787694998  0.10209225065855584
  0.11780688543159372  0.13067122094502748  0.14197009856094994  0.15350964023137109
  0.16435966211482783  0.17477502909472573  0.18741271196971068  0.19892587869919753
  0.20941295880008226  0.22103637300347545  0.23266561941390212  0.24599347336679606
  0.26012718965235976  0.27392127526807192  0.28693687817499985  0.29966353842898508
  0.31380469229795838  0.32385738924593516  0.33284847264120576  0.34184025627145126
  0.35133001969825928  0.36160533257322358  0.37075782540122060  0.37994161735391407
  0.39148123405012758  0.40316411023423071  0.41464410912327693  0.42607688428495510
  0.43731476397583180  0.44713622551607402  0.45614446694925170  0.46559186711002692
  0.47616874272765458  0.48758174889020922  0.50107464281280167  0.51300237389719161
  0.52183641140039672  0.52822668252142724  0.53471946075634558  0.54103692105299861
  0.54976274803923875  0.55693857001447278  0.56448980165353413  0.57500099954691775
  0.58797632738836303  0.60005322080250778  0.61026437082567186  0.61994784519866342
  0.62936411700215333  0.63958884094983504  0.65164652027122449  0.66229864800506266
  0.67208833678931801  0.68146940065055972  0.68965268937110324  0.69969980169183799
  0.71071755895557376  0.72375040329587725  0.73704627283506663  0.75044405135725822
  0.76352204437533067  0.77517857196225048  0.78543018600004066  0.79692827254795207
  0.81014060955886746  0.82331440556796787  0.83446397163854658  0.84865799380774465
  0.86057391824103713  0.87179765520433095  0.88079784151209140  0.89016732274985588
  0.90025037850795842  0.90862323957789659  0.91419648016855282  0.92055625080269055
  0.92863332662657849  0.94053268552734648  0.95302455300704303  0.96250021890575554
  0.97192314270372815  0.98218983695582185  0.99142979991051372  1.00000000000000000
 -0.00253571309819591  0.00917915627578316  0.01890948623489842  0.02638899482948453
  0.03353430704213686  0.04155497133718331  0.05174148619025988  0.06457795464271060
  0.07965596685689871  0.09282228380655402  0.10423252500635415  0.11544285528524907
  0.12590196679173341  0.13564846777191367  0.14579986682210730  0.15576436761383838
  0.16644558681913227  0.17617339077593988  0.18319175218410497  0.18926680480477392
  0.19549378804538187  0.20246238755620177  0.21014902895155158  0.21797355166034002
  0.22581604391088506  0.23330510105806707  0.24199893262224056  0.25107338044804173
  0.26231481114522687  0.27505687516288302  0.28703102316333345  0.30159385334212457
  0.31688035771956580  0.33280464268410098  0.34531563510965746  0.35602342894352229
  0.36724639482203186  0.37739182805733190  0.38446583340401741  0.39109649324698958
  0.39883763001268274  0.40776495755910797  0.41714677452828114  0.42455521618996522
  0.43150665726780629  0.44102923665787835  0.45411578894243054  0.46647293768067227
  0.47667805124186330  0.48611085057954417  0.49525071442039909  0.50425055036706201
  0.51192387286468155  0.51988922935305304  0.52791947456920696  0.53634239735683376
  0.54414281729972125  0.55238698388117657  0.56277904591701011  0.57777363428847106
  0.59389591380317985  0.60787943354815677  0.61849705027723789  0.62926524676942885
  0.64190131285098406  0.65465205202262156  0.66452553715487017  0.67450463836558028
  0.68494804554209188  0.69714156211440725  0.70942266255738673  0.72152881881332609
  0.73620619723017633  0.75046732403042171  0.76381786877110225  0.77551070027586055
  0.78551074379790808  0.79473794625344896  0.80404637650882538  0.81411253020774066
  0.82816935532134650  0.84040441010622213  0.85141326344574320  0.86174104696474663
  0.87499561647397639  0.88643432952686618  0.89847772911772539  0.91231504726574975
  0.92607368916819433  0.93677074022500328  0.94629423647011168  0.95521203267915444
  0.96554910966900498  0.97639665370059192  0.98745504164880493  1.00000000000000000
 -0.00450926369666714  0.01927975546704466  0.03583628444486205  0.04912140242744212
  0.05934409957017116  0.06907325158366828  0.07838872879784324  0.08718882199231616
  0.09605744394591037  0.10702829374425189  0.11841572371054786  0.12878896555002844
  0.13940638036385103  0.15008298134582929  0.16262016169222401  0.17759454797273735
  0.19226066810552198  0.20278328651909092  0.21209926986120525  0.22182124717851356
  0.23337296507740082  0.24655098437826140  0.25980594961828435  0.27246361572199868
  0.28444925293610995  0.29652609030499177  0.30886434916451933  0.32068403269436424
  0.33095792121705547  0.34106001324700641  0.35159232865731338  0.36255947273226896
  0.37456576071175501  0.38724236565210379  0.40139791674162179  0.41434248232803933
  0.43142401469143404  0.44728224726562199  0.45968184756674335  0.46833088811518769
  0.47741031662208350  0.48637175748336753  0.49408590521370988  0.50202320856548721
  0.51137281312295180  0.51807978313962932  0.52610983794393307  0.53594025860420713
  0.54655208932545785  0.55631389332893666  0.56523525612810810  0.57450160511717818
  0.58752325930722360  0.60098653201482621  0.61235114272261382  0.62216358858416132
  0.63071343592033091  0.63892695435821123  0.64866388641032946  0.65698559027816950
  0.66373146798083793  0.67102221384701299  0.67869260600219361  0.68768864554425246
  0.70046846683167041  0.71309375348449833  0.72663800410614043  0.73970925201312043
  0.75406423630331088  0.76861593368370518  0.78111995951847280  0.79152955906430456
  0.80177355145537599  0.81214904384384257  0.81906228933971326  0.82548501681631159
  0.83113331683332892  0.83744918132907720  0.84400176618870448  0.85155358457238772
  0.86034398449948990  0.86819468720134907  0.87656827529886072  0.88641256963468595
  0.89589796626449114  0.90378347329231723  0.91217108814545578  0.92182672807315535
  0.93220014204163060  0.94248104091348717  0.95252804686849912  0.96185543757185032
  0.97022124071270488  0.98029961103684859  0.99006566756415004  1.00000000000000000
 -0.00471785713549384  0.01220567884470688  0.02719311539640158  0.04085798354548727
  0.05900356515435639  0.07035708507149052  0.08024349873725002  0.09028037926476497
  0.10387303034313063  0.11815619754719864  0.13036806881706761  0.14163433281361196
  0.15163735116814997  0.16096007454855155  0.17251505997636507  0.18364585119498672
  0.19314341149711453  0.20270209060726649  0.21438822140050828  0.22796546429863440
  0.24171234683949566  0.25431797965360858  0.26663238862204303  0.27784330336647145
  0.29104765401653565  0.30054177503143348  0.30827544139684177  0.31569023863407930
  0.32172932298356954  0.32793658478616211  0.33495341344351220  0.34310540423372504
  0.35213585517974344  0.36126057463825589  0.37004723821466501  0.37972824613582146
  0.39276135052985051  0.40347431984956811  0.41158783824007150  0.41952589327778411
  0.42722456549632770  0.43534806289738992  0.44479381684224656  0.45451056454707361
  0.46499212464180079  0.47559337805418289  0.48548378738869119  0.49419954596953086
  0.50110619663323186  0.50702272535778126  0.51345622054265949  0.52081386242869721
  0.52847075935873744  0.53646845398905429  0.54491685434969905  0.55349004675274249
  0.56075937318053626  0.57163679493217878  0.58370858631538436  0.59470533084847477
  0.60511413278909898  0.61577609120606114  0.62609041791936726  0.63665826910982470
  0.64747550469341753  0.65692892085319698  0.66482323840259960  0.67214777233707568
  0.68066630558505825  0.69017096768144193  0.70089702802161857  0.71129503147743645
  0.72196685487052226  0.73251167686627472  0.74347698993555322  0.75409151788690809
  0.76487725803983964  0.77641354943365326  0.79092004022073281  0.80595517060578747
  0.82175543128386241  0.83582815051115700  0.84692303938787694  0.85880962311513820
  0.87011061758168540  0.88143187862013950  0.89210741437089891  0.90173469036591491
  0.91050154631151903  0.91907779132269052  0.92790164167956846  0.93692096364057709
  0.94795414400139688  0.96153766626734971  0.97537942638967545  1.00000000000000000
 -0.00212239435803434  0.00634291866210536  0.01289579331299998  0.01896274396206082
  0.02545463426327752  0.03275505710873392  0.04355586722837862  0.05679499677548114
  0.06898350628792634  0.07880013282878096  0.08861920810960118  0.09826678669424269
  0.10664672447749404  0.11427078507312997  0.12182977731105571  0.12900988819129691
  0.13698175230779791  0.14579198491938469  0.15527221224083615  0.16580293827375386
  0.17409740482165970  0.18278106563266239  0.19233847408547816  0.20275969100210814
  0.21263264699513254  0.21999561973606030  0.22767081638526629  0.23691503685188864
  0.24714596037770328  0.25737278693626398  0.26694482726751811  0.27767621468961062
  0.29009599481679066  0.30279011441398385  0.31714214453905892  0.33142162645586432
  0.34384009012398764  0.35506285349216615  0.36639187539175688  0.38106330849967157
  0.39781913725634349  0.40919220280749879  0.41999546159729112  0.43212780035817572
  0.44647623854722873  0.45956645646026967  0.47052717435937247  0.48031010466049889
  0.48949520505296412  0.49837290124390998  0.50754295191771526  0.51691507331749964
  0.52710805627163360  0.53882654304015987  0.55253419810950877  0.56827859757955346
  0.58166995645824582  0.59127163812978012  0.60078622500089973  0.61043496458171687
  0.62288779663002813  0.63959608838231385  0.65630915074665253  0.67161681016128982
  0.68569775246389464  0.69898595501776251  0.71299584730078147  0.72752757546158087
  0.74036505363529803  0.75134357878899283  0.75889312130644948  0.76543953697332001
  0.77214497724539843  0.77831169083115770  0.78555387228209494  0.79314610983607359
  0.80101509874197729  0.80753296614352399  0.81451562749817263  0.82267113125150060
  0.83193415089775280  0.84302004278251330  0.85656939250958863  0.87018237522297193
  0.88335515811966936  0.89534360566793081  0.90395721919960015  0.91125538289988706
  0.91794752148335002  0.92508821328148083  0.93520026434560177  0.94678611393686618
  0.95991104346594136  0.97439658942326135  0.98751320077697247  1.00000000000000000
 -0.00392878628000960  0.01970221556404045  0.04309756816575798  0.06456848495887565
  0.08544276925384678  0.10320166761274394  0.12294134378678864  0.13944564111537974
  0.15288022943108259  0.16613715222651490  0.18247530347328769  0.19744271305264469
  0.21146543206148083  0.22683617360538749  0.24363784768009880  0.25525664429468131
  0.26304775262980573  0.27111981491057674  0.27802442259457721  0.28348048829611600
  0.28919199095979686  0.29540673216336982  0.30237710986426752  0.30970348222427324
  0.32150178158663778  0.33553943165097833  0.34878490676798152  0.35764356962508659
  0.36561150482318178  0.37338738886780048  0.37985771947421682  0.38670852539393535
  0.39444801068356811  0.40110503992082452  0.40832025764786994  0.41695381435590217
  0.42622622136315386  0.43568210872318774  0.44610326759666280  0.45819477913689050
  0.47181562846072211  0.48500887833651057  0.49756154430988470  0.50942173774817645
  0.52086253312956088  0.53154781224321879  0.54037181653105371  0.54792535232524775
  0.55509610706740631  0.56271152974776129  0.57152913264735328  0.58289739299384580
  0.59743324364836603  0.61082451536710192  0.62089182756044681  0.62868104860112051
  0.63620946460677053  0.64406326528789315  0.65198660777040596  0.65964815353791562
  0.66754708680468178  0.67555509527039992  0.68344909808836662  0.69150553828023698
  0.69980179141535148  0.70859716629535330  0.71637392976802650  0.72515193933612221
  0.73106378475639766  0.73778086362464479  0.74473897663341282  0.75170312037008247
  0.76028789117202955  0.76827380667415945  0.77550664164612126  0.78255825134433665
  0.79099606799768329  0.80284114957275787  0.81673016903895290  0.83084800990826213
  0.84498141863018095  0.85690568125617916  0.86518851552562204  0.87377397019713865
  0.88294474426592717  0.89245857842349663  0.90256419747852856  0.91204456294933900
  0.92247522962219686  0.93236187766127021  0.94209187526941385  0.95097396248312394
  0.96007543543257334  0.96988808721381159  0.98285042628279318  1.00000000000000000
 -0.00280035601482199  0.01136315910179485  0.02232203551837886  0.03338123181387718
  0.04564735596823441  0.05847078781161098  0.07110907392648307  0.08082241817151106
  0.09016365038523307  0.09973148295996659  0.11135098217307172  0.12023821834309005
  0.12761459051131338  0.13470648042462866  0.14260782329539640  0.15315554407165641
  0.16553787000088713  0.17676081872043142  0.18735957886979407  0.19755057305424684
  0.20689553909311906  0.21697821586464491  0.22787304935151678  0.23884096455430967
  0.25180646210441499  0.26506283409132581  0.27804828858947800  0.29466457197789475
  0.30729915537374836  0.31754649758176562  0.32544102619345255  0.33245704763651840
  0.33851864969579426  0.34398691402027470  0.35015736470584469  0.35633898154647192
  0.36437968954567912  0.37208680483839945  0.37999701699683591  0.38768649418976497
  0.39635572100322725  0.40946809430904413  0.42548323903964108  0.44350775973871726
  0.46069507117799591  0.47651072436666647  0.49059916973652545  0.50244270198745489
  0.51268981482245535  0.52295539910468747  0.53225748897706637  0.54237370729523471
  0.55350610504581044  0.56629466358619196  0.58158661489228536  0.59312556549179396
  0.60211013213840570  0.61133416362516035  0.61935702521224578  0.62822037732683500
  0.63808899449523859  0.64883939126233448  0.66216404454923961  0.67604984098086962
  0.68988002631303114  0.69772968325355211  0.70632494629777243  0.71539702503859737
  0.72700101496439806  0.73824206026201500  0.74730127546709491  0.75611502935344810
  0.76457751960622744  0.77245229157363560  0.78038383609726969  0.78922154989139437
  0.80180370352505814  0.81703346994288151  0.83015410352710495  0.84140449676601081
  0.85224288424595074  0.86380104185999729  0.87492745968747321  0.88472400404685814
  0.89397692085992764  0.90438686707264115  0.91700105548709043  0.92747498127372863
  0.93820371224011034  0.94790243297629928  0.95603397026590442  0.96426377311498501
  0.97281337513826105  0.98289033629610911  0.99182092415952439  1.00000000000000000
 -0.00228409371394815  0.01013949438109343  0.02143046906486226  0.03277136032808474
  0.04786711667583533  0.06360370043948596  0.07924010999744734  0.09329583363965660
  0.10502760536791474  0.11654455929521654  0.12869245166494847  0.14066370888534341
  0.15264879344478458  0.16477644450827580  0.17650161716739923  0.18818745242926038
  0.19877436953451572  0.20776504019649925  0.21712189264402765  0.22567478430379528
  0.23447404475955083  0.24404961877490233  0.25341176439889812  0.26424432200788223
  0.27559044003172217  0.28653101583531360  0.29773683211866164  0.30825516555098276
  0.31865454794871501  0.32906750153093628  0.33899020811319125  0.34972815248915862
  0.36120386388982934  0.37251418018511773  0.38670171955107524  0.39955008505330369
  0.41172635661940821  0.42401123898763016  0.43830511818294587  0.45275444618552019
  0.46494881526374360  0.47428832670189880  0.48400395080190989  0.49373163990539193
  0.50679333693963402  0.51878581724262196  0.52819579818137319  0.53661970410455018
  0.54356753137729474  0.54967045435269013  0.55792393282619945  0.56677140934174530
  0.57413981064112285  0.57972351754948326  0.58550829788150383  0.59301922920201133
  0.60115849342139782  0.61088867437293282  0.62233325673543438  0.63356422830957082
  0.64468835693211390  0.65398132690565425  0.66357499405017417  0.67207598076114050
  0.68099621031715052  0.69172302127554552  0.70044282876740305  0.70687018467011564
  0.71288285504587912  0.71934230227669871  0.72730898999839177  0.73832792078106602
  0.75259825031846439  0.76789046051021403  0.78452150488183958  0.80055257277608172
  0.81575366144442374  0.82935621443100394  0.84129946063523353  0.85306252951851957
  0.86390621741620877  0.87259143522348315  0.88191159366779703  0.89004379000437794
  0.89739521440644932  0.90608340916470009  0.91526282989115237  0.92581067995461064
  0.93650996392060326  0.94630930998953555  0.95619495071349525  0.96503972741152122
  0.97462897628798684  0.98488862673234645  0.99253732587135080  1.00000000000000000
 -0.00151639970565372  0.00853454283829213  0.01855146708978826  0.02913612300817059
  0.04044568417693922  0.05122851716024054  0.06003768528855340  0.06780891866646795
  0.07454504705145300  0.08200021352219786  0.09039470031067970  0.10075418981094843
  0.11420967245377633  0.12964663543508761  0.14330388249848180  0.15501102051746016
  0.16564545596061228  0.17541321388482972  0.18482557785107423  0.19380313833454041
  0.20287806059059182  0.21223354616665141  0.22167927742324342  0.23172517719868369
  0.24311450305322724  0.25282158509337510  0.26098756756760533  0.26946798294606655
  0.27881100068198889  0.28976828190739229  0.30290636441643348  0.31405437550208126
  0.32327433378118031  0.33026577169714849  0.33717042158552407  0.34433967129052301
  0.35347762454097731  0.36267708812802851  0.37035626111194364  0.37992429416827977
  0.39163287393481272  0.40434215155889686  0.41796006627847748  0.43042627838525460
  0.44053465029503580  0.45041166719863102  0.46046743570392967  0.47033404734617829
  0.48010007687517836  0.48716354865196521  0.49523134727876478  0.50412981456996320
  0.51177893691318410  0.52035727286410516  0.53023559549841348  0.54093062129682867
  0.55184728575272224  0.56391458268885897  0.57813578610737126  0.59253251330903434
  0.60573029501773124  0.61980249963081901  0.63264895998572923  0.64628233731941964
  0.65947583551840805  0.67239920215573479  0.68507156706341921  0.69998589054244753
  0.71642181310755548  0.73033426451102890  0.74027070019940344  0.74753850339003336
  0.75497540668974539  0.76222249488923000  0.76911605806494099  0.78184095713378166
  0.79629231879616613  0.80886503543546895  0.82145988252673896  0.83462727448858853
  0.84810966134641608  0.86031946222531042  0.87185758223938203  0.87903279808775059
  0.88715997623842258  0.89576582301735352  0.90646673083898177  0.91630616660053088
  0.92461851438934084  0.93299055444665080  0.94138757487282809  0.95287292671621704
  0.96442999323597811  0.97596780417779372  0.98732609061567178  1.00000000000000000
 -0.00248322358016573  0.00957423531588271  0.02151060326164518  0.03538191248183656
  0.04696293966186693  0.05607425316271912  0.06553726989208847  0.07604220268732995
  0.08792675706707061  0.10185445266422753  0.11520073081114710  0.12665805046500372
  0.13763051396183154  0.14904143087873953  0.16095512242070006  0.17217120438308700
  0.18208076107730217  0.19157174703952762  0.20180431205212196  0.21447458506941555
  0.22788451239666285  0.23946245026981433  0.24979548422377676  0.25981760596457576
  0.27112842669698001  0.28299339795054856  0.29534542806784780  0.30694634490062273
  0.31531986989958860  0.32288252306620829  0.33005232144246049  0.33663002201552217
  0.34234584599773960  0.34783262889764960  0.35449710847914812  0.36170730831583886
  0.36953964999019551  0.37783375143525127  0.38568420114604396  0.39415786465736657
  0.40339850578901965  0.41278943467137341  0.42195091991861439  0.43087806483835717
  0.43712280805724874  0.44302555219040851  0.44926622009273265  0.45585195904680492
  0.46424210602392146  0.47349476555486142  0.48249333480945772  0.49120120337696416
  0.50047070874400990  0.50868203418886804  0.51556434397170481  0.52228658907001368
  0.52870843251465149  0.53577056714010451  0.54304858352875007  0.55113988100288169
  0.55921515814057010  0.56628795313023739  0.57217995576918534  0.57763079188301392
  0.58455625245184017  0.59489238359884755  0.60581959517887074  0.61676480266106670
  0.62779495675059460  0.63968545803859422  0.65279522780657517  0.66569911366789369
  0.67671884596020726  0.68717949706905412  0.69823089208266398  0.70913229766252195
  0.72039547847557761  0.73216546621506218  0.74343938827704859  0.75554208927854138
  0.76884463034345496  0.77961990771520562  0.79146238884529696  0.80522142007208275
  0.82138704694021947  0.83682896643542082  0.85029237947590053  0.86368792464354072
  0.87820024370694050  0.89551160422392395  0.91737827469567945  0.93987772948634474
  0.95864260096306941  0.97431671182161805  0.98720614603067625  1.00000000000000000
 -0.00355468029721996  0.01290714805504245  0.02744892805623568  0.04457986490704482
  0.06184566857786157  0.07721109607770026  0.09311434970001818  0.10981021228354881
  0.12276838239354070  0.13286331701782977  0.14235307717821660  0.15162313255423762
  0.16075556352230314  0.17221958437992488  0.18689278176315285  0.20107922437166303
  0.21372802690049064  0.22551732475981423  0.23797457681740938  0.24978432520398294
  0.26040998740368593  0.27001365358851015  0.27796759781533059  0.28592777026958771
  0.29424870464024494  0.30371582261450020  0.31520803714527312  0.32777476376337805
  0.34091900574128581  0.35333823836900802  0.36588729103105139  0.37947215859709588
  0.39038351552123279  0.40157788489636354  0.41278117135198733  0.42389157099763058
  0.43507145286128790  0.44498579482420114  0.45459661986349970  0.46390740340994169
  0.47203710260628901  0.47933052406604948  0.48699674618615618  0.49527911661067542
  0.50543881887592901  0.51833477025618480  0.53234118233707506  0.54693855656692880
  0.55910109903038618  0.56875235971989835  0.57899803800622729  0.59184521282466762
  0.60430656894451817  0.61572308176048030  0.62460959219270573  0.63361480731323905
  0.64143668393949049  0.64794115059988788  0.65322721047335286  0.65848296314911881
  0.66440719909112145  0.67381448095711582  0.68385130915546533  0.69494218886500692
  0.70821190407489476  0.72055023517403449  0.73270416727956622  0.74457982787526178
  0.75807011675376712  0.77110292355895504  0.78325079764172389  0.79283475983084950
  0.79982666013252812  0.80726127486819588  0.81497689633947068  0.82324939222756865
  0.83145823675496511  0.83990661400304112  0.84782345982690532  0.85801125433612413
  0.86960844862270614  0.88103826541690489  0.89204672724491996  0.90156628163279628
  0.90790349060063258  0.91267213718126605  0.91697760612409795  0.92129332019590349
  0.92673710960410072  0.93426509434839444  0.94247576954502277  0.95114458960516524
  0.96076474644553722  0.97439584761102360  0.98681436461296423  1.00000000000000000
 -0.00325647277549151  0.01311643038844162  0.02491046272412917  0.03717510660516552
  0.05097452730580962  0.06589733818338052  0.07770700442482509  0.08882538935056428
  0.09968159587027099  0.11021726785354642  0.11984103484612049  0.12991471531355103
  0.14059770227716176  0.15221455315509694  0.16289614971227914  0.17328913863752193
  0.18485756894668112  0.19454960860415155  0.20340728127229002  0.21306834104034289
  0.22493101675530708  0.24103112336959467  0.25635221603837516  0.27025701377357048
  0.28154140628706881  0.29179393436914380  0.30242647730190808  0.31249648622098908
  0.32111788466690933  0.32827402179502196  0.33343754188963898  0.33831025450196606
  0.34315309287912404  0.34821628900354284  0.35534570882802630  0.36375612976904637
  0.37171343458005457  0.38261024406784760  0.39585844673660625  0.40994094612008652
  0.42504554316375581  0.44081153326546901  0.45678058205382183  0.47359926028420263
  0.49008524000653814  0.50542816208039087  0.51796392087783305  0.52832970784760092
  0.53719244188617621  0.54579865750658130  0.55431004938701256  0.56397603706364940
  0.57432885832856861  0.58578575117497289  0.59733631570756573  0.61085311616454441
  0.62361062357207908  0.63518492739987353  0.64400392061860345  0.65205286257587691
  0.66052003830322525  0.67326021355524590  0.68594725247141941  0.69731353299604981
  0.70910391668018591  0.72302426640903628  0.73799646829910359  0.75557333263489290
  0.77112807347564860  0.78077771032549292  0.78879236528719943  0.79598683342556531
  0.80331450996005083  0.81075980903867673  0.81954306552520761  0.82726452391765692
  0.83453308088714917  0.84223373449458372  0.85084883458024607  0.85907569456021238
  0.86531818194569032  0.87207207092841843  0.88009278940389857  0.89020526325299520
  0.90098782422676171  0.90984091356222807  0.91922974812970237  0.92932071019462881
  0.94039033358441781  0.95132109902563367  0.96043795217137640  0.96797803443528574
  0.97499638282725154  0.98241312501694289  0.99096535386861972  1.00000000000000000
  0.65838729414609920  0.69254788180222282  0.70883036342482819  0.72211687779465039
  0.73338706733903258  0.74120151369221432  0.74741037290230061  0.75155712668542640
  0.75561949246633431  0.76163925021759171  0.76864273093790703  0.77406884871310588
  0.77821934075000443  0.78203533021448157  0.78717164206957790  0.79262875383559828
  0.79699503490056200  0.80070320921711691  0.80454839247649201  0.80881150435990457
  0.81341127740772035  0.81861528490504454  0.82418902719392995  0.82861956553100291
  0.83169421342752770  0.83452782359965250  0.83708707501347945  0.83981003142762389
  0.84334761180441165  0.84694433666904290  0.85038341011262064  0.85309131511706171
  0.85598939760498782  0.85894717404276810  0.86192202737371093  0.86500843273203509
  0.86807467896633994  0.87069896259105772  0.87312383864806198  0.87556873628265686
  0.87782928775608571  0.88048065559218858  0.88330296261354457  0.88585896368669392
  0.88829191106853278  0.89059372305248896  0.89281239085762620  0.89506026168432407
  0.89771810593003210  0.90132920357619062  0.90512917065180110  0.90844481439385361
  0.91121284280223369  0.91349303610006305  0.91548505924239798  0.91752940314655296
  0.91938824122823493  0.92194168694002265  0.92415435015700598  0.92608892881231053
  0.92791638305510082  0.92977974852051970  0.93164310160913122  0.93336715441828577
  0.93489421274562434  0.93650351987153102  0.93818702233291340  0.94008765862411903
  0.94226575862604756  0.94448431900506613  0.94643233826498097  0.94830297729658486
  0.95005449731022884  0.95162310337617151  0.95325624210994542  0.95482658277450683
  0.95636807159759596  0.95792237398524460  0.95963833775231600  0.96163418647700272
  0.96365667101727837  0.96534315422894656  0.96694041072919112  0.96857633079403260
  0.97026011698681558  0.97202818888803388  0.97387021811042440  0.97577813876285557
  0.97776472102862788  0.97984002953674265  0.98286556003980363  0.98548174288337465
  0.98824595401558213  0.99113825287657464  0.99479375904883360  1.00000000000000000
 -0.02031194794638588  0.12511806074756215  0.18838430306848419  0.23265414648354202
  0.26327542079178295  0.28410102770130002  0.29750560989067398  0.31011967580902994
  0.32350315207867436  0.33691986775161092  0.35017283681912775  0.36549633060885617
  0.38076592433971490  0.39203470304523447  0.40089922585649534  0.40840563934350665
  0.41667217803138779  0.42384870588717005  0.43107172910255681  0.43691312475727456
  0.44337575228533960  0.45013257244718052  0.45685269512505483  0.46347252445859954
  0.47013818735702795  0.47767955970631426  0.48704466670746338  0.49701218099667949
  0.50620498078238330  0.51455776725278823  0.52229832938866994  0.52984423586700102
  0.53725790125727069  0.54433639067462569  0.55184994375845720  0.55982373697596899
  0.56696538275998554  0.57234780745022740  0.57723653354553739  0.58211577445289375
  0.58697287880343785  0.59293200881099950  0.60034451736059802  0.60767202302927326
  0.61450060137845408  0.62090263594241757  0.62642649811683371  0.63077308831639478
  0.63529776632165846  0.64066141710340452  0.64602758626961732  0.65126720923836845
  0.65569076875122367  0.65985107576110369  0.66442657816966921  0.66949379053787084
  0.67414396081564620  0.67902467993498705  0.68274960615913394  0.68707225632248980
  0.69207657882529561  0.69798962805571929  0.70369357454938186  0.70880763661030277
  0.71385061250838966  0.71890037911634852  0.72450809280475637  0.72985176288027187
  0.73433614416847837  0.73827365239521947  0.74225432106478251  0.74628697834191271
  0.75046621643970579  0.75557416141251588  0.76148740032689455  0.76643888253837311
  0.77112552885369112  0.77624190898016021  0.78224480847656253  0.78800548638901025
  0.79321317114643553  0.79808966794615321  0.80360798673824496  0.80955438898093013
  0.81613934111973196  0.82328356637578759  0.83060349420593282  0.83858295477300548
  0.84501980816502398  0.85053075871044281  0.85780971112748783  0.86783836554502580
  0.88159675271656013  0.90153637599006831  0.93513974090537844  1.00000000000000000
   7.3504192426207870E-015  -1.0000000000000000     
 F F F F F F F F F F F F F F F F F F F F F F F F F F F F F F F F F F F F F F F F F F F F F F F F F F F F F F F F F F F F F F F F F F F F F F F F F F F F F F F F F F F F F F F F F F F F F F F F F F F F F F F F F F F F F F F F F F F F F F F F F F F F F F F F F F F F F F F F F F F F F F F F F F F F F F F F F F F F F F F F F F F F F F F F F F F F F F F F F F F F F F F F F F F F F F F F F F F F F F F F F F F F F F F F F F F F F F F F F F F F F F F F F F F F F F F F F F F F F F F F F F F F F F F F F F F F F F F F F F F F F F F F F F F F F F F F F F F F F F F F F F F F F F F F F F F F F F F F F F F F F F F F F F F F F F F F F F F F F F F F F F F F F F F F F F F F F F F F F F F F F F F F F F F F F F F F F F F F F F F F F F F F F F F F F F F F F F F F F F F F F F F F F F F F F F F F F F F F F F F F F F F F F F F F F F F F F F F F F F F F F F F F F F F F F F F F F F F F F F F F F F F F F F F F F F F F F F F F F F F F F F F F F F F F F F F F F F F F F F F F F F F F F F F F F F F F F F F F F F F F F F F F F F F F F F F F F F F F F F F F F F F F F F F F F F F F F F F F F F F F F F F F F F F F F F F F F F F F F F F F F F F F F F F F F F F F F F F F F F F F F F F F F F F F F F F F F F F F F F F F F F F F F F F F F F F F F F F F F F F F F F F F F F F F F F F F F F F F F F F F F F F F F F F F F F F F F F F F F F F F F F F F F F F F F F F F F F F F F F F F F F F F F F F F F F F F F F F F F F F F F F F F F F F F F F F F F F F F F F F F F F F F F F F F F F F F F F F F F F F F F F F F F F F F F F F F F F F F F F F F F F F F F F F F F F F F F F F F F F F F F F F F F F F F F F F F F F F F F F F F F F F F F F F F F F F F F F F F F F F F F F F F F F F F F F F F F F F F F F F F F F F F F F F F F F F F F F F F F F F F F F F F F F F F F F F F F F F F F F F F F F F F F F F F F F F F F F F F F F F F F F F F F F F F F F F F F F F F F F F F F F F F F F F F F F F F F F F F F F F F F F F F F F F F F F F F F F F F F F F F F F F F F F F F F F F F F F F F F F F F F F F F F F F F F F F F F F F F F F F F F F F F F F F F F F F F F F F F F F F F F F F F F F F F F F F F F F F F F F F F F F F F F F F F F F F F F F F F F F F F F F F F F F F F F F F F F F F F F F F F F F F F F F F F F F F F F F F F F F F F F F F F F F F F F F F F F F F F F F F F F F F F F F F F F F F F F F F F F F F F F F F F F F F F F F F F F F F F F F F F F F F F F F F F F F F F F F F F F F F F F F F F F F F F F F F F F F F F F F F F F F F F F F F F F F F F F F F F F F F F F F F F F F F F F F F F F F F F F F F F F F F F F F F F F F F F F F F F F F F F F F F F F F F F F F F F F F F F F F F F F F F F F F F F F F F F F F F F F F F F F F F F F F F F F F F F F F F F F F F F F F F F F F F F F F F F F F F F F F F F F F F F F F F F F F F F F F F F F F F F F F F F F F F F F F F F F F F F F F F F F F F F F F F F F F F F F F F F F F F F F F F F F F F F F F F F F F F F F F F F F F F F F F F F F F F F F F F F F F F F F F F F F F F F F F F F F F F F F F F F F F F F F F F F F F F F F F F F F F F F F F F F F F F F F F F F F F F F F F F F F F F F F F F F F F F F F F F F F F F F F F F F F F F F F F F F F F F F F F F F F F F F F F F F F F F F F F F F F F F F F F F F F F F F F F F F F F F F F F F F F F F F F F F F F F F F F F F F F F F F F F F F F F F F F F F F F F F F F F F F F F F F F F F F F F F F F F F F F F F F F F F F F F F F F F F F F F F F F F F F F F F F F F F F F F F F F F F F F F F F F F F F F F F F F F F F F F F F F F F F F F F F F F F F F F F F F F F F F F F F F F F F F F F F F F F F F F F F F F F F F F F F F F F F F F F F F F F F F F F F F F F F F F F F F F F F F F F F F F F F F F F F F F F F F F F F F F F F F F F F F F F F F F F F F F F F F F F F F F F F F F F F F F F F F F F F F F F F F F F F F F F F F F F F F F F F F F F F F F F F F F F F F F F F F F F F F F F F F F F F F F F F F F F F F F F F F F F F F F F F F F F F F F F F F F F F F F F F F F F F F F F F F F F F F F F F F F F F F F F F F F F F F F F F F F F F F F F F F F F F F F F F F F F F F F F F F F F F F F F F F F F F F F F F F F F F F F F F F F F F F F F F F F F F F F F F F F F F F F F F F F F F F F F F F F F F F F F F F F F F F F F F F F F F
  <DiscreteSampler_grid>
  grouped_processes
  1 # 1 for a reference and 2 for a running grid.
  10 # Attribute 'min_bin_probing_points' of the grid.
  1 # Attribute 'grid_mode' of the grid. 1=='default',2=='initialization'
  0.0000000000000000 # Attribute 'small_contrib_threshold' of the grid.
  0.5000000000000000 # Attribute 'damping_power' of the grid.
 # binID   n_entries weight   weight_sqr   abs_weight
    61   10   5.986638942268820E-012   1.886895170998008E-022   5.986638942268820E-012
    62   10   5.986638942268801E-012   1.886895170998002E-022   5.986638942268801E-012
    64   10   1.197327788453764E-011   7.547580683992032E-022   1.197327788453764E-011
    65   10   1.197327788453760E-011   7.547580683992010E-022   1.197327788453760E-011
    67   10   9.893030368494998E-012   6.228690714846944E-022   9.893030368494998E-012
    68   10   9.893030368494942E-012   6.228690714846931E-022   9.893030368494942E-012
    70   10   1.978606073699000E-011   2.491476285938778E-021   1.978606073699000E-011
    71   10   1.978606073698988E-011   2.491476285938772E-021   1.978606073698988E-011
    106   10   5.986638942268836E-012   1.886895170998013E-022   5.986638942268836E-012
    107   10   5.986638942268803E-012   1.886895170998001E-022   5.986638942268803E-012
    109   10   1.197327788453767E-011   7.547580683992052E-022   1.197327788453767E-011
    110   10   1.197327788453761E-011   7.547580683992004E-022   1.197327788453761E-011
    112   10   9.893030368495019E-012   6.228690714846954E-022   9.893030368495019E-012
    113   10   9.893030368494937E-012   6.228690714846919E-022   9.893030368494937E-012
    115   10   1.978606073699004E-011   2.491476285938781E-021   1.978606073699004E-011
    116   10   1.978606073698987E-011   2.491476285938768E-021   1.978606073698987E-011
    151   10   1.138276452919079E-012   1.167897957927809E-023   1.138276452919079E-012
    152   10   1.138276452919065E-012   1.167897957927781E-023   1.138276452919065E-012
    154   10   2.276552905838159E-012   4.671591831711238E-023   2.276552905838159E-012
    155   10   2.276552905838131E-012   4.671591831711125E-023   2.276552905838131E-012
    157   10   3.224253967408256E-011   5.213842011672827E-021   3.224253967408256E-011
    158   10   3.224253967408263E-011   5.213842011672845E-021   3.224253967408263E-011
    160   10   6.448507934816513E-011   2.085536804669131E-020   6.448507934816513E-011
    161   10   6.448507934816525E-011   2.085536804669138E-020   6.448507934816525E-011
    196   10   1.138276452919079E-012   1.167897957927809E-023   1.138276452919079E-012
    197   10   1.138276452919062E-012   1.167897957927775E-023   1.138276452919062E-012
    199   10   2.276552905838159E-012   4.671591831711234E-023   2.276552905838159E-012
    200   10   2.276552905838125E-012   4.671591831711100E-023   2.276552905838125E-012
    202   10   3.224253967408261E-011   5.213842011672835E-021   3.224253967408261E-011
    203   10   3.224253967408251E-011   5.213842011672817E-021   3.224253967408251E-011
    205   10   6.448507934816522E-011   2.085536804669134E-020   6.448507934816522E-011
    206   10   6.448507934816502E-011   2.085536804669127E-020   6.448507934816502E-011
  </DiscreteSampler_grid>
