 -0.00091163916879671  0.03434961582655822  0.06285487737462436  0.08283018864892638
  0.10392576168283112  0.12417877839843997  0.14046112095549759  0.15539268229759376
  0.16879962532359943  0.18597547472026732  0.20050288150761886  0.21235990284390138
  0.22634707438257473  0.24931981806018974  0.27701591973422929  0.30474338511690696
  0.32712322887518092  0.34371496063576973  0.35492122385687014  0.36453368220897819
  0.37596785952554190  0.39085997120324295  0.40067333326618987  0.40485415442793893
  0.40969704057539275  0.41550436401476498  0.42150693167419662  0.42714233477669122
  0.43505493049883731  0.43979856985350813  0.44675818750177820  0.45251239682152949
  0.45661725495554911  0.46083531407943856  0.46504438889906008  0.46899917972919858
  0.47485803327098175  0.48527117338696252  0.49812784014155920  0.51373668449669396
  0.53235086493360484  0.54996536886492131  0.56194599804722001  0.57372138663875250
  0.58838556453020885  0.59921105932954211  0.60789032793080611  0.61732398214227979
  0.62674342007590322  0.63606779044493889  0.64814769772562419  0.65715757474209990
  0.66382765035463120  0.67144606797842166  0.68347209705233247  0.69662361379210347
  0.70960157940192803  0.71879218225441976  0.72247808122898438  0.72602405597952557
  0.72950687322874508  0.73294831548482031  0.73790094267791861  0.74267356454754196
  0.74974255223806097  0.76011964092585060  0.76788576202133507  0.77525757061186495
  0.78221405548015310  0.78791045392176107  0.79428284336547050  0.80164111737252297
  0.80685188432088906  0.80874041551693554  0.81208801383941076  0.81653842630470952
  0.81982306858993326  0.82285509175994798  0.82622821346060227  0.83015914944725921
  0.83465206361440303  0.84154089962799716  0.85099920173849308  0.86529166028865445
  0.87596680050809539  0.88262289888181367  0.88899475152186680  0.89519401981962032
  0.90061556209156290  0.90561155625977130  0.91291066616592553  0.92705573937398522
  0.94469739991221990  0.96139661376557162  0.97544858561117553  1.00000000000000000
  0.00495298932667359  0.03238718169101905  0.04383951989109909  0.05028500211443979
  0.05567704586404459  0.06022564880920568  0.06474987029349377  0.07074112821642320
  0.07611799205529499  0.08182800172349733  0.09106757012463966  0.10596571765122101
  0.12580883982212065  0.15164895912943732  0.17180330800653415  0.18387100558054520
  0.19603347300442381  0.20838174312427027  0.22191246907294265  0.24143794468328375
  0.26720989179316540  0.29305797557864122  0.32047131983534083  0.34228281544097972
  0.35950138640711526  0.37473324599060714  0.38837935035124266  0.40154215486303818
  0.42022100451500688  0.43151953929258074  0.44072379969860759  0.44842069769733645
  0.45626721412109322  0.46201441144762145  0.46507100520427391  0.46759933704194540
  0.47003788773716515  0.47275208994534290  0.47625693311666734  0.47976177628799183
  0.48518577644666294  0.49167994680920629  0.50339403766266844  0.51813282483456402
  0.53235106221303463  0.54801543340434400  0.55811161327511971  0.56856105011135172
  0.57286059598073558  0.57711896286347442  0.58124068912367965  0.58601597765560254
  0.59145486630446875  0.60088960327766927  0.61255225937445634  0.62227962314950247
  0.63511317222826602  0.64792701874782010  0.65749417834928570  0.66810553652489246
  0.67996242729641510  0.69190604594941141  0.70174409381458702  0.70958948297138214
  0.71971006414665539  0.72948565551345690  0.73921116897615524  0.74974246959311297
  0.76446438878873957  0.77980194201851460  0.79898767888140143  0.81283267936190451
  0.82497879049679523  0.83867489163032494  0.85097418416209958  0.86440683869987045
  0.87828978231687616  0.88993185830412513  0.89538184451344272  0.89765230177846367
  0.90004209651928047  0.90328086892738180  0.90555094163421024  0.90822445727095613
  0.91251427003593866  0.92038939477670956  0.92531064155549225  0.93007701412966048
  0.93473264534294409  0.93804352684706904  0.94223976012596855  0.95224236228681747
  0.96293466997557287  0.97485782803016641  0.99123800036765586  1.00000000000000000
  0.00019541613288010  0.00021539163161552  0.00023284061692960  0.00023767777854688
  0.00024205437052958  0.00024524776054363  0.00024843176083877  0.00025138415291136
  0.00025361362144986  0.00025480914870902  0.00025582020923102  0.00025671287909197
  0.00025736309124908  0.00025806505061926  0.00025870324080997  0.00025954401240316
  0.00026079713663782  0.00026189269970703  0.00026255413935887  0.00026308903417533
  0.00026364917309218  0.00026414249070369  0.00026493834439753  0.00026605474915516
  0.00026724798677783  0.00026896307493676  0.00027082136135451  0.00027286843231486
  0.00027429807807469  0.00027549456211992  0.00027641793454408  0.00027757730907952
  0.00027891638693235  0.00028055815523355  0.00028264757055375  0.00028509117106360
  0.00028753498228342  0.00029004887969392  0.00029338356147643  0.00029889800161860
  0.00030215949588294  0.00030489463031611  0.00030734262288282  0.00030981091354567
  0.00031239224287939  0.00031564336917737  0.00032073273919514  0.00032570315468882
  0.00032944832481019  0.00033260031806236  0.00033546694234362  0.00033864110446041
  0.00034258361973541  0.00034740293967870  0.00035381679694928  0.00035892846537991
  0.00036292924796548  0.00036638924668635  0.00037129208225620  0.00037678006358786
  0.00038570056852683  0.00039695759809509  0.00041060631046971  0.00042322117596816
  0.00043322459000237  0.00043993729050730  0.00044648566685708  0.00045320038762797
  0.00046612349426572  0.00047683003718699  0.00048380886867656  0.00048933441241712
  0.00049561093418050  0.00050199372753211  0.00051237750827864  0.00052293333177307
  0.00053426741282016  0.00054541614441842  0.00055288920901117  0.00056029981028428
  0.00057461154856603  0.00059178319577690  0.00060949696035132  0.00063033422406098
  0.00065810929269248  0.00070298134527309  0.00074975385689322  0.00079318735871085
  0.00083765614335783  0.00090432833908508  0.00103319340450781  0.00127128964214533
  0.00148682949422762  0.00203074278591908  0.26345945764728135  1.00000000000000000
  0.00005375467355204  0.00005495289706095  0.00005594435590632  0.00005677830046414
  0.00005754026375323  0.00005832715530691  0.00005905806829963  0.00005975251719350
  0.00006034706611282  0.00006080224278426  0.00006125399949059  0.00006170102135053
  0.00006232574000014  0.00006314477031897  0.00006394510806441  0.00006466358363241
  0.00006525178129895  0.00006583982950695  0.00006642777026877  0.00006669861947739
  0.00006691283012034  0.00006722407028256  0.00006751244608465  0.00006782397631700
  0.00006818205322146  0.00006900697589056  0.00007001957286487  0.00007103457865616
  0.00007196783119149  0.00007284054577327  0.00007364775949891  0.00007459473176420
  0.00007609895955384  0.00007838870651995  0.00008010142770037  0.00008146436871665
  0.00008268176308746  0.00008403106782697  0.00008550971304990  0.00008672809465414
  0.00008772678105464  0.00008870571498347  0.00008987069107761  0.00009143132811604
  0.00009354399971782  0.00009531662793725  0.00009632484949538  0.00009720167691381
  0.00009800730901894  0.00009886570701369  0.00009995570721083  0.00010156126127968
  0.00010294122248803  0.00010475803382152  0.00010769606916367  0.00011230361867941
  0.00011680263246236  0.00012027891201006  0.00012322531022338  0.00012702804235591
  0.00013008704053947  0.00013241594210491  0.00013548896131882  0.00013777082838309
  0.00014070188425033  0.00014429127696011  0.00014889973540123  0.00015503283182079
  0.00016115202837536  0.00016480998096330  0.00017044464208811  0.00017652155538549
  0.00017949867053127  0.00018194277059357  0.00018691600304393  0.00020177121841754
  0.00022237994049041  0.00023049378941414  0.00024153760930482  0.00025301884748919
  0.00026452877722401  0.00027803072967940  0.00029172911386004  0.00030432575034770
  0.00032031938756272  0.00035003811654796  0.00038992812551108  0.00044154117072964
  0.00048886533488268  0.00053085961229386  0.00056805167993229  0.00064177592871770
  0.00077071425070111  0.00139182335515766  0.44506109073546574  1.00000000000000000
  0.00053340413679349  0.00059042547060062  0.00060917848348824  0.00061404507473976
  0.00061971247995698  0.00062555859111343  0.00063512662059064  0.00064451977940570
  0.00065588478827824  0.00066696138145124  0.00067544622868238  0.00068374753945329
  0.00068818930491522  0.00069178260969303  0.00069486578130283  0.00069879342820476
  0.00070217243657694  0.00070997136922912  0.00072027309599195  0.00073183753856415
  0.00074430378353753  0.00075589479133671  0.00076402338746360  0.00077211082688147
  0.00077992294341977  0.00078773505995808  0.00079565012388415  0.00080356595379890
  0.00082085056094362  0.00084824893790379  0.00086031760062079  0.00087238626333780
  0.00088324410553245  0.00089234391260852  0.00090144371968459  0.00090824968967757
  0.00091348706775664  0.00091872444583571  0.00092780515167177  0.00093577262719237
  0.00094104910515512  0.00094970693136300  0.00096530046023278  0.00099321022720584
  0.00102861916863383  0.00105498565538439  0.00107925323209220  0.00110474669078882
  0.00112417224566370  0.00113863847188742  0.00115380650199471  0.00117462871662252
  0.00118733059349342  0.00120217577855732  0.00122150394019222  0.00124410192370980
  0.00128389358659827  0.00131914410988966  0.00136001316438000  0.00141543968349318
  0.00149006755400148  0.00158050125035100  0.00167597252924151  0.00176954144049936
  0.00183080777206441  0.00187488656685750  0.00189355792853845  0.00190882530073341
  0.00192954356475150  0.00194902017997218  0.00196884030198352  0.00198789552366251
  0.00204514818524210  0.00216352674118866  0.00229882182612678  0.00245477524678232
  0.00255343919264615  0.00262170872214602  0.00267258507768175  0.00273545135394001
  0.00283003861384020  0.00294287137777007  0.00301533940253428  0.00309316347740067
  0.00316884289857111  0.00335653989797906  0.00382674497042490  0.00410941054483026
  0.00431716488945313  0.00453525138735335  0.00486391589009627  0.00540468866816666
  0.00740766151022720  0.01039821012012164  0.69038833397443511  1.00000000000000000
 -0.00111316234894264  0.03802586499417680  0.04635131160187238  0.05178394964566151
  0.05520411829169335  0.05749562320945074  0.06056682527070953  0.06263120432459902
  0.06421206588656414  0.06558803174697631  0.06913611795185522  0.07471514216719884
  0.07920709827530158  0.08623174625676196  0.09724480829678107  0.10796016654554860
  0.11632821115978924  0.12344448976997512  0.13155827266274100  0.14128468020031579
  0.15193789152279993  0.16317840519602878  0.17443225370577128  0.18566819898191450
  0.19957041761728100  0.21609265475841785  0.23235989803533338  0.24081252542995049
  0.24775164578708886  0.25513799382835511  0.26193500751819887  0.26797807840332699
  0.27488302474044135  0.29174031704253917  0.30728246967133327  0.32252281607897182
  0.33392262374201398  0.34449232996097168  0.35741288991414077  0.37330611596583696
  0.39054462478742991  0.40690925542462103  0.41881373769359576  0.42936171968317216
  0.43955721160520900  0.44949218555496173  0.45917936348015814  0.47222512878868683
  0.48477425816769198  0.49208208224577399  0.49809503801259830  0.50279636757900248
  0.50740835691003561  0.51198998220488778  0.52977526914881634  0.55074651477006364
  0.56672414654209913  0.58293204763135065  0.59974589821412927  0.61747567688015170
  0.63632856174646923  0.66187023268656830  0.68777744217535197  0.70954805521076836
  0.72800758010541333  0.74000752045462470  0.75241690126591021  0.76838537816283292
  0.78455572594878242  0.80110551017908516  0.81476412297251199  0.82010429997411793
  0.82448032071684807  0.82905406734431764  0.83450711689547663  0.83972102468764742
  0.84639508951401621  0.85460068192865213  0.85939970081774153  0.86341004317184333
  0.86813570882341973  0.87451182950765893  0.88457181654362660  0.89557300374291138
  0.90579719272423886  0.91673973130860020  0.92736865884757780  0.93852389357428567
  0.95371830303211591  0.96332508264099748  0.96873855000769893  0.97415201737440049
  0.98030902709402501  0.98687268472934986  0.99343634236467482  1.00000000000000000
 -0.00028072869928026  0.00304367904506305  0.01090996103176638  0.02393921021810075
  0.03699019312882930  0.04265372551260040  0.04562225359614563  0.05136217174214640
  0.05490907915881521  0.05745311902151622  0.06389046757152946  0.07778341187043693
  0.09380546594586231  0.10979605810167620  0.11933494842775029  0.12638264276266559
  0.13411962944476186  0.14355388168282598  0.14917219762947417  0.15367201079966628
  0.15801821045982575  0.16088039907220644  0.16331627118863795  0.16911149425298685
  0.17382998203855521  0.18412919193630328  0.19422736242040275  0.20290154614951092
  0.20877952580984910  0.21654149129515310  0.22840417608109706  0.24677828125954016
  0.26109103435571873  0.27200395982921116  0.27761531494033326  0.28218778914119841
  0.28694546260581716  0.29141617097043265  0.29965603498989307  0.30802519441672299
  0.31718441798314012  0.32620529120650760  0.33482095273792306  0.34227141777106501
  0.34927563640811043  0.36125628753948047  0.37554423567030515  0.39295614347496333
  0.40726656104718523  0.42109871607583410  0.43474328997564682  0.44796142420764462
  0.46354205812629151  0.48508696634390464  0.50715754980405592  0.52297874748856665
  0.53392582021571511  0.54344464114824387  0.55124449992691982  0.55568190569370801
  0.56159698377487421  0.56597409948909105  0.56986846744015962  0.57407232008551790
  0.57841679217237763  0.58298594242028290  0.58825979478420720  0.59352295497489360
  0.60522269304212761  0.61972986929928897  0.63894948913910576  0.65863659191619106
  0.67381301139359784  0.68469537075887299  0.69505730396119225  0.70514201040175906
  0.71329723287525226  0.71945400126987424  0.72619520080257161  0.73358485031717446
  0.74377012934870590  0.76037504409644585  0.78017162225324088  0.79047439408662201
  0.79782318738909885  0.80547405048570853  0.81449098349749172  0.82350791650927491
  0.83370228905690336  0.84465387918374180  0.85560546931058035  0.87415580815405347
  0.89443095249649085  0.92023242515878845  0.95817574335869204  1.00000000000000000
 -0.00821935882670268  0.03642209399137809  0.06004649460968847  0.07631228239189353
  0.08804140287516846  0.09830090346240936  0.11469762678285000  0.13284849752437461
  0.14998806164980502  0.16027407622346418  0.16820484313602788  0.17302363463743334
  0.17718023169310110  0.18103498199133564  0.18711862778570695  0.19327827073706852
  0.19878054745136139  0.20183066537307559  0.20392530146014570  0.20586204277064665
  0.20750569641266325  0.20857200634994191  0.21068883563217519  0.21611201931425089
  0.22395503322447771  0.23409993992319003  0.24579882316613677  0.25674232074949199
  0.26879221262765746  0.29231892293663314  0.32028930690292085  0.35173346367878183
  0.36829796990079555  0.38201557225280491  0.39497592536848886  0.41152268084635296
  0.41807313398519497  0.42432025478143681  0.43079372473292848  0.44111234555516710
  0.45741531764436638  0.48878368179579207  0.52243398387013318  0.53660125685849458
  0.54756395146981951  0.55733447152464710  0.56701448355659012  0.57803427636575688
  0.58168752564644899  0.58561237387740883  0.58925834999389592  0.59195782907813144
  0.59466758707122180  0.59738127329661395  0.60010426920639492  0.60474249809994340
  0.61280358376745891  0.62248212734891928  0.63326101392499468  0.64603613830704198
  0.66378051023062501  0.67948256406038998  0.69187159083313798  0.70200056408500466
  0.70814410543765460  0.71526727110715349  0.72326521673956912  0.73061380848255653
  0.73683307147294763  0.74112988884061448  0.74325398033750767  0.74557427143686017
  0.75022363664174441  0.75667720441135999  0.76589464516775341  0.77341203817432291
  0.78013392007382210  0.78664664753093416  0.79359066662421895  0.80470242781221379
  0.81312090911587886  0.82225144689963381  0.83636899061427039  0.84924956143100816
  0.85954875035027445  0.86819676964901926  0.87945885712787852  0.89595132169972036
  0.91044110088162744  0.92309595902739194  0.93355728626529955  0.94284696589739225
  0.95284853352637688  0.96407873185489379  0.97633749960471361  1.00000000000000000
 -0.00204243271006510  0.01085330380331346  0.02124994305591478  0.03263957039986046
  0.04153290076763996  0.04876441146121878  0.05689269919981000  0.06376759858307983
  0.06861590573456226  0.07331052334796206  0.08103714548326864  0.09313737078863984
  0.11369138818361331  0.13770067042318612  0.15948084061643356  0.17548144964221454
  0.18639521332909567  0.19324880153270918  0.20051050621813027  0.20895399917632113
  0.22050617705211153  0.23899006102275636  0.25417626711118274  0.26338242467222839
  0.27127578578150796  0.27861927687359783  0.28656448486502961  0.29522237058874079
  0.31024595605727845  0.32033605886893962  0.33303388520480426  0.34030495080366224
  0.34555509088665570  0.35082477642803911  0.35413201669090594  0.35620368377332384
  0.36110697433580946  0.36818317344900603  0.37475522894595859  0.38512922399747906
  0.40891274792184279  0.42895636672988180  0.44117300398932890  0.45136219801280181
  0.46425554943393804  0.48037985349807188  0.49792882702936564  0.51655110711499541
  0.53506355189742660  0.54562873000726697  0.55134728656409926  0.55656273822529223
  0.56166063243888353  0.56656313093067701  0.57191022968030381  0.58928303606835786
  0.61386277073549900  0.63423930332052347  0.64961070747909344  0.66203182676563332
  0.67659057007198486  0.68764167884937932  0.69777860370352562  0.70612277733093232
  0.71401130618920106  0.71821623618391128  0.72242116617862151  0.72710155930848019
  0.73200322287456066  0.73685865499757341  0.74222208278795276  0.75633341232140905
  0.76760397003597824  0.77493020214588393  0.78000313499729912  0.78247308761567946
  0.78497405842487655  0.78846566915146343  0.79486700122550491  0.80270266054444173
  0.81057836138330497  0.81925226123716688  0.83592937568009784  0.86143578820369282
  0.88255906335569112  0.90160611441708050  0.91554854810087138  0.92644870405897761
  0.93382821574105868  0.94140360458533201  0.94712001132847412  0.95160428661176166
  0.96037622347603591  0.97651030898372027  0.98842332668913446  1.00000000000000000
 -0.00377843678777092  0.02103098533968522  0.03553108267177474  0.04819122851825246
  0.06000885002897761  0.07268756026661764  0.08731236069666645  0.09910647288724690
  0.10910112747462873  0.11316909315536790  0.11722317509767512  0.12155155041580837
  0.12591495101778977  0.13037581780493784  0.13708573018349623  0.14809160531571372
  0.16067890570797613  0.18066661005773252  0.19872698184170029  0.20688793408996209
  0.21408553092291105  0.22075095091543834  0.22699773849354091  0.23450082403767006
  0.24474655940989123  0.25861584451741831  0.27489490099931296  0.29758633960378345
  0.32119282305391827  0.34461684034042978  0.36547824804110607  0.38291133416436618
  0.39583672298075034  0.40315497061900796  0.41147407123427099  0.42204489969594350
  0.43753479887956565  0.44693204930595243  0.45248947558293284  0.45630365352642865
  0.45991459249928540  0.46344942124126237  0.46890655651958613  0.47797524250539986
  0.49044776335047624  0.50305852188738132  0.51278256128942501  0.51792050644482845
  0.52302653617038886  0.52983545138457955  0.53510648966458774  0.54021778826923872
  0.54782133083398477  0.55659784450126915  0.56189359757219670  0.56766311099146172
  0.57452322004899381  0.58360530977139446  0.61307697516670523  0.64104348341054473
  0.66093300375008346  0.67532481506689845  0.68678351466346188  0.69302907266973601
  0.69983814444603731  0.70710355455119134  0.71104421020504460  0.71447443835583557
  0.72136604756689193  0.72930447452116665  0.73702980163743248  0.74481235878206586
  0.75733849951795296  0.77715667481800399  0.78368658031402227  0.79160517247873818
  0.79746628184449020  0.80412470902700972  0.80933155763461817  0.81375176161905871
  0.82045361342179512  0.82568023723755113  0.83183118439513359  0.83898410116969779
  0.85187953067696864  0.86528478882142101  0.87867093915037031  0.88986486965699285
  0.90811960543646730  0.91987436324572158  0.92931755135780336  0.93718217951580318
  0.94535283740491793  0.95732038090595650  0.97146559176550129  1.00000000000000000
 -0.00470641286781308  0.01788582316660067  0.03496017847287970  0.04670048325240259
  0.05827133271801535  0.07598755293452952  0.08554112499734606  0.09366232714031084
  0.10221465256733943  0.11073875591602192  0.11920802704796880  0.12863755192673490
  0.13947828556858036  0.15071579751421868  0.16359184632875512  0.17725581540455601
  0.18541981256555615  0.19202911951331361  0.19414002876894476  0.19813800611378057
  0.20480033020005659  0.21037711729191816  0.21436672150879635  0.21743371645136078
  0.22220041559908871  0.22697659404073431  0.23175672814433143  0.23899053532727466
  0.24813193899092575  0.26005945407893133  0.27761016429829294  0.29020266141665085
  0.29762814665136450  0.30296225020847090  0.30823785921647312  0.31311209985874983
  0.31770881460536177  0.32298308573755480  0.32815217270814451  0.33359572460786446
  0.33910682627484562  0.35246247714971368  0.36606394635343542  0.38056383916819236
  0.39663971966661576  0.41992520102681125  0.44034772511198994  0.45804116502202252
  0.47161352265574502  0.47994101670701300  0.48821038854553067  0.49815270469239975
  0.51148332457100187  0.52288290562825479  0.53087909542952805  0.53584026464755219
  0.54202188651776206  0.54961215647197348  0.55543628533872680  0.56025276208456631
  0.56658503816862382  0.57448190713762215  0.59555743612675827  0.63206627338849364
  0.66773199486563783  0.69222395745175769  0.70986989648728527  0.72618812119488008
  0.74121560799616848  0.75375518651955975  0.76121306086405149  0.76626785355007399
  0.77885571993579616  0.78701703744164397  0.79458143872028419  0.80979570570621950
  0.82013405176386156  0.83020395382970136  0.84455838202223876  0.85972936617147278
  0.87351371987134607  0.88416321637506168  0.88847276255273722  0.89497069301838006
  0.90128826719270982  0.90618292460918393  0.91026383388999832  0.91383389748168686
  0.91820282669606978  0.92590866475078260  0.93535268908559843  0.94823789588612750
  0.95815307867015642  0.96816447507190639  0.98126423893995052  1.00000000000000000
 -0.00575275038214776  0.01987676007436083  0.04893453519292146  0.06727840197798973
  0.07311611945634135  0.08157353475890596  0.09487320260984516  0.10829556684120457
  0.11925529680764380  0.13182757965066871  0.15170316100159370  0.16758700743878532
  0.18077208190208685  0.19301173737348409  0.20753926027676362  0.22224845572752533
  0.23462589721330412  0.24617484567246620  0.25685967918430624  0.26538758974666521
  0.27349771203092521  0.27948091559624161  0.28614555176800482  0.29268077091850869
  0.29920447570037656  0.30690363061560338  0.31539781536309269  0.32569600184789727
  0.33693569672790497  0.34877206290175750  0.35805890638039733  0.36545689849130669
  0.37549014676641584  0.38129762162580760  0.38645700452994919  0.39108048075707474
  0.39510985507668828  0.40667655861820495  0.42125296025007836  0.42921493001127786
  0.43537596126442507  0.44472873138482133  0.45959857474122956  0.47847903788308477
  0.49531070537376731  0.50828724813556014  0.51877897495364789  0.52773112440379644
  0.53653157655013706  0.54817922229722715  0.55739058515879225  0.56435452409119480
  0.57835270872909872  0.59485216277445507  0.61236731343238171  0.63026213783668272
  0.64896631357230905  0.66507196028117743  0.67817869782488782  0.68916343919610101
  0.69709138467479659  0.70569281697443087  0.71298699254381914  0.72340647852504414
  0.73354260500020052  0.74523743637602680  0.75353689276564229  0.75932223577863733
  0.76467912936044646  0.76997273978924152  0.77583829967145035  0.78205329750826102
  0.78828006897072045  0.79108137086081332  0.79583411311662633  0.80182397399781524
  0.80975380075881975  0.81819891854433435  0.83674748398747656  0.84555577600600096
  0.85383487066747410  0.86115416831340530  0.86861275391639026  0.87621716688322016
  0.88577610762341363  0.89825529075472577  0.91378761353867821  0.92692198623811117
  0.93777282883746460  0.94634552264864502  0.95276653597283401  0.95785907958653571
  0.96310937756427528  0.96971903772725510  0.98062711086127718  1.00000000000000000
 -0.00029412951865154  0.00302255569531108  0.01039045435872785  0.01603752531828598
  0.02057689650259189  0.02602543405574521  0.03500036234379011  0.03909182376419698
  0.04244425765476343  0.04521829309339469  0.05005842259668123  0.05323453777464004
  0.05671529530714395  0.06001396203758780  0.06200649650035465  0.06444158171918195
  0.06715888142801205  0.07375298193588674  0.08232299801497697  0.09122186806309074
  0.10025386162962276  0.11773445021699257  0.14000112383072844  0.16817187487942103
  0.18582685960108999  0.20254443882607684  0.21641176952922009  0.22953597538586848
  0.24194322586752223  0.25046613369867260  0.25811144572385031  0.26563874417237227
  0.27302633828055928  0.27916718675827112  0.28274136333770378  0.28594823909259692
  0.28878585962439712  0.29179379577723924  0.30071325051641840  0.31977695062190226
  0.33469615357649696  0.35046270683754444  0.36258206971694679  0.37077404536557446
  0.37990770451705758  0.39087189946473977  0.40176763320790859  0.41092630111775585
  0.42008496902760312  0.43928345176545930  0.45946262273973426  0.47694951076780079
  0.49205107866143150  0.50420706281865046  0.51593507625219392  0.52517701970818331
  0.53612404652435119  0.54491775745527482  0.54831786945052130  0.55721031764691675
  0.56905404515238767  0.57938229107201866  0.59040874006967481  0.59620546289292520
  0.60497303191952978  0.62454845784489754  0.64287606730002234  0.65443202435665904
  0.66502487216466810  0.67320130596249572  0.68194762671801856  0.69142029670676075
  0.70324686022354987  0.70979811271928306  0.71654713130876246  0.72320598638528932
  0.73326366051889769  0.75068844805979584  0.76770593095834005  0.78574955011611303
  0.80631566337581129  0.82848794543041782  0.84817699520607948  0.85696515118841732
  0.86287882602569876  0.87156997037536377  0.87773309545836042  0.88024143899872898
  0.88267058772896312  0.88733539338913781  0.89541670814298857  0.90284218557995610
  0.91059900472352928  0.92592528997968027  0.95647872834571313  1.00000000000000000
 -0.00399798000131263  0.02172855935384348  0.04451364144836487  0.06534764319854852
  0.07577068392066309  0.08541907867664164  0.09695193108643919  0.10514841099769535
  0.11001248002204553  0.11368476973331489  0.11693957842173729  0.12024435504942990
  0.12731555146719831  0.14728473156533683  0.18026429444413553  0.19947522798935821
  0.21516443685660408  0.22884160069775084  0.24169149127999071  0.25538505118953192
  0.27113585712365784  0.28704992647080696  0.30667853158818692  0.32415980538662165
  0.33705109529539101  0.34739946741264349  0.35863884949745539  0.37265832190568293
  0.37827062315207766  0.38234010241008526  0.38756125891254672  0.39380830457583488
  0.40138730576983339  0.40958497547289974  0.41600195501659326  0.42248796272783645
  0.42823565252973256  0.43280914220750821  0.44079499157008528  0.45951759400039327
  0.48575473859206392  0.50997917223674638  0.52560532528632009  0.53720726619856407
  0.54723023249111191  0.55533810709866860  0.56307091424538713  0.57234875498768745
  0.58008819497729014  0.58735786128991407  0.59756576666403727  0.60779573687593969
  0.62246198319936974  0.63373353718477310  0.64281998094337056  0.64853899519859493
  0.65125539977964630  0.65488807792372639  0.65846834142159549  0.66129173111204798
  0.66386872158902199  0.67522780872697152  0.68454638362521747  0.69250054847602016
  0.69975238721435873  0.70558433833630330  0.71201803689407617  0.71871440239823770
  0.72601783744505510  0.74071071154038048  0.75963179551384297  0.77398895105682963
  0.78160006914251412  0.78819975939774722  0.79368311974202144  0.80423780606984019
  0.81433935467644802  0.82376394764635641  0.82996779554366329  0.83388475068205803
  0.83714436608576370  0.84034373870076617  0.84474530081017662  0.84924071156319958
  0.86081105719917572  0.87244175581356243  0.88493055032989798  0.89746536463750026
  0.91055837434360554  0.92368870988763552  0.93761361762686712  0.95150041009824216
  0.96404684241995298  0.97659327474166369  0.98838832698396906  1.00000000000000000
 -0.01222171513982544  0.01955902905222789  0.04850687131840147  0.06050489217831116
  0.07033842424172332  0.08045546942237032  0.08776340114522556  0.09590654942251650
  0.10629006723232669  0.11875731151570651  0.12840066646300741  0.13414112946407639
  0.13676131756141632  0.14118913260036586  0.14975598372512047  0.16454990892969948
  0.17998912041926901  0.19388748650647933  0.20465771580037839  0.21492352505106396
  0.22429163346649167  0.23590270317554821  0.24821466781095541  0.25921814561196227
  0.27290558234607831  0.28384210763197493  0.29179711210819831  0.29664114524485852
  0.30179717875138318  0.30739928729227978  0.31137061427523305  0.31514957460734966
  0.32000704817062386  0.32796767945386207  0.33939710575342763  0.34416958571143219
  0.34759503687712301  0.35003958438835980  0.35260258615520906  0.35706880078086262
  0.36297200142358360  0.37439661524406259  0.38866674921124628  0.40160145059818797
  0.41004128732281314  0.42054451079457150  0.43219306193587564  0.44425254939770864
  0.45658776753717040  0.47347898091123614  0.49918700341375372  0.51660615375738184
  0.52132744626822791  0.52577186659205577  0.52975865425408286  0.53449032309192901
  0.53944372038065580  0.54345049132157341  0.54604386030297025  0.55048518839732741
  0.55739910236485868  0.56704086000469200  0.58332640524373347  0.61096116203814499
  0.63945176639072976  0.65249394544806605  0.66290627257574308  0.67182177879965166
  0.67774214956379197  0.68465655249726420  0.69311652480725805  0.70064497131423331
  0.70445368157723953  0.71099754211951693  0.71528634687503112  0.71744720697944697
  0.72084847991551870  0.72395369184018865  0.72945117173913276  0.73688525882669509
  0.74521042448703423  0.75645787968356382  0.76921101353657839  0.78331853945767982
  0.79844112084365559  0.81564999974386254  0.83060855334716599  0.84332431901536309
  0.86036876380005012  0.88573050841587220  0.91709072024584271  0.94556651772546263
  0.96329020925869013  0.97653032825088337  0.98835687430310148  1.00000000000000000
 -0.00259353980564200  0.01484113663377833  0.03583849259831381  0.06762465978505534
  0.10173105357719130  0.13285220167582928  0.16162482802835254  0.17897591497485449
  0.19369368499912379  0.20466413664370564  0.21275116504150565  0.22510947071620110
  0.24341382869279155  0.25644181031435997  0.26836168995538101  0.27944277659455119
  0.28891367680868907  0.29533697563077654  0.30213427865272147  0.31229223856437804
  0.32258445851303186  0.33122418671611292  0.33946837161292154  0.34716120523206029
  0.35360852175982910  0.37052137967424387  0.39633940918288491  0.42214929070110868
  0.43113823679802443  0.43745218706688366  0.44400411934457235  0.45016765551261662
  0.45378012873812951  0.46040779199010662  0.46342584370228862  0.46839526992578889
  0.47302677500963969  0.47862724708581994  0.48793049218571211  0.49951264030615161
  0.51749208852590289  0.53270933562271228  0.54141458293827660  0.54954441497442763
  0.55868146003070018  0.57110419340336027  0.58329690749187491  0.59491005599552738
  0.60542349514970750  0.61563550484745588  0.62460506543446803  0.63454515280222734
  0.64837464961827163  0.66705595712942134  0.68366648055350165  0.69726699889669375
  0.70882311803934961  0.71675284856902288  0.72526904300179351  0.73277600617695648
  0.74162999401622409  0.75547350156583470  0.76766907026299824  0.76982730196769344
  0.77171760189850835  0.77292851927242612  0.77413261744035655  0.77533039909629375
  0.77877144119764052  0.78441947857759020  0.79006955143017921  0.79753583769265068
  0.80356363431841016  0.80990802224276093  0.81658270306529446  0.82370370238464796
  0.83287580716906107  0.84056381081751064  0.84686997249600304  0.85595824670317178
  0.86665832440688151  0.87621813538270898  0.88441159046221540  0.89435508516963580
  0.90782260647386437  0.92201029835577042  0.93431753046680022  0.94526087807710002
  0.95425129460390190  0.95989303547184512  0.96434655858107365  0.97068195367972165
  0.98067503963345182  0.98830459383637326  0.99455928268465343  1.00000000000000000
 -0.01484058107429178  0.04162517119157377  0.08566670507078608  0.12131899593158105
  0.14415949928178448  0.16557500887136489  0.18896374058811516  0.20124818210418058
  0.20746911219437766  0.21596436222719481  0.22617839908728030  0.23296191681338943
  0.23678846741750401  0.24234658310614016  0.25057389063492164  0.25950518302914832
  0.26727149782830006  0.27416351263719729  0.27924439668446832  0.28785206173801553
  0.29698729924688094  0.31069228420163669  0.32479961383138001  0.33818442207174498
  0.35145320582207618  0.35991920076960099  0.36670804615313640  0.37502259636431440
  0.37912470691292782  0.38270846500508132  0.38590595291567381  0.38909138175892583
  0.39213157418250688  0.39538338283755958  0.40055327948306602  0.40338985825453383
  0.40690055168567435  0.41104529434140741  0.41385386176623867  0.41768913232480820
  0.42379825026779128  0.43183951940939869  0.43872338499933616  0.44341683871189552
  0.44763856096984639  0.45338643880147245  0.45797197636525860  0.46145590049288915
  0.46594518796132034  0.47245514977746206  0.48152247908461238  0.49013142406650573
  0.49480930393767519  0.49842534760686463  0.50185943347149908  0.50434652903255350
  0.50915372866173580  0.51621232508761783  0.52707115669699978  0.53761728873461523
  0.54291260631683902  0.55364540625551673  0.56731255451533791  0.57932338923324533
  0.59261690639809284  0.61258695609224478  0.62783385564972127  0.63895553149741513
  0.64811761186438976  0.65723750659561675  0.66767692550420887  0.67562595313928553
  0.68525817670470801  0.70383014625159424  0.72445000204040899  0.73996702172471640
  0.75483381681778350  0.76980513814704865  0.78821445043835259  0.80455852868142952
  0.81794768856337186  0.82992934964633236  0.84177277230878711  0.85111754490261482
  0.86025664691969406  0.86766500394968527  0.87612069311966867  0.88656892221580053
  0.89669945000524309  0.90773899746278064  0.92255825212249776  0.93757416704257468
  0.94799851890907527  0.95961299831779390  0.97638320244164201  1.00000000000000000
 -0.00697224093525593  0.03168065143245011  0.05583685335810697  0.06212825595633074
  0.06661453373364704  0.07006831725144402  0.07288735118844589  0.07575898574421459
  0.07748531933631699  0.07879950866116892  0.08295074650831412  0.08961666201303570
  0.09596138082605564  0.10104187576162828  0.10626199621981450  0.11393617891278847
  0.11997837643212488  0.14150824237937173  0.17211790484763806  0.20023288961380517
  0.22642670628359177  0.25026853973074770  0.27268941430514748  0.29558718972248471
  0.31304622732491183  0.33272673101253325  0.35022062728159564  0.36485916450627881
  0.38049614083411376  0.39647803606261722  0.41003168246210414  0.42421998653111359
  0.44848059917018440  0.47821927687501042  0.50622215633754097  0.51794189864916507
  0.52480618743844221  0.52754971449101584  0.52977142019880108  0.53228397165263031
  0.53622296608222519  0.54047468738193594  0.54672005379778399  0.55488314025673013
  0.56441175755842565  0.57055329920494380  0.57452743314168087  0.57854438177008971
  0.58299051744342412  0.58925012817201250  0.60077679294059927  0.60820780049087120
  0.61521410697473899  0.62276361854351325  0.63053308627262494  0.63703636132272035
  0.64141950506205603  0.64671035884775441  0.65212093630550072  0.65608728309314157
  0.65958920067441440  0.66282635312230709  0.66613936960306708  0.67013812232047054
  0.67310746659324638  0.67643620826171480  0.68560357760539392  0.69480284406318782
  0.70406729797771828  0.72167351862165863  0.75479841956229254  0.79792665376374827
  0.81296109881345680  0.82189514859518720  0.82970889347192711  0.83639774759265151
  0.84326940024556418  0.84920532258384107  0.85671843570387207  0.86704226235493198
  0.88218979232085104  0.89230131501605181  0.89932919983130055  0.90491977239724131
  0.91083049849858999  0.91824328287929968  0.92841582335485484  0.93740077802180222
  0.94525655162022892  0.95076100592118173  0.95524387742517114  0.95933925113283047
  0.96508515732831157  0.97158182082248778  0.98487174886539497  1.00000000000000000
 -0.02375872069036178  0.12457229950035666  0.14684145385633326  0.18549559447472294
  0.21845132997166422  0.24538233118871997  0.26774946481762207  0.29056372543772696
  0.31345429173357658  0.32816088928527370  0.34304928965915116  0.35432062922801877
  0.36359639822532996  0.36784709560667561  0.37124396895538569  0.37455479511031881
  0.37735529261226036  0.37994797783818202  0.38297416813793750  0.38629928703023914
  0.39060462643187782  0.39658501648899375  0.40500339513833117  0.41165523743034571
  0.41618678784868435  0.42086449019926825  0.42580265467987211  0.43046907912312810
  0.43488020400549243  0.43973185619582122  0.44587371486954197  0.44911583357461310
  0.45203595763838178  0.45485391941851672  0.45762635070894037  0.45965256920868131
  0.46103181438154356  0.46401972611722037  0.46733869588785698  0.47125781597970168
  0.47747184481494143  0.48642541234129227  0.49015026599843792  0.49289126810878431
  0.49577674720262538  0.49967628528498970  0.50265164848322041  0.50487236524896073
  0.50701862680647747  0.50947724425200447  0.51488765598135389  0.51939963492413366
  0.52359282924835304  0.52764997428434035  0.53161122704115660  0.53892538074526020
  0.54908398518371671  0.55824386018591676  0.56446808620521116  0.56791208637880208
  0.57057587604162274  0.57334728984407024  0.57652590002257686  0.58065116051303056
  0.58620660945410730  0.59317926112468122  0.59798633357909237  0.60086296901120662
  0.60434757482739920  0.60947375143538873  0.61654611600590914  0.62274517608466107
  0.62473576790674523  0.62654330980461903  0.62985298047809524  0.63130885714705143
  0.63259264391096381  0.63374427540075073  0.63480437068015005  0.63591902831801106
  0.63850378337015801  0.64081839443604616  0.64301830143752425  0.64544415848384240
  0.65216550412477181  0.67449661941607164  0.69182038000184554  0.70620701196726854
  0.71926815011165934  0.73229834601534682  0.75249406904085114  0.77613980261864957
  0.80217325747286061  0.83382263021400549  0.88723253594617213  1.00000000000000000
 -0.00157106010075901  0.01121487133129278  0.01936670921944255  0.02646873870508683
  0.03388752004701741  0.04465612436956783  0.05779764381550220  0.07156672580681736
  0.09057280033698377  0.10776674723432472  0.12080835832219741  0.12686571442493119
  0.13278258080357905  0.13821503806742486  0.14366926772941083  0.14914964726238727
  0.16261561532109320  0.17896548175395635  0.19408358602105580  0.20690899614080269
  0.21690650012179852  0.22670029101341593  0.23882112480036480  0.25781154808969964
  0.27849393298184477  0.29610986751661944  0.31287939996220859  0.32923729504137339
  0.34233985243642068  0.35114515689756348  0.35805770639421591  0.36616733850739996
  0.37464227916999426  0.38265692273746565  0.39344904764447119  0.40615160999892480
  0.41358564039565043  0.41938338195521474  0.42430872975337514  0.42944560992946496
  0.43497569113783308  0.45050811230947119  0.46323810926659037  0.47341591554616963
  0.47959736280882564  0.48585715443538313  0.49515230287267237  0.50349514939939444
  0.51065110249144918  0.51761413025141312  0.52359385034279105  0.52905788887327720
  0.53619556519286637  0.56649736684984353  0.59122329128597362  0.60626822570837069
  0.61797409528940872  0.62598185354368807  0.63090218641981211  0.63552819720979215
  0.63999289364264256  0.64403826810570264  0.64898160589669696  0.65546947007453471
  0.66493554905042229  0.67305930531063007  0.68530687871701002  0.69821208705043603
  0.70313706113438867  0.70879405119893957  0.71881437106996526  0.73526638567765035
  0.75334615677254180  0.76775146228707813  0.78060922770433305  0.79131488300049269
  0.79707627408770076  0.80278145920752253  0.80926458965339521  0.81670631332500321
  0.82555902730210895  0.83467375237030650  0.84634462489407658  0.86055267497349286
  0.88109368047101966  0.90566359883351977  0.93517351042352204  0.95075700848293965
  0.96074903006160306  0.96506207494363339  0.97010081332810294  0.97782714675477955
  0.98755644823963973  0.99208985610206779  0.99617863209344826  1.00000000000000000
  0.25546244560918874  0.56828093420639025  0.61398788300958385  0.67065364034108343
  0.68241255368435938  0.69584493825497507  0.71050305776906453  0.71986196796844149
  0.74263308638776682  0.76561520077309375  0.78759179467402685  0.79686221119471801
  0.80546190363139591  0.81344250851233768  0.82287400143454459  0.83054713515966305
  0.83529250815569589  0.83920189055588368  0.84272243502107813  0.84721558198723501
  0.85299998369231778  0.86034351788905061  0.86419570368356480  0.86512590089318397
  0.86579837192224318  0.86663094569589616  0.86717292650982958  0.86785044980933301
  0.86850922367028083  0.86923968920617567  0.87005624887471755  0.87148856606827818
  0.87356019598546841  0.87622905753566516  0.87885022670116464  0.88200764255349129
  0.88400193004584982  0.88597764644824606  0.88792317016831812  0.88981836757864452
  0.89159606569311201  0.89336570259726700  0.89534405855094501  0.89881925669270923
  0.90248740000935557  0.90681143882019466  0.91122735828306556  0.91321660584925612
  0.91521359564856619  0.91661666723191215  0.91853854746968588  0.91970170418657415
  0.92071964545194107  0.92175400186411027  0.92306289547892684  0.92494570339892845
  0.92604339670546376  0.92690812031217273  0.92772939556607148  0.92886409747550658
  0.93069016924491654  0.93268349330175015  0.93482143958304187  0.93725508293461257
  0.93944373373340939  0.94191662518420216  0.94414972982402356  0.94672713496598371
  0.94939075677373574  0.95101863629388572  0.95274742837762150  0.95449591439981507
  0.95633968331319963  0.95789753630841590  0.95908145738711159  0.96011739220293013
  0.96091324049028093  0.96181175806662988  0.96280375373882277  0.96377667805429423
  0.96467204383374971  0.96634304602415111  0.96865386756441618  0.97028317879943626
  0.97141858082225674  0.97257737478142636  0.97373562954762860  0.97489956395433086
  0.97612209617784174  0.97771978751078870  0.97980426814533095  0.98215960191364160
  0.98485689128582632  0.98813625424255891  0.99266457166624211  1.00000000000000000
 -0.03477805950599272  0.18003731093721465  0.26371617233577777  0.28154135346212372
  0.29468643833612551  0.30672862007524859  0.31852938581701129  0.33137051742681617
  0.33809463783759713  0.34181365747113984  0.34776186184459668  0.35115111035051083
  0.35499702807583655  0.35909075404414292  0.36331459195575361  0.36789520633049488
  0.37477493842794668  0.38477032066429018  0.39352818431142644  0.41056988455782351
  0.42711163845116773  0.43958849205934564  0.45114536930960913  0.46406707875471387
  0.47375520702862739  0.48561109043904205  0.50067939140959561  0.51125092216898727
  0.51712095783854051  0.52447857565696121  0.53244164415285777  0.54078628190108979
  0.55444958572345659  0.56801885064361546  0.58061321144579991  0.59257453369390123
  0.60000595590037964  0.60499653516501783  0.60870767399472558  0.61172786095451048
  0.61540755748836551  0.61920904995948223  0.62240357931376278  0.62591306863738483
  0.62904279684162168  0.63182975817790210  0.63308861705347186  0.63384589090185250
  0.63453793334602260  0.63530747216990124  0.63679297550333591  0.63879104596609593
  0.64082607677203085  0.64284272973613699  0.64465259515954032  0.64653540294751644
  0.64945972154920339  0.65368590218941969  0.65896206294976523  0.66279097000879061
  0.66366571237513838  0.66457234569251089  0.66591787787741252  0.66924771959056928
  0.67358457221711709  0.67779020714453553  0.68168967642650025  0.68551259078100635
  0.68760500094920807  0.69141425455631167  0.69671424837040608  0.70388472752061060
  0.71153851357216125  0.71961527247972512  0.72693200263782565  0.73303064921716110
  0.73838087261069174  0.74484812239230158  0.75403822616344374  0.76695031813576353
  0.77711438559139345  0.78627642218730498  0.79559558117128304  0.80697693755628808
  0.81500915333346069  0.82463353702431141  0.83179695677403542  0.83877662909014872
  0.84541215212938181  0.85087026239482455  0.85639601944835009  0.86501060363632520
  0.87362518782430021  0.89890088967808257  0.92521263337359905  1.00000000000000000
   1.2122095947683617E-018  -1.0000000000000000     
 F F F F F F F F F F F F F F F F F F F F F F F F F F F F F F F F F F F F F F F F F F F F F F F F F F F F F F F F F F F F F F F F F F F F F F F F F F F F F F F F F F F F F F F F F F F F F F F F F F F F F F F F F F F F F F F F F F F F F F F F F F F F F F F F F F F F F F F F F F F F F F F F F F F F F F F F F F F F F F F F F F F F F F F F F F F F F F F F F F F F F F F F F F F F F F F F F F F F F F F F F F F F F F F F F F F F F F F F F F F F F F F F F F F F F F F F F F F F F F F F F F F F F F F F F F F F F F F F F F F F F F F F F F F F F F F F F F F F F F F F F F F F F F F F F F F F F F F F F F F F F F F F F F F F F F F F F F F F F F F F F F F F F F F F F F F F F F F F F F F F F F F F F F F F F F F F F F F F F F F F F F F F F F F F F F F F F F F F F F F F F F F F F F F F F F F F F F F F F F F F F F F F F F F F F F F F F F F F F F F F F F F F F F F F F F F F F F F F F F F F F F F F F F F F F F F F F F F F F F F F F F F F F F F F F F F F F F F F F F F F F F F F F F F F F F F F F F F F F F F F F F F F F F F F F F F F F F F F F F F F F F F F F F F F F F F F F F F F F F F F F F F F F F F F F F F F F F F F F F F F F F F F F F F F F F F F F F F F F F F F F F F F F F F F F F F F F F F F F F F F F F F F F F F F F F F F F F F F F F F F F F F F F F F F F F F F F F F F F F F F F F F F F F F F F F F F F F F F F F F F F F F F F F F F F F F F F F F F F F F F F F F F F F F F F F F F F F F F F F F F F F F F F F F F F F F F F F F F F F F F F F F F F F F F F F F F F F F F F F F F F F F F F F F F F F F F F F F F F F F F F F F F F F F F F F F F F F F F F F F F F F F F F F F F F F F F F F F F F F F F F F F F F F F F F F F F F F F F F F F F F F F F F F F F F F F F F F F F F F F F F F F F F F F F F F F F F F F F F F F F F F F F F F F F F F F F F F F F F F F F F F F F F F F F F F F F F F F F F F F F F F F F F F F F F F F F F F F F F F F F F F F F F F F F F F F F F F F F F F F F F F F F F F F F F F F F F F F F F F F F F F F F F F F F F F F F F F F F F F F F F F F F F F F F F F F F F F F F F F F F F F F F F F F F F F F F F F F F F F F F F F F F F F F F F F F F F F F F F F F F F F F F F F F F F F F F F F F F F F F F F F F F F F F F F F F F F F F F F F F F F F F F F F F F F F F F F F F F F F F F F F F F F F F F F F F F F F F F F F F F F F F F F F F F F F F F F F F F F F F F F F F F F F F F F F F F F F F F F F F F F F F F F F F F F F F F F F F F F F F F F F F F F F F F F F F F F F F F F F F F F F F F F F F F F F F F F F F F F F F F F F F F F F F F F F F F F F F F F F F F F F F F F F F F F F F F F F F F F F F F F F F F F F F F F F F F F F F F F F F F F F F F F F F F F F F F F F F F F F F F F F F F F F F F F F F F F F F F F F F F F F F F F F F F F F F F F F F F F F F F F F F F F F F F F F F F F F F F F F F F F F F F F F F F F F F F F F F F F F F F F F F F F F F F F F F F F F F F F F F F F F F F F F F F F F F F F F F F F F F F F F F F F F F F F F F F F F F F F F F F F F F F F F F F F F F F F F F F F F F F F F F F F F F F F F F F F F F F F F F F F F F F F F F F F F F F F F F F F F F F F F F F F F F F F F F F F F F F F F F F F F F F F F F F F F F F F F F F F F F F F F F F F F F F F F F F F F F F F F F F F F F F F F F F F F F F F F F F F F F F F F F F F F F F F F F F F F F F F F F F F F F F F F F F F F F F F F F F F F F F F F F F F F F F F F F F F F F F F F F F F F F F F F F F F F F F F F F F F F F F F F F F F F F F F F F F F F F F F F F F F F F F F F F F F F F F F F F F F F F F F F F F F F F F F F F F F F F F F F F F F F F F F F F F F F F F F F F F F F F F F F F F F F F F F F F F F F F F F F F F F F F F F F F F F F F F F F F F F F F F F F F F F F F F F F F F F F F F F F F F F F F F F F F F F F F F F F F F F F F F F F F F F F F F F F F F F F F F F F F F F F F F F F F F F F F F F F F F F F F F F F F F F F F F F F F F F F F F F F F F F F F F F F F F F F F F F F F F F F F F F F F F F F F F F F F F F F F F F F F F F F F F F F F F F F F F F F F F F F F F F F F F F F F F F F F F F F F F F F F F F F F F F F F F F F F F F F F F F F F F F F F F F F F F F F F F F F F F F F F F F F F F F F F F F F F F F F F F F F F F F F F F F F F F F F F F F F F F F F F F F F F F F F F F
  <DiscreteSampler_grid>
  grouped_processes
  1 # 1 for a reference and 2 for a running grid.
  10 # Attribute 'min_bin_probing_points' of the grid.
  1 # Attribute 'grid_mode' of the grid. 1=='default',2=='initialization'
  0.0000000000000000 # Attribute 'small_contrib_threshold' of the grid.
  0.5000000000000000 # Attribute 'damping_power' of the grid.
 # binID   n_entries weight   weight_sqr   abs_weight
    61   10   1.770180128701819E-015   3.127164143112090E-029   1.770180128701819E-015
    62   10   1.770180128701674E-015   3.127164143111943E-029   1.770180128701674E-015
    64   10   3.540360257403637E-015   1.250865657244836E-028   3.540360257403637E-015
    65   10   3.540360257403349E-015   1.250865657244777E-028   3.540360257403349E-015
    67   10   1.780848052546370E-015   3.164765252741013E-029   1.780848052546370E-015
    68   10   1.780848052546194E-015   3.164765252740859E-029   1.780848052546194E-015
    70   10   3.561696105092740E-015   1.265906101096405E-028   3.561696105092740E-015
    71   10   3.561696105092388E-015   1.265906101096344E-028   3.561696105092388E-015
    106   10   1.770180128701807E-015   3.127164143112058E-029   1.770180128701807E-015
    107   10   1.770180128701677E-015   3.127164143111960E-029   1.770180128701677E-015
    109   10   3.540360257403613E-015   1.250865657244823E-028   3.540360257403613E-015
    110   10   3.540360257403354E-015   1.250865657244784E-028   3.540360257403354E-015
    112   10   1.780848052546358E-015   3.164765252740977E-029   1.780848052546358E-015
    113   10   1.780848052546197E-015   3.164765252740877E-029   1.780848052546197E-015
    115   10   3.561696105092717E-015   1.265906101096391E-028   3.561696105092717E-015
    116   10   3.561696105092394E-015   1.265906101096351E-028   3.561696105092394E-015
  </DiscreteSampler_grid>
