  0.00239898505396287  0.01833784544069531  0.02767105486847714  0.03519374500161362
  0.04047582075957219  0.04560585260378861  0.05345354697623725  0.06508013156871502
  0.07713764253630229  0.08768725764387192  0.09746272650099391  0.10753507529281398
  0.12054846772386664  0.13483558436944892  0.14626339887566661  0.15899647115138923
  0.17132124751673136  0.18348046953081509  0.19962214127555716  0.21392803823701387
  0.22724229511206984  0.24303535895059875  0.26036347508939867  0.27798171079945122
  0.29522021381079827  0.31253101588446025  0.32691978707403674  0.34406416663505685
  0.36460605304933402  0.37850743777246948  0.39231741110488133  0.40421643911155841
  0.41607522890149096  0.42665957090179324  0.43550532076879983  0.44524194093338382
  0.45850529281955593  0.46851713579127940  0.47780207010622300  0.48748730481150454
  0.49646443567187054  0.51040304696253935  0.51974761674999770  0.52678163666015321
  0.53440893625070474  0.54268290568323485  0.55439890904964761  0.56960860420045367
  0.58343700694962441  0.59615636803916761  0.60554326527090763  0.61336998042879864
  0.62600433672103151  0.64128927571464189  0.65216172088614255  0.65771302155887468
  0.66200690509213767  0.66907308221629036  0.67931740474321833  0.69041063508915368
  0.70050983709522285  0.71207811587809522  0.72484194593805851  0.73426060955997252
  0.74065223325581131  0.74559419425769180  0.75146401191665257  0.75828090512609803
  0.76612476034928767  0.77366670096171386  0.77968514881943707  0.78497675923614973
  0.79338375993523147  0.80189385894877974  0.81044779476953821  0.81526678837065869
  0.81925938000573229  0.82285920394191803  0.82714764390973439  0.83273294347197224
  0.83922837669570749  0.85074271608314445  0.86891972245628979  0.88288732273220238
  0.89539850376229591  0.90769604412069449  0.91533310666632395  0.92523300729440028
  0.93613121732736715  0.94714994026413402  0.95789728746036440  0.96665768087923387
  0.97565125669625663  0.98479498004887689  0.99229891990215058  1.00000000000000000
  0.00002467741750312  0.00003312445606555  0.00003905906409329  0.00004380602875255
  0.00004651993289391  0.00004862257184913  0.00005014011355643  0.00005141547172195
  0.00005239173205633  0.00005336968543135  0.00005429678439653  0.00005515458615578
  0.00005600626086962  0.00005671362335978  0.00005729896701214  0.00005773346346416
  0.00005827733133111  0.00005886246722256  0.00005943040802870  0.00005990820393587
  0.00006030047573508  0.00006076591501167  0.00006129740816905  0.00006213538615347
  0.00006308668178436  0.00006385271771308  0.00006428547953634  0.00006482173554298
  0.00006547410717396  0.00006612111362564  0.00006707258727218  0.00006823389957129
  0.00006956664555279  0.00007091810873962  0.00007214087010471  0.00007328876012001
  0.00007443833778058  0.00007564022035428  0.00007700871728886  0.00007830717058910
  0.00007950492739837  0.00008067999465077  0.00008178999606314  0.00008276233697545
  0.00008344027384591  0.00008396897363589  0.00008455581423441  0.00008505918608624
  0.00008540417992402  0.00008577611582915  0.00008628446060958  0.00008702588072906
  0.00008754655601498  0.00008792056042646  0.00008869168882113  0.00008952779910795
  0.00009014440700599  0.00009091693000246  0.00009197939774621  0.00009333440928189
  0.00009510584762638  0.00009668217674383  0.00009811739321104  0.00009940773415015
  0.00010086464307024  0.00010268743088755  0.00010422247325576  0.00010565583496942
  0.00010703388675093  0.00010853838937815  0.00011067275918727  0.00011287532998632
  0.00011521443093059  0.00011789767950846  0.00012046244995649  0.00012322496098943
  0.00012718188405793  0.00013324875490616  0.00013662562289449  0.00013986103040003
  0.00014284422911967  0.00014559063273879  0.00014827139783437  0.00015290184963662
  0.00015876210882083  0.00016657184963147  0.00017578604379388  0.00018790662644320
  0.00020342001188375  0.00022126702490042  0.00024614572644358  0.00027648192783938
  0.00034390005467772  0.00045664166998119  0.49966262538808159  1.00000000000000000
  0.00018154779379659  0.00018579611143932  0.00018889025715625  0.00019161193041563
  0.00019389330784215  0.00019627851637034  0.00019891060967678  0.00020329781750656
  0.00020889001599522  0.00021571385946588  0.00022158262265794  0.00022517503440066
  0.00022748200941136  0.00022993651381965  0.00023257218193401  0.00023590335952466
  0.00023932534133397  0.00024249659914804  0.00024522954847514  0.00024745999100951
  0.00024915545983868  0.00025053308168647  0.00025159678409560  0.00025228034485503
  0.00025296251656544  0.00025374869157177  0.00025485334954414  0.00025630359850254
  0.00025900308353973  0.00026230007288493  0.00026515146080020  0.00026777770636797
  0.00027024080222825  0.00027271392616281  0.00027532963468566  0.00027865686605434
  0.00028180930054638  0.00028366808381542  0.00028543458691730  0.00028713595533270
  0.00028871615460658  0.00029021409634185  0.00029334475981875  0.00029550438415992
  0.00029767920783896  0.00029972652693952  0.00030184563154457  0.00030467579428634
  0.00030810062437095  0.00031171316310387  0.00031540981894977  0.00031878573294291
  0.00032174535968642  0.00032449686274774  0.00032757199547342  0.00033115150460995
  0.00033483559110105  0.00033848688867684  0.00034285710871098  0.00034894558332846
  0.00035526332044262  0.00035989201856982  0.00036438511282904  0.00036925841771243
  0.00037563325047746  0.00038268392492749  0.00038987085652593  0.00039827682348603
  0.00040785494690130  0.00041758459042529  0.00042806474561548  0.00043887822221651
  0.00045043073270242  0.00046268639738402  0.00047546690889159  0.00048799922193131
  0.00050222297575593  0.00051998723487116  0.00054689234075232  0.00058005533627897
  0.00061880741061335  0.00065185401384546  0.00068507978095549  0.00072123697005114
  0.00076266200217220  0.00081017957211124  0.00086421120328182  0.00095586935170615
  0.00109585923318984  0.00121141939463953  0.00132019201769706  0.00147853178815369
  0.00171592076047936  0.00272312002097465  0.54184712498131482  1.00000000000000000
  0.00947269342517275  0.01616175453183916  0.02382976184193118  0.03145210367578656
  0.03949101612488409  0.04853328025626905  0.05989256752607666  0.07215489365752092
  0.08318030846580413  0.09399220178665513  0.10539935818652539  0.11664511276340392
  0.12825237585991009  0.14091228715666690  0.14941644407846275  0.15663124844442744
  0.16327039475611518  0.16880071732418211  0.17548827028940878  0.18362357507252502
  0.19451684423083113  0.20517868451922208  0.21299434605845929  0.22077524520042616
  0.23004174309281164  0.24841480687102482  0.26687620857678818  0.28107160418390886
  0.29227793106227962  0.30238801749080269  0.31247429881068323  0.32111463834204251
  0.33169692528780148  0.34291239996257389  0.35271812276338999  0.36181523595318554
  0.37149456823708282  0.38088793458422554  0.39271209602574458  0.40242514914452965
  0.41638680618505036  0.43059806450513938  0.44303133589648808  0.45302583728346163
  0.46044555577130486  0.46440335150533035  0.46855158142697956  0.47343918170515142
  0.47954883247923602  0.48808162375326697  0.49844576857923206  0.50550144939798503
  0.51061486095825070  0.51770133225287074  0.52910646843988263  0.54229215944840292
  0.55220515534500803  0.55940277778432845  0.56812567665936164  0.57662369048158324
  0.58211315837141964  0.58667090352440099  0.59137353850560614  0.59647151903095674
  0.60417993547382032  0.61376147196477682  0.61728011233113711  0.61982335755323281
  0.62242370792118695  0.62511801558867663  0.62792866829945604  0.63420858507657940
  0.64280412942164211  0.65393321193866194  0.66663974064285325  0.68728418350261333
  0.70514475915767882  0.71962829324604471  0.73343519829260340  0.74816940676591803
  0.76749988790921064  0.78752625129167708  0.80588800169298735  0.82323697415822716
  0.83932726226766663  0.85320614375672221  0.86789950144391537  0.88512245416497581
  0.90001620268291471  0.91186522723947561  0.92300383654486240  0.93671730609446469
  0.94924789672885845  0.95998257397452924  0.97815878360566955  1.00000000000000000
  0.00059996400366465  0.00062325945680066  0.00064259221980237  0.00066402805709448
  0.00068308911064485  0.00070141788520649  0.00072342892870811  0.00074051037550078
  0.00075681929139441  0.00077729600880126  0.00080056570219890  0.00082334683058016
  0.00084445686044864  0.00086613051164455  0.00088819298419599  0.00090998232599324
  0.00093258558237024  0.00095044776829534  0.00096316815982881  0.00097387416993875
  0.00098471264643693  0.00099680518478534  0.00100795423993425  0.00101925795747563
  0.00103088513345748  0.00104441671766096  0.00105878882913287  0.00107408805731993
  0.00108970088267235  0.00110285781036297  0.00110978685499998  0.00111538815074767
  0.00112077861478172  0.00112578697106092  0.00112970975765073  0.00113611382621446
  0.00114541024387795  0.00115757524700730  0.00117368831385987  0.00118922071529519
  0.00120311920632976  0.00121793408054288  0.00123288524208461  0.00124746329558056
  0.00126176587438315  0.00127634447640569  0.00129335783256333  0.00131019532907749
  0.00132531654106461  0.00134153022167401  0.00135877920754068  0.00138594494001144
  0.00142309738750865  0.00145794003746939  0.00148285087064014  0.00150603033651352
  0.00152783616568837  0.00155140983885401  0.00159302173567502  0.00162751127957291
  0.00165176059840101  0.00167275287823401  0.00169716479913288  0.00174134486947610
  0.00178829350538112  0.00182464488079270  0.00186494101508641  0.00191817684420519
  0.00196407097199475  0.00200747509213058  0.00205296023467278  0.00210157127164478
  0.00215324064052201  0.00222210823238078  0.00230847664804868  0.00240466088868170
  0.00250650726523644  0.00260523134481596  0.00270475945746697  0.00282673293935560
  0.00301888026602858  0.00327176951781410  0.00346947345059324  0.00368968641707010
  0.00394927310543089  0.00420581937934164  0.00451192368862521  0.00499390027991919
  0.00575540253190609  0.00660706375937978  0.00738986558047437  0.00842340329090059
  0.01115537391384798  0.11751817710273710  0.55488309080424181  1.00000000000000000
  0.00058791485657733  0.02717066677361137  0.04727808397783807  0.06687937560959997
  0.08721578361478340  0.10609919831890444  0.12148368478678644  0.13579490537940725
  0.15126080237263903  0.16731393185653157  0.17907930579221029  0.18981555250025711
  0.19889398218998258  0.20741099536154459  0.21634870349899182  0.22746148807372363
  0.24116841968616601  0.25054187940057715  0.26066369613031537  0.27188363433882684
  0.28272599555896999  0.29396993886107831  0.30510441549073469  0.31540688626681668
  0.32575997988880684  0.33894946582343605  0.34877623611477604  0.35855614824696719
  0.36970997795490407  0.38280950414176318  0.39157347986653657  0.39741073454991693
  0.40285300179027966  0.40854641569972844  0.41469529629504515  0.42227350136073399
  0.43065267372741883  0.44022090802905867  0.45098621502037217  0.45823721732928019
  0.46513005295833204  0.47153976740089348  0.47673247552918374  0.48155820750333039
  0.48768192339326000  0.49478093304935922  0.50366895260470446  0.51334560102336713
  0.52938859475536060  0.54697418345839754  0.56256469996883274  0.57593775619610543
  0.58764192078942601  0.59907687316877234  0.61014616887498585  0.62099867883892412
  0.63074639074207806  0.64053991479179473  0.64947748635698632  0.65902661967068354
  0.66490277628323569  0.67207357622465802  0.68017748270705169  0.68797703022743384
  0.69485698359775883  0.70170969720949539  0.70992572147594601  0.72000720622413739
  0.73587820902963819  0.75422418139588288  0.76864205414719478  0.78038574783479253
  0.79487507444853955  0.81227697019247058  0.82792488217229687  0.83882782788544852
  0.84838006164444246  0.85557545402885071  0.86164312795140663  0.86804739894053895
  0.87565798888948321  0.88400841018236453  0.88996207443871744  0.89606391501748006
  0.90485840740222279  0.91824585205281828  0.93213417422185374  0.94280976168891484
  0.95221099310978086  0.96437115917619831  0.97665979867665009  0.98172916272334043
  0.98624677065946043  0.98936927364932548  0.99124060531258562  1.00000000000000000
 -0.00036743152576424  0.00595934879046568  0.01214223334060517  0.01871464980380781
  0.03019576416249171  0.04584404274355581  0.05973346696394816  0.07484491530759235
  0.09274752965679371  0.10641364885765422  0.11500768953586703  0.12290707263534087
  0.12953667965190702  0.13774993691245169  0.14999791712955302  0.15794826395661263
  0.16537178604156391  0.17505890614437991  0.18562372777804290  0.19535676912461936
  0.20448461356066913  0.21467494689184732  0.22812267800000766  0.23966332476660457
  0.25098874669933102  0.26484532371619884  0.28484552264207808  0.29725979150095122
  0.30664149211743535  0.31699737643131370  0.32707162743744733  0.33352200799771275
  0.33874789759548279  0.34407569363083529  0.34971656542570323  0.35657995578595997
  0.36572456517152696  0.37701835106710052  0.38848871048831146  0.40165311386524871
  0.41734378325172916  0.43426710393518142  0.45042194437615657  0.46420464132661909
  0.47557671101728688  0.48552811965570314  0.49535313630731798  0.50484733849178265
  0.51280312384818139  0.51857486487756876  0.52794653134360470  0.53923267750668535
  0.54851812739795769  0.55563156337406960  0.56108956335597704  0.56704762620540772
  0.57350789997390728  0.58143406621355631  0.59071521849703779  0.60149497364005722
  0.61022400469566207  0.61765546678590044  0.62498538480276999  0.63491914553631912
  0.64652331942058661  0.66029152600873742  0.67697253196828922  0.69405401161527092
  0.70880630690423607  0.72082508292089353  0.73155048662760935  0.74232200124039638
  0.75227643117326048  0.76030329254168105  0.76786012742386967  0.77643193816219691
  0.78747994040251545  0.79838757222640988  0.81027655696231038  0.82243003465850206
  0.83891860660034279  0.85873819645540672  0.87378044785732234  0.88395578622730064
  0.89113079322555866  0.89897855529582693  0.90830330481307453  0.91907523601176311
  0.93056629345280839  0.94140706084902126  0.94842757788835863  0.95543132973948430
  0.96230727170597730  0.97102921282269383  0.98393200874565390  1.00000000000000000
 -0.00228551349900186  0.00607591066754887  0.01588039208470112  0.02687919119102954
  0.03800613870244725  0.04841056184584676  0.05923148616832250  0.06921086961349006
  0.07574338795823980  0.08196681245454310  0.08819127873356515  0.09416569783399299
  0.09953965578565560  0.10859201947359590  0.12091488625972541  0.13050010903951501
  0.14177339883823048  0.15286311485644338  0.16770993156009995  0.17983560781624833
  0.19164676632020161  0.20345894272392112  0.21454343522217900  0.22839069313834759
  0.24128199761428062  0.24903931187569756  0.25603119440640520  0.26323099226208646
  0.27380345780745674  0.28421518040114674  0.29669690119795866  0.30608078465896443
  0.31467230941875807  0.32651090393249227  0.33703589178042093  0.34766018746422567
  0.35742311788466385  0.37102610813035947  0.38040260098531004  0.38883965737404691
  0.39886987829540482  0.40884536686569567  0.41732082455533492  0.42342341243621912
  0.42872686038273222  0.43285337708029986  0.43764013559592096  0.44628236765363222
  0.45264868714962098  0.45898881573689587  0.46742377073993213  0.47691571238181008
  0.49249920515328344  0.50878014058340759  0.51983039486786076  0.52692189861820771
  0.53433921810338370  0.54418411191861693  0.55756381349649353  0.56689092622891812
  0.57550137363932596  0.58438279550970162  0.59398054887811580  0.60451702577536048
  0.61698248446313664  0.63038561213478128  0.64652839575472798  0.66515832258553909
  0.68575907199169794  0.70890552419885366  0.73433314559289364  0.74999473965982844
  0.76103579451910774  0.77138901532867821  0.78021289283072592  0.78773771472522824
  0.79735215608076193  0.80736678016348196  0.81725842303634433  0.82839672821144739
  0.84245186951263540  0.85740352856458391  0.87113039456449803  0.88661983976141179
  0.90263745512406413  0.91603031959683667  0.92564316944305869  0.93233571176884456
  0.93959105164785028  0.94495501144806227  0.95128999040145679  0.95625334043390087
  0.96086420811373141  0.97029009096040586  0.98381642253813140  1.00000000000000000
 -0.00297567263334156  0.01317665411163856  0.02668161029859595  0.04092662800325068
  0.05446963120117515  0.06909374889056320  0.07996838576122940  0.08934020985058704
  0.09777800983749416  0.10987400537366768  0.12347411962719923  0.14254271872121924
  0.16132750674872151  0.17654256465935012  0.18623354071539000  0.19506488494047083
  0.20488629362350538  0.21623771455085822  0.23064740069665382  0.24656021880231788
  0.26107378999636582  0.27196351111453487  0.28229588547811946  0.29234818239156152
  0.30520362524798439  0.32359238020974496  0.34840251546240986  0.37154611300185325
  0.38768288534478956  0.40150584931435562  0.41291904719693712  0.42509319889406899
  0.43689838432596245  0.44856184913467084  0.45979795232734044  0.46454559464820361
  0.46996205240593991  0.47662245670066228  0.48555711405276758  0.49146920204041789
  0.49936025502324766  0.50861240383602080  0.51993804527447340  0.53189578698313678
  0.54134591654279163  0.54658157932118356  0.55237544023397300  0.55869523806024290
  0.56518189521411022  0.57174199071378939  0.58110186455346025  0.59080312432149540
  0.60036813564082658  0.61065645920543343  0.62547588384687736  0.63806893923042030
  0.64659758554493563  0.65286732496458688  0.65815974781879516  0.66360731630082781
  0.67064102603669251  0.67774920590596088  0.68525055352982611  0.69437801587779990
  0.70639239491954808  0.71376393262714211  0.72113425997394098  0.72724573988105368
  0.73428830267655598  0.74144035358510008  0.74868759272280339  0.75655427439349576
  0.76334409130321601  0.77009536664918621  0.78027708892438241  0.79118886481782891
  0.80114080941350663  0.80608446257708177  0.81358479663837746  0.82599733890168703
  0.84390416108002597  0.86477066545955295  0.87964196715112186  0.89357048107013148
  0.90749578319869018  0.92182645109832917  0.93822992075429434  0.95076380721530929
  0.96064689665325054  0.96851581949601506  0.97378040749349937  0.97773642711700304
  0.98122512979334719  0.98595371880625438  0.99172298875948239  1.00000000000000000
 -0.00198781850359305  0.00732094755954247  0.01707986315038752  0.02843840791584497
  0.04185592538826668  0.05411256030791774  0.06429356015905895  0.07419990704949818
  0.08833392755620875  0.10895394879264583  0.12392789938321676  0.12952764542233564
  0.13544903068719563  0.14172352580057829  0.14884300403989745  0.15765778115467977
  0.17068892727442425  0.18877745360677478  0.20476520571508416  0.21514137295299293
  0.22498505859004769  0.23334100235878463  0.24091788723046723  0.24855024478418181
  0.25754616413993769  0.26845654399600560  0.28303782708793379  0.29770593315754135
  0.30999228290748970  0.31941557579790619  0.32817432248025741  0.33748827940572718
  0.34678683153603151  0.35625498783555032  0.36815606819721280  0.37997585596287348
  0.38956924954193078  0.39959427632207040  0.41295248439860893  0.42328241146616941
  0.43319326525558394  0.44581043148117161  0.45589109834947883  0.46616490275153499
  0.47478248600512318  0.48204920509110355  0.48928452950363988  0.49755424636160345
  0.50656093101010979  0.51430341614968855  0.52070230680750984  0.52938859452945497
  0.53940037753314074  0.55088655188565694  0.56215053594438302  0.57406782976793003
  0.58447441306980941  0.59126163666405218  0.59852888903018442  0.60663826139923005
  0.61629207242480510  0.62698147581275843  0.63748356681197016  0.64779789771086238
  0.65405282772440820  0.66238749729485291  0.66992970205646130  0.67638667238463579
  0.68649378859584509  0.70434853742321657  0.72336782982630887  0.74156386382052775
  0.75651954186840520  0.76941526363199164  0.78185021171414504  0.79599040569519242
  0.81069266210574864  0.82369660827752278  0.83410871418059185  0.84251967788325965
  0.85114987664104935  0.85817839761431258  0.86626061478936678  0.87158817709306702
  0.87652390784360812  0.88181890728568624  0.88769028556127072  0.89622653741321323
  0.90774656991831182  0.91802175710573142  0.92724150976731023  0.93462788804045394
  0.94424425865623662  0.96044762073170242  0.97793571594895312  1.00000000000000000
 -0.00421887773759638  0.01589788824947991  0.03565262037736295  0.05233230545179159
  0.06754737137471134  0.07878026966458014  0.09028453208546570  0.10434027796637527
  0.11924229438449800  0.12881238442495774  0.13688791405583361  0.14227682828923063
  0.14870062021693570  0.15717883273730077  0.16757589545024049  0.18600363491416258
  0.20091361659718032  0.21594636607229165  0.23360504527485490  0.24757088995134419
  0.25987027894086723  0.27220861447645467  0.28348375128383008  0.29238119674358898
  0.30052447892731976  0.30944456577466423  0.31815100522632972  0.33008667811874759
  0.34485699089272620  0.35863678634035495  0.36836075139542357  0.37509476788727630
  0.38031705959310513  0.38764918937282089  0.39523523527176541  0.40405953120450389
  0.41445929890976063  0.42465134989392511  0.43372415911413670  0.44377416290063570
  0.45749644707525372  0.47532346339686199  0.49380023150455477  0.51071047506527856
  0.52551138330317038  0.53354839457755010  0.53983592188689467  0.54645889746985310
  0.55449839340172147  0.56324179190844104  0.57136878386219536  0.57837367034508202
  0.58475081959849184  0.59394622078003312  0.60394020910665380  0.61517003534373904
  0.62577100729561386  0.63502449444184828  0.64248602990319326  0.65003849434601080
  0.65750571034057337  0.66378971811264886  0.66992874252533585  0.67901997817506421
  0.68538138620184386  0.69104835162719658  0.69651341820970036  0.70193026033052774
  0.70841187302878827  0.71710225144123629  0.73003724871695275  0.74520026054619193
  0.75598600018813977  0.76615883983564070  0.77592976489337384  0.78445657678186487
  0.79537410362208072  0.80826908482184534  0.82097399835896401  0.83312809363320084
  0.84366244686508274  0.85618634510799962  0.86506629738337826  0.87496802613175839
  0.88462906428255450  0.90068012130373887  0.91747441915762784  0.92775239411749211
  0.93090393566897878  0.93397094894746457  0.94049436386199825  0.94780244362497057
  0.95701627073142681  0.96822159797983143  0.98311630798882810  1.00000000000000000
 -0.00392021682207806  0.00725243237141328  0.01968545218901958  0.03386841068231666
  0.04997336901352912  0.06615683489599095  0.08278514080784852  0.09654995807394071
  0.10868752113163989  0.11734243007522362  0.12609265849970286  0.13476625096311368
  0.14895911784653648  0.16740178628922675  0.18147026515217041  0.19407928752104034
  0.20358831520155954  0.21161981524401763  0.22593284543535158  0.24192193221912001
  0.25173434878337125  0.25833054443181391  0.26379485532333025  0.26850668159891683
  0.27357642667348830  0.27995365214326717  0.28859795911272357  0.29617463059028959
  0.30359820565647982  0.31024031381766504  0.31683926432566972  0.32713866323228974
  0.33632203966867658  0.34240690691037040  0.34690607656345773  0.35024812033933855
  0.35237921951553131  0.35704960498916205  0.36489811942141331  0.37051209083038289
  0.37505393345638277  0.37947697033643379  0.38436374611700580  0.39124765818052204
  0.40519542920432389  0.42225539220689012  0.43919745296995533  0.45656124308565521
  0.47520293166879946  0.49509785739486811  0.51610432257790573  0.53873101458079786
  0.56240995466515475  0.58563545115478666  0.60493857427802578  0.61335329173517839
  0.61942127375846090  0.62510127130501214  0.63247624840094718  0.64033546338253955
  0.64596562033924532  0.65207758374132652  0.65781983114333453  0.66286208268382307
  0.67298533401515481  0.68369847756016067  0.69423258759942774  0.70845175453086107
  0.72412133353739039  0.73881271054901188  0.75092263810318904  0.76015081740279955
  0.76636247027714188  0.77275180670145405  0.77947875919612042  0.78794741094464160
  0.79917017077443397  0.81342231496453610  0.83023262607876991  0.84708162346116167
  0.85760128727975682  0.86780116794732498  0.87698312990325900  0.88526815183457486
  0.89157728094803279  0.89920229687059572  0.90804365525100994  0.91629885005351797
  0.92402236232584722  0.93463436597606375  0.94565690633086652  0.95709226739603215
  0.96864993556764489  0.97815580566165794  0.98811659690718723  1.00000000000000000
 -0.00405973938311071  0.01460454904960509  0.03159627167897525  0.04519519780738730
  0.05669271163736526  0.06867303035757677  0.08240259275903523  0.09894786397006987
  0.11964964494036853  0.13756283782713585  0.15241063536857852  0.16329427989757639
  0.17323545801163098  0.18209368756612893  0.19077154409865446  0.19826058975797708
  0.20493278934690512  0.21187252953946212  0.22080703339289640  0.23185852585564520
  0.24495272756900460  0.26407576209512851  0.28909231974792804  0.30696833717862010
  0.31814889179324651  0.32633533271968479  0.33453215189298807  0.34347982647896380
  0.35025659114688606  0.35626660079060446  0.36393569962191530  0.37312121853967550
  0.38349395024243804  0.39461532525321891  0.40568063333593618  0.41550833569828438
  0.42341835504684222  0.43187412705795919  0.43968771412498270  0.44952524977666142
  0.45973885203832571  0.46720813293151336  0.47358786452268109  0.47961735790659243
  0.49124559372242493  0.50475894990071435  0.51634463002770614  0.52494382539327522
  0.53395702605401318  0.54018535018898228  0.54509436211856432  0.55141613616300944
  0.56080247669318739  0.57088426607064724  0.58259252126427485  0.59479898177468660
  0.60738613905060312  0.62404475491296130  0.64240496569438366  0.65474622386288395
  0.66147745765137023  0.66702504711731136  0.67265649183665177  0.67793505234719342
  0.68241239080447191  0.68483653827440671  0.68727487538563892  0.68973907158640768
  0.69295807951188171  0.69658261149504519  0.70551842732463454  0.71533883644053908
  0.72230956339914176  0.72881714225447125  0.73476844815291065  0.74022135900152630
  0.74596133947138155  0.75379947353664389  0.76564772381267354  0.78209878844577330
  0.80398629566869406  0.82092899228023541  0.83065153570411032  0.83823778203959920
  0.84944273365033107  0.86493337486526223  0.87518722834656604  0.88339128113368426
  0.89315644330141386  0.90351198518413822  0.91452176137283370  0.93155948952685830
  0.94975811498268259  0.96644969398058878  0.98321869233665860  1.00000000000000000
 -0.00146605193656769  0.00700551692279361  0.01183510008967758  0.01764129041578836
  0.02468989169228421  0.03290911432314604  0.04143542445747619  0.04807507698310478
  0.05437162762025683  0.06407363833199765  0.07556081978577589  0.08645132909362442
  0.10063263121712314  0.11403560577123052  0.12800040016554548  0.14249679944826649
  0.15672627210286805  0.16858380758769018  0.17908443552810885  0.18953012428028590
  0.19987407721291789  0.21196888129811473  0.22755910660825079  0.24267129080941935
  0.25434655672073481  0.26434819671176646  0.27436842977763964  0.28427018471514276
  0.29365822809563968  0.30208181273355450  0.31009204079485886  0.31937670462594070
  0.32669209127689974  0.33520755838357591  0.34546265245751984  0.35315068409291323
  0.36679319836435220  0.38225759888524297  0.39695969926599106  0.41166240375972568
  0.42403139098749965  0.43420127634265332  0.44398847647748441  0.45183858476449917
  0.45765140757839468  0.46266395477346134  0.46842387155466425  0.47480561523820752
  0.48286188435583843  0.49450170877960414  0.50413355753632605  0.51577191700268665
  0.52974756976092463  0.54218852110103488  0.55162384554060118  0.56036311100624880
  0.56818031508160816  0.57805508087570312  0.59286174736961872  0.60512168620799289
  0.61407901344250537  0.62005755181283606  0.62530946172182555  0.63090584259307492
  0.63661368925348116  0.64171431275200574  0.65339887020073095  0.67422193976624878
  0.69455727822280411  0.70820995252382912  0.71760932685358458  0.72518796903338445
  0.73254556288477379  0.74182142507357030  0.75428143107562129  0.76509998548662694
  0.77433402401884166  0.78307198840147318  0.79275578253796664  0.80290126673639972
  0.81331696615913351  0.82360773307069557  0.83177434958763818  0.83751073766956863
  0.84485235848077400  0.85277115189357111  0.86276374602988370  0.87493751447047696
  0.89149358551715463  0.90977279093824237  0.92821717665896075  0.94569055397299917
  0.96102829806587242  0.97491369327215938  0.98757171269697741  1.00000000000000000
 -0.00986674669789366  0.03619989639894105  0.06454354688111387  0.08654945100514749
  0.10529229216968773  0.12099553145508239  0.13229883633398420  0.14459545268385360
  0.15933647727041272  0.17516116145310845  0.19263564263156616  0.20584727090267874
  0.21355279374773872  0.21843728326755318  0.22711863823890133  0.23634103782536089
  0.24431916951653732  0.25137637405963548  0.25840949539519115  0.26695499611992696
  0.27436059510046795  0.28177018252293262  0.28780044172650754  0.29428122944445068
  0.30169022388636818  0.30954038723991018  0.31778902136087894  0.32602705841051310
  0.33278760196473756  0.34173647122272194  0.35118380988590842  0.36010847110030048
  0.36692069253546444  0.37408469170512271  0.38198844651488850  0.39122570497363501
  0.40010503994606095  0.40889687242321571  0.41856781681596311  0.42825188370595968
  0.43796004262960564  0.44915142708974326  0.46042559241457165  0.47151649160587178
  0.48382747689916072  0.49556731618181044  0.50369235578385341  0.50927921825908951
  0.51472065361128139  0.52179641613937955  0.53019917467400934  0.54406609964285058
  0.56149852271652434  0.57451192662324913  0.58559052696894698  0.59517527625563404
  0.60372331334519014  0.61560616115259870  0.62926420894135993  0.63740627901570901
  0.64415267393992925  0.65168542739497415  0.66089877615637271  0.66947646695985008
  0.68187315267077786  0.69385285593037205  0.70453278793138219  0.71095391823931886
  0.71662776623975510  0.72117057202985380  0.72440464359499113  0.72730704095315846
  0.73053404854705706  0.73428473447986375  0.74152520264136834  0.75043722641623922
  0.75995019776323736  0.77290235656094008  0.78975239672858399  0.80636605116360349
  0.82142739983106261  0.83717743897988373  0.85166002301464105  0.86321887018611754
  0.87432961174356760  0.88441836197111512  0.89423151454466943  0.90404113701120992
  0.91491604467369536  0.92811834064406773  0.94439321095290596  0.95847125003312172
  0.96685592649532093  0.97498329611536816  0.98524315765854509  1.00000000000000000
 -0.00325328654172210  0.01458592462051002  0.02102859377785923  0.02952989084084700
  0.03730315475935975  0.04287274657957169  0.04889573367357895  0.06023103866871254
  0.07769398205092230  0.09022116508899970  0.10004163427696044  0.11301604970054166
  0.12446438506433694  0.13390926964342956  0.14323147098351988  0.15418241532558802
  0.16709240750942886  0.17948881863229063  0.19381099004555222  0.21139142227145918
  0.22519154878704017  0.23389945798133063  0.24101546006765576  0.24931981699184663
  0.25887829084218217  0.27168104310077212  0.28906106368887852  0.30262723523374185
  0.31682501874284513  0.32424026162871827  0.33197457200244712  0.34347818321625256
  0.35719408001678821  0.37263189363983024  0.38467094623834724  0.39464663211720291
  0.40533365002452365  0.41612093088157620  0.42616024550443288  0.43699060266635786
  0.44689336078046815  0.45642068285550874  0.46551320975096400  0.47878046905943539
  0.49147501534497207  0.50110886258164666  0.51003122062572748  0.51930298855220014
  0.52873458976636978  0.53813943539919729  0.54704631948229399  0.55554653842944468
  0.56066782119459202  0.56603179057552433  0.57147688078687431  0.57746892196622224
  0.58687158626092328  0.59778297095300370  0.60751179719382187  0.61709960352285365
  0.62635911717775017  0.63540597652373798  0.64311713916529289  0.65029168402202442
  0.65776313386237861  0.66640987059482026  0.67453117252029071  0.68191683420627058
  0.68872653850346832  0.69533835426328383  0.70157492660822673  0.70920026940633218
  0.71674574118736400  0.72715424280598462  0.74066213134016756  0.75058960607693348
  0.75849435969999945  0.76616664420225655  0.77602467526958419  0.78967947711901976
  0.80043798684259193  0.81489995401263249  0.82823943296128388  0.85067064511419666
  0.88089941304527852  0.90760788145623306  0.92904900934855117  0.94195894975087491
  0.95353450533209039  0.96202309022703281  0.97019881414589182  0.97805971214241960
  0.98424643832977077  0.99021579062871512  0.99510789531435750  1.00000000000000000
 -0.01065736321621108  0.03909086115142859  0.07088075566635878  0.08557591477133789
  0.09765364738769756  0.11061796459864839  0.12481104731558232  0.14554909055413526
  0.16658556371481598  0.18947945679910619  0.20489908368300139  0.21958188554009953
  0.23610748361163711  0.25430607635918162  0.27697243110839231  0.29866221483206268
  0.31455004495825256  0.32438640144371239  0.33229881595704125  0.34472172990583988
  0.35367743626995485  0.36248993371363070  0.37006098858311892  0.37741017097210344
  0.38522545331044816  0.39259701736099145  0.39945999018551986  0.40855983714047622
  0.41894897127138431  0.42547536969301286  0.42922850219590147  0.43389856347902983
  0.44054215306663408  0.45086140875237057  0.46116200267837743  0.47300666744688169
  0.48455018811769751  0.49440738602904744  0.50762302233157042  0.52101444265918095
  0.53443474118724221  0.54927089172025578  0.56176046380268307  0.57147047017710062
  0.57812136715531381  0.58229469645370036  0.58525049900487836  0.58802228778591281
  0.59401576117572497  0.60274077616853161  0.61146632101660692  0.61613027296686729
  0.62125732264492128  0.63080913782260661  0.64607466985264528  0.66309110604716393
  0.68164464984975315  0.70246181571031463  0.72201350517835550  0.73779212817242035
  0.75185106069972552  0.76857143504969816  0.77746028486494734  0.78420328802636452
  0.78987241143009168  0.79588420535221926  0.80113547948332109  0.80502265711541776
  0.80779548453356920  0.81041174295716911  0.81648091280565172  0.82173782820707320
  0.82594348205325518  0.83124756435753877  0.83842195853418799  0.84929823783759117
  0.85915878142285029  0.86856958409702545  0.87459379028636353  0.87917334226996480
  0.88434506128324153  0.88982481642974820  0.89706018103442164  0.90554958899731752
  0.91694324617473544  0.92842139522370959  0.94046281567736523  0.94634105356941345
  0.95122503757209997  0.95670429352155328  0.96242097255436265  0.96814645786275177
  0.97286904618914738  0.97849434380597722  0.98968185876978709  1.00000000000000000
 -0.00328703365635653  0.01555706039493805  0.02235892637416447  0.02940132971118628
  0.03750272863135467  0.04331267460116896  0.05034768699704123  0.05977798267847777
  0.06927131000509638  0.08089670472698338  0.09491608466512799  0.11686204348697088
  0.13906378402713476  0.15838097388155795  0.17446763992690720  0.18677877139075708
  0.19872238520145488  0.21616189522879042  0.23806943926972163  0.25984769931855362
  0.27302816667114443  0.28084707552674559  0.28541997183553963  0.29074174936443398
  0.29799857479922343  0.30740426402553911  0.31796997734197913  0.33089192562396014
  0.34299570314630634  0.35119533996560454  0.35680980941982138  0.35999916412998423
  0.36250402968438011  0.36588549033906792  0.36965272402679222  0.37442883028864293
  0.38071559968224006  0.38826413428235174  0.39361072456862528  0.40000130461561545
  0.40608643645849390  0.41423361487342636  0.42445769837590197  0.43549833064614824
  0.44880610144081096  0.46282325247436229  0.47968994385582231  0.49999766211048602
  0.51831137318145770  0.52877264685485548  0.53923257525044976  0.54845535215910557
  0.55264293220625804  0.55630704577956469  0.56099444346649496  0.56919519089374038
  0.58242360855281938  0.60023786645821342  0.62451147421396347  0.64234253971679955
  0.65395504753892397  0.66357532320653234  0.67279836884582689  0.68415672973429220
  0.69642308351165816  0.70686565957561798  0.71938611394671270  0.72835510966518768
  0.73450493113869386  0.74068700026756817  0.74673592666280142  0.75268900107124315
  0.76821982617673745  0.78141770068605632  0.79823139885663319  0.81672959911482024
  0.83138800344094343  0.84359198270928593  0.85347578506028876  0.86590948004859014
  0.87294695499949237  0.87958949947214049  0.88706441111789092  0.89322537930338342
  0.89825354170013516  0.90254861459814084  0.90868067580206247  0.91680891033974832
  0.92610491414451312  0.93467939361344510  0.94389524822462634  0.95287236947156939
  0.96181059631740418  0.97330946856899481  0.98767328961243195  1.00000000000000000
 -0.03298804846339828  0.14893155363247126  0.17856938959509785  0.19765001314526071
  0.21901034194079000  0.24775925503656501  0.27401657265710383  0.29400922169735472
  0.30900466984562819  0.31847519236878469  0.32436004615056635  0.33100861524135239
  0.33607850721156401  0.34056387058692228  0.34530163451917451  0.35117508168675488
  0.35604425426079273  0.36050319258439573  0.36575074886178532  0.37246835149488478
  0.38038163037341055  0.38882376303722949  0.39766738162636284  0.40414377499178861
  0.41096445297243417  0.41843063598629765  0.42474217707110734  0.42845671137771058
  0.43063153611647642  0.43311206118874179  0.43600134673545055  0.43815680746551883
  0.43962847023776735  0.44094715441181392  0.44237268393522905  0.44493856853739383
  0.44839390575830440  0.45242805669117464  0.45727051814295389  0.46243271892834703
  0.46725465718050052  0.47198780948510155  0.47696778035984638  0.48205743835402431
  0.48700276230639539  0.49167992779465053  0.49548270269023448  0.49858569320100232
  0.50186096711726835  0.50492968193991050  0.50885221978629036  0.51375300937149748
  0.51959645508306351  0.52570386076279108  0.53184734489915120  0.53766112204679362
  0.54296279701652472  0.54763122762089278  0.55203429673265592  0.55642284836538114
  0.56065844293884959  0.56435211939299590  0.56735776536723226  0.57094541230778839
  0.57541587039464881  0.58023299850695009  0.58593261083025983  0.59120781112686971
  0.59646467359843325  0.60254927789244284  0.60773014504438794  0.61167519154733541
  0.61496957944307240  0.61812423782984616  0.62496507828644510  0.63363206269044237
  0.64387777502116894  0.65482051909050876  0.66527821454220804  0.67291690532581538
  0.67868519088382095  0.68519900418561730  0.69047614542841218  0.69642160992092061
  0.70335204413536923  0.71169797265482282  0.71717486139344944  0.72347439309190120
  0.73009833458802342  0.73814589522898966  0.75088349323041281  0.76870478604864545
  0.79776386330687188  0.82603111649952843  0.85467813991986907  1.00000000000000000
 -0.00188090335104097  0.00983069414430945  0.01889948853768638  0.02827977788580848
  0.03590569472133723  0.04421869266996582  0.05546168638080650  0.06868972808208490
  0.08469358956994397  0.09924597447329694  0.11249428893911952  0.12658198804389095
  0.13826281909236307  0.14817231214989654  0.15782915769470185  0.16964312072093671
  0.18183898578191049  0.19225963338938945  0.20152083919793176  0.21430873414001744
  0.22381113847133396  0.23186513811569584  0.23988425052017220  0.24771921788810308
  0.25502684267083164  0.26274692647183434  0.27071492943195385  0.27506591092311877
  0.27935138844336282  0.28551675132099275  0.29087402418962932  0.30133641623410262
  0.31565264384074115  0.32698654991210135  0.33570184686489785  0.34386738690504903
  0.35350421185191083  0.36271865535549075  0.37132768550293754  0.38169902183186993
  0.39407232968975392  0.40754474164781135  0.42103669577717223  0.43602299630721519
  0.44794041708423704  0.45742921789687951  0.46591898158132072  0.47446026120082718
  0.48330651374377687  0.48903503616315863  0.49408295276731068  0.50170278016638603
  0.51166665132592315  0.52629812731577574  0.55014606170578229  0.57125597674717588
  0.59001248491468328  0.60610772400843249  0.62018723429352973  0.63330717726854457
  0.64590152338444962  0.65718662892255919  0.66926039919609681  0.68073333716415152
  0.69279469723879705  0.70639607853259345  0.72012621790695219  0.73295358795614096
  0.73879087630868245  0.74392871473211897  0.74961792216516732  0.75489393049054021
  0.75925472081443190  0.76753058093267146  0.77959108808933109  0.79229674890300394
  0.80048771130095431  0.81069890628424601  0.81847833922451618  0.82622160998488403
  0.83430058148927333  0.84282345638482248  0.85151415892215021  0.85903220695853688
  0.86558259223363776  0.87287898981991552  0.88217334783106405  0.89532195188319885
  0.90741489579428980  0.91865808177713038  0.92913584324286658  0.94121431269974498
  0.95397701445253680  0.96785789744801087  0.98333885935200127  1.00000000000000000
  0.65007259485964930  0.74973232629223119  0.76852431298116664  0.78833282829727969
  0.81271485029213442  0.83205428046162999  0.84644230533670939  0.85479033563854434
  0.86198106004691011  0.86896215131364274  0.87387152445894367  0.87823106909941351
  0.88412540137353668  0.89284049716040514  0.90016576805144388  0.90593021722459688
  0.91086981879010687  0.91451119177874962  0.91774134694190712  0.92080446058563192
  0.92321015287223041  0.92512981624220925  0.92724001318218863  0.92941168531939022
  0.93183902711588784  0.93442761225077298  0.93713619282923344  0.93855870156386034
  0.94029778068328562  0.94272428191926150  0.94508413789932544  0.94706839243158714
  0.94853730055954721  0.94986679462429180  0.95066649807196102  0.95177101450742707
  0.95307301947940559  0.95435704315860681  0.95569081769364284  0.95693309350018085
  0.95817009723122226  0.95921120486550604  0.96016368179788858  0.96120201284505769
  0.96225820644625537  0.96329771719293622  0.96422588733691639  0.96474070089317698
  0.96508864464373267  0.96557306637348095  0.96608255061679560  0.96661719704191384
  0.96710710062604699  0.96770387773943212  0.96840861445320792  0.96925042282452634
  0.97021896524722362  0.97122202575316718  0.97208732234851758  0.97290606824546100
  0.97373113824899060  0.97464125548539926  0.97548512818877142  0.97630792656700927
  0.97705015453978150  0.97764079280705907  0.97821653222971294  0.97890278529446073
  0.97969068421557004  0.98022561073060954  0.98070559077560848  0.98125171028119951
  0.98180375902042150  0.98235433165349850  0.98295016071917296  0.98357222444900472
  0.98421983879035146  0.98496161260571935  0.98566011593423819  0.98629046086354077
  0.98687490533319255  0.98741359466563428  0.98791194470508303  0.98836013208877349
  0.98896514075397024  0.98962331757017785  0.99022639497202836  0.99088960838835838
  0.99144251677455941  0.99196574952681926  0.99253861879935479  0.99336464291291560
  0.99446410955248055  0.99576306682619453  0.99712731555278988  1.00000000000000000
 -0.04928953267462868  0.23278588849637186  0.28381993338123646  0.30546278977057040
  0.32413826023821829  0.34323785778684024  0.36272938677112321  0.37917959845470067
  0.39021276774572100  0.40171303624259097  0.41507470537315450  0.43082985817457381
  0.44019618595349497  0.44925724045554816  0.45928932334856726  0.46352476727098540
  0.46856560796629082  0.47453705911516392  0.48060469948201540  0.48660159106702927
  0.49214405282841911  0.49742803202523111  0.50095189141842000  0.50620148644267227
  0.51171660879728531  0.51715724038244704  0.52258508211977150  0.52925500715612217
  0.53444121966757097  0.53822683955418593  0.54183085658321573  0.54562562672658088
  0.54987179119334595  0.55553813645874128  0.56215428822695479  0.56878400645145488
  0.57457151453846589  0.58058407676922030  0.58659189931932754  0.59247690117616192
  0.59827615111103760  0.60245150963642069  0.60673353339541458  0.61111476577436552
  0.61624181818761403  0.62151029433164684  0.62785207327704462  0.63419304970272594
  0.64077167117211131  0.64699021277204716  0.65000463974566725  0.65252487045076590
  0.65477114215399090  0.65703027532805880  0.65990627591014883  0.66338277715542615
  0.66734333067588314  0.67237985231017683  0.67814969851384266  0.68431860060703920
  0.69114264762444633  0.69677035961585909  0.70139836387804932  0.70637020346950363
  0.71202090589041589  0.71793228174126289  0.72435063392823418  0.73087687761162179
  0.73732054058569108  0.74222323559618320  0.74604951582003032  0.74961712259642033
  0.75226168305915253  0.75537741291954030  0.75988185519253826  0.76490483612700355
  0.77117622527186669  0.77949885229985449  0.78880285293829777  0.79546876573213132
  0.79983862782819537  0.80420506989595519  0.80847535105324553  0.81719226101909459
  0.82775849321414530  0.83577358473654872  0.84356372877849117  0.85077348411212594
  0.85836185778566676  0.86946341954343676  0.88291986044477022  0.89129464671193981
  0.89969368144022632  0.90607388999086758  0.91781753031058344  1.00000000000000000
   9.2857122786301242E-019  -1.0000000000000000     
 F F F F F F F F F F F F F F F F F F F F F F F F F F F F F F F F F F F F F F F F F F F F F F F F F F F F F F F F F F F F F F F F F F F F F F F F F F F F F F F F F F F F F F F F F F F F F F F F F F F F F F F F F F F F F F F F F F F F F F F F F F F F F F F F F F F F F F F F F F F F F F F F F F F F F F F F F F F F F F F F F F F F F F F F F F F F F F F F F F F F F F F F F F F F F F F F F F F F F F F F F F F F F F F F F F F F F F F F F F F F F F F F F F F F F F F F F F F F F F F F F F F F F F F F F F F F F F F F F F F F F F F F F F F F F F F F F F F F F F F F F F F F F F F F F F F F F F F F F F F F F F F F F F F F F F F F F F F F F F F F F F F F F F F F F F F F F F F F F F F F F F F F F F F F F F F F F F F F F F F F F F F F F F F F F F F F F F F F F F F F F F F F F F F F F F F F F F F F F F F F F F F F F F F F F F F F F F F F F F F F F F F F F F F F F F F F F F F F F F F F F F F F F F F F F F F F F F F F F F F F F F F F F F F F F F F F F F F F F F F F F F F F F F F F F F F F F F F F F F F F F F F F F F F F F F F F F F F F F F F F F F F F F F F F F F F F F F F F F F F F F F F F F F F F F F F F F F F F F F F F F F F F F F F F F F F F F F F F F F F F F F F F F F F F F F F F F F F F F F F F F F F F F F F F F F F F F F F F F F F F F F F F F F F F F F F F F F F F F F F F F F F F F F F F F F F F F F F F F F F F F F F F F F F F F F F F F F F F F F F F F F F F F F F F F F F F F F F F F F F F F F F F F F F F F F F F F F F F F F F F F F F F F F F F F F F F F F F F F F F F F F F F F F F F F F F F F F F F F F F F F F F F F F F F F F F F F F F F F F F F F F F F F F F F F F F F F F F F F F F F F F F F F F F F F F F F F F F F F F F F F F F F F F F F F F F F F F F F F F F F F F F F F F F F F F F F F F F F F F F F F F F F F F F F F F F F F F F F F F F F F F F F F F F F F F F F F F F F F F F F F F F F F F F F F F F F F F F F F F F F F F F F F F F F F F F F F F F F F F F F F F F F F F F F F F F F F F F F F F F F F F F F F F F F F F F F F F F F F F F F F F F F F F F F F F F F F F F F F F F F F F F F F F F F F F F F F F F F F F F F F F F F F F F F F F F F F F F F F F F F F F F F F F F F F F F F F F F F F F F F F F F F F F F F F F F F F F F F F F F F F F F F F F F F F F F F F F F F F F F F F F F F F F F F F F F F F F F F F F F F F F F F F F F F F F F F F F F F F F F F F F F F F F F F F F F F F F F F F F F F F F F F F F F F F F F F F F F F F F F F F F F F F F F F F F F F F F F F F F F F F F F F F F F F F F F F F F F F F F F F F F F F F F F F F F F F F F F F F F F F F F F F F F F F F F F F F F F F F F F F F F F F F F F F F F F F F F F F F F F F F F F F F F F F F F F F F F F F F F F F F F F F F F F F F F F F F F F F F F F F F F F F F F F F F F F F F F F F F F F F F F F F F F F F F F F F F F F F F F F F F F F F F F F F F F F F F F F F F F F F F F F F F F F F F F F F F F F F F F F F F F F F F F F F F F F F F F F F F F F F F F F F F F F F F F F F F F F F F F F F F F F F F F F F F F F F F F F F F F F F F F F F F F F F F F F F F F F F F F F F F F F F F F F F F F F F F F F F F F F F F F F F F F F F F F F F F F F F F F F F F F F F F F F F F F F F F F F F F F F F F F F F F F F F F F F F F F F F F F F F F F F F F F F F F F F F F F F F F F F F F F F F F F F F F F F F F F F F F F F F F F F F F F F F F F F F F F F F F F F F F F F F F F F F F F F F F F F F F F F F F F F F F F F F F F F F F F F F F F F F F F F F F F F F F F F F F F F F F F F F F F F F F F F F F F F F F F F F F F F F F F F F F F F F F F F F F F F F F F F F F F F F F F F F F F F F F F F F F F F F F F F F F F F F F F F F F F F F F F F F F F F F F F F F F F F F F F F F F F F F F F F F F F F F F F F F F F F F F F F F F F F F F F F F F F F F F F F F F F F F F F F F F F F F F F F F F F F F F F F F F F F F F F F F F F F F F F F F F F F F F F F F F F F F F F F F F F F F F F F F F F F F F F F F F F F F F F F F F F F F F F F F F F F F F F F F F F F F F F F F F F F F F F F F F F F F F F F F F F F F F F F F F F F F F F F F F F F F F F F F F F F F F F F F F F F F F F F F F F F F F F F F F F F F F F F F F F F F F F F F F F F F F F F F F F F F F F F F F F F F F F F F F F F F F F F F F F F F F F F F F F F F F F F F
  <DiscreteSampler_grid>
  grouped_processes
  1 # 1 for a reference and 2 for a running grid.
  10 # Attribute 'min_bin_probing_points' of the grid.
  1 # Attribute 'grid_mode' of the grid. 1=='default',2=='initialization'
  0.0000000000000000 # Attribute 'small_contrib_threshold' of the grid.
  0.5000000000000000 # Attribute 'damping_power' of the grid.
 # binID   n_entries weight   weight_sqr   abs_weight
    61   10   2.335948996572672E-017   5.454871954293581E-033   2.335948996572672E-017
    62   10   2.335948996572678E-017   5.454871954293623E-033   2.335948996572678E-017
    64   10   4.671897993145344E-017   2.181948781717432E-032   4.671897993145344E-017
    65   10   4.671897993145356E-017   2.181948781717449E-032   4.671897993145356E-017
    67   10   4.210627502951735E-017   1.757293873314286E-032   4.210627502951735E-017
    68   10   4.210627502951757E-017   1.757293873314299E-032   4.210627502951757E-017
    70   10   8.421255005903470E-017   7.029175493257145E-032   8.421255005903470E-017
    71   10   8.421255005903515E-017   7.029175493257197E-032   8.421255005903515E-017
    106   10   2.335948996572676E-017   5.454871954293598E-033   2.335948996572676E-017
    107   10   2.335948996572675E-017   5.454871954293604E-033   2.335948996572675E-017
    109   10   4.671897993145351E-017   2.181948781717439E-032   4.671897993145351E-017
    110   10   4.671897993145349E-017   2.181948781717442E-032   4.671897993145349E-017
    112   10   4.210627502951736E-017   1.757293873314288E-032   4.210627502951736E-017
    113   10   4.210627502951747E-017   1.757293873314291E-032   4.210627502951747E-017
    115   10   8.421255005903472E-017   7.029175493257153E-032   8.421255005903472E-017
    116   10   8.421255005903494E-017   7.029175493257166E-032   8.421255005903494E-017
    151   10   5.632631938871694E-019   2.986410360247901E-036   5.632631938871694E-019
    152   10   5.632631938871741E-019   2.986410360247950E-036   5.632631938871741E-019
    154   10   1.126526387774339E-018   1.194564144099160E-035   1.126526387774339E-018
    155   10   1.126526387774348E-018   1.194564144099180E-035   1.126526387774348E-018
    157   10   6.064692444241202E-017   3.664611179559652E-032   6.064692444241202E-017
    158   10   6.064692444241197E-017   3.664611179559639E-032   6.064692444241197E-017
    160   10   1.212938488848240E-016   1.465844471823861E-031   1.212938488848240E-016
    161   10   1.212938488848239E-016   1.465844471823856E-031   1.212938488848239E-016
    196   10   5.632631938871704E-019   2.986410360247914E-036   5.632631938871704E-019
    197   10   5.632631938871740E-019   2.986410360247947E-036   5.632631938871740E-019
    199   10   1.126526387774341E-018   1.194564144099166E-035   1.126526387774341E-018
    200   10   1.126526387774348E-018   1.194564144099179E-035   1.126526387774348E-018
    202   10   6.064692444241230E-017   3.664611179559670E-032   6.064692444241230E-017
    203   10   6.064692444241213E-017   3.664611179559645E-032   6.064692444241213E-017
    205   10   1.212938488848246E-016   1.465844471823868E-031   1.212938488848246E-016
    206   10   1.212938488848243E-016   1.465844471823858E-031   1.212938488848243E-016
  </DiscreteSampler_grid>
