  0.00005404654865575  0.00005414022327291  0.00005423361442974  0.00005433051915668
  0.00005444415389642  0.00005456504026738  0.00005467880850000  0.00005478768019694
  0.00005488545828986  0.00005492382809001  0.00005495057315315  0.00005503186648745
  0.00005512611684000  0.00005523423087438  0.00005537211836494  0.00005545660090943
  0.00005553629201135  0.00005561290289682  0.00005576935620428  0.00005596670293840
  0.00005628061831045  0.00005651328207589  0.00005672098789051  0.00005689932219167
  0.00005707194336811  0.00005725882538018  0.00005745942118328  0.00005774396546582
  0.00005794550487501  0.00005814774720773  0.00005838307622416  0.00005862302425495
  0.00005888095706280  0.00005917884596774  0.00005959449024582  0.00006000143222948
  0.00006034228320257  0.00006064685223384  0.00006098513138814  0.00006139306998888
  0.00006184475163084  0.00006230009560296  0.00006265538854747  0.00006300849384660
  0.00006340707973661  0.00006381287801768  0.00006424018514222  0.00006468094000241
  0.00006499815242249  0.00006527894648626  0.00006558319146660  0.00006595193731161
  0.00006657730652244  0.00006743967348848  0.00006829453778796  0.00006894768556735
  0.00006937458720192  0.00006969568481393  0.00007005034108343  0.00007049052287979
  0.00007092262308368  0.00007144620761424  0.00007217563231528  0.00007302443280391
  0.00007399009479413  0.00007478387659466  0.00007516780627971  0.00007555413430357
  0.00007588921107312  0.00007624836827330  0.00007654305148813  0.00007721667812661
  0.00007826836533073  0.00007932199661746  0.00008028851718358  0.00008117827445769
  0.00008181571250583  0.00008267153283748  0.00008356066665798  0.00008425778416691
  0.00008513346340702  0.00008765965474170  0.00009065820247539  0.00009384365877957
  0.00009707086322526  0.00010023005594233  0.00010611516300586  0.00011186712647817
  0.00011920110894971  0.00013084895827165  0.00014557759741333  0.00016733034545789
  0.00020757909412453  0.03171041297071769  0.25411605998968778  1.00000000000000000
  0.00144674869031135  0.01671879581830601  0.03420161516373146  0.04618664006555906
  0.05206592654701672  0.05345768627517048  0.05439032591903541  0.05544307922104318
  0.05673995119124454  0.05797823999453974  0.06148500764106281  0.07158073839942070
  0.08197658517598062  0.08882353694607699  0.09554549155538329  0.10364991460174053
  0.12046411292035412  0.13627233038478859  0.14873327834293057  0.15961456306696170
  0.17251248957465229  0.18600918808679370  0.19838072869460494  0.21266541564654012
  0.22893447228251734  0.24552135003293374  0.25958720264505603  0.27002702723154337
  0.27900520710270338  0.29059769500281490  0.30849556613466012  0.34033509832517933
  0.36005259093261660  0.36618951025827778  0.37489056906231227  0.38377927648172927
  0.39061402844897886  0.40193081206803449  0.41301636621548227  0.42361696625415812
  0.43423906820403624  0.44656322931447412  0.45901124788170178  0.47551140727803809
  0.48984749288795149  0.49799222896309381  0.50545718593332256  0.51445988571007517
  0.52361330362950820  0.52983607691068169  0.53405733415678180  0.53771724324805670
  0.54116523913351533  0.54400726428085722  0.55603634203100505  0.56520787366815461
  0.56998011212881783  0.57505704200475150  0.58060354578385498  0.58633030706874056
  0.59218901753593967  0.60177690931964245  0.60790563782137708  0.61267621313319198
  0.62176806968738318  0.63875526420780981  0.65847112525782803  0.66944306997977987
  0.67577229053106291  0.68128346078895419  0.68771142246469619  0.69606827292852969
  0.70438241851770078  0.71148804463599802  0.71910611494297683  0.72758408217302784
  0.73823279398474428  0.75573219550542003  0.77215273735374945  0.78600412147170928
  0.79629877667678683  0.80399161190896506  0.81231790207527421  0.82349898194246440
  0.83995183703952747  0.86150641871356082  0.88064670917310250  0.89706286087168030
  0.91149123850389602  0.92153820720583057  0.93222796705380995  0.94343752134443648
  0.95434404792453764  0.96305435489550406  0.97550333457914107  1.00000000000000000
  0.00017580724330933  0.00018393582324909  0.00018925040340818  0.00019301706119204
  0.00019582501928342  0.00019836376451915  0.00020027375484225  0.00020192129141309
  0.00020305481892746  0.00020430757252753  0.00020554753879851  0.00020677741022681
  0.00020876576040867  0.00021051833932921  0.00021198138174031  0.00021328262065905
  0.00021445439335480  0.00021741444088272  0.00022061685515163  0.00022373827359500
  0.00022720444271928  0.00022994221933177  0.00023178594111378  0.00023390297956593
  0.00023486522899093  0.00023576796350815  0.00023680580687221  0.00023794620764607
  0.00023926036571202  0.00024057322985870  0.00024220767122535  0.00024454264882517
  0.00024740560263675  0.00025016017851079  0.00025270624368781  0.00025596405556480
  0.00025955665254057  0.00026364357529107  0.00026708124905732  0.00027006888164134
  0.00027242103705030  0.00027465852013950  0.00027685221654227  0.00027900134465800
  0.00028120672651116  0.00028348455241813  0.00028596446375271  0.00028890737643541
  0.00029197916187842  0.00029676461819220  0.00030244775766713  0.00030844494829666
  0.00031374005620585  0.00031842597595180  0.00032309106110051  0.00032790246163334
  0.00033436631654801  0.00034102322521088  0.00034592182219566  0.00034713669708266
  0.00034849576112363  0.00035016261585698  0.00035205387677171  0.00035406162787322
  0.00035597354948834  0.00035866321301538  0.00036480051510997  0.00037101032703772
  0.00037686547590506  0.00038363374244212  0.00039026122018142  0.00039518219855599
  0.00039935573620536  0.00040205289820979  0.00040388738817700  0.00040583262049806
  0.00040834779473781  0.00041086186697622  0.00041442776487787  0.00041825662186583
  0.00042158879773006  0.00042480553357947  0.00042903992798386  0.00043657740775481
  0.00045066229475169  0.00046593812909404  0.00048530247089439  0.00052112805989051
  0.00057055519559896  0.00062325976649997  0.00069509778953586  0.00080157791837685
  0.00094646329148161  0.00129344274931637  0.48738706978033403  1.00000000000000000
  0.00135024024914531  0.01911268038646551  0.03518704159251797  0.05072959425954654
  0.07312067349905933  0.09858929203049299  0.12024505751536384  0.14172515680243311
  0.15470306990565297  0.16365317322814282  0.17121593244782110  0.17922540779086588
  0.19007360945809421  0.20199803808936581  0.21526552273091593  0.22905039867140164
  0.24102149621947844  0.25672343094134681  0.27124465027831912  0.28075455632222884
  0.28440239102257581  0.28694383964245163  0.29011271191266802  0.29565143118066728
  0.30036551119838201  0.30509749268667841  0.30979730069448724  0.31450378462641693
  0.31931508158303418  0.32389703958622379  0.33358081604748702  0.34226507755324276
  0.35254762345324586  0.36656074047473636  0.39183085698461784  0.41866137180855928
  0.44126821113351350  0.45524557812493299  0.46760607724766612  0.47952982235395675
  0.49132525304438290  0.50223237199709903  0.51212225076482087  0.51988393070086303
  0.53235316234008190  0.54407510004962167  0.55560808350636604  0.56815048449377648
  0.58349409526084517  0.60358400658529454  0.62335337073222863  0.63504358492207713
  0.64178130550270784  0.64871594043144265  0.65415911435272056  0.66037317901113535
  0.66792361203154860  0.67841809114536278  0.69027857340100951  0.70296729114834833
  0.71690385672778412  0.73029537088763041  0.74669046524499627  0.75973249137946564
  0.76898145520026118  0.77867751731138246  0.78934738384293890  0.79981443210537007
  0.81008570615972131  0.82973375238550451  0.84766951332538132  0.85600581284764332
  0.85849351298987253  0.86221548658904856  0.86641873152320326  0.87148337435405920
  0.88037132770765247  0.88995758872995678  0.89876576965698030  0.90738256849333077
  0.91785713652451040  0.92915681733651934  0.93599538000159477  0.94186759032115330
  0.94740677620696823  0.95325436696165222  0.95773806748744639  0.96223217344137613
  0.96629272617345818  0.97056584636078380  0.97415581619117442  0.97796651237379173
  0.98357431839665166  0.98807283239299681  0.99217976729572133  1.00000000000000000
  0.00041200563910520  0.00043347952471003  0.00044323917149079  0.00045282555046821
  0.00046168990568197  0.00047042774481736  0.00047824805301442  0.00048407046326681
  0.00049088830936694  0.00050382046421392  0.00051858736975039  0.00052974912696823
  0.00053870099093034  0.00054643466041919  0.00055359059749986  0.00056057764086004
  0.00056754424312117  0.00057469672373880  0.00058209960020833  0.00058812319097071
  0.00059599084192474  0.00060414171029116  0.00061086921125277  0.00062424434270059
  0.00063892272582824  0.00065476688401568  0.00066947624474164  0.00068534982880128
  0.00069883584913552  0.00070843757943622  0.00071945181494318  0.00073096352602773
  0.00074651332318452  0.00076320581592332  0.00078970670675254  0.00081395128365865
  0.00083129569744001  0.00084417613223148  0.00085660300125840  0.00087038366723999
  0.00088764396746291  0.00090783403599520  0.00093043814189533  0.00095401504960406
  0.00097823067612600  0.00099934498269443  0.00101852424480034  0.00103735296218177
  0.00105981102600980  0.00108158304690788  0.00110155345599846  0.00112285064082196
  0.00114334731887150  0.00116131615108318  0.00117821074266530  0.00119486109674643
  0.00121067675246793  0.00122617393383319  0.00124517136196595  0.00126534115407726
  0.00129223523792066  0.00131975751519293  0.00134796393748506  0.00136792533236352
  0.00139198733111332  0.00142302237773127  0.00145581427831182  0.00149367972591648
  0.00153658810942795  0.00157830392817223  0.00161967499762072  0.00165360457764958
  0.00170143909780411  0.00175376031142229  0.00182142190736035  0.00190658425846863
  0.00197469809457800  0.00203532566588542  0.00210427680217530  0.00217547444244361
  0.00226210143992670  0.00235010020580412  0.00241967962445255  0.00250028446221173
  0.00255485330451798  0.00260366335766404  0.00264634350188217  0.00267789641697587
  0.00274999355273095  0.00291429503769311  0.00310882386776250  0.00331385511179724
  0.00352825071842824  0.00431792233122597  0.00656244607449838  1.00000000000000000
  0.00588115571153861  0.02799600707955872  0.04744466087008598  0.06549862785678523
  0.07972457678286873  0.09169094053133647  0.10310729296393768  0.11497756106756025
  0.12791625904207996  0.13962259591916731  0.15228829012514167  0.16582569914205819
  0.17965622756108629  0.19118436514257825  0.20134637920345938  0.21287310382513905
  0.22363885413584811  0.23359011388646606  0.24647187214097702  0.26167449144595351
  0.27679712933104761  0.29143891075638562  0.30333140844839501  0.31407350092118846
  0.32426997740053864  0.33484606389851584  0.34264300505454776  0.34857227765444382
  0.35361483162365570  0.35824294993058603  0.36272705215791912  0.36643148244012475
  0.37238955874223306  0.38076525405810457  0.38783914059244434  0.39473450415926609
  0.40114672237182797  0.40542150224467527  0.40960895372952433  0.41392428488970456
  0.41911079058303430  0.42384366429846199  0.42790335155862536  0.43276153126170003
  0.43785679032922475  0.44308545046924391  0.45477696644755911  0.47292014242291452
  0.49603261734500831  0.51938638228138567  0.53708149842884478  0.54990057420138416
  0.55887665843762246  0.56374222493081605  0.56613208873715259  0.56889739482597179
  0.57088312881426517  0.57290737442012474  0.57983292571954215  0.58798347432978626
  0.59387136136414520  0.60022801415531180  0.61171303945158750  0.63030065212114117
  0.65166763016019769  0.66929756903826165  0.68576007711471687  0.70202652843732982
  0.71425580975280345  0.72279433463307430  0.73191399478891017  0.74051872737444191
  0.74881256257246454  0.75373607105508988  0.75746598069866622  0.76834663537933667
  0.77995970024853123  0.79202470375346101  0.80486684937112174  0.81399929216955569
  0.81993084276596684  0.82549664901562181  0.83262727529942915  0.83999273241901762
  0.84804650924938552  0.85386441396365420  0.85849071461700432  0.86417752078217769
  0.87725854036613315  0.89389194976941821  0.91243799709705997  0.92965172668871721
  0.94555899052681425  0.96126884053974970  0.97724304787293681  1.00000000000000000
 -0.00046990479970674  0.00587525586931874  0.01641181908269759  0.02671011758179145
  0.03294245155289616  0.03698033008697878  0.04355726814123585  0.05236411873226317
  0.06400535709245901  0.07684081440051216  0.09235963633570185  0.10313130532996216
  0.11056334180670974  0.11954231564881050  0.12839788094287519  0.13566710321527151
  0.14152732611581306  0.14781370049431167  0.15504593217677293  0.16368380056412113
  0.17760549413370566  0.18825619913535288  0.19932677103071397  0.21154655269287465
  0.22430955147106801  0.24016658734317095  0.25968718423578346  0.27998897842836434
  0.29422532615696628  0.30619290711935232  0.31900844789773269  0.33249887227835229
  0.34486495675226742  0.35519263449091737  0.36385010301688364  0.37290011408043366
  0.38436285394169073  0.39688221496150722  0.40506217845841064  0.41038922816875112
  0.41387911293101282  0.41871869973541942  0.42356746217598229  0.42764523948234451
  0.43320884251768615  0.44170033918611368  0.45328210111015682  0.46761904440719892
  0.48249899039644017  0.49929838553545142  0.51227583300656876  0.52463956615257856
  0.53525162905901469  0.54200234155385196  0.54751523803412427  0.55436447902132047
  0.56097411991592416  0.56850071450911444  0.57680872618165824  0.58418050463796933
  0.59147509764158668  0.59874415532939507  0.60733432200552884  0.61750526521138394
  0.62787159003161219  0.63611627381332614  0.64349405220007549  0.65130936960409636
  0.65591129839800721  0.66010727272794534  0.66428483449787445  0.66857827630496414
  0.67522907552425948  0.68243018946254586  0.68900754307044021  0.69552769091055489
  0.70201865739703440  0.70972460201019494  0.71860594188825455  0.72745972457009167
  0.73988154868186284  0.75783021949821228  0.77430350467198095  0.78775825368705177
  0.79948914054830600  0.81249771399703263  0.82888603725184429  0.84852037373323708
  0.86719439275575805  0.88423178780981970  0.89820742412206955  0.90846788202690198
  0.91935961008914735  0.93841068517598036  0.96641839561461451  1.00000000000000000
 -0.00590736877338270  0.02640326481684687  0.05707568966517333  0.08242221831851171
  0.10084521115467902  0.11538054686862415  0.12686296529957311  0.13454281517776062
  0.14095074675818858  0.14752480842844909  0.15752669815248194  0.16883493503989577
  0.18533227321430848  0.19748566930674669  0.20673102466088011  0.21466397730193493
  0.22366101989864881  0.23268470065382735  0.24175679751833909  0.25069472892652245
  0.26286643345002547  0.27237554700921573  0.27788104787714546  0.28187066633686214
  0.28656000379748064  0.29239235595115648  0.30119436256474186  0.30957751570526537
  0.31654731865746688  0.32308698881652148  0.33073089268153660  0.34941941530376458
  0.37013173325329068  0.38695483868960651  0.39552695530713411  0.39951957646677044
  0.40417781442115430  0.40928379554368977  0.41480403316199221  0.42036441518671391
  0.42651723556921523  0.43198968652801234  0.43979693981429047  0.45440798269553678
  0.47380061122579947  0.49373785386543989  0.51727216540733978  0.53988273141785459
  0.55457807219997846  0.56777084147106827  0.58923707402768666  0.60653563189037230
  0.61835615266133559  0.62722485396232619  0.63946852918610420  0.65390943480919006
  0.66589973185708473  0.67439260475685392  0.68127047678368513  0.68853163699547271
  0.69599360057950999  0.70159944924974671  0.70743357492685099  0.71214284004148143
  0.71778121537401318  0.72692592024357305  0.73673585659432494  0.74673978836230226
  0.75544860591577490  0.76226077663431568  0.76966865546368812  0.78078224759099202
  0.79672906935126631  0.80984732070578502  0.82025778408697725  0.82961653948061886
  0.84180945157512554  0.85593566063125381  0.87070624409202413  0.88154375168870935
  0.89024853829318351  0.89979713728380095  0.90788891358844870  0.91540498621197708
  0.92353500490071172  0.93169727595528584  0.93722450783244149  0.93991441415259103
  0.94260517052360571  0.94529668773691888  0.94832511022053634  0.95147258189902939
  0.96125675414373379  0.97315169083367126  0.98578550600750448  1.00000000000000000
 -0.00468672418670220  0.01632575151092369  0.03204175981732153  0.04605919315511315
  0.06059108715769850  0.07035270607888770  0.07971780055275922  0.09156314075040736
  0.10513216574755399  0.11390495982619522  0.12548966543119047  0.13647828110961610
  0.14399673906004515  0.15051751872866592  0.15666962596979847  0.16498194465003388
  0.17504909599195087  0.18607042507985239  0.19827164497753999  0.21203782537365704
  0.22813272695971765  0.23809484207843504  0.24355454860678705  0.24924452440842343
  0.25582939724655113  0.26371740614661054  0.27138366699545008  0.27613616142971309
  0.28083061085505917  0.28746562104835294  0.30472054665723525  0.31982336211921747
  0.32751086605560997  0.33247733342915453  0.33787415402699028  0.34370562480370709
  0.35178093158690737  0.36078579286402407  0.37365957714944081  0.38774538060367314
  0.39566323916878376  0.39935439950052898  0.40403225200583703  0.40849892655246078
  0.41252876235963198  0.41726863497942579  0.42265823314293760  0.42773490742128245
  0.43316752884622645  0.43828972953259299  0.44208657344796604  0.44614409218412343
  0.45031999389124616  0.45475575438163662  0.46061877948023372  0.46799354217065969
  0.47362760201544107  0.48202028697037630  0.49316821076638412  0.50154101082913494
  0.50964738583574809  0.52062861289646367  0.53128904455278170  0.54042049808756565
  0.55071223151812854  0.56278927206712237  0.57335687697286219  0.58525142449017198
  0.60099058135790095  0.61608443365346444  0.62926119805463565  0.63919441726960635
  0.64866111488623135  0.66100570111497237  0.67383657417751186  0.68197159661164075
  0.69069217346545075  0.70072900043663411  0.71084771735250996  0.72404478061386657
  0.74464839416300954  0.76356821709327283  0.77881149848450448  0.79247093154376425
  0.80297588870584558  0.81392614592897705  0.82513317342044368  0.83701160835243105
  0.85128631821551937  0.86845984160307210  0.89121628292874000  0.91564187328906188
  0.93309191582497764  0.94757785792913840  0.97151903205796353  1.00000000000000000
 -0.00110256048694101  0.00519851083172951  0.01312500573914498  0.02295532668597944
  0.03438427857845056  0.04888051647427259  0.06275201263331953  0.07628534806128109
  0.08899435214586057  0.10384040720055755  0.12122554803138279  0.13923783778211807
  0.15535515831814481  0.16618503853156269  0.17522221785417114  0.18381526338137186
  0.19460236901498792  0.20821600312794286  0.22128294017139968  0.23208721534525473
  0.24098759396085756  0.24980434732349988  0.25912610593195090  0.27045569415089132
  0.28629445537368436  0.29943432978722934  0.30886696596167429  0.31754674382966108
  0.32599102745773989  0.33220416008218884  0.33706133298543905  0.34259004384430919
  0.35056796379451827  0.35739699201707775  0.36372746210200840  0.37000032017820372
  0.37531379460709052  0.38659566636009396  0.40190860833967590  0.41361846830563431
  0.42330789514019684  0.43770087999168145  0.46002124667131766  0.48326169917880957
  0.50082461628154606  0.52185631915582320  0.53981749682528934  0.55155219928942267
  0.56171111569699328  0.57218690761960844  0.58469977591096367  0.59756612615816229
  0.61211827012124409  0.62069949196882135  0.62955029406270435  0.63988809889051834
  0.64873799845235192  0.65839966616674850  0.66705119246528666  0.67480922755246120
  0.68355971145621897  0.69144850900688326  0.69851399497363809  0.71220717571078695
  0.73476836937290646  0.74492240058344994  0.75199269504104360  0.76073871849261498
  0.77128178771936107  0.78239269710423409  0.79105164950796181  0.79929651074757413
  0.80790170695779295  0.81578730436822056  0.83082797372081407  0.84549902594220361
  0.85534983704202050  0.86355677066114589  0.86975560504787908  0.87743370114847552
  0.88797714494723423  0.89416683553437648  0.90010517774596699  0.90589075136446784
  0.91164418764415456  0.91700187151321555  0.92386441501046346  0.93613052520559659
  0.94812517252780848  0.95750934983693192  0.96486677413796496  0.97054001981728644
  0.97659417889770939  0.98378673189355759  0.99254254036039624  1.00000000000000000
 -0.00859334796097200  0.03892174020139191  0.05719786108400132  0.06845616778617594
  0.07721674359265464  0.08551122082564390  0.08947863438086069  0.09481098142081346
  0.10152186446512035  0.10730326508887210  0.11282411786447009  0.11822171710834292
  0.12377486183275656  0.12984188706159308  0.13914514731393834  0.14757200183355951
  0.15690937368043040  0.16583073486616809  0.17193157398993061  0.17766490789134395
  0.18442940705814242  0.19375087852761902  0.20693499714762953  0.22121938249122483
  0.23442591113380007  0.24448208693770868  0.25494251792127903  0.26434835400864498
  0.27529266715676509  0.28867692163711273  0.29941229839906514  0.31105443434386143
  0.31903988272102068  0.32315535444130927  0.32690131130474037  0.33054355302138688
  0.33453331535828656  0.33904880171933555  0.34310471634191680  0.34725258853285390
  0.35659262185759999  0.37583084515084164  0.39613472204307715  0.40933819455869552
  0.41781925267675912  0.42379108162726470  0.43228085458989224  0.44234858677003702
  0.45484086644464072  0.46823464733484338  0.47935713508251498  0.49274625145617873
  0.50699200312740544  0.52001493873070570  0.53384806020025655  0.55159883479810690
  0.57089409286610393  0.58914794232430800  0.60531785471138877  0.61744980217653311
  0.62813742197342204  0.63757893207213023  0.65221896255446354  0.66890032058232540
  0.68680158838844230  0.70767250824919425  0.72570929176979104  0.73874637343150962
  0.74988706602345090  0.75848440733096023  0.76881472218600444  0.78264292977839756
  0.79452276471672489  0.80163466513907877  0.80504138566583816  0.80763972187947008
  0.80897208631494533  0.81086437865552985  0.81288989839661607  0.81518222650939631
  0.81902444418159903  0.82222078681582678  0.82557636005533630  0.82937801131797662
  0.83464709954754857  0.84786448017458793  0.85941711456666070  0.87074084774538063
  0.88376617034162364  0.90103263364397534  0.91804646904688991  0.93271553793143236
  0.94791084436983064  0.96436260283825304  0.98124899093734819  1.00000000000000000
 -0.00108594430424818  0.00711021600635108  0.01375140044591873  0.02144923917547813
  0.03225010782489764  0.03994620580892067  0.04720354672524802  0.05449851833056042
  0.06122482711037529  0.06764474585463638  0.07513657459211510  0.08292257141512163
  0.09781216882153801  0.11877621556566978  0.14072618690361963  0.15767581592753047
  0.17109552793952071  0.18622711527219304  0.20379220241442911  0.22208705482396579
  0.23373238293561749  0.24243777770542604  0.25308289640434556  0.26716355999135011
  0.28250475870931946  0.30141163427642026  0.32216806221862282  0.33688414767586006
  0.34847679777923052  0.35812370540498595  0.36650797156061676  0.37450684155649799
  0.38188241028366265  0.38669902864920624  0.39073891378281206  0.39444796469130794
  0.39750636920043109  0.39948635853522940  0.40221711876936633  0.40549399127140723
  0.41040787348185698  0.41729998099045629  0.42498122348915696  0.43287723935258260
  0.44162530079089218  0.44946381871935154  0.45578668774569336  0.46101933391973798
  0.46654717000314888  0.47534886531251785  0.49134383051437835  0.51335409336348059
  0.53193074815621799  0.54978294209957701  0.56676979848472564  0.58119330323771068
  0.59273980598383691  0.60179688991264146  0.60929901329990821  0.61745513480076641
  0.62550217255256790  0.63231764410390923  0.63843929900829899  0.64585490734975159
  0.65345625031124044  0.65991558504590220  0.66578302122582478  0.67093282176949931
  0.68421113478509155  0.69799867969770413  0.71534926829838996  0.73412806907157335
  0.74514168452434437  0.75729065677756024  0.76741741579239164  0.77568022338781617
  0.78643955673338595  0.79566661144464101  0.81088672091840364  0.82369303801008353
  0.83547403775136797  0.85209407251738645  0.87146061945670772  0.89139635058414901
  0.90753343651010676  0.92745082304684723  0.94437437728274687  0.95335396388187998
  0.96019940412239735  0.96643001345047364  0.97127717584698781  0.97612894263924099
  0.98247913081706584  0.98846942239102087  0.99436684859347690  1.00000000000000000
 -0.00425716535020888  0.01971001595872163  0.03675438393842610  0.05063256387442495
  0.06152778841768428  0.06684473683053714  0.07190448057468866  0.07705872770587528
  0.08190217901432703  0.08788838500204689  0.09705770482193569  0.10677214093369328
  0.11335622715322535  0.11891276158771391  0.12433815714315127  0.13036510879051105
  0.13615594487764537  0.14220202752867456  0.14974555587525232  0.15915986199180079
  0.16878703718451932  0.17876953259130682  0.18792001732814265  0.19609690764543325
  0.20001103173171700  0.20548865831336036  0.21110213062477651  0.21612894444291586
  0.22001665978175719  0.22379142657925660  0.23068137041790976  0.23807938425159611
  0.24616190025431850  0.25426120536614560  0.26117873759187582  0.26738695685701075
  0.27317563976407039  0.27863953572476741  0.28417364575945220  0.29010591596709273
  0.29619346356889659  0.30452074621527658  0.31074508789400718  0.31573043574444193
  0.32237769948582989  0.33278294434903222  0.34245137950303872  0.35135419774076260
  0.36175533542098220  0.37239600707774340  0.38366868853245212  0.39802436464092644
  0.41566210685184446  0.42450811238667546  0.43150131504595929  0.43834133725368596
  0.44720829670893325  0.45711587315642843  0.46857847399050850  0.48153482122913938
  0.49512019020780995  0.51259396623822406  0.52970017401017655  0.54435605354634442
  0.55044210113606673  0.55576840890906509  0.56246805422364243  0.57075065175276429
  0.57882165653147488  0.58918497797647651  0.59883491323865945  0.60942879252277637
  0.62861886534679223  0.64505695985884803  0.65940192977338496  0.67568296656554638
  0.69248183640675709  0.71007121538880091  0.72817301065701834  0.74576101682956930
  0.76358256426588311  0.77764378647390053  0.79079870128412277  0.80272650787463795
  0.81290896744290420  0.82139317080883922  0.83094960290759301  0.85581948661866947
  0.88511917503039017  0.90817946853547415  0.92798772598060697  0.94672563279201238
  0.95934630898276574  0.97161557426061762  0.98580778713030881  1.00000000000000000
 -0.00252174670713986  0.01283947519665396  0.02228398058106659  0.03033128135228297
  0.03769660214731417  0.04298202469324308  0.04814004831345237  0.05480658648493277
  0.06184903755993613  0.07109019348538763  0.08106394866692912  0.09376959718097379
  0.11293386831015045  0.12874649257186591  0.14325885587356307  0.15669422520002554
  0.17011605368954061  0.18375075903059668  0.20198372375783893  0.21691339434833318
  0.22690359283413566  0.23692839036698096  0.24783229727026002  0.25405627406449571
  0.26019366163562752  0.26680194382422528  0.27440341769550791  0.28390841127067434
  0.29265062821267529  0.30052755436440459  0.31023008873532359  0.33413239016132851
  0.36744542362036242  0.38769997297775327  0.39440299337367829  0.39695643830507094
  0.39965740230730368  0.40236377131729267  0.40562040495193924  0.40966861505259261
  0.41298363165436691  0.41484845632936945  0.41803139273770945  0.42479757455429606
  0.43244504367873227  0.44266062849720011  0.45348158880688000  0.46223399480095462
  0.46842267747917382  0.47293436539633982  0.47902285654906490  0.49195034297345153
  0.50951952428139369  0.52567887880597763  0.54052971580422771  0.55297138411106284
  0.56530801790567176  0.57658617176598337  0.58992894449378419  0.60095343149259983
  0.61243238267304556  0.62044460380493527  0.62768834959034192  0.63474189107232459
  0.64411602701240123  0.65422024499149178  0.66715752585433663  0.68752337694555765
  0.70578950608545110  0.72121295672960029  0.73524188000222424  0.74714344958839618
  0.75836092480994233  0.76951520885004587  0.78212060760943702  0.79794032971216777
  0.81308990585266472  0.82727914485448695  0.84158871684953340  0.85442465903614506
  0.86465197433532115  0.87124452435512123  0.87729763280017525  0.88220098427427074
  0.88771464020385726  0.89401109591402272  0.90496960208833699  0.92128092553738206
  0.93789190741081774  0.95237161431462503  0.96125563239412093  0.96734480644794951
  0.97315351333088040  0.98020375661178560  0.98992170966023030  1.00000000000000000
 -0.00813455782155057  0.02203092862866000  0.04292593673601433  0.05800885861068842
  0.06790946948832466  0.07253116052398739  0.07748836262011720  0.08752437017144227
  0.10394373579149044  0.11850795912834752  0.12586133642062408  0.13148550910316509
  0.13951528497248850  0.15806095211536708  0.18462489607556928  0.21446447840678273
  0.23571695346504262  0.24889828646001433  0.26068653264775421  0.27396561611442327
  0.28302235640694740  0.29450852071914041  0.30592728832788213  0.31840798807887588
  0.32819822909092683  0.33675259615418573  0.34467379275725124  0.35060300692381668
  0.35671303831184220  0.36310917991384428  0.36977294941278349  0.37707957154479954
  0.38466105228851893  0.39489776295473461  0.40374861402968276  0.41356693779802978
  0.41858211990108124  0.42225456886095025  0.42634509670959397  0.43096393398984473
  0.43683541928958153  0.44326304011919110  0.45115192289200817  0.46170312140806813
  0.46837159375872295  0.47464596495849298  0.47942858588927750  0.48419500336122734
  0.48998938405333992  0.49752352522209836  0.51264407391891764  0.51876983392075349
  0.52476096785174120  0.52955371400354900  0.53291594467860803  0.53596833941715405
  0.53979932485358961  0.54493086265764312  0.54999312887607366  0.55461939506685587
  0.56644951010707068  0.58471612761412595  0.60204778406167725  0.61648463581285506
  0.62657688456423555  0.63617059632754047  0.64523993516944533  0.65414422446374132
  0.66545295043731378  0.67617951444790159  0.68339121197942210  0.69255735173438870
  0.71054867966721269  0.73174210887042657  0.74560756122854022  0.75730030502993795
  0.76766368628823778  0.77868901424643600  0.79498232018300585  0.81496385687939044
  0.82204190986756720  0.82756938264054158  0.83297221555211209  0.83954865122227129
  0.84755195010971840  0.85600071196693783  0.86588677100861100  0.87290041164337151
  0.88198415115149253  0.89665536392893030  0.91112663700038621  0.92369052721881184
  0.93698485336278348  0.95303113458728606  0.97544219962209366  1.00000000000000000
 -0.00454430763023594  0.01718993343917654  0.03077237117672331  0.04184506083323634
  0.05580350438758843  0.06511355780359074  0.07335838172749920  0.08201403298843726
  0.09138777953133365  0.10223909647562866  0.11002888343335249  0.11761038255424633
  0.12763991136171515  0.14273026018351434  0.15804458378651345  0.16999405335981926
  0.17986433110617278  0.18914469254494062  0.20008548834557097  0.21128184323344407
  0.22670706474177996  0.24711923531825014  0.26755199307841060  0.28735184466861630
  0.29889768644598308  0.30868676720338223  0.31848443083772221  0.32847308153790300
  0.33764476937032850  0.34905109436888121  0.36655081110473181  0.38742312561931153
  0.40573364485346652  0.42017215317122836  0.43309079527870964  0.44337277303188449
  0.45475366803942291  0.47126116054838024  0.48545893681597652  0.49262830290306914
  0.49886254816960685  0.50510640250726080  0.51130083090352429  0.51660629818480153
  0.52732090565017320  0.54119433391489324  0.55470606473207240  0.56060748260769322
  0.56725427672256346  0.57113370663675356  0.57488212195289656  0.57834225470237144
  0.58209768073623425  0.58586080298209742  0.59007562272093217  0.59407130558740617
  0.60384061235828590  0.61857326026999127  0.63674302665049520  0.65499836439401504
  0.67050364512886207  0.68268266063177396  0.69228597693886962  0.70046686125075541
  0.70873665756569437  0.71593296417374752  0.72712160777042256  0.73762892849156492
  0.74333330273888387  0.74947879644830828  0.75583685523840927  0.76268407126485882
  0.76734742069213802  0.77202415680575143  0.77895624067488822  0.78578447013616382
  0.79214745104464479  0.79929669215007304  0.80905281967928244  0.81990369213185976
  0.82980370399575365  0.83915077058944942  0.85383322547305995  0.87353016284144258
  0.88904805767708817  0.90372575831397794  0.91927141959848113  0.93041716121254947
  0.93845234912341446  0.94684170990796779  0.95307238979561326  0.95945074388967500
  0.96662441979086466  0.97569103952633085  0.98576223919231298  1.00000000000000000
 -0.00093881940820636  0.00612981228449537  0.01452797940591256  0.02155862440357355
  0.02826588463463282  0.03557130272032190  0.04306763916241844  0.05183675532487850
  0.06416077783330557  0.07949648439307666  0.09767399554379064  0.10905140176087418
  0.11870944624893223  0.12783581188772714  0.13637807240077673  0.14302176434551028
  0.15243885576176777  0.16333067458433290  0.16998575053928416  0.17745444096201432
  0.18562907347389862  0.19374121195379640  0.20079934910052094  0.20620038579962849
  0.21468018339088066  0.23126912676347533  0.24977187491663694  0.26825800057295124
  0.28379464093985501  0.29524016804080144  0.30247830879084464  0.31180524063838316
  0.32417678792197285  0.33594461623023492  0.34550881078456142  0.35547254554604962
  0.36870075509373124  0.38534846571356685  0.40399404095894970  0.42363767812044029
  0.44296992720743050  0.46169857083484211  0.47990440258498290  0.49137525156588735
  0.50292919667644276  0.51465768462612427  0.52566849577195407  0.53595610736967947
  0.54422173252522466  0.55053913574788027  0.55750374577397599  0.56865770454551334
  0.57982173961442041  0.59308830207612961  0.60860226846839027  0.62442883889517842
  0.63452515252256370  0.64185866385696133  0.65054973657750159  0.66113983931677800
  0.66744568228715828  0.67367086635789664  0.68191439780339491  0.68647454262987839
  0.69324105732142804  0.70388262123609657  0.71096156504633812  0.71608464146505169
  0.72339280662476846  0.72904837253216259  0.73477438585559796  0.74061679048325024
  0.74669344857128095  0.75281324355140800  0.75808111529941080  0.76406810953429583
  0.77103487082114375  0.77777089040000180  0.78438662933233616  0.79112099063361652
  0.79850905929684068  0.81084555569751815  0.82264055967180738  0.82994782903613140
  0.83535677529984742  0.84280211544991279  0.85463003397150872  0.86706428831804960
  0.88017690279975147  0.88900190171934790  0.89821690236884844  0.90890057029255600
  0.92324110060698039  0.94194603792085352  0.96596355948537849  1.00000000000000000
 -0.00649485873143610  0.02343303522581540  0.03569719325464749  0.04540403478134700
  0.05419354877621983  0.06288695578787996  0.07049936518327925  0.07821106449361671
  0.09160522584836030  0.10489102748433295  0.11560302732470813  0.12806558166193349
  0.14482493194818735  0.16122452680555410  0.17775317659609038  0.20343994995816606
  0.22729986194012497  0.25299187974569765  0.27330384401100188  0.28350916435193263
  0.28853463071709340  0.29380368790385664  0.29802415748911376  0.30112633809085126
  0.30391065822600155  0.30516596909348459  0.31019283365187383  0.31793097506270301
  0.32928334088564748  0.34211636264160927  0.35693245740052465  0.36932703266372452
  0.38027399040859727  0.38875582985419599  0.39611962515219712  0.40219894649912602
  0.40730743231712840  0.41173832311421277  0.41705823005826070  0.42290441938719137
  0.42872744232207777  0.43732860469587354  0.44821728554433321  0.46071415302493890
  0.47473821310265951  0.48733225974938654  0.49938606701201299  0.51023746817151927
  0.51876498360060619  0.52718476528986968  0.53402626803816011  0.54268868841270790
  0.55504093172897517  0.56975342539073770  0.58527654792308592  0.59597040512378896
  0.60477594401707369  0.61247002451497190  0.61923121540695880  0.62846339009855523
  0.63932246136219006  0.65465448330252207  0.66596787497503285  0.67743442720022495
  0.68306294883309671  0.68561612653519255  0.68807204226461194  0.69070504805785282
  0.69379525965081001  0.69720493192501698  0.70102927276041493  0.70539580379974187
  0.70933670325999043  0.71597433894323970  0.73171933399816080  0.75040995358345364
  0.77321163554700600  0.79363648266634779  0.80733722839281696  0.82057491374255198
  0.83152367638093450  0.84941213499965518  0.86062669183042995  0.86866829466778783
  0.87787520377617390  0.88678830377786821  0.89498010155851071  0.90276463170018095
  0.91751466416788796  0.93436479070216760  0.94876133208729119  0.95791524467422617
  0.96634257122834921  0.97381620371818622  0.98455166945544503  1.00000000000000000
 -0.03054187239987419  0.11586885907335932  0.15953610082329814  0.17712396533302180
  0.19120945683475468  0.20371860805257885  0.21470394572952703  0.23147852605010283
  0.24966585422606924  0.26240705460300606  0.26880023224101118  0.27637552941584537
  0.28201994273963277  0.28764190502475545  0.29450851918838911  0.30243739224436372
  0.31009096812709536  0.32365259647352518  0.34147285863611460  0.35791410799416568
  0.37120372150271674  0.38085210141462855  0.38850328930321226  0.39702894452661947
  0.40454173249675496  0.41128151619746028  0.41641861858967505  0.41937446888562280
  0.42202253183338101  0.42546784126483245  0.42900019725224470  0.43210333991933164
  0.43550226229716232  0.43757563284843032  0.43874320252760779  0.43987870394879797
  0.44242564456891104  0.44594131810069515  0.44957775203708572  0.45291104957174205
  0.45639205949044026  0.45961023443129512  0.46358211620202822  0.47054020346210551
  0.47984965444525418  0.48733461777026038  0.49224763825955992  0.49709833684405741
  0.50188951374071678  0.50686450158789753  0.51200108504836317  0.51923377896698020
  0.52701651181608744  0.53378192224306564  0.54007256294630934  0.54379192899183704
  0.54598633785716288  0.54808835641277198  0.54991761997600819  0.55242439453724856
  0.55721338700651057  0.56187466104548123  0.56587936020777596  0.56908019120964970
  0.57258375450228183  0.57681998217731878  0.58278507583511863  0.58796133101343373
  0.59715728893898812  0.60578561523442487  0.61432032296967298  0.62340033697536390
  0.62602396335160215  0.62894933523635554  0.63076665560468348  0.63265647255384749
  0.63505101505366535  0.63868331717621774  0.64580055894871891  0.65349111749819422
  0.66034069774550141  0.66806714219384211  0.67623905619031399  0.68315209321289116
  0.68896312478892097  0.69506764483210659  0.70480990245598907  0.71620770230835917
  0.72826452688525745  0.73994180498250750  0.74983961106450825  0.75810986517408718
  0.76945435594148703  0.79856864669235150  0.86439678048167146  1.00000000000000000
 -0.00190562196125263  0.01133281436066883  0.01958728299255601  0.02277805148157758
  0.02743589324760205  0.03191060152019649  0.03612653187995495  0.04917967213245313
  0.06907002399124662  0.08394681142953378  0.09982266774422700  0.11316727368194829
  0.12568088970493169  0.13814579782528258  0.15358542903924841  0.16957878787361813
  0.18804601234917842  0.20603884805884923  0.22044087612258573  0.22495871901841702
  0.22829865882066117  0.23312024020106895  0.23803741351442781  0.24298868589157840
  0.24638605709590028  0.25008305981730145  0.25640468261362731  0.26575985773559424
  0.27530644862439135  0.28953755182342472  0.30402063998494566  0.32440542905181247
  0.34865258704139168  0.36638236519898781  0.38115624657178460  0.39542988684930219
  0.40950037742455481  0.42419926748035980  0.43250707008427042  0.44187612459397796
  0.45271221857903149  0.46374403328498931  0.47485997814812198  0.48600335944998929
  0.49721509512227907  0.50826425392001939  0.51792275263231813  0.52758125134461675
  0.54244721734057799  0.55863875567127430  0.57438405312079632  0.58510099125178394
  0.59502138067293686  0.60393879639187431  0.61091421133606660  0.61841013209523232
  0.62707172875175266  0.63600510744066385  0.64145195221513629  0.64520324560289588
  0.64917089913487869  0.65308587073432101  0.65669978553710373  0.66459878538498740
  0.67648167134068649  0.68468205892539458  0.69353540721284390  0.70561441432107053
  0.71939770105521206  0.73251821219712365  0.74460824924905999  0.75649716299711545
  0.76441488746141850  0.77333370590605510  0.77962549066393205  0.78497200561228953
  0.79143701173841940  0.80131617507163411  0.81772172766604889  0.83122281848217461
  0.84351257100051247  0.85014148531872546  0.85563068752790350  0.86191569169565141
  0.86911957770357329  0.87809157466873000  0.88909159629475476  0.90163351375628709
  0.91445190028119760  0.92619347124481100  0.93660749638980190  0.94484848695087786
  0.95720057477620002  0.97106460691138408  0.98499823326221192  1.00000000000000000
  0.44500151754575551  0.56293584029548493  0.62190757466693525  0.67566063413617339
  0.72316664599623803  0.75807263134045766  0.78164006215154913  0.79651851288361630
  0.80494598032964870  0.80911706919865156  0.81509602824697447  0.82246847678385970
  0.83123638584060333  0.84189446557372849  0.85365602916925798  0.86636856645431259
  0.87596313413184346  0.88181609072601841  0.88564325092009655  0.88877562301011825
  0.89266209756291048  0.89738571006219814  0.90191277955308413  0.90614215194164160
  0.91028849606460693  0.91400496287809130  0.91713840934586599  0.91977461211384326
  0.92250162029124005  0.92542558198431824  0.92802660282301774  0.93035848220684103
  0.93196527086272196  0.93361308491732797  0.93549032141554533  0.93698214192346185
  0.93796097862693772  0.93989953873353604  0.94168269314153352  0.94327248592735424
  0.94470274053747860  0.94658105394654080  0.94779893421147510  0.94873354105176655
  0.94946265994958789  0.95012939091171555  0.95095456979195037  0.95225316258481818
  0.95400671925342129  0.95574852860159853  0.95668678536575125  0.95769913821092956
  0.95840967411650380  0.95906118523486372  0.96001659571490228  0.96096755880962148
  0.96189465532180674  0.96284869876277090  0.96395017949373596  0.96499182748798684
  0.96604388965345012  0.96726444495102681  0.96895956914083881  0.97056772483359866
  0.97235574276182168  0.97359845260910405  0.97433993503383443  0.97515089765955665
  0.97590253944952421  0.97643664799912377  0.97697974699207291  0.97760791848415474
  0.97834816728458496  0.97900716735776105  0.97946871578875927  0.97988067053646366
  0.98058000244776178  0.98144352868009632  0.98237097712447563  0.98349564665065858
  0.98443528815070791  0.98469019086775922  0.98499206619919077  0.98535518423082091
  0.98571978417542094  0.98607810587643463  0.98642172660097327  0.98676335235841917
  0.98712297129956694  0.98743995669912832  0.98781833492020621  0.98852073790807282
  0.98986990952295639  0.99187096745403402  0.99497592411929336  1.00000000000000000
 -0.04836890133262431  0.21922680450058613  0.27042414467701048  0.29776731513318883
  0.31613423609100227  0.33362075746919306  0.35391486060279692  0.37107610271246300
  0.38890874211018622  0.40575494873344298  0.41604246894282065  0.42338134488215989
  0.42945816931712377  0.43530921246529536  0.44001961007348911  0.44572509728840887
  0.44934044236350057  0.45260185569468303  0.45740430251148029  0.46406566771660168
  0.46954787561832023  0.47331964689195699  0.47547232394182298  0.47762040926048432
  0.47939045436351796  0.48125871332872144  0.48330685602463447  0.48496522088032729
  0.48647877349413660  0.49005653223560280  0.49548567090612383  0.50337375791377925
  0.51156781268333762  0.51757745891975127  0.52495147051520075  0.53065376184380930
  0.53614807747042448  0.54108790522460126  0.54485640989641093  0.54958843189492312
  0.55376048944425926  0.55755655334786913  0.56039535336512358  0.56339234714709208
  0.56607523601682386  0.56968314504807493  0.57377292245311673  0.57879279888039969
  0.58218394815087582  0.58571466219031332  0.58928558021796307  0.59277542017014462
  0.59748177790368040  0.60422399933385706  0.61352537446075739  0.62316752016205912
  0.62983179310667847  0.63510008397185980  0.63891500318961758  0.64075649733053175
  0.64236475298611306  0.64430218092885594  0.64671786345885107  0.64920449006381287
  0.65128672198727999  0.65363002150296734  0.65632110306756108  0.65998520082531797
  0.66626782280849262  0.67369768215193859  0.68119097448251653  0.68939433509688652
  0.69858607270749684  0.70774428144861889  0.71580601019617407  0.72466531174179616
  0.73383598334225852  0.74158525783238982  0.74850881820878301  0.75453237726623368
  0.76097202613403048  0.76761237880365008  0.77486553337963693  0.77953595419575528
  0.78563736891276770  0.79275653561104897  0.80453029781793506  0.81374209633305239
  0.82107034503162679  0.82869717075280402  0.84061440831350920  0.85488482412100431
  0.87452451186131130  0.89553278581135964  0.94767852355559401  1.00000000000000000
   1.9874466396818355E-018  -1.0000000000000000     
 F F F F F F F F F F F F F F F F F F F F F F F F F F F F F F F F F F F F F F F F F F F F F F F F F F F F F F F F F F F F F F F F F F F F F F F F F F F F F F F F F F F F F F F F F F F F F F F F F F F F F F F F F F F F F F F F F F F F F F F F F F F F F F F F F F F F F F F F F F F F F F F F F F F F F F F F F F F F F F F F F F F F F F F F F F F F F F F F F F F F F F F F F F F F F F F F F F F F F F F F F F F F F F F F F F F F F F F F F F F F F F F F F F F F F F F F F F F F F F F F F F F F F F F F F F F F F F F F F F F F F F F F F F F F F F F F F F F F F F F F F F F F F F F F F F F F F F F F F F F F F F F F F F F F F F F F F F F F F F F F F F F F F F F F F F F F F F F F F F F F F F F F F F F F F F F F F F F F F F F F F F F F F F F F F F F F F F F F F F F F F F F F F F F F F F F F F F F F F F F F F F F F F F F F F F F F F F F F F F F F F F F F F F F F F F F F F F F F F F F F F F F F F F F F F F F F F F F F F F F F F F F F F F F F F F F F F F F F F F F F F F F F F F F F F F F F F F F F F F F F F F F F F F F F F F F F F F F F F F F F F F F F F F F F F F F F F F F F F F F F F F F F F F F F F F F F F F F F F F F F F F F F F F F F F F F F F F F F F F F F F F F F F F F F F F F F F F F F F F F F F F F F F F F F F F F F F F F F F F F F F F F F F F F F F F F F F F F F F F F F F F F F F F F F F F F F F F F F F F F F F F F F F F F F F F F F F F F F F F F F F F F F F F F F F F F F F F F F F F F F F F F F F F F F F F F F F F F F F F F F F F F F F F F F F F F F F F F F F F F F F F F F F F F F F F F F F F F F F F F F F F F F F F F F F F F F F F F F F F F F F F F F F F F F F F F F F F F F F F F F F F F F F F F F F F F F F F F F F F F F F F F F F F F F F F F F F F F F F F F F F F F F F F F F F F F F F F F F F F F F F F F F F F F F F F F F F F F F F F F F F F F F F F F F F F F F F F F F F F F F F F F F F F F F F F F F F F F F F F F F F F F F F F F F F F F F F F F F F F F F F F F F F F F F F F F F F F F F F F F F F F F F F F F F F F F F F F F F F F F F F F F F F F F F F F F F F F F F F F F F F F F F F F F F F F F F F F F F F F F F F F F F F F F F F F F F F F F F F F F F F F F F F F F F F F F F F F F F F F F F F F F F F F F F F F F F F F F F F F F F F F F F F F F F F F F F F F F F F F F F F F F F F F F F F F F F F F F F F F F F F F F F F F F F F F F F F F F F F F F F F F F F F F F F F F F F F F F F F F F F F F F F F F F F F F F F F F F F F F F F F F F F F F F F F F F F F F F F F F F F F F F F F F F F F F F F F F F F F F F F F F F F F F F F F F F F F F F F F F F F F F F F F F F F F F F F F F F F F F F F F F F F F F F F F F F F F F F F F F F F F F F F F F F F F F F F F F F F F F F F F F F F F F F F F F F F F F F F F F F F F F F F F F F F F F F F F F F F F F F F F F F F F F F F F F F F F F F F F F F F F F F F F F F F F F F F F F F F F F F F F F F F F F F F F F F F F F F F F F F F F F F F F F F F F F F F F F F F F F F F F F F F F F F F F F F F F F F F F F F F F F F F F F F F F F F F F F F F F F F F F F F F F F F F F F F F F F F F F F F F F F F F F F F F F F F F F F F F F F F F F F F F F F F F F F F F F F F F F F F F F F F F F F F F F F F F F F F F F F F F F F F F F F F F F F F F F F F F F F F F F F F F F F F F F F F F F F F F F F F F F F F F F F F F F F F F F F F F F F F F F F F F F F F F F F F F F F F F F F F F F F F F F F F F F F F F F F F F F F F F F F F F F F F F F F F F F F F F F F F F F F F F F F F F F F F F F F F F F F F F F F F F F F F F F F F F F F F F F F F F F F F F F F F F F F F F F F F F F F F F F F F F F F F F F F F F F F F F F F F F F F F F F F F F F F F F F F F F F F F F F F F F F F F F F F F F F F F F F F F F F F F F F F F F F F F F F F F F F F F F F F F F F F F F F F F F F F F F F F F F F F F F F F F F F F F F F F F F F F F F F F F F F F F F F F F F F F F F F F F F F F F F F F F F F F F F F F F F F F F F F F F F F F F F F F F F F F F F F F F F F F F F F F F F F F F F F F F F F F F F F F F F F F F F F F F F F F F F F F F F F F F F F F F F F F F F F F F F F F F F F F F F F F F F F F F F F F F F F F F F F F F F F F F F F F F F F F F F F F F F F F F F F F F F F F F F F F F F F F F F F F F F F F F F F F F F F F F F F F F F F F F F F F F F
  <DiscreteSampler_grid>
  grouped_processes
  1 # 1 for a reference and 2 for a running grid.
  10 # Attribute 'min_bin_probing_points' of the grid.
  1 # Attribute 'grid_mode' of the grid. 1=='default',2=='initialization'
  0.0000000000000000 # Attribute 'small_contrib_threshold' of the grid.
  0.5000000000000000 # Attribute 'damping_power' of the grid.
 # binID   n_entries weight   weight_sqr   abs_weight
    61   10   5.711104161979051E-017   3.256464046035719E-032   5.711104161979051E-017
    62   10   5.711104161975208E-017   3.256464046031334E-032   5.711104161975208E-017
    64   10   1.142220832395810E-016   1.302585618414288E-031   1.142220832395810E-016
    65   10   1.142220832395042E-016   1.302585618412534E-031   1.142220832395042E-016
    67   10   1.849052605285164E-016   2.935735756269735E-031   1.849052605285164E-016
    68   10   1.849052605283583E-016   2.935735756264322E-031   1.849052605283583E-016
    70   10   3.698105210570327E-016   1.174294302507894E-030   3.698105210570327E-016
    71   10   3.698105210567166E-016   1.174294302505729E-030   3.698105210567166E-016
    106   10   5.711104161978951E-017   3.256464046035604E-032   5.711104161978951E-017
    107   10   5.711104161975093E-017   3.256464046031202E-032   5.711104161975093E-017
    109   10   1.142220832395790E-016   1.302585618414242E-031   1.142220832395790E-016
    110   10   1.142220832395019E-016   1.302585618412481E-031   1.142220832395019E-016
    112   10   1.849052605285120E-016   2.935735756269583E-031   1.849052605285120E-016
    113   10   1.849052605283542E-016   2.935735756264178E-031   1.849052605283542E-016
    115   10   3.698105210570239E-016   1.174294302507833E-030   3.698105210570239E-016
    116   10   3.698105210567084E-016   1.174294302505671E-030   3.698105210567084E-016
  </DiscreteSampler_grid>
