  0.00370700251503856  0.00720381356608450  0.01233290701764927  0.01861340836639807
  0.02689295120983372  0.03938050469367259  0.05381079584510194  0.06618622167174329
  0.07653326833313027  0.08477692791068170  0.09438828110605209  0.10448288958874573
  0.11603260050087391  0.12820885838769525  0.14391312969131898  0.15807040025718785
  0.17646562535226268  0.19541411910626383  0.21125023501025281  0.22315000845819027
  0.23236700016863571  0.24125522794986606  0.25222264176820686  0.26620413829092554
  0.28505476381828171  0.30654349794987723  0.32474923110255527  0.33820720098937279
  0.34739697560523569  0.35538885516179586  0.36293404159785020  0.37022387519667932
  0.38005560099489499  0.39264456966358163  0.40384067079763225  0.41114539583526749
  0.41675962747093481  0.42294607835260056  0.42885106555087971  0.43453748024353167
  0.43945671667872188  0.44369068746265505  0.44761540490466384  0.45144325464478618
  0.45829383033349996  0.46483439582162550  0.47071809697169414  0.47625340361109275
  0.48228841445082915  0.48993222296101069  0.49639389415826579  0.49945796500843342
  0.50224801858145274  0.51162514591337216  0.52003690362955424  0.52832829791263658
  0.53794780279983923  0.55198948400646797  0.57189559235514720  0.59162734704868836
  0.61085777785712925  0.62334806522477615  0.63554946529606826  0.64687247654321856
  0.65668216283741387  0.66829600785542309  0.68053013325444089  0.68858658335770762
  0.69552758861617336  0.70305086865339306  0.71019465175115892  0.71619568130347411
  0.72212350888385990  0.72769888858943588  0.73339614991980140  0.74093536439342411
  0.75018698354515967  0.76084262627948385  0.77131921424775651  0.78332115408329461
  0.79510710765018444  0.80439727342158651  0.81435953641432968  0.82996641467236210
  0.84340256774062039  0.85347770772896026  0.86353378221971355  0.87651560718985011
  0.88988688160451845  0.90264168715519411  0.91554433806261337  0.92904037588312727
  0.94411837999670722  0.96056401827457571  0.97870001670111317  1.00000000000000000
  0.00705745492938853  0.02850204157800932  0.05340914578039133  0.07456419965386252
  0.09710867254356595  0.12062155967946728  0.13397616989773728  0.14011417811239776
  0.14622215515979992  0.15420996474366852  0.16796909844293775  0.17783487518688693
  0.18367968736611759  0.18972569986508517  0.19609849201092308  0.20313835393272583
  0.21348137800052464  0.22220955630201397  0.23078305540002803  0.24946647739730257
  0.26225890836993082  0.27187047165810269  0.28037510386319664  0.28977055026380044
  0.29861688203088016  0.30503440733540937  0.31083146830767067  0.31537237133000107
  0.32146560021520443  0.33064443275304928  0.33954170952294915  0.35142450419579063
  0.36444414868535674  0.38026932078328241  0.39756813701383731  0.41464110863494646
  0.42711051257059923  0.43326063012851673  0.43784337782949656  0.44250209584058248
  0.44713944138112732  0.45144293523631307  0.45480542078530301  0.45789890154330065
  0.46175471665359946  0.46819267214961419  0.47590886230728296  0.48540153772549860
  0.49595894488587294  0.50451389276921965  0.51031118122636798  0.51711200453230555
  0.52554136678877617  0.53379263753711914  0.54348430159250583  0.55468288045382697
  0.56649325882131507  0.57997528276713339  0.59226281834001604  0.60470042913119948
  0.61964200414956783  0.63292845568457379  0.64322599444131978  0.64922977125964065
  0.65586602250065462  0.66333349894147842  0.67943674079783378  0.70205035428466223
  0.71843864017725334  0.72811382372684330  0.73651709237536067  0.74313117346816837
  0.75069692153348733  0.75875471134396388  0.76701109709927739  0.78242765995517805
  0.79613165864638180  0.80688911334122804  0.82059970225569057  0.83127516792878431
  0.83961042155796650  0.84517719780425338  0.84892163327087100  0.85284314666374972
  0.85700805532451463  0.86117296398527954  0.86585802368802944  0.87056400511914478
  0.87644058948084924  0.88357527743473152  0.89383913107983448  0.91583274178007057
  0.93228762773588203  0.94914565511685467  0.96767285418185456  1.00000000000000000
  0.00016533255983754  0.00020128139577159  0.00022074641219086  0.00022688034233837
  0.00023408950964881  0.00024085137241520  0.00024718038358287  0.00025514032442604
  0.00026117533751947  0.00026698065110448  0.00027276921018612  0.00027805472156788
  0.00028435646035857  0.00029098997138092  0.00029577831110838  0.00029995615016424
  0.00030421068213941  0.00030821707813937  0.00031153381430129  0.00031482061516599
  0.00031826702142005  0.00032194231769277  0.00032629551587516  0.00033255265376241
  0.00034054682224084  0.00034955733570646  0.00035860955667913  0.00036854513369999
  0.00037945658334052  0.00038893951040416  0.00039738074858845  0.00040541983677415
  0.00041297020971239  0.00042012389226013  0.00042761894329176  0.00043530531619378
  0.00044306745171666  0.00045283813648241  0.00046575796498099  0.00047745031472557
  0.00048654863068406  0.00049564451780008  0.00050473823441727  0.00051235984506460
  0.00052051742905311  0.00053419244342796  0.00055238500447698  0.00057465696231447
  0.00059948586233208  0.00061524378967033  0.00062839629431815  0.00063745128375104
  0.00064462583111268  0.00065158141503901  0.00065989512353210  0.00067173521294439
  0.00068905020177537  0.00070629466714544  0.00072444536067155  0.00074380128802459
  0.00076590445694600  0.00079441523268168  0.00082308035350847  0.00085196263640347
  0.00088031892856622  0.00091268837620789  0.00096209339802263  0.00100176221337715
  0.00103437798125453  0.00107358049621225  0.00111452772720222  0.00116776494108139
  0.00125037711464964  0.00139022242573598  0.00146554488752477  0.00151924186138053
  0.00157666116041981  0.00163267651550925  0.00168757376002610  0.00172807961961987
  0.00176786727254309  0.00183090224540911  0.00193996795252265  0.00212356042849904
  0.00232105820603824  0.00258040534717505  0.00290283012578807  0.00339349331292526
  0.00381179564875468  0.00404730140639669  0.00418365750141078  0.00452679689239236
  0.00498157703048230  0.00662117541065394  0.00959474972822810  1.00000000000000000
  0.00005391048407721  0.00005422430228047  0.00005479509494531  0.00005530441339280
  0.00005565549210235  0.00005591178364210  0.00005616664794421  0.00005641876920099
  0.00005667540000563  0.00005693759095745  0.00005718684447354  0.00005742276752635
  0.00005766534657268  0.00005793603087213  0.00005820671517157  0.00005849617652877
  0.00005878766816496  0.00005924364618639  0.00005977524742683  0.00006031717875725
  0.00006085968340518  0.00006142749829290  0.00006195058157943  0.00006244699168488
  0.00006300553386344  0.00006350396471281  0.00006380691416496  0.00006411087943818
  0.00006441821876795  0.00006473202184051  0.00006505171415156  0.00006554929703606
  0.00006600554277671  0.00006638673952971  0.00006679595589163  0.00006722399191743
  0.00006768229371983  0.00006815533850832  0.00006872597617519  0.00006931531823890
  0.00006977614743591  0.00007030339982259  0.00007095650934290  0.00007162822270656
  0.00007229138388850  0.00007317852998569  0.00007432343230745  0.00007547828826733
  0.00007676109549637  0.00007840551428157  0.00007989345074418  0.00008146044533972
  0.00008291123961417  0.00008426068600177  0.00008564885175924  0.00008698442785518
  0.00008824273722630  0.00008946527332583  0.00009087101291895  0.00009273136726367
  0.00009460434000447  0.00009589108472143  0.00009724730751506  0.00009867365924306
  0.00010006312342676  0.00010206945761620  0.00010538039847524  0.00010922444339627
  0.00011277702984862  0.00011593475279782  0.00011902382196876  0.00012390341969120
  0.00012981558316244  0.00013495484465082  0.00013876409837451  0.00014320412670557
  0.00014745409138649  0.00015183860034308  0.00015702422927893  0.00016851746832647
  0.00018118208574267  0.00019338825100169  0.00020589796701591  0.00021547792666422
  0.00022621955018416  0.00024520708886498  0.00026966619263338  0.00028804917328157
  0.00031571650435738  0.00038665163305174  0.00045562112950885  0.00052748992454571
  0.00091946572469708  0.00186358968696537  0.18506844444183862  1.00000000000000000
 -0.00298141405322783  0.03539888659792911  0.06703249887659643  0.09329932171201237
  0.11259573082264394  0.12923650252914101  0.14413546671461328  0.15716001706820798
  0.17121364983579043  0.18839607076629045  0.19774806939806738  0.20742648332500058
  0.21499697130533299  0.22196845028035514  0.22892862676414311  0.23581486139940588
  0.24208420636535463  0.25081475897637001  0.26429929681003522  0.28491334771412458
  0.30168934672797693  0.31222747759196323  0.32118480309208369  0.33048746951858438
  0.34008522693441734  0.35091264872338024  0.36657706478807567  0.38573200771585747
  0.39969754144696074  0.40773086964183974  0.41273880297925103  0.41693687302622306
  0.42161436040550787  0.42678554130150514  0.43123911797544584  0.43588132234911175
  0.44523607606922089  0.45536860748823887  0.46259372691669692  0.46844025604763895
  0.47461675555302063  0.48089466284481541  0.48722484747431727  0.49463999673826742
  0.50587851262247630  0.51591839303902343  0.52648956111931877  0.53675388119488776
  0.54641898316032134  0.55154376119058257  0.55764502978335784  0.56430924574304109
  0.56974140481585744  0.57594536742534252  0.58286962971237122  0.58869782434019835
  0.59220306335335282  0.59543213687160634  0.59871625984756849  0.60350662350787754
  0.61009246868101563  0.61698390955085292  0.62258141335636430  0.63024104365954536
  0.64117624380145422  0.65076875088524788  0.66027119337363482  0.66752253688785468
  0.67689517552659006  0.68585442849856260  0.69603333540607470  0.70951947423692574
  0.72134017360964264  0.73298785566055280  0.75175875113680457  0.76659198330816292
  0.78659296980856186  0.80470893240185370  0.81175741546850433  0.81869365560608021
  0.82604502602055241  0.83305183985636078  0.83652127901503637  0.84014181825749012
  0.84472680724342242  0.85165439874850213  0.86466067243225120  0.87489076888786499
  0.88233277769499818  0.88951638473756611  0.89799553341682736  0.90951003989325596
  0.92152981797432520  0.94218643947038117  0.96919643150622137  1.00000000000000000
  0.00012048833637243  0.00017634794043015  0.00018868664287894  0.00019880481548764
  0.00021106071221459  0.00022130721632941  0.00022736458355660  0.00023051841614658
  0.00023408333044512  0.00023763776599063  0.00024117225943739  0.00024442032277578
  0.00024786502163637  0.00025076485952825  0.00025310900166674  0.00025689779707323
  0.00026226046429338  0.00026919319196394  0.00027795030157058  0.00028521208954412
  0.00029366673291087  0.00030190819914747  0.00030897640991987  0.00031562560093774
  0.00032231156953015  0.00032920121561714  0.00033608394148669  0.00034471816875006
  0.00035322066544821  0.00036120940029299  0.00036847226524957  0.00037584733807413
  0.00038466048965983  0.00039716400608789  0.00040963116158232  0.00042031510592869
  0.00042891729882851  0.00043660346733821  0.00044427872064332  0.00045284673609067
  0.00046126997252614  0.00046996097272544  0.00047618979044358  0.00048253596661516
  0.00049096273057754  0.00049938949453992  0.00050956066804218  0.00052008147960936
  0.00053610521756302  0.00055673832615097  0.00057793752392673  0.00059243994338430
  0.00060399970937368  0.00061526416636009  0.00062747935452353  0.00064301495790900
  0.00065714919562052  0.00066845235810715  0.00067778722980123  0.00068400968141255
  0.00069077738083240  0.00069773922405072  0.00070485463717240  0.00071675718811662
  0.00072900046641474  0.00074255780452092  0.00075590875760306  0.00077019449802506
  0.00078424989405485  0.00079636573115182  0.00081056285025878  0.00083373956247622
  0.00085921790296912  0.00089604207752104  0.00095634692173579  0.00103783687334417
  0.00113867380238460  0.00122776612441339  0.00130534421122137  0.00137948762065348
  0.00142855084077764  0.00147455860764235  0.00152718539828267  0.00158947838373471
  0.00166578814529151  0.00179391069412485  0.00201088591874029  0.00234638034139497
  0.00286708201062769  0.00414864012352175  0.00599519044850873  0.00759536648448580
  0.00892611675726154  0.01560380924586239  0.35818816214626387  1.00000000000000000
 -0.00008103382006509  0.00072415236385704  0.00167215080682053  0.00261056971420247
  0.00365613518366484  0.00553943765644589  0.00739950372379928  0.00957509715119934
  0.01201183187707896  0.01473657732338300  0.01708673228416469  0.02034628828398423
  0.02421497239409695  0.02859866877351866  0.03311721009277552  0.03996386841523179
  0.04661663559169909  0.05307813932993333  0.06231313314645911  0.07230703748078716
  0.08123715637308869  0.09091604673762282  0.09838936637808236  0.10479427628658131
  0.11174977013355858  0.11996866742963516  0.12882596173549057  0.13636465164702935
  0.14571676558211830  0.15436411740349412  0.16143914927929284  0.16805180089899241
  0.17477838599481377  0.18005139534507061  0.18487083651376263  0.19140392302214457
  0.19711599494092333  0.20157945279747927  0.20634351953624377  0.21087714787549372
  0.21471144432338810  0.21879123493787403  0.22342281485853333  0.22917244957692931
  0.23532119800280307  0.24170808706785180  0.24820702293942723  0.25444929768940139
  0.26026201880090449  0.26930458914685507  0.27766193939939376  0.28546494695646329
  0.29304773931409450  0.29963671553563809  0.30856766208643227  0.32370480646029409
  0.34793556423839100  0.37364736727570613  0.39952251193325705  0.42326033812921759
  0.44908413793406138  0.47406827534740459  0.49406228532123508  0.51184738025488763
  0.51962535934838772  0.52889307380501049  0.53595794438265887  0.54304193360647901
  0.54916969999269716  0.55506931387856484  0.56044059477487873  0.56954895366101077
  0.58185756630407992  0.58877716888231968  0.59609829232925027  0.60589298897720500
  0.61635409557434784  0.62713076978423921  0.63837131112666201  0.65101819007388773
  0.66433046452967426  0.67754211568315170  0.69160643762832341  0.70895868237041160
  0.72759178896222598  0.74576525784946068  0.76777045632212193  0.78918633747609135
  0.80380480379361186  0.81576344686570135  0.82733006484945559  0.84100659410330170
  0.86285224862772625  0.89686318341161508  0.94520664545079347  1.00000000000000000
 -0.00485345493932222  0.01811201145498006  0.03503692105709177  0.05287489389805618
  0.06559589472727448  0.07584306076602912  0.08588931845608534  0.09446660337187397
  0.10124403076304289  0.10701705204350806  0.11420474128204000  0.12698113841884198
  0.14766398637439465  0.17215832296173286  0.19737755034447488  0.20887439485113163
  0.21726833615957822  0.22548492636721129  0.23358302711526643  0.24134414604830479
  0.24854947542406819  0.25673774357279094  0.27003307243000352  0.28053657587771774
  0.28911176618359374  0.30046822513682175  0.31160035975880618  0.32175724187574639
  0.33094799677522635  0.33724946929640243  0.34202633750523292  0.34761036662864769
  0.35309650413308552  0.35906328932753090  0.36561087436489126  0.37200224792957887
  0.37784230282239278  0.39356479555487450  0.40954107405708284  0.42641746273782255
  0.44353261867172789  0.46170567786539957  0.47998083456789864  0.48881178803399000
  0.49632077287210424  0.50404830399049516  0.51440946667937526  0.52572728030861904
  0.53579667217429816  0.54645404607203674  0.55997719561075621  0.57667376250982438
  0.59218901073837771  0.60834967275215945  0.62920123631667291  0.65186267833845868
  0.66814801071483787  0.67729246385892627  0.68218871340155962  0.68838679733012009
  0.69564636641963218  0.70375690761988285  0.70836303730844752  0.71256808797802818
  0.71625831862723710  0.71879144966121100  0.72155807948687201  0.72468586360741050
  0.72947721814245292  0.73899916405401289  0.75115112554568486  0.76341693590217818
  0.78235660874978319  0.80075872555886352  0.81588654331662469  0.83095246852511673
  0.84575995848218821  0.85645548606471256  0.86695142863091434  0.87437705477618588
  0.88081437184912315  0.88734705518800439  0.89480853295057061  0.90653867520955167
  0.91534644754920858  0.92418491575264172  0.93360377539241302  0.94100373706979790
  0.94874001237164407  0.95717592050248590  0.96578961715910194  0.97642371289860908
  0.98488532860788347  0.99028235021558420  0.99520850010959017  1.00000000000000000
 -0.00306334830455596  0.01406089662645950  0.02667777396295701  0.04211942457105047
  0.05556005261411960  0.06956485250231668  0.08702146659283226  0.10289253555423995
  0.11665198285297572  0.12711860742812883  0.13390899964176833  0.14469920761637253
  0.15558872880436009  0.16523739910168955  0.17545027845233863  0.18604719120554605
  0.20000144210537002  0.21367818652933496  0.22459579010481012  0.23410445090985241
  0.24346839669152076  0.25139988396254898  0.25805388647634481  0.26369948362241713
  0.27084754922726151  0.28068469026320325  0.29160553934475270  0.30247877700761056
  0.31492179489452948  0.32677241046750349  0.33771386390813130  0.34905703974401597
  0.36073144486104847  0.37535841929698488  0.39501662004190424  0.41554738111394246
  0.42836896942633002  0.44157623529815787  0.45110824385066994  0.46280483654711446
  0.47436912573533679  0.48102575936438735  0.48496769681365171  0.48890483465600243
  0.49336548463184188  0.50222116090041957  0.52298617199441877  0.54405751063525531
  0.55843928431892098  0.57055589424615938  0.57834868958947849  0.58557974118035527
  0.59381684908039956  0.60313788796987367  0.61351009802333778  0.63206191685504209
  0.64740787194863902  0.65970170283172125  0.66953103928384350  0.67694058501291310
  0.68257994647495379  0.69057581174175386  0.70388232104324078  0.71460984631685975
  0.72333553927832528  0.73131852032392775  0.74297714110157720  0.75446380194314455
  0.76462506550769405  0.77176718728359073  0.77829738882746224  0.78391875919811915
  0.78864575242696955  0.79322457734399754  0.79868776567623490  0.80492550426541543
  0.81076678486914222  0.81646228017123756  0.82268288467023165  0.82678452780563250
  0.83085444193662061  0.83495726496755795  0.83943879387090503  0.84608073352634972
  0.86191510944460603  0.87550479022314887  0.89039934577802027  0.90529302016552438
  0.92230790485888847  0.93974325886363419  0.95182469312938278  0.96222609543157323
  0.97386058188043312  0.98470856807868856  0.99290251227669291  1.00000000000000000
 -0.00392212351457486  0.01507056630095800  0.02837534663908321  0.04015816083980565
  0.05067599546629700  0.06045775064755778  0.06954233162131507  0.07828683310113731
  0.08676799715695396  0.09599764083255666  0.10608978618284264  0.11678695949770672
  0.13090947400901071  0.15058988777417651  0.16513951521637260  0.17806521310825554
  0.19198163741431543  0.20756056915634261  0.22531685193486600  0.24385582505215772
  0.25667171951977419  0.26778194260238125  0.27911083249236296  0.28964689455151416
  0.30239085135728716  0.31684991240579258  0.33259270143847919  0.34151664114108221
  0.34989257049541383  0.35554021546375680  0.35922255577069673  0.36233266384498891
  0.36586136781110329  0.37015202535020414  0.37710218366727311  0.38778048882482152
  0.40460559291197806  0.42278176091556319  0.43620937506649782  0.44909876702574247
  0.45985839119019783  0.46942843368681009  0.48233120616470410  0.49742057318509370
  0.51518820260729037  0.52856241864512243  0.53706308754637022  0.54384096824479822
  0.55049140742770830  0.55787398088903117  0.56376563460107110  0.56927133122739249
  0.57440535615458832  0.58384156979520718  0.59339045812647884  0.60138978562634038
  0.60700579467359805  0.61254565966898866  0.61883692047192285  0.63097917515397783
  0.64957083714149400  0.66860394988298044  0.68780298794474837  0.70471776296449529
  0.71567287278168590  0.72686444792282345  0.74064109664353339  0.74999306199380622
  0.75780155771273783  0.76429057005864109  0.76952732311500482  0.77493153483712973
  0.78078192113443801  0.78610091962971751  0.79053457141845274  0.79732140143103869
  0.80777238903760928  0.81583319515770569  0.82292922780422251  0.82997320188448476
  0.83815442955544006  0.84808258122604852  0.85535435043554386  0.86361232893979689
  0.87078638545685350  0.87718609886016774  0.88293061601356793  0.88959913448975714
  0.90110636785483966  0.91739720821397630  0.93063343553388633  0.94294392432162388
  0.95363644662478075  0.96447056222823579  0.97632750521248057  1.00000000000000000
 -0.00479166361867485  0.02549130091292300  0.04440105278571237  0.06062911462375804
  0.07729995937438783  0.09382796682652871  0.10816515304855029  0.12181049993496078
  0.13422711744643712  0.14629994824243603  0.15784979899137139  0.16987747227919239
  0.18256006271609107  0.19682992212733696  0.21068553264542927  0.22225014710698218
  0.23520672001547041  0.24667687748762629  0.25764024970025989  0.27363641374646153
  0.29033132802360395  0.29800539112449898  0.30338113403156630  0.30751133465850722
  0.31092760790902024  0.31447831296467832  0.31835118478113006  0.32154769906019781
  0.32456292467758729  0.32890520293217040  0.33352446429590554  0.33743051423837545
  0.34234543946076640  0.35053781925666283  0.36199903659565230  0.37280302497776868
  0.38241076897517462  0.38968577506397600  0.39577227643806989  0.40200698823007730
  0.40981509273646316  0.42085429184363959  0.43335097060776923  0.44599481986622092
  0.45586464433374446  0.46393726954140435  0.47125912113528567  0.47845101763400044
  0.48510336640027085  0.49250884790268751  0.50068023732499178  0.51000492335308800
  0.51984112265131632  0.52886043472638433  0.53540875618138550  0.54021101738275989
  0.54486429614312082  0.55124622429892756  0.55874268897730839  0.56255843299027120
  0.56589397016228782  0.56875560771816047  0.57156640321320917  0.57441644000293046
  0.58089574222459250  0.60575580673976925  0.62313237875555427  0.63584603036432430
  0.64803979976077131  0.65879270407514345  0.66752996894754124  0.67535479152334021
  0.68340820601554009  0.68910145864412098  0.69445478297121710  0.70352596183819549
  0.71441758321758220  0.72530335262652235  0.73976564555164570  0.75934196677735610
  0.77753715180614835  0.79543445497309340  0.81421252503764141  0.82928386963545575
  0.83952926900570035  0.85220433957659281  0.86253536360237082  0.87234718821260504
  0.88216667377483893  0.89154679472320986  0.89918624898688770  0.91020912757373151
  0.92514362070649836  0.94920936888069751  0.97334860329569772  1.00000000000000000
 -0.00239638946206476  0.01050786320251281  0.02019834449234317  0.03220021750422494
  0.04489773524344654  0.05815938546622883  0.07850066035592920  0.09686962785578442
  0.11276583373665064  0.12809999935131552  0.14047202712102022  0.15251196460620028
  0.16462394289702131  0.17670316374507683  0.18872646285137010  0.20013255068962799
  0.21115396309180848  0.22459588344852482  0.23748765112406103  0.24960217816222940
  0.25984691862484915  0.27079223560807714  0.28465861435278939  0.30191786969327511
  0.32044809969871568  0.34293736087540327  0.36774290500144580  0.38772597203854869
  0.40655215358901076  0.42693669350421809  0.45054664811995637  0.46821647488324547
  0.47880080895601301  0.48742634856199685  0.49594147663564531  0.50552978994041298
  0.51441734796245819  0.52087540812178879  0.52585216456108341  0.53028512558080487
  0.53652227610637793  0.54172004420864539  0.54791154849702528  0.55397190459171131
  0.55962074515060134  0.56455820424063108  0.56962860693987016  0.57528955111818614
  0.58375797603953028  0.59408136680900459  0.59827467928934586  0.60144413367269345
  0.60473744875409430  0.60854178583327312  0.61598516154616312  0.62318497218936120
  0.63007430758008098  0.63696927392371394  0.64571652656558665  0.66435899155368738
  0.68552258780006059  0.69930917870098486  0.71125827987479440  0.71673763708022009
  0.72190760278015398  0.72710511888823270  0.73608955080447136  0.74522291195822044
  0.74955142905290695  0.75288258937372576  0.75657064387700257  0.76014943782397371
  0.76565276510826019  0.77390244376308526  0.78259276842612835  0.79492217937478260
  0.80660137909374063  0.81718009174699557  0.82703788417675561  0.83656023692767767
  0.84583111730635629  0.85540352647753115  0.86528201199313282  0.88570437037379557
  0.89756494076265114  0.90543164451512781  0.91385744189278961  0.92031916532883618
  0.92551592212311229  0.93025764532722233  0.94264452449837977  0.95298427654000728
  0.96333948969332028  0.97547840943522013  0.98749428848737819  1.00000000000000000
 -0.00617635214522215  0.02327254508720207  0.04270301853289391  0.05698633005452319
  0.06892978729453803  0.07987726269123328  0.08968870634822361  0.09963461222343821
  0.10805186869993308  0.11418115850737867  0.11975540046340914  0.12424274085999722
  0.12647380917641504  0.12895183040324440  0.13152206994977084  0.13486091668812636
  0.13811552644382299  0.14321986136394455  0.15300639072527333  0.16161478914734106
  0.16932145301718204  0.17852368166612320  0.18992991824338815  0.20382039170491881
  0.21672107694743079  0.22833792921618895  0.24079822763332256  0.25890167784379331
  0.28285711389556828  0.30167563075864523  0.31393726467631727  0.32261226537879278
  0.33072847333524519  0.34082907544368485  0.35030658784125346  0.36053107685304092
  0.36907382939824368  0.37908033866832991  0.38950048027820167  0.39904198156331083
  0.40894502557349433  0.42405249999608985  0.44551834843304189  0.46486143495451615
  0.47915038423869039  0.49149882112694587  0.50303730938977209  0.51522429796269364
  0.52330812098571466  0.53038701967009039  0.53678536372730978  0.54419447158684342
  0.55220585940732991  0.55956760043232157  0.56475514231199020  0.57476753138286318
  0.58660251117857043  0.59714980869774481  0.60962858385811547  0.62199459258872181
  0.63117329590807780  0.63826780963851393  0.64468674708618490  0.65028959663244590
  0.65586360143431499  0.66136156475554209  0.66760923835931107  0.68033808199247436
  0.70290652115850272  0.71344208292388311  0.72180529115198577  0.72659516593760798
  0.73138175840989705  0.73625877949589025  0.74238904177113640  0.75444078414732962
  0.76176484355119567  0.77044967654581475  0.78299191310744165  0.79307258583029194
  0.80160250865032356  0.81699866633845741  0.83280420269693889  0.84917650577883630
  0.86306219443389454  0.87452765871937965  0.88504626140552722  0.89443058222594929
  0.90329213480115234  0.91321957590965219  0.91935793247538999  0.92657713190547475
  0.93480035371308590  0.94869848886976449  0.96635348912487662  1.00000000000000000
 -0.00407126788136765  0.02023876749704634  0.03758672466727135  0.05026112386549914
  0.06116446966882857  0.07328940161488375  0.08637714043156922  0.09583962445505366
  0.10394939222415762  0.11229204849709244  0.12015670355905690  0.12694239068333452
  0.13282806504919928  0.13682863719167002  0.14082920933414073  0.14613525936048088
  0.15150852983162347  0.15657849056881346  0.16158924607449593  0.17137104339786155
  0.18465957151606258  0.19623192029800576  0.20410598619359016  0.21308063327247689
  0.22376405715173775  0.23261249143794488  0.24014449498153928  0.24746663688912954
  0.25450295447286742  0.26315836018031497  0.27380273902906299  0.28242063551876434
  0.28963497562761314  0.29622430514212567  0.30227061884050543  0.30698077589139089
  0.31139953395921793  0.31617535980665623  0.32627508291441121  0.33789960424451732
  0.34636628555241961  0.35337953932575339  0.36076443001712155  0.37013433865684803
  0.38155206468262381  0.39146565336401512  0.40093568187238926  0.41232719491343944
  0.42391986082252364  0.43542524421219897  0.44870619134972062  0.46643269631975354
  0.48251364970206878  0.49176378013234479  0.49854834899383615  0.50751105462288515
  0.51888812247286209  0.52683722745395667  0.53472053825776189  0.54244018734744825
  0.55591453504481136  0.56940342575701641  0.58209312969800453  0.58891937725678289
  0.59747150102932056  0.60986498245797416  0.62137348086097599  0.63053688305388123
  0.63839148641059906  0.64694646324420313  0.65743390307608507  0.66640145141953455
  0.67805576896711561  0.69110437669225266  0.70683747143415532  0.73215433620354498
  0.75273128013729018  0.77028747681721166  0.79012190717211483  0.81453650285734713
  0.84005550168183518  0.85674650555003828  0.86953739374195615  0.88088616343255721
  0.89332301092165278  0.90511511026010938  0.91565378732630109  0.92543348834047923
  0.93497993379782651  0.94426980254536586  0.95321253456281052  0.96254699682764844
  0.97233216710741499  0.98211739976403356  0.99140815658607362  1.00000000000000000
 -0.00215678648332583  0.00469864228881857  0.01152031846860476  0.01821417144542188
  0.03017909527983818  0.03880719736250344  0.04585816446570356  0.05131841449562363
  0.05530712509776498  0.05849971710662828  0.06452027992122375  0.07139988979581285
  0.07870027524998635  0.08780496823165172  0.09660109399137587  0.10579331571651464
  0.11631832294413212  0.12532472645006365  0.13255063454461999  0.13874647211655439
  0.14645276243702310  0.15704337755227821  0.17001038762484638  0.18271261357794838
  0.19054681221834446  0.19598853591275084  0.20193289454262162  0.20979566863229093
  0.21968396445344285  0.22739197138911660  0.23346879069380647  0.24025156311560866
  0.24710961229476119  0.25526425066642244  0.26750000411848740  0.27872631062011483
  0.28940109279324322  0.30080558416750536  0.31319573092935937  0.32447344477862439
  0.33604478340030364  0.34864495932361578  0.36299809473601052  0.37768793003175288
  0.39142597144713465  0.40616242347608411  0.41986987348773686  0.43319533292146056
  0.44647119421494619  0.46266934607961019  0.48032372154684755  0.49186480452917025
  0.50206381210472217  0.51309094745211936  0.52526384310859331  0.54031720805947114
  0.54943776456131665  0.55333305882857764  0.55702834812226454  0.56094861179262789
  0.56520283731499854  0.57012749718421063  0.57692539852943980  0.58828826884736518
  0.60198437682866224  0.61467733533375979  0.62607557164163630  0.63778740306150283
  0.65074820728393912  0.66558200603980178  0.67847807227233514  0.68897450212570244
  0.69807115965163125  0.70482852921545525  0.71168228171559578  0.71974914937317191
  0.73092786214561645  0.74496192430461805  0.76143166589698330  0.77744239992761055
  0.78880095747497947  0.79934827578943379  0.81013267528008881  0.82295027944482690
  0.83639967634584111  0.85203083515098033  0.86669122851903868  0.87617937138495028
  0.88511373886345113  0.89335879846329991  0.90767417827987584  0.92526896209165810
  0.94174529960530895  0.95831284745392653  0.97915642372696321  1.00000000000000000
 -0.00206590612116424  0.00794992441312090  0.01640655337702420  0.02540790871699223
  0.03552351740306814  0.04906960119637203  0.06133658475256433  0.07467405935618848
  0.08865018738904058  0.10115346414793785  0.11388238391672736  0.12455582900500721
  0.13075575497411737  0.13613587949148334  0.14109745922666034  0.14835249064976386
  0.15678959901434686  0.16712452609944389  0.17839359781040345  0.19539276487149751
  0.21283825167628848  0.23220368941272806  0.24664524094514187  0.25892673908620861
  0.27081684031834136  0.28344480905145297  0.29911437420398329  0.31692735919296927
  0.32581700440489963  0.33220932759749561  0.33740919359447158  0.34266878343500812
  0.35025536177177169  0.35602291299418221  0.36663944460080206  0.37793344443599358
  0.38787958744915879  0.39630777455111937  0.40408347951199614  0.41353564552593491
  0.42631119519323624  0.44374545090027034  0.46405238527884485  0.48298803175406091
  0.49974814068884860  0.51737103737368684  0.53229104627780832  0.55494972645861063
  0.56938288947703952  0.57730992738504860  0.58561092930179703  0.59278462213751038
  0.59803491864519642  0.60346669896956595  0.60948808701720347  0.61553783554468644
  0.62339020781176169  0.63430956609634515  0.64904636017984263  0.66448286419958436
  0.67916329808917131  0.69290298091067004  0.70502149030586891  0.71460126819324810
  0.72357094376943343  0.73322695832548446  0.74224288821598539  0.75042105073537668
  0.75786143564433217  0.76634473395343228  0.77554939812066315  0.78506853920731701
  0.79521095929906727  0.80658956448871399  0.81779792213418756  0.83219909213614129
  0.84577098428454245  0.85335864483014889  0.85954820439183721  0.86334025667061676
  0.86743837915576028  0.87297843099797789  0.88560132854596962  0.89777615899056162
  0.90771224742644019  0.91596197437307392  0.92228422094156948  0.92842934440904579
  0.93635083492011939  0.94655823794131511  0.95798025697723244  0.96830629529398560
  0.97460597741095811  0.98009133459751407  0.99004566729875720  1.00000000000000000
 -0.00170098589603386  0.00991682320404290  0.02155461446813799  0.03251910262030855
  0.04335734361410887  0.05469103652729453  0.06732292370379550  0.08320053676901314
  0.10434553335492190  0.12679428520853114  0.14806390495249261  0.16827380164041608
  0.18812537553460942  0.19743665479050193  0.20435435703701285  0.20885251732429708
  0.21367610811380897  0.21955599665930797  0.22576396246419655  0.23246309244887051
  0.23954840545524461  0.24655717332948462  0.25384910293447271  0.26443788741225416
  0.27702407316784705  0.28798519049417398  0.30151684239467780  0.31534198107194189
  0.32903811207623979  0.34008741819971150  0.35114007348392673  0.35924150638873731
  0.36530156928209667  0.37173590017578345  0.37786327633101868  0.38373971061506523
  0.38915013602007825  0.39874587070769973  0.41139021890317656  0.42185781820115786
  0.43078026482225484  0.43824993911921573  0.44781197268409184  0.45882544169999856
  0.47078757534296589  0.48719973114665416  0.50689515923017459  0.52240732658792655
  0.53577208259000630  0.54782168045597335  0.55890572269338368  0.56589492651595608
  0.57235962443265953  0.57902688132982250  0.58725501891904208  0.59771998501970380
  0.60644498139728531  0.61570115129220926  0.62410804912215734  0.63178833719842786
  0.64007469725751587  0.64922131832087504  0.65751062160873386  0.66414566471930370
  0.67107133849863820  0.67898329423833770  0.68717046493503708  0.69494169456368926
  0.70124404456961376  0.70676572959628714  0.71126424458114279  0.71494820110324941
  0.71855364013591960  0.72420736762893878  0.73208494838367200  0.73924659921015801
  0.74450544492452519  0.75048834532287778  0.75739716126661982  0.76557849262323530
  0.77734826646703037  0.78954801776214845  0.80802089399158894  0.83098429010739105
  0.84689102058351562  0.85590506024903856  0.86940516068292817  0.88406580557039971
  0.89970223171413621  0.91618775160161736  0.93215788433402358  0.94206088248486819
  0.95242018827060160  0.96439279452337834  0.97777195373825010  1.00000000000000000
 -0.00554880817401731  0.02649983022069673  0.03935205961094070  0.04771595280476244
  0.05545531781235968  0.06886680149558395  0.07665386953051147  0.08398261095197657
  0.09107426345094873  0.09773677625451047  0.10420872996662710  0.11506437548206537
  0.13859205468592065  0.16835312813044892  0.19457418035409041  0.22332372928316552
  0.24615872735862904  0.26471447378900415  0.27837851906398781  0.28828300604379220
  0.29368445573973073  0.29827616904628301  0.30246332715236601  0.30678611630552610
  0.31076397016864127  0.31408284149956006  0.31773484365745919  0.32071553697494870
  0.32301869721498955  0.32526676238513613  0.32751748949189963  0.33162109523012318
  0.34099977839156559  0.34978279443367033  0.35952774503905677  0.36870503038102903
  0.37724267535653688  0.38816819483824794  0.40248106375788872  0.41222163240446374
  0.41880339485134060  0.42420659299593744  0.42901463294500924  0.43544747119400495
  0.44163820807323956  0.44879017507195745  0.45826982577553099  0.47080924758198339
  0.48533085310641733  0.49322646977488666  0.49867066195710508  0.50238462637952663
  0.50498591404604143  0.50767534358690014  0.51052004598328171  0.51313235393044154
  0.51816131779944108  0.52480337302959246  0.53123398081778050  0.53760146765445294
  0.54450678089712490  0.55146939568384268  0.55844319889703142  0.56698557473728861
  0.58017417108554170  0.59487976549395960  0.60885083764279202  0.62378099951937183
  0.63662884142057841  0.64834750154886367  0.65916051115062479  0.66797944768978545
  0.67916197005274592  0.69238806595811542  0.70694720318789173  0.71839423653593881
  0.72916216303492176  0.74340434844218417  0.75739310934667858  0.76937946881532504
  0.78084424962412358  0.79620917526786539  0.81512401300382908  0.83353538417464168
  0.84839309683392738  0.86263754274470239  0.87504988048267884  0.88388499126796483
  0.89368026224373309  0.90545707467043435  0.91729369740728373  0.92670454345615083
  0.93564566075024103  0.95036679444444128  0.97019745991471329  1.00000000000000000
 -0.00600907615601139  0.07029013294799048  0.12883658106346568  0.16581819405958467
  0.19268099908158648  0.21517088327100381  0.23425706428577703  0.24858755566110616
  0.26468640413063671  0.27606116800641556  0.28565032638152393  0.29519158946771312
  0.30588150390094937  0.31826761643109824  0.33019428362143405  0.33931219249733491
  0.34592091063995889  0.35226456258544930  0.35963319633413060  0.36987985401540696
  0.37491997392830495  0.37906123422318289  0.38291897561962662  0.38691233481108733
  0.39092479840975691  0.39414831334005074  0.39703272644161669  0.39990914346041512
  0.40297307972818891  0.40656985891961556  0.41083746159106049  0.41619619169167293
  0.42093654304655026  0.42575349858028072  0.43093718600552527  0.43785511189162740
  0.45180552119881412  0.46292225496969391  0.47169382416887046  0.48040040626924624
  0.48821463242514712  0.49449565954973784  0.49993723066512230  0.50394363376582385
  0.50705847492794520  0.51031029486922086  0.51348956761096953  0.51657611404493553
  0.51962264419186854  0.52266208872043163  0.52583535169477236  0.52900871757800549
  0.53200205820298818  0.53495805394589546  0.53857158141433115  0.54272789745088823
  0.54799794980434258  0.55306421776945425  0.55758889259141176  0.56154339838955869
  0.56515485064378201  0.56634151651273890  0.56782579833908109  0.56989978858514412
  0.57259978947370938  0.57590583096070280  0.57902941859666535  0.58201257610172108
  0.58875323825531567  0.59700367637667451  0.60476967644257629  0.61190146454544314
  0.61617333887104009  0.62077420711208697  0.62571973708318396  0.63131187333858463
  0.63906177109403917  0.64670177050550914  0.65371630871345476  0.66060347240842654
  0.67033440008360701  0.68337482881553879  0.69445647334571592  0.70424886801014541
  0.71351662283661843  0.72255777467727667  0.73153454536343043  0.74480277844385434
  0.75930086870360669  0.77275346349735108  0.78670166176658185  0.80150856380595292
  0.82029467955104907  0.84320541082229061  0.88621066320102593  1.00000000000000000
 -0.00255888687032255  0.01425939099930595  0.02682666667927969  0.03754076532845744
  0.04919822601555371  0.05892862577969342  0.06696975080987555  0.07405395441888521
  0.08098662975713844  0.08778974818352940  0.09340281785019637  0.09895871610175341
  0.10592916857693779  0.11221889006623634  0.11836455483195929  0.12452834115893366
  0.13188868573687063  0.13917780690096329  0.14604280974983469  0.15506799962495688
  0.16445083894551454  0.17203619083876967  0.18082767983753731  0.18889380501675360
  0.19547452129669327  0.20089479592920434  0.20840367322315662  0.22146654071027322
  0.23361381655249622  0.24455176732074935  0.25617002186579457  0.26333061195990781
  0.26980486832877931  0.27565997550752197  0.27897955631488036  0.28415254075890201
  0.29158722248359326  0.29849906904556323  0.31000516295431740  0.32310236429214018
  0.33537047941168402  0.34384357558773770  0.35299749441921691  0.36214511924380710
  0.37039916328329681  0.37901302897298572  0.38709461111408527  0.39565914592803281
  0.40755186066324722  0.42253115021805737  0.43486487197120571  0.43954162629022436
  0.44422248411296550  0.44894004101794799  0.45412285869375851  0.46246310359402087
  0.47467370455726082  0.48992396807924288  0.50848905519369647  0.53861685492318379
  0.55369394657626481  0.56193262266709820  0.57002153486574669  0.57799982601371358
  0.58506637696628472  0.59320629982306272  0.60807476146672323  0.62226759124047637
  0.64379281532208776  0.66744226877468493  0.68848403725926288  0.70292970536908816
  0.71609202612097389  0.72769691350009913  0.74410881061987766  0.75651546977469264
  0.77017853318190244  0.78260250487296090  0.79357984197989784  0.80469053373460919
  0.81861105975960036  0.83701508518459034  0.85130361405338661  0.86410881857846278
  0.87424444165043580  0.88422921226593498  0.89536287735752684  0.90634726192599169
  0.91827190895717759  0.92871977614209333  0.94144984389523168  0.95364136939439115
  0.96405607498005574  0.97592864774183730  0.98895305955998380  1.00000000000000000
  0.24634284987327457  0.45327652561096432  0.48199020138607884  0.49675524717067354
  0.51498214352939398  0.54098174453782066  0.56293108282684989  0.58644139608629442
  0.60308336761873838  0.61431461100045126  0.62056668279423766  0.62487974873479180
  0.62926964584525114  0.63453572091849786  0.63886985507428040  0.64298775008319975
  0.65383699672767881  0.67127800596801845  0.69162858632002355  0.70738344593892422
  0.72084384951901570  0.73346066717904124  0.74411936016593538  0.75445840755196336
  0.76335101937584815  0.77039044107429389  0.77321039389957980  0.77484281445870606
  0.77647644100793400  0.77811154503038971  0.77989763904764720  0.78248019014139880
  0.78828676566950151  0.79319658095512291  0.79804423908238231  0.80331821738528897
  0.81000874951484358  0.81551695595107065  0.82004541761398364  0.82337643759150847
  0.82646853478671944  0.82981016389750595  0.83331315045101062  0.83685873139475164
  0.84034214566924792  0.84411013238750354  0.84873184459618423  0.85314619555244531
  0.85667840900207359  0.85864111712046720  0.86024954870437875  0.86178529384676616
  0.86333297648686491  0.86488541221066306  0.86664637539134348  0.86856013733511883
  0.87196777695061323  0.87632474713162867  0.88079106875752355  0.88457454331021490
  0.88806094439542316  0.89125493421605373  0.89403292165278159  0.89648045164358803
  0.89837589915387994  0.89978840193291765  0.90146342233641874  0.90333137748545067
  0.90540252260646237  0.90756215640897231  0.91131107897097852  0.91403712792597647
  0.91586321567263806  0.91775553258765918  0.91993863583673763  0.92299888023080268
  0.92652201296890113  0.93009509854088768  0.93325104923189217  0.93565573217716980
  0.93850286445230080  0.94170931243463540  0.94447735668267130  0.94712199682832976
  0.94945944658179504  0.95191072376203334  0.95496112395104205  0.95888280548584715
  0.96468757038998665  0.97017884355886352  0.97428807494643266  0.97710564747924644
  0.98031060470515585  0.98418133795269258  0.98930256818308038  1.00000000000000000
 -0.02080372266032988  0.14545948501042150  0.19519416529338804  0.25601884137026493
  0.28027047645537706  0.29325710702472596  0.30568501174687701  0.31574589356181787
  0.32729475662321833  0.33797888541133431  0.34673347666325088  0.35526693105489371
  0.36319379556480280  0.37114409809738269  0.38074779083693977  0.38813738912549278
  0.39442303068265866  0.40181674266865697  0.41162000622507366  0.42133405902985460
  0.43029519528786053  0.43927592978612873  0.44894625544185490  0.45965293502208726
  0.46770406835521311  0.47516832774227213  0.48215670659291099  0.49117705559914743
  0.50010612802371712  0.50914791068450693  0.51851739459908697  0.52762592112302342
  0.53489281554587431  0.54198868743804540  0.54664268457342158  0.55061130887719811
  0.55328385924978218  0.55587525659433334  0.55882451302241620  0.56263753425649687
  0.56694907206239276  0.57044569408574286  0.57304979881995255  0.57564265829205341
  0.57815881464996000  0.58073765769072805  0.58368268498348308  0.58673358203357340
  0.58991371032047935  0.59635179666497740  0.60198436058804095  0.60576258602410293
  0.60817622868542087  0.61068895675107016  0.61307792244279247  0.61551515566487913
  0.61693090179067445  0.61846147291159381  0.62042731168218923  0.62213137779422178
  0.62365284254023279  0.62515998180302079  0.62659695306582319  0.62804964791520090
  0.62962470856352748  0.63156189617464420  0.63517082088193300  0.64053236988690032
  0.64640355414090056  0.65005290711594721  0.65331291306018002  0.65711264388603885
  0.66192799355736165  0.66764870735800363  0.67487473011356147  0.68244586694373865
  0.68988932807599201  0.69683305928059858  0.70327136786329048  0.71004938946519625
  0.71749394285794055  0.72589309476067043  0.73682735170720159  0.75010773505150008
  0.76149449784265666  0.77121769331970202  0.77901506009032584  0.78650154176710918
  0.79412920278471077  0.80363974374191849  0.81589254309044035  0.83395031428855648
  0.85247030605558405  0.87421137447959774  0.90243679578271685  1.00000000000000000
   1.3094880032652622E-017  -1.0000000000000000     
 F F F F F F F F F F F F F F F F F F F F F F F F F F F F F F F F F F F F F F F F F F F F F F F F F F F F F F F F F F F F F F F F F F F F F F F F F F F F F F F F F F F F F F F F F F F F F F F F F F F F F F F F F F F F F F F F F F F F F F F F F F F F F F F F F F F F F F F F F F F F F F F F F F F F F F F F F F F F F F F F F F F F F F F F F F F F F F F F F F F F F F F F F F F F F F F F F F F F F F F F F F F F F F F F F F F F F F F F F F F F F F F F F F F F F F F F F F F F F F F F F F F F F F F F F F F F F F F F F F F F F F F F F F F F F F F F F F F F F F F F F F F F F F F F F F F F F F F F F F F F F F F F F F F F F F F F F F F F F F F F F F F F F F F F F F F F F F F F F F F F F F F F F F F F F F F F F F F F F F F F F F F F F F F F F F F F F F F F F F F F F F F F F F F F F F F F F F F F F F F F F F F F F F F F F F F F F F F F F F F F F F F F F F F F F F F F F F F F F F F F F F F F F F F F F F F F F F F F F F F F F F F F F F F F F F F F F F F F F F F F F F F F F F F F F F F F F F F F F F F F F F F F F F F F F F F F F F F F F F F F F F F F F F F F F F F F F F F F F F F F F F F F F F F F F F F F F F F F F F F F F F F F F F F F F F F F F F F F F F F F F F F F F F F F F F F F F F F F F F F F F F F F F F F F F F F F F F F F F F F F F F F F F F F F F F F F F F F F F F F F F F F F F F F F F F F F F F F F F F F F F F F F F F F F F F F F F F F F F F F F F F F F F F F F F F F F F F F F F F F F F F F F F F F F F F F F F F F F F F F F F F F F F F F F F F F F F F F F F F F F F F F F F F F F F F F F F F F F F F F F F F F F F F F F F F F F F F F F F F F F F F F F F F F F F F F F F F F F F F F F F F F F F F F F F F F F F F F F F F F F F F F F F F F F F F F F F F F F F F F F F F F F F F F F F F F F F F F F F F F F F F F F F F F F F F F F F F F F F F F F F F F F F F F F F F F F F F F F F F F F F F F F F F F F F F F F F F F F F F F F F F F F F F F F F F F F F F F F F F F F F F F F F F F F F F F F F F F F F F F F F F F F F F F F F F F F F F F F F F F F F F F F F F F F F F F F F F F F F F F F F F F F F F F F F F F F F F F F F F F F F F F F F F F F F F F F F F F F F F F F F F F F F F F F F F F F F F F F F F F F F F F F F F F F F F F F F F F F F F F F F F F F F F F F F F F F F F F F F F F F F F F F F F F F F F F F F F F F F F F F F F F F F F F F F F F F F F F F F F F F F F F F F F F F F F F F F F F F F F F F F F F F F F F F F F F F F F F F F F F F F F F F F F F F F F F F F F F F F F F F F F F F F F F F F F F F F F F F F F F F F F F F F F F F F F F F F F F F F F F F F F F F F F F F F F F F F F F F F F F F F F F F F F F F F F F F F F F F F F F F F F F F F F F F F F F F F F F F F F F F F F F F F F F F F F F F F F F F F F F F F F F F F F F F F F F F F F F F F F F F F F F F F F F F F F F F F F F F F F F F F F F F F F F F F F F F F F F F F F F F F F F F F F F F F F F F F F F F F F F F F F F F F F F F F F F F F F F F F F F F F F F F F F F F F F F F F F F F F F F F F F F F F F F F F F F F F F F F F F F F F F F F F F F F F F F F F F F F F F F F F F F F F F F F F F F F F F F F F F F F F F F F F F F F F F F F F F F F F F F F F F F F F F F F F F F F F F F F F F F F F F F F F F F F F F F F F F F F F F F F F F F F F F F F F F F F F F F F F F F F F F F F F F F F F F F F F F F F F F F F F F F F F F F F F F F F F F F F F F F F F F F F F F F F F F F F F F F F F F F F F F F F F F F F F F F F F F F F F F F F F F F F F F F F F F F F F F F F F F F F F F F F F F F F F F F F F F F F F F F F F F F F F F F F F F F F F F F F F F F F F F F F F F F F F F F F F F F F F F F F F F F F F F F F F F F F F F F F F F F F F F F F F F F F F F F F F F F F F F F F F F F F F F F F F F F F F F F F F F F F F F F F F F F F F F F F F F F F F F F F F F F F F F F F F F F F F F F F F F F F F F F F F F F F F F F F F F F F F F F F F F F F F F F F F F F F F F F F F F F F F F F F F F F F F F F F F F F F F F F F F F F F F F F F F F F F F F F F F F F F F F F F F F F F F F F F F F F F F F F F F F F F F F F F F F F F F F F F F F F F F F F F F F F F F F F F F F F F F F F F F F F F F F F F F F F F F F F F F F F F F F F F F F F F F F F F F F F F F F F F F F F F F F F F F F F F F F F F F F F F F F F F F F F F
  <DiscreteSampler_grid>
  grouped_processes
  1 # 1 for a reference and 2 for a running grid.
  10 # Attribute 'min_bin_probing_points' of the grid.
  1 # Attribute 'grid_mode' of the grid. 1=='default',2=='initialization'
  0.0000000000000000 # Attribute 'small_contrib_threshold' of the grid.
  0.5000000000000000 # Attribute 'damping_power' of the grid.
 # binID   n_entries weight   weight_sqr   abs_weight
    61   10   1.087789852521726E-014   9.969051152566391E-028   1.087789852521726E-014
    62   10   1.087789852521715E-014   9.969051152566179E-028   1.087789852521715E-014
    64   10   2.175579705043452E-014   3.987620461026556E-027   2.175579705043452E-014
    65   10   2.175579705043430E-014   3.987620461026472E-027   2.175579705043430E-014
    67   10   5.213398962294828E-014   2.292637057557298E-026   5.213398962294828E-014
    68   10   5.213398962294780E-014   2.292637057557250E-026   5.213398962294780E-014
    70   10   1.042679792458966E-013   9.170548230229191E-026   1.042679792458966E-013
    71   10   1.042679792458956E-013   9.170548230229001E-026   1.042679792458956E-013
    106   10   1.087789852521729E-014   9.969051152566452E-028   1.087789852521729E-014
    107   10   1.087789852521716E-014   9.969051152566187E-028   1.087789852521716E-014
    109   10   2.175579705043458E-014   3.987620461026581E-027   2.175579705043458E-014
    110   10   2.175579705043431E-014   3.987620461026475E-027   2.175579705043431E-014
    112   10   5.213398962294842E-014   2.292637057557312E-026   5.213398962294842E-014
    113   10   5.213398962294780E-014   2.292637057557250E-026   5.213398962294780E-014
    115   10   1.042679792458968E-013   9.170548230229250E-026   1.042679792458968E-013
    116   10   1.042679792458956E-013   9.170548230229001E-026   1.042679792458956E-013
  </DiscreteSampler_grid>
