  0.00031164282103063  0.01698215023414670  0.03199345670678576  0.04531378084858040
  0.05731407659794395  0.06825151223121330  0.07712851043590502  0.08397000854418703
  0.09011724465521735  0.09761408099990920  0.10668946741633527  0.11682297496333549
  0.13060044184022823  0.14401717036438702  0.15446196965310419  0.16228504978618816
  0.16803717059636927  0.17551316043965648  0.18290687718138643  0.18753333531676658
  0.19148082485105417  0.19625023064549957  0.20420800488504748  0.21862743105907134
  0.23070483644285164  0.24043772607211411  0.24590944974719833  0.25134030533385981
  0.25946427905770031  0.26874184578379684  0.28029799539238576  0.29106920943791414
  0.29978236214854531  0.30968457645285302  0.32274573955640062  0.33679938846408236
  0.34761556630999729  0.35827858862199441  0.37019426557724971  0.38161990510140742
  0.39187836618361888  0.40376172509003094  0.42153127858278328  0.44177510335260417
  0.45723363663424205  0.46937470994476455  0.48049002258773560  0.49134048966300697
  0.50231921524128109  0.51452766998062904  0.52934659865959488  0.54374922677710713
  0.55688920476269999  0.57107733237024938  0.58683603172921117  0.60106767817928330
  0.61563277327727983  0.63099742476683662  0.64401109277136492  0.65346129891587801
  0.66270648307995828  0.67293682125778131  0.68194286981152386  0.68809020727852865
  0.69336500205823492  0.69870630545454360  0.70501280010294987  0.71793216441912111
  0.73236104430343729  0.74300595359862553  0.75089489841421020  0.75780690998150968
  0.76692278993958241  0.77888655643835325  0.78635672566194303  0.79256356638401548
  0.79791556272270703  0.80266740897792666  0.81071771674588955  0.82172744034796819
  0.83228014772542502  0.84304117571593340  0.85345981572232710  0.86222071842756709
  0.87214202466443380  0.88443982684837918  0.89690060967385832  0.90902465852403647
  0.92524638807913662  0.93927015505127631  0.95310759728531358  0.96523882531568617
  0.97528960492405148  0.98323653685141332  0.99266592736321813  1.00000000000000000
  0.00944983216445512  0.01690348360120827  0.02189978414824095  0.02850392443028139
  0.03686399785496868  0.04448310960115163  0.05241448623077270  0.06125290838356780
  0.07031918169165115  0.07920781805959966  0.08684085433065698  0.09388679423517123
  0.10050632230304993  0.10715700749823892  0.11477196188380592  0.12340653810975001
  0.13174044002088744  0.14034914438700744  0.15028540823156725  0.15942777717083556
  0.16810439628807836  0.17627287750589762  0.18278847231340067  0.19009460519861798
  0.19949167050689576  0.20974543754953198  0.22229748007509670  0.23746143835094771
  0.25565838668294599  0.26650666588065186  0.27502827250454426  0.28513076203251209
  0.29485142467503339  0.30319815001846928  0.31272558641848613  0.32221938001568801
  0.33478820422436878  0.34964764611588373  0.36477396502498005  0.37719524287909351
  0.39018364167511316  0.40438705617479270  0.42082154232007013  0.43762169774257531
  0.44855844550309287  0.45712146746890220  0.46436465407839539  0.47369194946825804
  0.48657004827706501  0.49845066360148321  0.50892961789839120  0.51828422033674171
  0.52668474066325333  0.53262497991736435  0.53638401825389004  0.54111202903875621
  0.54790639811774189  0.55631169732144281  0.56438118698540685  0.57239014031992852
  0.57996920906390181  0.58605432070766394  0.59049806812200911  0.59601077335027763
  0.60343415240424902  0.61519477914599763  0.62927817450088785  0.64427283076890252
  0.66017199723625430  0.67900832626051433  0.69904188379312815  0.71771098812892342
  0.72959028593584152  0.73788527518269331  0.74376206604390749  0.74944519379011088
  0.75671043283257422  0.76489480527932552  0.77348549950982648  0.78394575029204527
  0.79886695657692386  0.81701079851373570  0.83279241298417883  0.84358937956171343
  0.85149878751880859  0.85808461554058857  0.86415837616872504  0.86997056782948079
  0.88227573090466604  0.89262879930474082  0.90214710696076372  0.90935102934906631
  0.92228766719841027  0.94016156139059182  0.96479920547665143  1.00000000000000000
  0.00015820542275772  0.00020761214951395  0.00022690800339898  0.00023445870424046
  0.00023688401963586  0.00023984819523442  0.00024304875866928  0.00024567766732123
  0.00024705245179369  0.00024842785838558  0.00024976847805747  0.00025139018599809
  0.00025328431078165  0.00025506858211106  0.00025682589746769  0.00025849875533718
  0.00026051642592325  0.00026291431342301  0.00026546886761977  0.00026765855755868
  0.00026994297577733  0.00027238314385951  0.00027469109113152  0.00027682063027779
  0.00027955051214756  0.00028202713661321  0.00028445083352928  0.00028684400097611
  0.00028906621195720  0.00029122222536632  0.00029332453310004  0.00029737166375007
  0.00030113793367791  0.00030467419818866  0.00030818607391421  0.00031186530297408
  0.00031563227333209  0.00031925438625233  0.00032224592290720  0.00032530277712650
  0.00032830553131040  0.00033188088590085  0.00033503927201932  0.00033750670280015
  0.00033978221661515  0.00034203657293984  0.00034425898328840  0.00034645551252753
  0.00034956159305215  0.00035335757271251  0.00035744452422911  0.00036150715681201
  0.00036508052292877  0.00036878247770993  0.00037236730586667  0.00037680561124991
  0.00038103698345052  0.00038635974084306  0.00039106847489829  0.00039564440152932
  0.00040025621999367  0.00040588910196471  0.00041317951419066  0.00042022788763647
  0.00042677679917528  0.00043321354201285  0.00043980606036205  0.00044682678279326
  0.00045362883325329  0.00046016452473821  0.00046798840826606  0.00047584207364127
  0.00048368717939243  0.00049337906182889  0.00050626897380336  0.00052132448108660
  0.00053348282003542  0.00054536478123615  0.00056089651497051  0.00057902391095013
  0.00059691040742581  0.00061560214859007  0.00063152224249092  0.00064489551583452
  0.00065619776454417  0.00067940960117013  0.00071281245338497  0.00074926161325175
  0.00079505777431688  0.00085963905501062  0.00098697965891062  0.00114766486084620
  0.00128609282062271  0.00147602849951834  0.55368945827229432  1.00000000000000000
  0.00005398973603605  0.00005418319998571  0.00005439766956517  0.00005464405559115
  0.00005492125764649  0.00005522063744305  0.00005557545636864  0.00005597018695288
  0.00005639265599065  0.00005682169156599  0.00005728855446368  0.00005782456934210
  0.00005841242295193  0.00005905907351316  0.00005988064435685  0.00006078134435106
  0.00006177407938768  0.00006279190900334  0.00006375466883157  0.00006458238685292
  0.00006524564836797  0.00006590746283490  0.00006657123847513  0.00006720285219678
  0.00006774541358507  0.00006874945147528  0.00006999612176451  0.00007139893019837
  0.00007279912336775  0.00007406990794840  0.00007537302478834  0.00007657882098411
  0.00007750327249183  0.00007866651985963  0.00008008363513424  0.00008149519805570
  0.00008246793478730  0.00008314321157292  0.00008391269689338  0.00008488456788254
  0.00008570436250325  0.00008634887417982  0.00008699954518735  0.00008769445416057
  0.00008870089605713  0.00008992115726329  0.00009150053841508  0.00009358904381499
  0.00009529214521455  0.00009688712099794  0.00009845781636984  0.00010010988878313
  0.00010199529035304  0.00010427416817636  0.00010708443157420  0.00011072280938749
  0.00011454361060278  0.00011843475457492  0.00012238956124826  0.00012628498201642
  0.00013009719186451  0.00013334118751555  0.00013689118249949  0.00014120782138549
  0.00014483407362746  0.00014818655424804  0.00015126485369715  0.00015393386781453
  0.00015714435497660  0.00016124267994840  0.00016521336149553  0.00017064191525135
  0.00017626141751441  0.00018134119899485  0.00018625593900092  0.00019089924376656
  0.00019619233119470  0.00020417769821968  0.00021348517695571  0.00021832209761394
  0.00022436126250935  0.00023267212970809  0.00024647377574876  0.00026214585468114
  0.00028085871428826  0.00030195610019617  0.00032759897771569  0.00036375783830084
  0.00040910940286495  0.00048450923280685  0.00060609131309301  0.00079632304823379
  0.00106313328160280  0.00165427843754944  0.35732450247267727  1.00000000000000000
  0.00052095323899863  0.00057745195677059  0.00062602707073326  0.00067086591455441
  0.00068809053788952  0.00070531516122462  0.00072450732964687  0.00074471265229940
  0.00076622545642641  0.00079396950098328  0.00081205929983533  0.00082555884440997
  0.00083788443470232  0.00085041422369963  0.00086399426649995  0.00087579897149723
  0.00088520398898499  0.00089420782246282  0.00090452976012125  0.00091536342356366
  0.00092992283183287  0.00094728847923204  0.00096312071427430  0.00098441277815384
  0.00100489628343203  0.00102470659337906  0.00104438182583236  0.00106357426057420
  0.00108016181616873  0.00109452332813176  0.00110873338555410  0.00112276886179213
  0.00113528374922883  0.00114780180676626  0.00116225232708811  0.00117923448558755
  0.00119806149445824  0.00121945836390528  0.00124143808040716  0.00126814400667921
  0.00130207409953289  0.00133778938300715  0.00136729065938291  0.00139348713519812
  0.00141799885065352  0.00144061521505059  0.00146077154524026  0.00147921686624912
  0.00149411473458492  0.00150556545157952  0.00152326309250912  0.00153950642380483
  0.00155605047470620  0.00157835443249073  0.00160109058174039  0.00162091859515421
  0.00164014435376239  0.00165695521680744  0.00167001779748119  0.00169444480978759
  0.00172114676460169  0.00174069918350290  0.00175646169797059  0.00177646213693615
  0.00179967154267006  0.00183156648728086  0.00186535252657218  0.00189479074114533
  0.00192680089440066  0.00195752379212537  0.00198918478871143  0.00201963314775620
  0.00204512872235524  0.00207077363251533  0.00209643773376261  0.00214245875106256
  0.00221729270406907  0.00228763244068710  0.00235460284204913  0.00244096129911950
  0.00256193007454617  0.00271231393203932  0.00289102194447884  0.00305880203197215
  0.00320061496691242  0.00336401670359427  0.00357876242973750  0.00383803805460185
  0.00414552265417208  0.00454505580287847  0.00513852056003782  0.00567520309057623
  0.00617501487821861  0.00775651332844049  0.01476817866339440  1.00000000000000000
  0.00204622816101653  0.01831546261260508  0.02645345442294153  0.03633165648504656
  0.04763690876187242  0.06013957531023297  0.07334080356824613  0.08664794058525774
  0.10112360488034609  0.11615818857818901  0.13122669089444960  0.14411699199436531
  0.15441349877219074  0.16607950493027701  0.17834809469675553  0.19137803951506779
  0.20499224579487083  0.21320336259369363  0.22243554423415351  0.23028811029943785
  0.23703199048093826  0.24442197443751593  0.25074928445860545  0.25762274781121947
  0.26389242011072700  0.27073613328198565  0.27873662064114374  0.28784021491922235
  0.29782306314135948  0.30725139598543461  0.32057806412245587  0.33599956931391656
  0.34711893872672839  0.35590055509646007  0.36492472954718930  0.37607027562166684
  0.39115227711727013  0.41109817866677256  0.42752097247361065  0.43995220220219988
  0.45242578522403881  0.46753921236007118  0.48298082398417858  0.49766417243852973
  0.51073529094947290  0.52261885816067544  0.53329486399734716  0.54437301162587115
  0.55897436346539564  0.57464218107292397  0.59084387661683047  0.60427211401079606
  0.61520569215584830  0.62780653087701777  0.64265485981233961  0.65386695178605980
  0.66169916751596725  0.66972725417077850  0.67957626418671913  0.68955344754344694
  0.70266080235060568  0.71751005233754606  0.73002678117026398  0.73675586695132012
  0.74460466035696393  0.75285083770990069  0.76375612006452831  0.77348522617032800
  0.78234790971101931  0.79170659066315108  0.80170432117834833  0.81064042855688545
  0.81836389323789094  0.83074520434506316  0.84758739608289568  0.86156261821958113
  0.87437123514743575  0.88578577847036266  0.89546191954466292  0.90278257262757289
  0.90964694560368764  0.91765047826527812  0.92663101804110592  0.93589591337313227
  0.94555472263418694  0.95303404096268585  0.95750794254241300  0.95933159881372132
  0.96179551635379723  0.96627145930269942  0.97282491877136423  0.97894004305900162
  0.98406886752639489  0.98850903143771840  0.99177438130885753  1.00000000000000000
 -0.00101574599161508  0.00733045202630537  0.01644785545904622  0.02771505398953886
  0.04154247242971031  0.05729400875096693  0.07556880762990570  0.09354910869409067
  0.10712947280076050  0.11526382720168835  0.12089066138353644  0.12696115481357087
  0.13511030011284592  0.14438895050005740  0.15450371080860728  0.16445853142025280
  0.17405159220946501  0.18341663879571585  0.19401205013878042  0.20333996909472313
  0.21691823906725397  0.23325774383613029  0.24429996637610105  0.25354735718661175
  0.26228490604075372  0.27300070315500696  0.28523231223436329  0.29615148268141084
  0.30711441712759224  0.31999438951584447  0.32591582863746316  0.33125653206172351
  0.33786816528998320  0.34672821864826953  0.35279305871597533  0.35839622068498522
  0.36475358318035950  0.37099141924664453  0.37672085674296629  0.38132391002598409
  0.38639407620859528  0.39122198219270571  0.39590469947829404  0.40088722863299020
  0.40688439713286395  0.41240988584313637  0.41927254569460898  0.42759932741606843
  0.43669243856579487  0.44783983274770067  0.45818628708183018  0.46633739302946348
  0.47381446990934012  0.48372937578734615  0.49607732742250998  0.50711782314549725
  0.51682705580971977  0.52652520906349420  0.53707469761314985  0.54827573203921465
  0.55966345041731458  0.57298943006363334  0.58706972967625759  0.60162568465846600
  0.61536270778496560  0.62517287879971573  0.63437324724249333  0.64200176855400515
  0.64766733072852545  0.65324681001561158  0.65937730324623145  0.66756943088493792
  0.67926429908532271  0.69253506420044431  0.70417691512618263  0.71367721046447263
  0.71906736785996495  0.72274075036599994  0.72704974316470872  0.73346512996187518
  0.74098561135479257  0.74923534618285004  0.75815510802698027  0.77003223561468648
  0.79055863741686339  0.81328192628468643  0.83556927920955637  0.85565989406819620
  0.87315536836985008  0.89029309379777311  0.90744674805885328  0.92386212293452663
  0.94085606864585192  0.95962613324429813  0.97926240826550004  1.00000000000000000
 -0.00191201515672864  0.00780965400128188  0.01728161687865696  0.02583160459160318
  0.03778205071045062  0.04814911104016269  0.05518037967883142  0.06177109400130910
  0.06870927520323489  0.07824506189647994  0.09180588613125398  0.10791815367633668
  0.12558316634981642  0.14157793282069511  0.15452725090937283  0.16595392264198153
  0.17705940910329077  0.18775990662679931  0.19958949219921887  0.20882010793330713
  0.21834847033628124  0.22577219519110026  0.23093747665747710  0.23715340564956458
  0.24369085268631652  0.24958462255985622  0.25711392809523653  0.26893036663494496
  0.28770370906993409  0.30735920997831789  0.32350773402837413  0.33814054139850558
  0.35343672036027246  0.36955650695637060  0.38411368737833479  0.39420189952534368
  0.40533483311014273  0.41604506479850140  0.42753603058882883  0.43943558475787092
  0.45398648006372455  0.46497374577779182  0.47451417499414789  0.48259851358203909
  0.49093874675568205  0.50000451865698903  0.50984797067360299  0.52090448166054926
  0.53206284835131090  0.54346800958214647  0.55557431841440996  0.56541947503133017
  0.57523973145308371  0.58449751046715215  0.59356190847390866  0.60280890172689916
  0.61131207744424898  0.62005953032407690  0.63011966565722100  0.64047196080644275
  0.65061784871271977  0.65905073906441636  0.67079021820560436  0.67950340044186597
  0.68632064494107958  0.69292417840499887  0.70259352217699611  0.72035407936232454
  0.73460407463782607  0.74693344465749167  0.75781429029712821  0.76894426430414953
  0.78060642029291794  0.78921717084676035  0.79452555906087030  0.79942321313962161
  0.80600868843460549  0.81138757472734035  0.81718365975284146  0.82388452006305568
  0.83416810320324108  0.84156761836641658  0.84855849413753104  0.85486288895494511
  0.86638245091071231  0.87861531095338452  0.89012314855618901  0.90126767073529879
  0.91681870112855002  0.93325136938690312  0.95191092057856896  0.96499017681332744
  0.97411574972890647  0.98190011727216164  0.98990095723837235  1.00000000000000000
 -0.00162614676120409  0.00806366040462416  0.01996760311280526  0.03008012134329009
  0.03897154475212256  0.04812627455235623  0.05844739044476802  0.06966241732726136
  0.08017764993194457  0.08857256833367834  0.09851697850670281  0.10724036471957550
  0.12050402447715938  0.13712859876185263  0.15023507853009063  0.15971117148665720
  0.16907155123584158  0.17979991210742094  0.19074922748737272  0.20246122823068100
  0.21376869548987093  0.22419177218554640  0.23524797532023081  0.24762661633161515
  0.26327966986547302  0.27919450377530730  0.29385521047527252  0.30651152821222533
  0.31603984807412644  0.32367666234071585  0.33131946886817004  0.33927923337276633
  0.34627341233719627  0.35240385988722189  0.35646883858241157  0.36264068142225542
  0.37195094118290067  0.38398050971933867  0.39356820703586753  0.40164822534007938
  0.40883293083969946  0.41703310270191968  0.42805967188180299  0.44071890175956530
  0.45200585954552919  0.46082302341194198  0.46882447797841181  0.47392603086974278
  0.47688417199137795  0.48245509587611440  0.48876190083860904  0.49582828491333492
  0.50331668927154338  0.51146462105408053  0.51944037955102240  0.52866205290419832
  0.54062964095637167  0.55257073511966637  0.56416232809322020  0.57698079616808162
  0.59336022826693735  0.61225589151904491  0.62877434122823928  0.64310120623961131
  0.65506342128613082  0.66833006799240446  0.68208264925640072  0.69445739555101804
  0.70512023745933683  0.71666472261931735  0.72771152682717932  0.73771172379016869
  0.74795876283099683  0.76160371796806603  0.77480887102925222  0.78558919408920314
  0.79468690107440620  0.80423299161971229  0.81670619908866637  0.82886720269733005
  0.83974456642661111  0.84990263276867384  0.85924160577057662  0.87000597446459138
  0.88391448042267651  0.89968764364147846  0.91178294472309973  0.92010129457385503
  0.92752212425925429  0.93532458106617811  0.94456529126167743  0.95253995869616792
  0.96167556704331913  0.97223256201316932  0.98582391641743594  1.00000000000000000
 -0.00797717892269730  0.02378351019869056  0.04578213805763966  0.06230755307263361
  0.07436010649556581  0.08112224188749709  0.08807782419026954  0.09518892904269839
  0.10335888604827100  0.11188095851437230  0.12133387255710981  0.13218886168350957
  0.14423800696109668  0.15755624866084647  0.16799977730513130  0.17648306084698578
  0.18307274564701698  0.19015280533910414  0.19803482463810984  0.20526338925511281
  0.21251556649266953  0.22034095611801019  0.22909538294179271  0.23961917199471086
  0.25011032392439853  0.26381971816556776  0.28074950023808870  0.29461946702622016
  0.30386967741373627  0.31293244200845566  0.32045581471500156  0.32909947466894951
  0.33585926712323222  0.34417347573227519  0.35442923592401493  0.36002690491137551
  0.36679690676210847  0.37782226030855653  0.39235512181230198  0.40426336135655655
  0.41125338643471399  0.41801381186392467  0.42555478448206102  0.43636291472420186
  0.44661478477533317  0.45803678873700737  0.47696333600719698  0.49367480917408052
  0.50391408967404316  0.51136746032244873  0.51702421795436593  0.52179742968314924
  0.52684397993241039  0.53247766568469712  0.53705694661052039  0.54247541834439317
  0.54878817030200044  0.55830618032324086  0.57183168435580189  0.58933427829248208
  0.60497973017700490  0.61462675972686109  0.62200842391762889  0.63139438330353947
  0.63985086044081785  0.64758880325684354  0.65379029076454309  0.65979540987199570
  0.66699472732997700  0.67418703049744944  0.68055627367329030  0.68663293212505849
  0.69290852224542632  0.70109032321112763  0.71435168040444297  0.73000796103685783
  0.74610845299118833  0.75983514985054756  0.77153997013847753  0.78210783722782251
  0.79237782532046963  0.80467064457355819  0.81590251661717539  0.82662594566963177
  0.83561502686358269  0.84733380728374974  0.85935650932211050  0.86866752446405249
  0.88029743613346090  0.89253712001828378  0.90612787492850166  0.92190114605227580
  0.94209236682982223  0.96141649234195314  0.98063639494279153  1.00000000000000000
 -0.00352109574909768  0.01306311517158814  0.02391343821958284  0.03360895396250609
  0.04333932376596956  0.05527132322251800  0.07595029440707930  0.09839399715093794
  0.11229621458839907  0.12068196545829615  0.12647373623258198  0.13271353620746351
  0.14067471769287582  0.15187005274888091  0.16246975984470141  0.17251645951208960
  0.17757673079930683  0.18184886775785761  0.18684713974845613  0.19377522146256954
  0.20020398320828425  0.20953541955794852  0.22613450980468652  0.24443016821841826
  0.26006342569301583  0.27383198471952530  0.28709336228716409  0.30325418397276510
  0.31893233014932421  0.33900249610165589  0.35818146812808566  0.37624974919206655
  0.39310261700695004  0.40710683038180007  0.41885646066438487  0.42531885922384699
  0.43265220150511491  0.44010727875454220  0.44544535922362033  0.45241334054990068
  0.46227806848242303  0.47466595286282459  0.48797817639001156  0.50131936920547571
  0.51481389615755191  0.52710251609234027  0.53677746739208454  0.54331030380600231
  0.55041893473153913  0.55813582913657145  0.56636399975533613  0.57367188201155417
  0.58265278576448187  0.59583410116109492  0.60766817515513749  0.61659815663380324
  0.62350867507177776  0.62905262291471264  0.63382726769334752  0.63833531078116224
  0.64730233514315239  0.66485688091002071  0.68605971634946583  0.70417846982511878
  0.71695181841713684  0.72709196797434528  0.73524814312661857  0.74279970045580090
  0.75119582914549232  0.76067487019304048  0.76867882778118046  0.78177839325674892
  0.79642404733392913  0.81108473092422873  0.82900875087384374  0.84955342217709118
  0.86947037688477025  0.87536910934814804  0.88102213888472447  0.88694907809338597
  0.89344076017226481  0.90052028759083602  0.90843864797897300  0.91520068864889215
  0.92157912535170861  0.92588272024794338  0.92951603800154403  0.93377723802869750
  0.93895952547691064  0.94736199033829827  0.96533501889357509  0.97451152198845492
  0.98322840325256500  0.98972587306450310  0.99490828336864046  1.00000000000000000
 -0.00207423166845701  0.00543354829576620  0.01218778427090633  0.01880164058974292
  0.02532051974151347  0.03190265421162827  0.04096385074814771  0.05123208097672122
  0.06050702144460793  0.07201926839151612  0.07930447849374701  0.08573050267559013
  0.09263152377807402  0.09971077326826656  0.11374189429598301  0.12622239388050702
  0.13722507643767190  0.14704982333253955  0.15802286860656098  0.16992791212760786
  0.18139397882612698  0.19375930182508300  0.20927234841212336  0.22334188607312139
  0.23633146295936100  0.25072164818840736  0.26382001240965214  0.27606927824380029
  0.28215727379221861  0.28705551748229724  0.29332651839892765  0.29894073143715189
  0.30405514962544500  0.31035513709621848  0.31569420863175601  0.32009057481569236
  0.32490749924935586  0.33143570299029773  0.33988502246612645  0.34975617069499887
  0.36274835192532917  0.37791891522060916  0.39331279698654653  0.40720246932705118
  0.41925521733559734  0.42975041024971711  0.43862568724625450  0.44581053829046002
  0.45320860984746125  0.46313932588405571  0.46975812704333891  0.47361175963393998
  0.47790669871199987  0.48663559329689171  0.49688515011031348  0.50630165369449343
  0.51593840747365483  0.52461841507872953  0.53176382549572998  0.53940195555609582
  0.54913388170917077  0.55924588862582336  0.56876335980771942  0.58006564905499491
  0.59106511136458029  0.60472219011548278  0.62273284066398960  0.63816246342947824
  0.65028379282390347  0.66294780480245519  0.68083956708438109  0.69326551921607937
  0.70293699193690617  0.71080982297711626  0.71669192247137381  0.72388920643083532
  0.73576943753756319  0.75615256838884481  0.77710343315380692  0.79257505450679422
  0.80271879106905575  0.81310177487070845  0.82518025278218743  0.83674188694376961
  0.84829611930564386  0.86243932121781075  0.88113406000112671  0.90010896224979398
  0.91837305956845228  0.93548913677300727  0.94603826278164260  0.95418740406979230
  0.96452646721838120  0.97694556570060243  0.98874573596898341  1.00000000000000000
 -0.00326511731452329  0.01162289489781383  0.02336239250939729  0.03677408921087468
  0.04892396698771546  0.06130044288737699  0.07342678061020674  0.08282654798114193
  0.09382230204205744  0.10621450085899202  0.11801143223956315  0.12680628403177371
  0.13446944445580772  0.14257358399008588  0.15040375520056060  0.15714214328870058
  0.16539881420690303  0.17385359095618499  0.18105026363257995  0.18767140623750406
  0.19375896057859773  0.20021430993273628  0.20911508195786688  0.22005380764933613
  0.23208886049046382  0.24898022237496018  0.27111283794700380  0.29517633567380447
  0.31315786581850480  0.32996103680805772  0.34352079227015081  0.35367745678085377
  0.36133004753111342  0.36854414361540005  0.37457805638398567  0.38854666670727966
  0.40008782012098837  0.41245927981984082  0.42476365789491777  0.43625748255024421
  0.44359137407857119  0.45214466800544856  0.46264077261280823  0.47067204524955514
  0.47896669519560425  0.48691197605844067  0.49397592886049752  0.50109787038708653
  0.51061882298727945  0.52175191620085215  0.53176941092989027  0.54079833062091875
  0.54921316685217803  0.55724434886728980  0.56444497336532551  0.57028327374355403
  0.57550357460874046  0.58065429585096462  0.58698633160058522  0.59527233537120050
  0.60227877414239617  0.60667129386182939  0.61028061796452160  0.61394280886324559
  0.61789076171356805  0.62354132691543807  0.63262093500439176  0.64305519223216911
  0.65079347182551039  0.65551898885067450  0.66041474283003510  0.66576593797800954
  0.67508432809562624  0.68776862762579860  0.70060582395371584  0.71175180412380523
  0.72029298345548154  0.73045608851924160  0.74109763461855793  0.75158680894618080
  0.76570446248092294  0.78095048327801242  0.79711569718153241  0.80991686083366099
  0.82084609254108654  0.83406896889567861  0.84827167349193577  0.86569689637493330
  0.88658142690424835  0.90896691612297342  0.92930016829322337  0.94763477157209641
  0.96109072001716855  0.97264530701844287  0.98698684585806729  1.00000000000000000
 -0.00314474534910430  0.01133550883224535  0.02484940791341282  0.03585932394979922
  0.04646920199304244  0.05699216708546465  0.06850919808914627  0.08363141075107078
  0.10183861296175493  0.11727800641282042  0.13117182044989564  0.14412606558763841
  0.15343197398136982  0.16131343611969307  0.16825133112781643  0.17598136064652295
  0.18300393896674208  0.19027267433176856  0.19923591358640938  0.20956424542787844
  0.22484599466833557  0.23889891401636751  0.25186052793439401  0.26337797138480024
  0.27239684617906740  0.28429947100532044  0.29689344330290440  0.30720605230241421
  0.31560021372331437  0.32548928942684191  0.33680986265705770  0.34688361332595569
  0.35687694192125596  0.36578816961546645  0.37350044588964493  0.38015075354473749
  0.38695616604832089  0.39641648810194768  0.41283177173940189  0.42677800385638454
  0.43908722226334912  0.44625945367521141  0.45235293990742287  0.45771986210610521
  0.46665107745105405  0.47701584006400838  0.48692914728086567  0.49486437547186168
  0.49869600388023666  0.50356437124696152  0.51047476565053251  0.51805495096545839
  0.52233814940858836  0.52981874210042579  0.53910157918182178  0.54671001655170992
  0.55217213624834516  0.55788454209596128  0.56503495148163685  0.57146907141870262
  0.57811917061928797  0.58686789092066860  0.59838105646372008  0.61245679843637557
  0.62504162842084676  0.64014754947656494  0.65627006188127146  0.67328016755834430
  0.69116198621326397  0.70940096298107935  0.72623973154239319  0.74322834363785939
  0.75881556637335512  0.77378288727340239  0.78872899708292354  0.80397535748616433
  0.82182166717858640  0.83809469210379572  0.85372876450515822  0.86866565533353557
  0.87981008949457951  0.88881975461159990  0.89506883441567398  0.90030331509287920
  0.90409754222319405  0.90903336303075233  0.91302996472137887  0.91722608121228766
  0.92239153382074124  0.92882152701811804  0.93401600495586867  0.94044049245987915
  0.95009347490268470  0.96375482598580797  0.98001125156235258  1.00000000000000000
 -0.00679818693415999  0.01917149085132317  0.04087752703346215  0.06009806857007502
  0.07795061621102073  0.09585441622015012  0.11370503026639020  0.12793060085853999
  0.13989673262753632  0.15155069201743562  0.15996515827404578  0.16872162968244447
  0.17837823312432419  0.18911351220135864  0.19913225575136828  0.20831971624633194
  0.21800220175668816  0.22958850262711536  0.24174193203763172  0.25334453516913275
  0.26264330015334769  0.26985576270477479  0.27627729597715323  0.28226110415133254
  0.28888677107630784  0.29568306409341233  0.30226086801085034  0.30861760500493313
  0.31493757070002060  0.32135553649139581  0.32936435929712338  0.33914260797503404
  0.34871705341902559  0.36314046517841198  0.38031446521326628  0.39088050460347806
  0.39874140701725397  0.40661839874592232  0.41536009367714288  0.42088754474301227
  0.42616479688353948  0.43204936051817849  0.43788768068497874  0.44716515768059545
  0.45403062837387403  0.46294728708519250  0.47388066568178699  0.48673486460659388
  0.50453564533706940  0.52449818941081772  0.54324010279480917  0.55928286484633027
  0.57125904696670027  0.58446466034968647  0.59852594210319665  0.61375554241718056
  0.62955497805239391  0.64186814976389051  0.65218604964319438  0.65980862695557241
  0.66633307763199356  0.67297443803666213  0.68081647058641026  0.68856434814493206
  0.69680874406398585  0.70565212990123183  0.71479035243912326  0.72192368471719492
  0.72842990693694332  0.73696103981024175  0.74716805471620695  0.76029948370674849
  0.77515545646228734  0.79165167174836748  0.80509716737559400  0.81650174688311150
  0.82832822966419140  0.84305534936308280  0.85266709463543866  0.85928672542039075
  0.86680170486152630  0.87498023995265017  0.88180294498961476  0.88803169095296064
  0.89608778373952203  0.90713738614061690  0.92280129167967395  0.93947530021851988
  0.94965845339595001  0.95699017636418671  0.96225512598137686  0.96920381264177424
  0.97715644154711134  0.98573431580646775  0.99319597864433362  1.00000000000000000
 -0.00386113038985026  0.01350613518739734  0.02946205830761513  0.04452350327373517
  0.05929717268421409  0.07689347508622160  0.09581062150772052  0.11378707714112415
  0.13196317365779819  0.14404454426579696  0.15601874677405775  0.16469563181664112
  0.17496437708977713  0.18583519246516209  0.19476949424903212  0.20541008269098981
  0.21497629183232309  0.22432821169834646  0.23386232117692768  0.24557569150625855
  0.25712594533109717  0.27657013224624194  0.29933957127268351  0.31949778953118246
  0.33523568603076698  0.34421578588757318  0.35058396897853877  0.35634927329057503
  0.36361635712277462  0.37130048057259352  0.37839965278338539  0.38685169318804352
  0.39621651158984705  0.40327358405842023  0.40792856021310275  0.41304132922544468
  0.41683388961795692  0.42380077601832533  0.43103183171396031  0.43778281636332156
  0.44590531691444824  0.45539805142277473  0.46595833470137055  0.47684927888038164
  0.48672266870177022  0.49900686184910353  0.51620019348761825  0.53392820863827717
  0.54670768018493898  0.55437477575457161  0.55970665853001456  0.56393728870449911
  0.56995691925283221  0.57714981973808555  0.58583736105275430  0.59514514653985040
  0.60501482740339763  0.61578784941865106  0.62738493818314933  0.63903583664573715
  0.64705602304640408  0.65463851770387760  0.66312116707413671  0.67270032488060649
  0.68254439281385326  0.69317742516825787  0.70416583302379954  0.71689641951217997
  0.73086312284392196  0.74622772087291800  0.76138893254185036  0.77399815369683600
  0.78049820280960314  0.78453723631028505  0.78835435179560664  0.79353277185724891
  0.79998405484629853  0.81098546304833052  0.82372463237525362  0.83551431737994553
  0.84766798321029579  0.85914994401532541  0.87023259631304684  0.87953121729696082
  0.88506997769747187  0.89166567819154186  0.89980620789098065  0.90999405707802261
  0.91994620830779039  0.92929524345165126  0.93750833030935543  0.94574991389339136
  0.95438601670436662  0.96371144024827948  0.97647429370650840  1.00000000000000000
 -0.00778741960973679  0.02217311178132287  0.05035206399135929  0.07346224932847630
  0.09110231380410072  0.10895197444679815  0.12648749068555062  0.13817182960923510
  0.15257319087860277  0.16753616232957869  0.18561049488563300  0.19916825528120150
  0.21219183568829186  0.22507479876631140  0.24022086759109551  0.25939955927528097
  0.27823876777598877  0.29498442899317090  0.31386282227408374  0.33004328619910872
  0.34942102597034597  0.36599877430364275  0.38076895647360304  0.39938981595892553
  0.41333636335530971  0.42631428849708625  0.43906648808992910  0.44695439286410349
  0.45517006381394631  0.47006212223088206  0.48622806329954121  0.49994126391324745
  0.51200050427966459  0.52490127809351517  0.53863816850595292  0.54926982497578503
  0.55748825794210666  0.56485077130822714  0.57200021361387332  0.57896380183515861
  0.59076566569909639  0.60337894000611358  0.61588037536798013  0.63257776841176583
  0.64980421282832845  0.66007294496741997  0.67123043776742508  0.68277922442411287
  0.69113051970687278  0.69644095396509675  0.70348041374093961  0.70976037842486561
  0.71570951242875336  0.72365582716169030  0.73185230487916719  0.74036386264509046
  0.74863997375855074  0.75691574296775332  0.76251948300354500  0.76734234518617317
  0.77382124871031410  0.78037234136252887  0.78543707450013611  0.79000294005749894
  0.79373277973616818  0.79770013782694349  0.80563809656211061  0.81340078617620681
  0.81756705274565733  0.82229490847730669  0.83150918011081554  0.83850638526749244
  0.84561159596947266  0.85179394786829288  0.85624676144390932  0.86017112137928597
  0.86441199514239841  0.86900152108315654  0.87334204331576082  0.87879280275277960
  0.88728599499114014  0.89687018164970977  0.90848521925924619  0.91665453246143180
  0.92305720732515006  0.92873913679911568  0.93368381330459826  0.93793640621954966
  0.94382231222733337  0.95180495910262530  0.95935816504104032  0.96611496254389795
  0.97162782607827380  0.97810639675683020  0.98707195463942943  1.00000000000000000
 -0.00408600515456016  0.01166822549970132  0.02523955454888868  0.03800637886968611
  0.05055788206917018  0.06352782873046553  0.07871876436608755  0.09317897318549437
  0.10456032225185004  0.11751298664883696  0.12932676224512010  0.13674023506580352
  0.14210450794894369  0.14733742361941915  0.15405808743376162  0.16706354136136620
  0.18563418963554118  0.19781593393522251  0.20851777146150954  0.21835249494414313
  0.22791490871338344  0.23824573883265285  0.24919003221311115  0.25907032940395919
  0.26895805886903673  0.27778400176132984  0.28659335711258749  0.29685047032418727
  0.30638610640889713  0.31775940776040024  0.33119565347530444  0.34483320330647510
  0.35666042044378676  0.36761330028654360  0.37920164307795862  0.39036973968997674
  0.40000347641057005  0.40878559894128458  0.41859339903820297  0.42771325416742467
  0.43704382911222694  0.44721387090459042  0.45996433757639149  0.47583662920641934
  0.48974864354221681  0.49822396689579362  0.50769294499035666  0.51465874592561023
  0.52102287025328020  0.52838420310649392  0.53849791796431723  0.55049889006089958
  0.56713299631083514  0.58676387459535517  0.60785064798072008  0.62389493544119945
  0.63419332116038918  0.64131429870113354  0.64708444161182554  0.65257883993900190
  0.65984895495019946  0.67125004243081543  0.68332425163404686  0.69431531237302901
  0.71068388291264206  0.72763791614860640  0.74317144293440129  0.75656548817266611
  0.76979127172027140  0.77695117045194195  0.78245903057011990  0.78846973515899677
  0.79509191549422453  0.80180242318996309  0.80830500343058420  0.81566010057702776
  0.82242731478996978  0.82823689622842955  0.83800416800295907  0.84861163274568308
  0.85976007349376860  0.87122833937581878  0.88164441869596422  0.89048815435241813
  0.89949125972983035  0.91139182982464917  0.92854848369013043  0.93769849519744186
  0.94372310150943783  0.94930556436379798  0.95569667787075885  0.96933865449694245
  0.97830355977208350  0.98435477137533445  0.99161434285836703  1.00000000000000000
 -0.03482727092537860  0.14880216756433451  0.17776405115387581  0.21318314247064263
  0.24820434874035063  0.27015739173842884  0.28335973313896001  0.29284234763988110
  0.29922611453488046  0.30480458549076717  0.31101723404559067  0.31868460457228709
  0.32495937033207578  0.32984408517469238  0.33427782812398837  0.33860356115358353
  0.34340643744207794  0.34827479987237925  0.35521015601262246  0.36213154958619931
  0.36944940855556979  0.37460261345614670  0.37952395890170210  0.38445553674665245
  0.38871376006510072  0.39343245375685315  0.39904805252124603  0.40679102791041138
  0.41765110248967191  0.43000840690931458  0.43862207973655992  0.44764869897000609
  0.45501354670414890  0.46104914687001158  0.46704773200712141  0.47252990683290480
  0.47760551764627018  0.48168654913956760  0.48447002228623831  0.48782012354299215
  0.49359931818102198  0.49921331135375702  0.50337432798403337  0.50656377951834897
  0.51031548475336563  0.51430138612923593  0.51874727618841243  0.52263765096004422
  0.52668656608334297  0.53047935603619456  0.53410431247998758  0.53902633648121201
  0.54093197389369929  0.54259803736908696  0.54527305198465470  0.54876232072181930
  0.55256342810349823  0.55583955546251118  0.55826519607897440  0.56026727592520709
  0.56292149488757937  0.56637528548123772  0.57122722401574999  0.57878721598814276
  0.58528731160437841  0.58982204973918539  0.59181185035332196  0.59339085738621655
  0.59483248559256718  0.59600234984774114  0.59759915253850004  0.59872820201791643
  0.60071780284691267  0.60392706375208727  0.60823922707395495  0.61337296757715953
  0.61903644548592840  0.62402505218464943  0.62811392081796413  0.63215509416581694
  0.63709161389046254  0.64188889176545350  0.64849340423721347  0.65639442200401577
  0.66467085365108336  0.67572367212764473  0.68545621403950296  0.69657572022622927
  0.71039150602597700  0.72862607696281012  0.75173825050294640  0.77980903981357030
  0.80219168998978807  0.82224967450865660  0.84789992865087305  1.00000000000000000
 -0.00194722610863232  0.00802615801158172  0.01718646866623233  0.02703085384274068
  0.03762582684677070  0.04720481728848404  0.05462151204168714  0.05938710616521889
  0.06441233547293791  0.07130095756165375  0.08137813570098359  0.08681713601092848
  0.09135584546209100  0.09530948345419916  0.09949768997946126  0.10301774459446632
  0.10669937931646284  0.11028736368892582  0.11496685318054782  0.12191204308267362
  0.12764672416192549  0.13253516052219041  0.14377829556684277  0.15928980486372704
  0.17682779978371727  0.19152788478102803  0.20541937748011427  0.22027096793267234
  0.23767073700738853  0.25554559276672756  0.26980816982171774  0.28067661821390744
  0.29047890652230945  0.30213172346480954  0.31334770567450670  0.32464357623156420
  0.33600190020864357  0.34838241451600582  0.36207736474771657  0.37706952190037829
  0.39022563202362470  0.40368992117718655  0.41331907120094902  0.42152650232989902
  0.42893575680781337  0.43636716411247745  0.44226404172746847  0.44724599914788138
  0.45301193344874197  0.45978493490880651  0.46827816263505323  0.47953469353609396
  0.48967231011241363  0.50018865136960833  0.51188871222884846  0.52474125003094885
  0.53793727224778731  0.55160443555769800  0.56386496119229756  0.57534322872287658
  0.58765095107542786  0.60065436619891277  0.61362461124127199  0.62747152629680936
  0.64404153599286029  0.66339981773017276  0.68547619592654763  0.70572679460546395
  0.72323733106807653  0.73821909760570104  0.74859831338024863  0.75561820969132021
  0.76205247348124994  0.76844024311231196  0.77641057651903789  0.78534994474309350
  0.79262083776341297  0.79808525897115523  0.80277505796644177  0.80799708913906854
  0.81230857029651959  0.81805563466824316  0.83101019565633238  0.84134924289923163
  0.84967788614100026  0.86189403405546106  0.87715724688069185  0.88962404493693070
  0.90262842838876767  0.91863175155831833  0.93099767995496163  0.93994496732392052
  0.94952306869199710  0.96221100317639430  0.97923140392070507  1.00000000000000000
  0.22900070216079801  0.48026787217012901  0.61958122631294410  0.66208355040991562
  0.70626874216521662  0.74666549614949995  0.77509610373347781  0.78790993026002887
  0.80073121573836636  0.81104984110410461  0.81947962170122324  0.82654860671438124
  0.83496922400753704  0.84196039118332999  0.84917309787460704  0.85618457829554684
  0.86263109393335835  0.86875753028222913  0.87580280580859149  0.88184745210231119
  0.88621977099330729  0.89024726011862332  0.89403658070162084  0.89710538052398758
  0.89999198808495728  0.90285405044729616  0.90550520378641230  0.90783446088019326
  0.90999573538610246  0.91213818136326508  0.91471375427987966  0.91687559937979379
  0.91920922163758645  0.92125148088902009  0.92337042788558754  0.92531646240857035
  0.92707576182180429  0.92846612926102756  0.92972907448286402  0.93104087008974079
  0.93248736296872703  0.93400941266189497  0.93564979596502129  0.93734342110891955
  0.93904116339212562  0.94057416607900624  0.94219897833977262  0.94371514506818466
  0.94509083395134263  0.94629983576850452  0.94735057105526155  0.94838945119926799
  0.94946341667556455  0.95041888680191577  0.95109412489770084  0.95167849731471588
  0.95218135474178955  0.95273279296845281  0.95354056731287529  0.95475938207259614
  0.95609420917958765  0.95732115173172572  0.95826884222445508  0.95909213268267446
  0.95984681142797623  0.96064698769946022  0.96132579374122407  0.96177228087204092
  0.96233193527712080  0.96300919206377167  0.96372247982930326  0.96454260946695192
  0.96549153298911528  0.96687055932082544  0.96807473244803510  0.96927766865853504
  0.97047062493228697  0.97166650074286831  0.97274875992343612  0.97378554773249026
  0.97513480555868259  0.97618622388339371  0.97713684103333887  0.97795620096072677
  0.97884253721617764  0.97991289989122121  0.98136962543662909  0.98323980893245932
  0.98441888227814156  0.98520717858179596  0.98590027684549608  0.98665495847589213
  0.98757170520691440  0.98904244427956123  0.99125538521471168  1.00000000000000000
 -0.04840191489688482  0.20414826285345031  0.28532591680221442  0.31310283970044234
  0.33313594502728794  0.35405410116446173  0.37304337522288139  0.39409702930529134
  0.40425869363505151  0.41236104188926187  0.41977682681359318  0.42596708190786248
  0.43090190104328197  0.43627191425436418  0.44222177461275097  0.44721268326166086
  0.45117636485288248  0.45462601868417279  0.46007638215668606  0.46851488433013500
  0.47592999590431162  0.48138243935198666  0.48694528918346058  0.49286534771223456
  0.49742073289427069  0.50377680825384474  0.51163418608774891  0.52010656176367998
  0.52985451458778876  0.53699797997827214  0.54334548041031594  0.54775634712610788
  0.55212422303960929  0.55562031490657182  0.55901889911154690  0.56386107508399586
  0.56887654434313317  0.57274346096914219  0.57555187520429074  0.57768232583169798
  0.58027856243985365  0.58365301223855492  0.58935440444462983  0.59383506550950582
  0.59774209875020268  0.60174415001719805  0.60722965162903508  0.61332507130806091
  0.61684367541810015  0.62004651230330476  0.62354800029957747  0.62686836121935585
  0.63035975019377133  0.63341074962409616  0.63701295902055932  0.64092452750129192
  0.64532038553934912  0.65063595823774079  0.65571770423698572  0.66112610495119573
  0.66696767184268568  0.67132373457990191  0.67515639693549934  0.67875658379657777
  0.68208922805869920  0.68629857536739203  0.69210226367253769  0.69752719536333618
  0.70149933018345589  0.70580105209292876  0.71186705910820347  0.71705737906028022
  0.72084928751465616  0.72539721346615749  0.73000417395868211  0.73692514754228156
  0.74232257646107525  0.74669001821571468  0.75225056679157176  0.75766005314620810
  0.76253403734898273  0.76730576571554387  0.77239874415760990  0.77872589394364822
  0.78853986328023962  0.79893751579009098  0.80901516873058121  0.81867055897837038
  0.82864149584104074  0.83959541310823649  0.85061177587992043  0.86242401855591888
  0.87582740066604037  0.89006663590391111  0.91488318117986256  1.00000000000000000
   7.3955095451943278E-019  -1.0000000000000000     
 F F F F F F F F F F F F F F F F F F F F F F F F F F F F F F F F F F F F F F F F F F F F F F F F F F F F F F F F F F F F F F F F F F F F F F F F F F F F F F F F F F F F F F F F F F F F F F F F F F F F F F F F F F F F F F F F F F F F F F F F F F F F F F F F F F F F F F F F F F F F F F F F F F F F F F F F F F F F F F F F F F F F F F F F F F F F F F F F F F F F F F F F F F F F F F F F F F F F F F F F F F F F F F F F F F F F F F F F F F F F F F F F F F F F F F F F F F F F F F F F F F F F F F F F F F F F F F F F F F F F F F F F F F F F F F F F F F F F F F F F F F F F F F F F F F F F F F F F F F F F F F F F F F F F F F F F F F F F F F F F F F F F F F F F F F F F F F F F F F F F F F F F F F F F F F F F F F F F F F F F F F F F F F F F F F F F F F F F F F F F F F F F F F F F F F F F F F F F F F F F F F F F F F F F F F F F F F F F F F F F F F F F F F F F F F F F F F F F F F F F F F F F F F F F F F F F F F F F F F F F F F F F F F F F F F F F F F F F F F F F F F F F F F F F F F F F F F F F F F F F F F F F F F F F F F F F F F F F F F F F F F F F F F F F F F F F F F F F F F F F F F F F F F F F F F F F F F F F F F F F F F F F F F F F F F F F F F F F F F F F F F F F F F F F F F F F F F F F F F F F F F F F F F F F F F F F F F F F F F F F F F F F F F F F F F F F F F F F F F F F F F F F F F F F F F F F F F F F F F F F F F F F F F F F F F F F F F F F F F F F F F F F F F F F F F F F F F F F F F F F F F F F F F F F F F F F F F F F F F F F F F F F F F F F F F F F F F F F F F F F F F F F F F F F F F F F F F F F F F F F F F F F F F F F F F F F F F F F F F F F F F F F F F F F F F F F F F F F F F F F F F F F F F F F F F F F F F F F F F F F F F F F F F F F F F F F F F F F F F F F F F F F F F F F F F F F F F F F F F F F F F F F F F F F F F F F F F F F F F F F F F F F F F F F F F F F F F F F F F F F F F F F F F F F F F F F F F F F F F F F F F F F F F F F F F F F F F F F F F F F F F F F F F F F F F F F F F F F F F F F F F F F F F F F F F F F F F F F F F F F F F F F F F F F F F F F F F F F F F F F F F F F F F F F F F F F F F F F F F F F F F F F F F F F F F F F F F F F F F F F F F F F F F F F F F F F F F F F F F F F F F F F F F F F F F F F F F F F F F F F F F F F F F F F F F F F F F F F F F F F F F F F F F F F F F F F F F F F F F F F F F F F F F F F F F F F F F F F F F F F F F F F F F F F F F F F F F F F F F F F F F F F F F F F F F F F F F F F F F F F F F F F F F F F F F F F F F F F F F F F F F F F F F F F F F F F F F F F F F F F F F F F F F F F F F F F F F F F F F F F F F F F F F F F F F F F F F F F F F F F F F F F F F F F F F F F F F F F F F F F F F F F F F F F F F F F F F F F F F F F F F F F F F F F F F F F F F F F F F F F F F F F F F F F F F F F F F F F F F F F F F F F F F F F F F F F F F F F F F F F F F F F F F F F F F F F F F F F F F F F F F F F F F F F F F F F F F F F F F F F F F F F F F F F F F F F F F F F F F F F F F F F F F F F F F F F F F F F F F F F F F F F F F F F F F F F F F F F F F F F F F F F F F F F F F F F F F F F F F F F F F F F F F F F F F F F F F F F F F F F F F F F F F F F F F F F F F F F F F F F F F F F F F F F F F F F F F F F F F F F F F F F F F F F F F F F F F F F F F F F F F F F F F F F F F F F F F F F F F F F F F F F F F F F F F F F F F F F F F F F F F F F F F F F F F F F F F F F F F F F F F F F F F F F F F F F F F F F F F F F F F F F F F F F F F F F F F F F F F F F F F F F F F F F F F F F F F F F F F F F F F F F F F F F F F F F F F F F F F F F F F F F F F F F F F F F F F F F F F F F F F F F F F F F F F F F F F F F F F F F F F F F F F F F F F F F F F F F F F F F F F F F F F F F F F F F F F F F F F F F F F F F F F F F F F F F F F F F F F F F F F F F F F F F F F F F F F F F F F F F F F F F F F F F F F F F F F F F F F F F F F F F F F F F F F F F F F F F F F F F F F F F F F F F F F F F F F F F F F F F F F F F F F F F F F F F F F F F F F F F F F F F F F F F F F F F F F F F F F F F F F F F F F F F F F F F F F F F F F F F F F F F F F F F F F F F F F F F F F F F F F F F F F F F F F F F F F F F F F F F F F F F F F F F F F F F F F F F F F F F F F F F F F F F F F F F F F F F F F F F F F F F F F F F F F F F F F F F F F F F F F F F F F F F
  <DiscreteSampler_grid>
  grouped_processes
  1 # 1 for a reference and 2 for a running grid.
  10 # Attribute 'min_bin_probing_points' of the grid.
  1 # Attribute 'grid_mode' of the grid. 1=='default',2=='initialization'
  0.0000000000000000 # Attribute 'small_contrib_threshold' of the grid.
  0.5000000000000000 # Attribute 'damping_power' of the grid.
 # binID   n_entries weight   weight_sqr   abs_weight
    61   10   7.383100278221919E-017   3.316751718708681E-032   7.383100278221919E-017
    62   10   7.383100278219739E-017   3.316751718706269E-032   7.383100278219739E-017
    64   10   1.476620055644384E-016   1.326700687483473E-031   1.476620055644384E-016
    65   10   1.476620055643948E-016   1.326700687482508E-031   1.476620055643948E-016
    67   10   1.933931434273235E-016   1.875789443132139E-031   1.933931434273235E-016
    68   10   1.933931434272946E-016   1.875789443131667E-031   1.933931434272946E-016
    70   10   3.867862868546471E-016   7.503157772528558E-031   3.867862868546471E-016
    71   10   3.867862868545891E-016   7.503157772526666E-031   3.867862868545891E-016
    106   10   7.383100278222383E-017   3.316751718709178E-032   7.383100278222383E-017
    107   10   7.383100278219277E-017   3.316751718705778E-032   7.383100278219277E-017
    109   10   1.476620055644477E-016   1.326700687483671E-031   1.476620055644477E-016
    110   10   1.476620055643855E-016   1.326700687482311E-031   1.476620055643855E-016
    112   10   1.933931434273359E-016   1.875789443132344E-031   1.933931434273359E-016
    113   10   1.933931434272880E-016   1.875789443131553E-031   1.933931434272880E-016
    115   10   3.867862868546718E-016   7.503157772529375E-031   3.867862868546718E-016
    116   10   3.867862868545760E-016   7.503157772526211E-031   3.867862868545760E-016
  </DiscreteSampler_grid>
