  0.00299316345623557  0.01464391038140320  0.02429762982795378  0.03377935668600053
  0.04331569485391593  0.05369259579083303  0.06481053673305748  0.07469464754680508
  0.08332363152051264  0.09088056584054566  0.09773330105696165  0.10419398731348124
  0.11099867665827833  0.11855290709728995  0.13076876981155558  0.14596367857799786
  0.16116225075496698  0.17506329713662816  0.18783060051840403  0.19893494231726577
  0.20936761094952000  0.22155736573818019  0.23227007199690872  0.24048897762191759
  0.24724927043894046  0.25257536606978692  0.25803619455535581  0.26612943692627966
  0.27441005012084829  0.28090083384442821  0.28798508816549578  0.29760230130178572
  0.30919008203495318  0.32183366437387007  0.33245689734248351  0.34292903156749899
  0.35462825798127640  0.36670364820770518  0.38069736496858592  0.39797870715907835
  0.41163367188339794  0.42525407997395198  0.44106890714949903  0.45614805471997572
  0.46895185520212124  0.48047302937539327  0.49217843809714518  0.50399855624094592
  0.51522432361887560  0.52449456793426907  0.53033077598143430  0.53646379654148291
  0.54563322902781664  0.55600185283523285  0.56568187985303375  0.57400096821841107
  0.58125370725863734  0.59077932389522136  0.60413640598825313  0.61819404553189916
  0.63622946768446786  0.65275933216830606  0.66506938055274656  0.67365583521248995
  0.67984918078667034  0.68862337999096468  0.69856161415921725  0.70971996304711071
  0.72282869236603009  0.73723490160361405  0.75295736786050982  0.76821737218746411
  0.78109652764681403  0.79240462946994650  0.80486279229622559  0.81571730802567599
  0.82258695260032544  0.82825642597518934  0.83398674786288529  0.83993442716008959
  0.85308643494955794  0.86823931637978313  0.88228090317110019  0.89420334848057526
  0.90725261254092626  0.91836392159868441  0.92681529038183630  0.93391195195081789
  0.93983924200217395  0.94591444650561762  0.95183277967847046  0.96062903984967729
  0.96905146639274553  0.97820709108542414  0.98875071938944503  1.00000000000000000
  0.00654886098978403  0.02062675996073845  0.03379512672625981  0.04681100335387628
  0.06197097883342876  0.07500315122655905  0.08665462070085983  0.09435022810841438
  0.10185852214005481  0.10946142909769926  0.11504480071538449  0.11974670462604518
  0.12466824417677796  0.12942761225939514  0.13644267512628569  0.14979598045419823
  0.16628316718427841  0.18210543524308159  0.19435833820135792  0.20564244484030508
  0.21626380355236416  0.22623803338233175  0.23537133488325418  0.24378886287603360
  0.25022119935848297  0.25620069064831330  0.26291499005761021  0.27048426466682829
  0.28015341090815210  0.28973095959644185  0.29939693060937783  0.31042123014539769
  0.32355588537311081  0.33798484513949079  0.35093749071194164  0.36266830173948050
  0.37289022520541715  0.38180312089770302  0.39097967965060371  0.39848665702796049
  0.40783280052041304  0.42174159620641433  0.43752036680030659  0.45142706437513130
  0.46353367227236075  0.47417343768614278  0.48565534865461207  0.49639753552322974
  0.50504987078893360  0.51349579299017045  0.52197920623385219  0.53081116593252142
  0.54095025436783162  0.55489296489782858  0.56618417167940260  0.57800645975285447
  0.59137906622154590  0.60497750733336098  0.62100645774762042  0.63739499765117746
  0.65298174007627086  0.66776621566685701  0.68225853632116695  0.69531519793243812
  0.70645262417429933  0.71844447602842898  0.73190243963039525  0.74535441242131262
  0.75718205297099861  0.76694262042323980  0.77573646029073140  0.78447830856382594
  0.79260177033784074  0.80052687942633638  0.80751448157761596  0.81488029878592005
  0.82395067241907094  0.83566841336600584  0.84725191039147374  0.86047696998856116
  0.87586732924245703  0.89237834625753032  0.90576048910510676  0.91459821471439884
  0.92171516894769701  0.92862454424805785  0.93586757839854218  0.94485476883780994
  0.95412758424303623  0.96294317786631078  0.97046839646576410  0.97512198812590256
  0.97954690794940147  0.98512310761829336  0.99000089522585044  1.00000000000000000
  0.00017592910789923  0.00021026311658951  0.00023089212882376  0.00023610103831817
  0.00024192051117387  0.00024726049848142  0.00025233252615942  0.00025711007036965
  0.00026165623374531  0.00026633746588736  0.00027126082432259  0.00027543935702007
  0.00027887057513438  0.00028178925631831  0.00028452833556327  0.00028704960525729
  0.00029035115577521  0.00029542951094977  0.00030148336187363  0.00030726306272933
  0.00031138138756783  0.00031481220838384  0.00031814403752794  0.00032191213395720
  0.00032583788614570  0.00033023074273808  0.00033446030005009  0.00033852192868732
  0.00034275328585558  0.00034746138056535  0.00035189024634428  0.00035642587532653
  0.00036141094238810  0.00036722826254352  0.00037398470709737  0.00038171900576470
  0.00039031815611757  0.00040024880603596  0.00041077866607056  0.00042203167058027
  0.00043164946466196  0.00044127829839176  0.00045101349211394  0.00046048491808013
  0.00047166611961181  0.00048330257964073  0.00049437496258931  0.00050296103224372
  0.00051196454373210  0.00052099994763093  0.00052922007926586  0.00053928196790673
  0.00055010545498637  0.00055915644950985  0.00056717204772100  0.00057546514760874
  0.00058548252853689  0.00059926713671673  0.00061470067678629  0.00063187726775458
  0.00065200913893693  0.00067098548510944  0.00070282110062877  0.00073214948502485
  0.00077222001824220  0.00081012354062468  0.00085122284572325  0.00089701423496880
  0.00094479567428981  0.00099197309251173  0.00103909829922460  0.00109002478749121
  0.00113567637055844  0.00118994651651927  0.00125608152033476  0.00134336716448172
  0.00144852833665479  0.00155385374257176  0.00164791759162218  0.00177194892026826
  0.00188923948156550  0.00199280091350375  0.00212735754178749  0.00232437739326892
  0.00263431426826310  0.00294441011534618  0.00324470325968659  0.00361082459320001
  0.00401754581566108  0.00462828532203317  0.00627144468232785  0.01001742996622334
  0.01545442391564343  0.12328097167411073  0.35947348740615270  1.00000000000000000
  0.00413198335424895  0.01010494259194153  0.01506583464785282  0.02064966790171803
  0.02754326444658538  0.03915080344037999  0.04911867349152167  0.05539525730756929
  0.06064135370000854  0.06562833399424563  0.07230197843341390  0.08062172485575451
  0.08714844692489125  0.09309240087428794  0.10024857764804439  0.10986462749968773
  0.12072519510323076  0.13160758480659351  0.14352332451495933  0.15960798583676444
  0.17624901685901687  0.19094632941068973  0.20058860952403068  0.20701483952371225
  0.21324240688675342  0.21958515626167427  0.22564315018428252  0.23471005458704436
  0.24731613735711280  0.26180747361487061  0.27363194299152843  0.28480766832619764
  0.29521696939257375  0.30460839821994262  0.31576555906646997  0.32797063701591200
  0.34089224228485743  0.35451923798013507  0.36660785244803695  0.37859863085171414
  0.39210089852895763  0.40816144591718462  0.42303221239195410  0.43519814626216335
  0.44620337784691916  0.45584156453209307  0.46660872366205525  0.47731410183897532
  0.48815694531456499  0.49930980508379141  0.51221495148795693  0.52486561375862539
  0.53574452584711829  0.54603033345258478  0.55633102216755304  0.56807450022104322
  0.58141053400478604  0.59138033602647833  0.60168218787111694  0.61293827837060555
  0.62421826178108508  0.63865414832433409  0.65224769208403155  0.66387447212555384
  0.67473879855723307  0.68631837724496536  0.69691827125183103  0.70753802451130376
  0.71818838879881186  0.72799878116897665  0.73801251641290011  0.74706969802882739
  0.75636079391946831  0.76612947516626040  0.77711354405550503  0.78907208269027174
  0.80216154462377065  0.81411412935637084  0.82341592072084524  0.83156606755080398
  0.84074757815767742  0.85488037770595360  0.86905831196464156  0.88172151747013416
  0.89124276491459731  0.90076893170715500  0.91072420787877328  0.92358105890132536
  0.93777065757373557  0.94845966679921567  0.95726331412342192  0.96569428925685896
  0.97514626334190291  0.98454289328958222  0.99274989154779414  1.00000000000000000
  0.00002628646275244  0.00004468600891302  0.00004912010011225  0.00005185190485830
  0.00005481004195664  0.00005696563140544  0.00005943679087143  0.00006216955565407
  0.00006428022147754  0.00006632896685221  0.00006876887717976  0.00007164338387953
  0.00007464639332735  0.00007808811193245  0.00008148620545069  0.00008457578204531
  0.00008765483280409  0.00009053260259840  0.00009334574016781  0.00009608708110514
  0.00009918913301273  0.00010223506386340  0.00010543410599350  0.00010908448513601
  0.00011264248385908  0.00011633613909685  0.00012069422968478  0.00012467953744806
  0.00012854220526678  0.00013351198704348  0.00013796343906198  0.00014237947852704
  0.00014682700121820  0.00015118301684324  0.00015509334229396  0.00015862599338540
  0.00016231305815568  0.00016589478932231  0.00016933853919614  0.00017303673145934
  0.00017761827218136  0.00018385920019376  0.00019195478542180  0.00020038326288907
  0.00020778089350002  0.00021470730594605  0.00022274118134870  0.00023191417805922
  0.00024189812769410  0.00025104501309133  0.00025923438573478  0.00026696807716554
  0.00027581775142816  0.00028584553838541  0.00029876135388392  0.00031213514113528
  0.00032484186359530  0.00033626037422420  0.00034856504748095  0.00035941231385220
  0.00037183815394886  0.00038776870883781  0.00040258327878036  0.00041859933868826
  0.00043497792542400  0.00044987309592155  0.00046423295848726  0.00047782757170919
  0.00049238375763397  0.00050935571371741  0.00052830443492892  0.00054889321716919
  0.00056362193070926  0.00058078703426874  0.00059926485141627  0.00062740437279907
  0.00066161392095998  0.00069233016669106  0.00072053744327721  0.00076080653285675
  0.00081358286253378  0.00089003047733937  0.00099334256923999  0.00109992019673797
  0.00118843548267033  0.00126931887995044  0.00135608748697372  0.00154092891043581
  0.00185574664346358  0.00237217229623272  0.00305245322784464  0.00422024748589032
  0.00636734742988585  0.01082103228357268  0.42358039290216065  1.00000000000000000
  0.00000584184867954  0.00002728235110930  0.00004809358054010  0.00006890480997090
  0.00008055786037471  0.00008759447161644  0.00009463108285817  0.00010464333824122
  0.00010981406612874  0.00011372905717795  0.00011755302940837  0.00012124526019205
  0.00012393340826873  0.00012657181805940  0.00012979619001457  0.00013504919868184
  0.00014393889878593  0.00015509087389341  0.00016194832322500  0.00016986671310845
  0.00017781953791531  0.00018601146982889  0.00019367595412457  0.00019991341611567
  0.00020784677843310  0.00021663759190659  0.00022545680747588  0.00023625826399401
  0.00024832704918282  0.00025892461581862  0.00026935914595715  0.00028176435525704
  0.00029694652263535  0.00031450790952481  0.00033161583728686  0.00034640456491223
  0.00035916949308792  0.00037168441305542  0.00038393081096493  0.00039625421112049
  0.00041060876089391  0.00042790126409768  0.00044837910222707  0.00046970312338120
  0.00049098191698472  0.00051121055369483  0.00052853109312709  0.00054317017484693
  0.00056000078727877  0.00058273929513052  0.00061344757144046  0.00064679412505301
  0.00068269737644006  0.00072487225797766  0.00077811597201287  0.00084016168114601
  0.00089440611098644  0.00094111694409697  0.00098227107600152  0.00102465171677104
  0.00107713586176743  0.00113559192730267  0.00119551876759304  0.00125723134889386
  0.00132981120687451  0.00141097094052578  0.00152324347833914  0.00163622111584675
  0.00174137855942093  0.00184063838025638  0.00196453076611661  0.00213270392636374
  0.00233662810445925  0.00258180849466976  0.00283493008537717  0.00312298530989249
  0.00341972099038797  0.00372941232741984  0.00404632087705189  0.00435305047886788
  0.00474305333441892  0.00524446888617159  0.00573983827779353  0.00631982303639043
  0.00690073855630718  0.00756249554902392  0.00831064226918844  0.00927280478398215
  0.01065687125756527  0.01220636580539671  0.01361817039117355  0.01594232170969161
  0.01917197872872404  0.02223100392257710  0.48165445945569230  1.00000000000000000
  0.00000051054783625  0.00000122015804836  0.00000194068951145  0.00000269206959405
  0.00000366267524545  0.00000472833983394  0.00000587479227130  0.00000762111093371
  0.00001011963396254  0.00001272993297938  0.00001510927147116  0.00001735583880947
  0.00001938164822056  0.00002134839591645  0.00002409535616525  0.00002770094427976
  0.00003223122077130  0.00003665921569397  0.00004075888237326  0.00004476003768005
  0.00004858777021137  0.00005475895244486  0.00006208158647721  0.00006840959919538
  0.00007347603886293  0.00007860582783477  0.00008413890746051  0.00009058178901516
  0.00009850214467677  0.00010643534568152  0.00011528346536557  0.00012532650421154
  0.00013354993708678  0.00014179227316692  0.00015062658845314  0.00016131707418543
  0.00017356376035759  0.00018662486033068  0.00020040879969249  0.00021314804862469
  0.00022805652830520  0.00024536948804735  0.00026366340302942  0.00029599156140546
  0.00032201557847026  0.00034645967001926  0.00036624310837943  0.00038317979954321
  0.00040056514261142  0.00042296755225682  0.00045657509014852  0.00049766537771193
  0.00053851840593505  0.00057621632385164  0.00061161611768771  0.00064775774758495
  0.00068362122978378  0.00071323565132988  0.00073967629303018  0.00076670027783653
  0.00079873277556411  0.00083651062433141  0.00088110300641992  0.00093647969973685
  0.00099977080660356  0.00106496484544383  0.00112614523024097  0.00118700324388039
  0.00125380669916795  0.00131200142769033  0.00137215949356140  0.00143185689393538
  0.00150733100877178  0.00160881401403184  0.00170419585378701  0.00180544611649421
  0.00188210288766940  0.00196263273185192  0.00204955011568145  0.00216912108930505
  0.00235685215343728  0.00254902878871402  0.00275399013691173  0.00300134189513193
  0.00338517275709840  0.00403919666110832  0.00480990534991635  0.00565255681107734
  0.00660192734912942  0.00786101696267048  0.00951622966468843  0.01174429549101988
  0.01460674720290544  0.01987853142627528  0.02633808438890186  1.00000000000000000
 -0.00154058175900703  0.00848710421476372  0.01516777243869277  0.02494105951770107
  0.03578502047301593  0.04442350179068494  0.05248279156345872  0.06140854071183383
  0.07459185142031431  0.08482047825707691  0.09483796258575089  0.10411702174038065
  0.11280777319538628  0.12271944492428080  0.13259193119623144  0.14221247171532506
  0.15099579671164068  0.15883616916958154  0.16609256991409704  0.17530308228094241
  0.18466348855367537  0.19280484723708449  0.20097114729087909  0.20960346512235853
  0.21793424266209319  0.22727622256877336  0.23783706540948313  0.24958445740998614
  0.25993536755483304  0.26993928540636491  0.27951431939114252  0.28770230750118864
  0.29549763721029815  0.30270972131608653  0.31019579630537736  0.31789444174667353
  0.32601253375127853  0.33522400209672304  0.34659034620280793  0.35738262317215086
  0.36743884514996122  0.37580984623770908  0.38439822858344719  0.39382474382252253
  0.40181640923205281  0.40862947122236914  0.41528535872211958  0.42096849123374214
  0.42769298444424891  0.43559869765779952  0.44450913976407069  0.45437481977001670
  0.46499769521943513  0.47461189425649880  0.48369226531237797  0.49322928015052181
  0.50085279207096389  0.50660565860378159  0.51378482505304357  0.52128044033904453
  0.52910851148967530  0.53679318488337002  0.54205304418563649  0.54887912581283704
  0.55833553119517043  0.56725728711472179  0.57435871529869842  0.58225471308571575
  0.59119565677921693  0.59973551141665238  0.60908255758521135  0.62006678656716163
  0.63211955801040565  0.64563280919545885  0.66088564445672893  0.67401004362590611
  0.68443291199701028  0.69352150078759323  0.70350668623369716  0.71595686342980747
  0.73041440454909035  0.74568359355789826  0.76315486832949042  0.78366208665571746
  0.80518394423105566  0.82395671509785740  0.83693092868717889  0.84900069797839528
  0.85917442104919961  0.86910913696581849  0.88354103371749959  0.90433758439169709
  0.92450908777977547  0.94081009776948532  0.95800862059030756  1.00000000000000000
 -0.00496148001704460  0.01711767469429113  0.03472910957946174  0.04547504227676583
  0.05506990525449410  0.06470238592835517  0.07506333489370882  0.08471302905090550
  0.09519894802526838  0.10577418149582341  0.11770113557037452  0.13041225931910044
  0.13919196764775976  0.14564449243179761  0.15155883485877891  0.15919814454622866
  0.16854923586049497  0.17911819349574168  0.19137938272114546  0.20423778158645731
  0.21552745610485002  0.22434068143190980  0.23061678821636949  0.23629953035828577
  0.24233876801828549  0.25034303024834359  0.26423216744207523  0.28124249065433904
  0.29646252588982092  0.30850059336725560  0.31961479999215447  0.33053768764436248
  0.34155008631233363  0.35263681143545278  0.36519637429210777  0.38025910461045070
  0.39571248861605773  0.40849054845854804  0.41907676362806817  0.42813832780911443
  0.43769419103216300  0.44745889353402607  0.45703384660317337  0.46869441103687365
  0.48066821852013658  0.49326776857315396  0.50512237801539406  0.51642485728619436
  0.52616217394763098  0.53677059132064620  0.54970308312572491  0.56576929102772611
  0.58352271861468308  0.59592854303951204  0.60456870345580449  0.61070715165835632
  0.61962154576713990  0.63131954307028515  0.64503805651000601  0.65245372865482076
  0.65886012251505277  0.66509583375471926  0.67538935681584666  0.68789251921253847
  0.70101982500377102  0.71295656128311469  0.72155450843872360  0.72728405591370948
  0.73257515322573519  0.73958981820383840  0.74818582725828120  0.75611113949578423
  0.76385094032370027  0.77364446300246748  0.78674977797930268  0.80005766137872525
  0.81045315717071076  0.82187166017954993  0.83474530958282689  0.84897937661111222
  0.86243024477538588  0.87387473394110682  0.88441607891139384  0.89370148256518001
  0.90027250099226674  0.90657542725694662  0.91275576649895251  0.91941912284071559
  0.92771524195680966  0.93596026368389451  0.94647570953295423  0.95855077147244305
  0.97169203751817868  0.98317764646091599  0.99192718882453845  1.00000000000000000
 -0.00448292846615464  0.01612380296312752  0.03401142401366555  0.04975803013205823
  0.06468069243940130  0.07987955280757007  0.09484246631808073  0.10917656792855238
  0.12228106836694227  0.13354801515250561  0.14357967997288063  0.15118455758576038
  0.15789098299632259  0.16436732042902022  0.17315261143567559  0.18728727543714002
  0.20032011418059284  0.21292542030552908  0.22488740420397441  0.23598761562111470
  0.24640239587147350  0.25554046890378129  0.26451750162319199  0.27273574185540839
  0.28153674656394645  0.29057780867833105  0.30094135350919865  0.31350739709011455
  0.32713938271617476  0.34504184416766887  0.36240887248740827  0.37720247667450069
  0.39015021875100209  0.40300425894839426  0.41116593931535861  0.41714110087940470
  0.42303659146572797  0.42868055209582778  0.43438928138235389  0.44035657091377778
  0.44928314162687710  0.45824045121834328  0.46949079656321813  0.48275232064832951
  0.49551525173772532  0.50702256511406119  0.51736266886411564  0.52733019843877582
  0.53749367018315908  0.54973302143357150  0.56371476922612518  0.57597398083615625
  0.58619213618350163  0.59383394389922772  0.60050890003975010  0.60849815251948236
  0.61796991526638967  0.62690573481175427  0.63805036821981320  0.65249903224339501
  0.66629336031223796  0.67694031089903972  0.68444936569601733  0.69045407417545235
  0.69743699184401420  0.70525507531757814  0.71818396392395523  0.72899531366145265
  0.73810338158764732  0.74802235852713317  0.75702551353920311  0.76455294314150080
  0.77297193030687150  0.78286557493201425  0.79239089831875054  0.80252708181206500
  0.81355061216829905  0.82532833249370052  0.83567843219497384  0.84681657024280310
  0.85746182810790850  0.86790555727131913  0.87960083924158405  0.89213767889320739
  0.90182351465439481  0.90923493706181324  0.91471001605653868  0.91977167292004214
  0.92503200181061396  0.93170147165514738  0.93825787174882891  0.94416346983425370
  0.95248004066093417  0.96433980083080184  0.97988528245914841  1.00000000000000000
 -0.00270167717757823  0.01030151955788530  0.01753910678069627  0.02467619934010731
  0.03030026378856760  0.03537730621659863  0.04072010489308777  0.04756106975535351
  0.05598598797159479  0.06678798484748402  0.07898676871678516  0.09288602891239188
  0.10937045018045610  0.12282708478366558  0.13169635524753426  0.13693437305117126
  0.14273422941904013  0.15100723322674398  0.15726766552948526  0.16357843218918042
  0.16960472591172243  0.17558077088968599  0.18086086017127687  0.18541422977902652
  0.18922111060046470  0.19685475238975389  0.20637831071202925  0.21798888432790856
  0.23054831990315802  0.24266795730009272  0.25612244035682269  0.26777140992297949
  0.27762668339931185  0.28592390439528753  0.29417022934693815  0.30272456845842804
  0.31302463627056754  0.32535292075806760  0.33911994009454977  0.35064824010150530
  0.35918994306393037  0.36716364581628175  0.37506802510845705  0.38288894058931683
  0.39346896989746510  0.40255843587199447  0.41122945552201196  0.42089611277294792
  0.43757037314021674  0.45641276818422610  0.46865301173885748  0.47979757254073269
  0.48863333396311787  0.50295571959167262  0.51765882463466628  0.53197678206320897
  0.54926362684976293  0.56691810131860365  0.58825417599614593  0.60352415597125220
  0.61696557047619027  0.62884462275996433  0.63945459210900324  0.65050379732143060
  0.66306512669331730  0.67792036317746407  0.69540947947712850  0.70981011136854821
  0.72313879255618518  0.73660750647656781  0.75012789760117704  0.76316047864079062
  0.77486702606884206  0.78732644546453934  0.79833381359156042  0.80729757079458653
  0.81576914017603808  0.82385915355466111  0.83197129874186393  0.84106735774286789
  0.84865300193339843  0.85855638807929213  0.86923273644392562  0.87949770364338653
  0.89018203943349616  0.90300080581018050  0.91673451731382183  0.92898232317651075
  0.93803717482476667  0.94662234745643847  0.95462900887323687  0.96506311879657014
  0.97406443480918370  0.98188504079948591  0.99040383205380722  1.00000000000000000
 -0.00506426857407406  0.02218461489305350  0.04037210302401692  0.05884022724132035
  0.08651454790931198  0.11503681346117234  0.14156497775752733  0.16619701024024336
  0.19077671552620068  0.20995965541217176  0.22347157372882054  0.23405219338237393
  0.24251076856108764  0.25003120696789277  0.25959084715774650  0.27093811703479792
  0.28026366081216503  0.28939499200539670  0.29790660174231326  0.30455269509217509
  0.31279294212263670  0.32660194378434959  0.34135518271116722  0.35617626459252399
  0.37085684291186999  0.38629332601866645  0.40132718761867253  0.41678589684492889
  0.42685995639321833  0.43572725757425934  0.44456362295527285  0.45575910903270944
  0.47062026707799515  0.48198228704949037  0.49167830994858114  0.50239108958117940
  0.51194093649590877  0.52041237144809305  0.52903595170134610  0.54054114663916886
  0.55346278042013075  0.56113559842573146  0.56795651553956839  0.57366989736817275
  0.57941408067361411  0.58654955050578539  0.59540432266731858  0.60430327091512581
  0.61381279759833107  0.62336765367716207  0.63104539981489882  0.63823333182583597
  0.64520558925109306  0.65226471508120554  0.65930181518708686  0.66532286998195422
  0.67090849878896108  0.67645907528327542  0.68095754099324324  0.68588130184209062
  0.69224113823545175  0.69948941150545041  0.70664993090507966  0.71450743716114573
  0.72208874645294241  0.72812569109657976  0.73365125840406498  0.73909197169661911
  0.74448805517072769  0.75009452013113387  0.75726329875474419  0.76506543210400391
  0.77297850064086182  0.78234844302382711  0.79278539041653961  0.80342348680479259
  0.81307293507301837  0.81940272379053325  0.82545075274861202  0.83368387041397762
  0.84276113887689208  0.85006989319544279  0.85589424630051270  0.86258815823536794
  0.86981618227483426  0.87686950095623506  0.88583976109553209  0.89578913969644858
  0.90740173498876020  0.92185964865795511  0.93864622603967895  0.95397432730330789
  0.96668499705415412  0.97857343389720552  0.98917881804762597  1.00000000000000000
 -0.00206570397838744  0.00987887360243847  0.02072319848198629  0.03082547674563185
  0.03971653083487564  0.04784930970444023  0.05658710227412431  0.06484126149334590
  0.07167586165732444  0.07920905124481188  0.08615091799714975  0.09601850115443540
  0.10687663888138944  0.12117216578928028  0.13541800771008361  0.14896466220666618
  0.16182477635161632  0.17444930844554130  0.18781463452577993  0.20105296924687457
  0.21310734191470268  0.22513416490380719  0.23734791018945176  0.24774066740155165
  0.25838845666378790  0.26874200821168254  0.27908808290381615  0.28752125185341160
  0.29590208513498362  0.30721091495901237  0.32061467693880874  0.33843197926551649
  0.35318689962079353  0.36689341026014272  0.38085518141667990  0.39349667313650705
  0.40515136245948080  0.41543813454068990  0.42411700452217471  0.43189790450095139
  0.43779564431146328  0.44329536414718129  0.45009680964884646  0.45796911467592516
  0.46923951845727102  0.48310944177411663  0.49493777775356118  0.50783448182021562
  0.51894529883480633  0.52832301326711306  0.53695150247289569  0.54805877918423018
  0.56261987763697929  0.57680934008378737  0.58808564746488112  0.60031137881545538
  0.61516924375492554  0.62492300944886792  0.62986007697150737  0.63714738874132204
  0.64658548852923414  0.65405086784791300  0.66163571175712210  0.67116839488679469
  0.67987220643201918  0.68645008049701262  0.69584328206080970  0.70463970052548419
  0.71317052575269302  0.72239838282059743  0.73019675469617829  0.74028102249768679
  0.75046458401943994  0.76064330048367546  0.77130174483414360  0.78293057263628407
  0.79531111827733381  0.80644698562996764  0.81574147765587313  0.82380963565825804
  0.83080864433340529  0.83777267907282815  0.84531863808699248  0.85380202888248924
  0.86308737544172076  0.87263589936789787  0.88256866265054956  0.89390895321003416
  0.90420668745840338  0.91442245844578918  0.92484867069772791  0.93670215468777618
  0.95112298220920088  0.96808868068147613  0.98355524320858190  1.00000000000000000
 -0.00535408505260471  0.01907918094134538  0.03083384257928685  0.04037853043945350
  0.04902924841415366  0.05902187356183721  0.06991297604061976  0.08213805832851440
  0.09538512367236508  0.10722565449466388  0.11572694551679755  0.12347907782100774
  0.12999173966587721  0.13704240466552076  0.14778862289160094  0.16024694253157906
  0.17115559983860790  0.18077819904570819  0.18965236910910405  0.19766774749714555
  0.20767207453378983  0.22028657569966636  0.23266616834130457  0.24189888857567293
  0.25124187878324883  0.26079340859187017  0.27055723669195564  0.27998322672391535
  0.28956806825729181  0.30002948415239250  0.30953275909942307  0.32159495342824590
  0.33345154473146993  0.34369475056947224  0.35337983770641335  0.36312794919751068
  0.37279304618504394  0.38336358729196918  0.39450328338063195  0.40409923490050415
  0.41198269671991827  0.42008029567611754  0.42741755822347849  0.43493703654350008
  0.44345067777783692  0.45352007963092483  0.46428802421826398  0.47616820127130055
  0.48716482694453439  0.49766718571542112  0.50965288975302381  0.52182629102606104
  0.53450332988657479  0.54881006378756669  0.56383406887861165  0.57722330569735369
  0.58655737927233342  0.59365500955000805  0.60048523443026802  0.60647359319649996
  0.61336099768618324  0.61953372293903375  0.62683186613755026  0.63555317950020673
  0.64580042502979873  0.65930507394462323  0.67348814872382112  0.68578173551733013
  0.69232441880575202  0.70089725288431681  0.70877211679226582  0.71493479223557965
  0.72182791519040823  0.73000209810580052  0.73575147443753042  0.74168130990093151
  0.74839202502644864  0.75897549440556999  0.76910621519718170  0.77936133850292777
  0.79275002904230352  0.80383304172709524  0.81497254596738278  0.82531662865835631
  0.83589659138283512  0.84608356289301945  0.85777281107632508  0.87337048975803155
  0.89396817402584661  0.91679555135553359  0.93366405278936193  0.94905369647400128
  0.96491385425616971  0.97851073519651177  0.98745089724719781  1.00000000000000000
 -0.00217324446688410  0.00655072860786183  0.01764880398682544  0.02772851649961005
  0.03582004895364872  0.04431605736996417  0.05419061542739018  0.06528416473354290
  0.07686719676096362  0.08738644415690491  0.09666238790699500  0.10778143754498831
  0.12129836953744930  0.13666008150233119  0.15195805426642298  0.16686967288839549
  0.18162297993666654  0.19315987105399104  0.20071300814049761  0.20678082319727156
  0.21059110011603946  0.21517252239269904  0.22059987476804743  0.22803406258835865
  0.23643264989173463  0.24577197830477912  0.25607231260280094  0.26609280887055697
  0.27532492780294293  0.28419201092585600  0.29377576626046270  0.30377503162255604
  0.31465045426651200  0.32889597784161362  0.34401242429938150  0.35682537645585322
  0.36842222859883045  0.37937711170602834  0.38923054316207328  0.39941278204804564
  0.41141906932228067  0.42550769051804965  0.43941582682941871  0.45175706700968438
  0.46303562147090516  0.47356850755960977  0.48392776387648534  0.49501835274363665
  0.50606638852107066  0.51589180315262695  0.52608834817566452  0.53643396835178736
  0.54564653121405604  0.55421442290115241  0.56052642813036224  0.56768381172996873
  0.57540485073257641  0.58324992291274191  0.59471253937852875  0.60826656423817338
  0.62520548372656737  0.64082798282120856  0.65382406457123488  0.66485124164390708
  0.67498023565468745  0.68440792369915804  0.69115147955341805  0.69880835079367709
  0.70781489573636591  0.72121646826437180  0.73648879815704649  0.74977347998008637
  0.75936953785329775  0.76609226136288744  0.77295507751034309  0.78008998408804819
  0.78704646546245516  0.79507706510527310  0.80358227276484118  0.81151433048481536
  0.82020872636136077  0.82913264076989523  0.83745947667118414  0.84585657849172780
  0.85806059568647508  0.86906931179254709  0.88247588970066793  0.89488456443021680
  0.90877761958850867  0.92219995071133998  0.93478412059878413  0.94854623984598396
  0.96166412774715260  0.97502875986266391  0.98792133541050653  1.00000000000000000
 -0.00886500821743435  0.04158608567138603  0.06641415348839647  0.09195230041710595
  0.11437149120357154  0.13233039987250206  0.15421202134653114  0.17185257596337739
  0.19073778270548941  0.20926925670974231  0.22370529788030677  0.23500392538205056
  0.24619245630231412  0.25970895372851011  0.27448871214333848  0.28891223833061042
  0.30335137688585689  0.31373343568663292  0.32281217920286548  0.33320977360316567
  0.34550055809455843  0.35912312873757873  0.37088413421186039  0.38248800891624324
  0.39401183132743661  0.40674783105635243  0.41917111280018227  0.42977891187418571
  0.43977721704783035  0.45026045022802058  0.45903096606655847  0.46801690353207048
  0.47851269941479618  0.48926233228714244  0.49902453595364249  0.50426582358654537
  0.50924290118974957  0.51385771040393635  0.51885155425365781  0.52389493579664503
  0.52855611928078772  0.53348936817619530  0.53806365770137221  0.54317746839919367
  0.54909534348618760  0.55622256919951885  0.56466700365524392  0.57164253005014298
  0.57975137003733446  0.58904136180036804  0.59874258850123629  0.60716954578303750
  0.61509349949982739  0.62347321000904754  0.63191302914996794  0.63977343004126175
  0.64709423829020063  0.65412408127598798  0.66130186582989725  0.67033703889091212
  0.68246656916015891  0.69552602774342354  0.70740607950162204  0.71633613576124233
  0.72418801431734592  0.73123297523878139  0.73909980256037988  0.74883727818228440
  0.76057014707767012  0.77102063051593694  0.78241389623826707  0.79526728760063647
  0.80739454950710610  0.81672970037793713  0.82579193296751063  0.83304393698510371
  0.83963826615957449  0.84557233358513939  0.85171812109076128  0.85840405986923507
  0.86597349003925594  0.87386007947000888  0.88124761705143162  0.88908916778341429
  0.89721911025678858  0.90540825498276301  0.91162397932694195  0.91717247688503545
  0.92342664202741032  0.92837779859545055  0.93331910221781811  0.94016333465530522
  0.94953865384955749  0.96147072463192063  0.98077779718196778  1.00000000000000000
 -0.00163104666843062  0.00854546859762148  0.01812244435807680  0.02655179243613580
  0.03589684032183242  0.04846941250303771  0.06217061252130483  0.07491577825087495
  0.08576453157535642  0.09280547103099436  0.09890878528440272  0.10407842699195048
  0.11115791059587568  0.12287123597575091  0.13372897560238703  0.14509016443717887
  0.16261317105402304  0.17824984022744289  0.19175965188196936  0.20385407018575896
  0.21456500473945081  0.22532042434021091  0.23583194079158201  0.24510576088131875
  0.25692292544529516  0.26847337383759134  0.27847832063857753  0.28654695873606811
  0.29285725141133423  0.30084521673756703  0.30920463967234668  0.31605185876195829
  0.32385025326938294  0.33565735527960988  0.34740358661335480  0.35945403855378477
  0.36780644504953325  0.37615821602582822  0.38885235621675618  0.40360846465463263
  0.41944258644956733  0.43290492839664974  0.44538494739273349  0.45818088999258971
  0.47013435353281857  0.48132413857014317  0.49274890172188385  0.50374113289681721
  0.51279792583812689  0.51911077449924947  0.52590802109371215  0.53354221519871525
  0.54083429590297216  0.55053789315979340  0.55972271924021999  0.56877145615001024
  0.57843815333144133  0.58792397974339883  0.59657747765278812  0.60601838331562796
  0.61428177225526870  0.62235489014136824  0.63068329233835052  0.63899757482181052
  0.64878477732028461  0.65709707706716369  0.66371986058657473  0.66974660427480115
  0.67702768758729681  0.68543884436659530  0.69691285921573554  0.71086318281844518
  0.72554581745205127  0.74062779537006740  0.75580544329576427  0.76797711772656441
  0.77854832591275602  0.78950372318949424  0.79898723631023627  0.80705508631365208
  0.81494607383203266  0.82277079857053492  0.83142345366716885  0.84192776989656970
  0.85463111928999524  0.86835437075315303  0.88132316483661344  0.89475985720633400
  0.90920566348758169  0.92269486745660223  0.93500530398603920  0.94775844076793114
  0.96201264085334215  0.97596522374468808  0.98854368627024991  1.00000000000000000
 -0.00398064841418506  0.01594484686082667  0.02715828491521846  0.03978538367147152
  0.05233477790396741  0.06311387405218917  0.07150546064447119  0.08120234400236555
  0.09389533254663555  0.10650805565873174  0.11766716399594612  0.12555778013888078
  0.13413660778592301  0.14323972178103148  0.15150366332902404  0.15915560193639469
  0.16574783213442876  0.17197487996513083  0.18027308538854858  0.18916093003839524
  0.19674167199919124  0.20431383114284307  0.21135367566435370  0.21834216735231537
  0.22590870098489577  0.23427647379180228  0.24449635984014426  0.25651080007099997
  0.26962625375231464  0.28308239440835359  0.29339401788100294  0.30324542753048989
  0.31270674148272010  0.32332148819282175  0.33307270479868600  0.34699395685521633
  0.35841807909654988  0.36934497762123492  0.38074205005369016  0.39312380442028638
  0.40458461303910020  0.41641240343106550  0.42730289806121685  0.43835208455907926
  0.44896054881000408  0.45661352458185062  0.46460033845277926  0.47356595564475873
  0.48182260573684660  0.49146805707954744  0.49946029734822650  0.50921811365301983
  0.51986582100100076  0.53155474245541157  0.54396871252780798  0.55048576193076892
  0.55910979033764685  0.57062323822349004  0.58439538658921864  0.59907962543631987
  0.61496692926878893  0.62824517359073462  0.63992868235505640  0.64936748001437439
  0.65782320592991284  0.66671156301051460  0.67652446794821708  0.68653268519214972
  0.69686126455137010  0.70980337685081307  0.72002153704309690  0.73027761498301214
  0.73977153935741646  0.75130254487089643  0.76470935931970085  0.77709248439085654
  0.79003822319519990  0.80581198466615089  0.81722917417790053  0.82727541949043581
  0.83846514121349458  0.85028178371619811  0.86232715336159083  0.87384165803059421
  0.88787321298444644  0.90073827966224662  0.91143973953674395  0.92146067051564096
  0.92784313324650336  0.93617155899821669  0.94537656367696599  0.95646432348269095
  0.96681128254887594  0.97816861745014771  0.98916995306982947  1.00000000000000000
  0.00002897330901003  0.00063797237351432  0.00123202979096610  0.00180422831878855
  0.00240048301250864  0.00297568359021204  0.00351014281455530  0.00405673962587802
  0.00449988662206433  0.00485844665645173  0.00520966513310821  0.00552548677376209
  0.00586012521344198  0.00623922718391980  0.00667980481807808  0.00710980990451119
  0.00751360902838797  0.00785146821179039  0.00813909631353440  0.00840236866059007
  0.00866136302637276  0.00898113606272571  0.00937384491797208  0.00983632765414514
  0.01031266333191440  0.01077226772956293  0.01120299419389774  0.01158242300740589
  0.01182783982797330  0.01204931155993791  0.01229735101828873  0.01255256069563970
  0.01288307015089762  0.01325507035545924  0.01367054634018368  0.01413165038462002
  0.01453748374047575  0.01489479069910543  0.01532283142188359  0.01576065689109157
  0.01625729355745722  0.01685836351128716  0.01749130229080903  0.01813317685972606
  0.01873425455837479  0.01916815689350676  0.01956109603675353  0.01998876503170710
  0.02056536801891494  0.02115155723607745  0.02174683936347243  0.02236421559698052
  0.02306451732553784  0.02374116542231071  0.02424135477334429  0.02481080838704860
  0.02540807412681004  0.02565337822189918  0.02593737683751255  0.02634165957704324
  0.02705068540548143  0.02763960521691755  0.02814892310488914  0.02892348749880013
  0.02973664567483802  0.03051620224428296  0.03123136663700692  0.03207006593510001
  0.03293131883937402  0.03385574985751342  0.03480338719708206  0.03576363223642931
  0.03703903390154130  0.03862469009109538  0.04005858044062681  0.04095004381973308
  0.04158727364709920  0.04221242134797369  0.04293273617855715  0.04367745757537075
  0.04443220808131476  0.04600720547501701  0.04780477565861673  0.05046717641469756
  0.05338485123633901  0.05624815440623304  0.05982727597054029  0.06286622558385102
  0.06538261319474073  0.06853997886679333  0.07900748586767654  0.08592347113641820
  0.09071600638194909  0.09589294835981843  0.49758366482452643  1.00000000000000000
 -0.00158034819781741  0.00853024266254215  0.01865643294500495  0.02716325775259490
  0.03571181858391313  0.04568474275898201  0.06232659503971905  0.07502934849947834
  0.08520567670151991  0.09510517959161455  0.10760640098651963  0.12248800433604654
  0.13482564859366575  0.14424897782651636  0.15214183636345283  0.15986561285208190
  0.16917556995520588  0.18380391743585101  0.19830296774983180  0.21080524786181992
  0.22376182879769829  0.23603077996283228  0.24758185162203239  0.25658186383445303
  0.26366282867911778  0.27070849491754700  0.27785252289779494  0.28660030415708559
  0.29576891448738085  0.30454315984633135  0.31266048567283072  0.32108408628688029
  0.32926337048808857  0.33817475728147400  0.34614997766952410  0.35458363428212980
  0.36317285835257157  0.37111194514271784  0.37882949460587351  0.38539709968994046
  0.39212895759693467  0.39865867195581828  0.40612441262992294  0.41492897092932762
  0.42160774145489477  0.42654539309682488  0.43244400654076998  0.44246379689788673
  0.45777829353952321  0.47088170816521646  0.48540161154372674  0.49959970805923554
  0.51424924919555903  0.52659355772622551  0.53968204961331034  0.55317262378520626
  0.56566094112224263  0.57739403956461588  0.58975002647702746  0.60155272973750351
  0.61481638278567452  0.63028765530181574  0.64642071184052008  0.66160137951247922
  0.67420975726552068  0.68471120703441057  0.69269463976796342  0.70060563871686365
  0.71230271823987068  0.72654493518679863  0.73775592229253317  0.74727394853277784
  0.75563168201155229  0.76345327536338714  0.77063103799088184  0.77833131348292162
  0.78874846668846377  0.80050993613156096  0.80901398928748058  0.81699781075786526
  0.82602945966552477  0.83619372031966921  0.84648463032112142  0.85644272238202668
  0.86702024908246533  0.87644604781899693  0.88571926293454362  0.89865265087936308
  0.91429940628588180  0.92815406125178657  0.93759292976051578  0.94870211001629345
  0.96077672783533263  0.97283115916142504  0.98565390021826715  1.00000000000000000
  0.64450504626180904  0.79030528948588286  0.80831047355250196  0.81827419539645951
  0.83273416685402923  0.85184265240894719  0.86131641997939068  0.86923932265355919
  0.88122024792912212  0.89245994849932331  0.89862551697298521  0.90291377013965213
  0.90643796843802837  0.91184991479974142  0.91727899080903985  0.92289220260947491
  0.92736879526206373  0.93060137590719849  0.93375170101775018  0.93656315829668046
  0.93949435013899651  0.94204777936025930  0.94431249681016438  0.94634807457808279
  0.94859804203123077  0.95029371378151428  0.95212855699212517  0.95402372076294828
  0.95562809261310444  0.95721446710341385  0.95872143392677966  0.96012551292750803
  0.96145503868963644  0.96272939101374444  0.96386463262491062  0.96492417728245528
  0.96586070727956297  0.96660796737790033  0.96743280603246551  0.96822472277312199
  0.96892991536302309  0.96974416967336741  0.97064355462115837  0.97160617740489474
  0.97272415871820339  0.97370545157926736  0.97461652255448861  0.97550570888160226
  0.97639811962982537  0.97712942709486861  0.97776251942780423  0.97850495874916366
  0.97924918004166150  0.97995834796495773  0.98061485446867747  0.98121534382924191
  0.98191780583819233  0.98266944340960161  0.98341664685287156  0.98416604299492005
  0.98483899242813433  0.98542895601502101  0.98598332704937930  0.98654943631164094
  0.98698861819706585  0.98732775695343400  0.98764826247503801  0.98795851263585754
  0.98826787048206388  0.98859207992886799  0.98901828004518810  0.98943128404392588
  0.98975169103578153  0.99012218808997776  0.99052877163563957  0.99094798950414398
  0.99138511747735103  0.99181866282976872  0.99226315437311385  0.99273335676347096
  0.99316750113367447  0.99354504574081026  0.99386313598910125  0.99410390579039043
  0.99435027197808923  0.99459208252364151  0.99484902311068801  0.99512148531560407
  0.99537266634994737  0.99563831624030830  0.99590783819164841  0.99617951716278841
  0.99670379263597775  0.99728865896742547  0.99811587249453027  1.00000000000000000
 -0.03241381566315760  0.14374002303898331  0.16686726403640717  0.18490696706591042
  0.20301397134808424  0.21911397021778961  0.23129982689814949  0.24143685816538776
  0.25209126100977797  0.26317088322151222  0.27496219676904532  0.28803720240381447
  0.30042544357483658  0.31187960412063764  0.32428385010632305  0.33534817479586654
  0.34441940902879581  0.35203578689861609  0.35817816062777852  0.36305096867959047
  0.36893984640320326  0.37443978470750594  0.37923383811967004  0.38497392338074793
  0.39191844232436923  0.39982696257802480  0.40690454285370037  0.41287263377099420
  0.41840595137918163  0.42414441069541414  0.43021771228113920  0.43712384090038220
  0.44404607854194061  0.45012661741071242  0.45644619577121054  0.46319613312884034
  0.46826773617262080  0.47385916092144159  0.47969563539355281  0.48480857800960253
  0.48847146244821010  0.49151820816907271  0.49473944783550838  0.49812605839154905
  0.50191906542358200  0.50661424949512868  0.51375229024276170  0.52164192419744648
  0.52853400140810192  0.53455852696387074  0.54048086998236100  0.54597427045910552
  0.55172777310741239  0.55768248507965568  0.56298461580331105  0.56823635292628916
  0.57300594774276226  0.57713488427139692  0.58148446038093671  0.58621839532244324
  0.59091238515108857  0.59568676568700396  0.60105035784811245  0.60683364621065172
  0.61293450925757365  0.61821022576379547  0.62275133702285124  0.62775230278648031
  0.63437903631337589  0.64254519638955787  0.65130878004671267  0.65842593073448730
  0.66575115216778280  0.67194506181352942  0.67873977125809493  0.68614131879332041
  0.69423092942197817  0.70372461874913694  0.71194219472698106  0.71962861691342872
  0.72652352531679176  0.73344262610471389  0.74040254235489811  0.74757004244824299
  0.75332895681378220  0.76039213750119927  0.76773789092201883  0.77842042893904739
  0.79012260672572532  0.80241651690483717  0.81204785961847459  0.82327401635149089
  0.83761239029863255  0.85543660309754865  0.88733000856793942  1.00000000000000000
   2.2277714369327339E-014  -1.0000000000000000     
 F F F F F F F F F F F F F F F F F F F F F F F F F F F F F F F F F F F F F F F F F F F F F F F F F F F F F F F F F F F F F F F F F F F F F F F F F F F F F F F F F F F F F F F F F F F F F F F F F F F F F F F F F F F F F F F F F F F F F F F F F F F F F F F F F F F F F F F F F F F F F F F F F F F F F F F F F F F F F F F F F F F F F F F F F F F F F F F F F F F F F F F F F F F F F F F F F F F F F F F F F F F F F F F F F F F F F F F F F F F F F F F F F F F F F F F F F F F F F F F F F F F F F F F F F F F F F F F F F F F F F F F F F F F F F F F F F F F F F F F F F F F F F F F F F F F F F F F F F F F F F F F F F F F F F F F F F F F F F F F F F F F F F F F F F F F F F F F F F F F F F F F F F F F F F F F F F F F F F F F F F F F F F F F F F F F F F F F F F F F F F F F F F F F F F F F F F F F F F F F F F F F F F F F F F F F F F F F F F F F F F F F F F F F F F F F F F F F F F F F F F F F F F F F F F F F F F F F F F F F F F F F F F F F F F F F F F F F F F F F F F F F F F F F F F F F F F F F F F F F F F F F F F F F F F F F F F F F F F F F F F F F F F F F F F F F F F F F F F F F F F F F F F F F F F F F F F F F F F F F F F F F F F F F F F F F F F F F F F F F F F F F F F F F F F F F F F F F F F F F F F F F F F F F F F F F F F F F F F F F F F F F F F F F F F F F F F F F F F F F F F F F F F F F F F F F F F F F F F F F F F F F F F F F F F F F F F F F F F F F F F F F F F F F F F F F F F F F F F F F F F F F F F F F F F F F F F F F F F F F F F F F F F F F F F F F F F F F F F F F F F F F F F F F F F F F F F F F F F F F F F F F F F F F F F F F F F F F F F F F F F F F F F F F F F F F F F F F F F F F F F F F F F F F F F F F F F F F F F F F F F F F F F F F F F F F F F F F F F F F F F F F F F F F F F F F F F F F F F F F F F F F F F F F F F F F F F F F F F F F F F F F F F F F F F F F F F F F F F F F F F F F F F F F F F F F F F F F F F F F F F F F F F F F F F F F F F F F F F F F F F F F F F F F F F F F F F F F F F F F F F F F F F F F F F F F F F F F F F F F F F F F F F F F F F F F F F F F F F F F F F F F F F F F F F F F F F F F F F F F F F F F F F F F F F F F F F F F F F F F F F F F F F F F F F F F F F F F F F F F F F F F F F F F F F F F F F F F F F F F F F F F F F F F F F F F F F F F F F F F F F F F F F F F F F F F F F F F F F F F F F F F F F F F F F F F F F F F F F F F F F F F F F F F F F F F F F F F F F F F F F F F F F F F F F F F F F F F F F F F F F F F F F F F F F F F F F F F F F F F F F F F F F F F F F F F F F F F F F F F F F F F F F F F F F F F F F F F F F F F F F F F F F F F F F F F F F F F F F F F F F F F F F F F F F F F F F F F F F F F F F F F F F F F F F F F F F F F F F F F F F F F F F F F F F F F F F F F F F F F F F F F F F F F F F F F F F F F F F F F F F F F F F F F F F F F F F F F F F F F F F F F F F F F F F F F F F F F F F F F F F F F F F F F F F F F F F F F F F F F F F F F F F F F F F F F F F F F F F F F F F F F F F F F F F F F F F F F F F F F F F F F F F F F F F F F F F F F F F F F F F F F F F F F F F F F F F F F F F F F F F F F F F F F F F F F F F F F F F F F F F F F F F F F F F F F F F F F F F F F F F F F F F F F F F F F F F F F F F F F F F F F F F F F F F F F F F F F F F F F F F F F F F F F F F F F F F F F F F F F F F F F F F F F F F F F F F F F F F F F F F F F F F F F F F F F F F F F F F F F F F F F F F F F F F F F F F F F F F F F F F F F F F F F F F F F F F F F F F F F F F F F F F F F F F F F F F F F F F F F F F F F F F F F F F F F F F F F F F F F F F F F F F F F F F F F F F F F F F F F F F F F F F F F F F F F F F F F F F F F F F F F F F F F F F F F F F F F F F F F F F F F F F F F F F F F F F F F F F F F F F F F F F F F F F F F F F F F F F F F F F F F F F F F F F F F F F F F F F F F F F F F F F F F F F F F F F F F F F F F F F F F F F F F F F F F F F F F F F F F F F F F F F F F F F F F F F F F F F F F F F F F F F F F F F F F F F F F F F F F F F F F F F F F F F F F F F F F F F F F F F F F F F F F F F F F F F F F F F F F F F F F F F F F F F F F F F F F F F F F F F F F F F F F F F F F F F F F F F F F F F F F F F F F F F F F F F F F F F F F F F F F F F F F F F F F F F F F F F F F F F F F F F F F F F F F F F F F F F F F F F F F F F F F F
  <DiscreteSampler_grid>
  grouped_processes
  1 # 1 for a reference and 2 for a running grid.
  10 # Attribute 'min_bin_probing_points' of the grid.
  1 # Attribute 'grid_mode' of the grid. 1=='default',2=='initialization'
  0.0000000000000000 # Attribute 'small_contrib_threshold' of the grid.
  0.5000000000000000 # Attribute 'damping_power' of the grid.
 # binID   n_entries weight   weight_sqr   abs_weight
    49   10   7.779013457231476E-010   5.437781253514759E-018   7.779013457231476E-010
    52   10   1.555802691446295E-009   2.175112501405904E-017   1.555802691446295E-009
    79   10   1.761486770854999E-009   2.319522676372856E-017   1.761486770854999E-009
    82   10   3.522973541709999E-009   9.278090705491426E-017   3.522973541709999E-009
    94   10   7.779013457231494E-010   5.437781253514791E-018   7.779013457231494E-010
    97   10   1.555802691446299E-009   2.175112501405916E-017   1.555802691446299E-009
    124   10   1.761486770855008E-009   2.319522676372883E-017   1.761486770855008E-009
    127   10   3.522973541710017E-009   9.278090705491532E-017   3.522973541710017E-009
    139   10   7.779013457231476E-010   5.437781253514760E-018   7.779013457231476E-010
    142   10   1.555802691446295E-009   2.175112501405904E-017   1.555802691446295E-009
    145   10   1.556434295064842E-009   2.172609791902882E-017   1.556434295064842E-009
    146   10   1.556434295064929E-009   2.172609791903134E-017   1.556434295064929E-009
    148   10   3.112868590129684E-009   8.690439167611526E-017   3.112868590129684E-009
    149   10   3.112868590129858E-009   8.690439167612537E-017   3.112868590129858E-009
    151   10   1.555194885457379E-009   2.104602656747696E-017   1.555194885457379E-009
    152   10   1.555194885457489E-009   2.104602656748019E-017   1.555194885457489E-009
    154   10   3.110389770914758E-009   8.418410626990784E-017   3.110389770914758E-009
    155   10   3.110389770914979E-009   8.418410626992074E-017   3.110389770914979E-009
    163   10   1.570349083183424E-009   2.176726948015049E-017   1.570349083183424E-009
    164   10   1.570349083183546E-009   2.176726948015412E-017   1.570349083183546E-009
    166   10   3.140698166366847E-009   8.706907792060194E-017   3.140698166366847E-009
    167   10   3.140698166367091E-009   8.706907792061649E-017   3.140698166367091E-009
    169   10   1.761486770854502E-009   2.319522676371360E-017   1.761486770854502E-009
    172   10   3.522973541709003E-009   9.278090705485440E-017   3.522973541709003E-009
    175   10   3.430280007736544E-009   8.829419970655616E-017   3.430280007736544E-009
    176   10   3.430280007740042E-009   8.829419970676103E-017   3.430280007740042E-009
    178   10   6.860560015473087E-009   3.531767988262247E-016   6.860560015473087E-009
    179   10   6.860560015480084E-009   3.531767988270441E-016   6.860560015480084E-009
    184   10   7.779013457231486E-010   5.437781253514779E-018   7.779013457231486E-010
    187   10   1.555802691446297E-009   2.175112501405912E-017   1.555802691446297E-009
    190   10   1.556434295064843E-009   2.172609791902888E-017   1.556434295064843E-009
    191   10   1.556434295064928E-009   2.172609791903130E-017   1.556434295064928E-009
    193   10   3.112868590129687E-009   8.690439167611551E-017   3.112868590129687E-009
    194   10   3.112868590129856E-009   8.690439167612519E-017   3.112868590129856E-009
    196   10   1.555194885457380E-009   2.104602656747702E-017   1.555194885457380E-009
    197   10   1.555194885457487E-009   2.104602656748010E-017   1.555194885457487E-009
    199   10   3.110389770914760E-009   8.418410626990808E-017   3.110389770914760E-009
    200   10   3.110389770914973E-009   8.418410626992041E-017   3.110389770914973E-009
    208   10   1.570349083183428E-009   2.176726948015063E-017   1.570349083183428E-009
    209   10   1.570349083183543E-009   2.176726948015405E-017   1.570349083183543E-009
    211   10   3.140698166366856E-009   8.706907792060251E-017   3.140698166366856E-009
    212   10   3.140698166367086E-009   8.706907792061618E-017   3.140698166367086E-009
    214   10   1.761486770854512E-009   2.319522676371392E-017   1.761486770854512E-009
    217   10   3.522973541709025E-009   9.278090705485566E-017   3.522973541709025E-009
    220   10   3.430280007736563E-009   8.829419970655730E-017   3.430280007736563E-009
    221   10   3.430280007739968E-009   8.829419970675668E-017   3.430280007739968E-009
    223   10   6.860560015473127E-009   3.531767988262292E-016   6.860560015473127E-009
    224   10   6.860560015479936E-009   3.531767988270267E-016   6.860560015479936E-009
  </DiscreteSampler_grid>
