  0.00261801580085566  0.01552011277552202  0.02831024155572215  0.03972869130104312
  0.05227178658959723  0.06297059664026622  0.07265952842651470  0.08317094448552052
  0.09235152093398220  0.10141849725911137  0.11123494988420382  0.12269636088091657
  0.14456703344954658  0.15933866677888756  0.16915312070468375  0.17805904621279661
  0.18824276160640133  0.19831824726873215  0.21297135369459252  0.23072819069772066
  0.24627706898546758  0.25867325758512966  0.27032035995597631  0.28154819496274358
  0.29180334485014686  0.30074852052909462  0.31254943801880497  0.33001724785440301
  0.34604902145600364  0.35401199211743978  0.36473722318001950  0.37913971596195534
  0.39610907705437792  0.41196323187127165  0.42446630357333576  0.43196468009782962
  0.43874384244167991  0.44563142643864984  0.45287285781897441  0.46020919862669141
  0.46977814463028461  0.47671658093616198  0.48452668516811448  0.49447313457904818
  0.50552778123232933  0.51763187698047353  0.52759862867052443  0.53168774372347227
  0.53471314856870933  0.53785484912206283  0.54123701242553279  0.54500473158671814
  0.55318313548262488  0.56479717524449469  0.57191719939932451  0.57675244710947304
  0.58087929270835248  0.58644382584586818  0.59363728101767332  0.60179966294467557
  0.61387920661368534  0.62569503471918442  0.63471173117192081  0.64271468520553854
  0.65075622571351344  0.65884381658896418  0.66854686215198433  0.67891487215300750
  0.68955919659874931  0.70158654115573260  0.71344847575125836  0.72431698403403166
  0.73689677695668543  0.74870914795831545  0.75779843852368434  0.76794461443508089
  0.77934516535122500  0.78746794172140766  0.79454194933797195  0.80304630051428383
  0.81258373875832790  0.82402216046968690  0.83351754895795438  0.84021800087059517
  0.84620922600171167  0.85179715963680569  0.85863640969042787  0.86655404807453584
  0.87887466505739109  0.89246165218162454  0.90699968489337646  0.92647219090049659
  0.94743522848735540  0.96670979780615618  0.98392774960149487  1.00000000000000000
  0.00259944221246579  0.01455694291422622  0.02796243074461850  0.03938204968347897
  0.04923165967468261  0.05822483695630879  0.07046809246038681  0.08523268153395114
  0.09521123786712568  0.10465142914386487  0.11552211486853277  0.12554823936070658
  0.13551928843825251  0.14612730821527675  0.15661142831281308  0.16651918876792296
  0.17337359577988207  0.17998338930271560  0.18644249437348412  0.19365272400251171
  0.20027305806957529  0.21009663522475933  0.21837697216560811  0.22401294090444823
  0.22894245092383655  0.23691405733540918  0.24356446808204829  0.25026370026372829
  0.25690644383031730  0.26230766452750998  0.26883359832200404  0.27642479769796857
  0.28630274627644497  0.29500213610636306  0.30388344609587287  0.31190685727504763
  0.32017006166798301  0.32884252047729562  0.33820238644673750  0.34771051862917735
  0.35622414386488160  0.36575544794588383  0.37366702863774448  0.37901314561365612
  0.38425958608577748  0.39026412540981925  0.39960275438567161  0.41246287355948036
  0.42723901173944823  0.43998568467237065  0.45450241598550772  0.47065844535835066
  0.48915992177679435  0.50709822599085741  0.52415395132453613  0.53651519740555031
  0.54764353437312485  0.55801615290828943  0.57045649330756842  0.58032853895317926
  0.59020882742363245  0.60002559005970457  0.60892916182965739  0.62126037951082669
  0.63667655850912019  0.65207309689831505  0.66633796652526489  0.67699035307817701
  0.68559077607582131  0.68997120458317240  0.69368717871536956  0.70140940103545590
  0.71080483641345726  0.72076020883169667  0.73074249690202342  0.73959605369131365
  0.74742550056803359  0.75801946332802028  0.76941467402870811  0.77909234233418334
  0.78847528430491498  0.80417047472805048  0.82500149402952050  0.84189976761218832
  0.85655670484412605  0.86929341042593811  0.88148356779509685  0.89266447207543143
  0.90325083472561540  0.91624440794991746  0.92879784627632422  0.94191629775846508
  0.95432563463766318  0.96846869831978744  0.98156648512720535  1.00000000000000000
  0.00945074562820458  0.01657163782651117  0.02669010240785443  0.03953316434604166
  0.05553179709036623  0.07158436837332341  0.08420937785554672  0.09243066818637155
  0.10165621458005511  0.11111464160558192  0.12144428297763067  0.13276097245291188
  0.14690012842127814  0.16110850176307936  0.17737383629592549  0.19014956406570918
  0.20431456822899713  0.21887337664762377  0.23773351013096555  0.25881040171196351
  0.27487805202309779  0.28766289596237776  0.29985750969672814  0.30813653961629828
  0.31453597323593629  0.32221085457573884  0.33135472302071600  0.34831158921322708
  0.36539501941199992  0.38351898018921626  0.39865865079180801  0.40599070820841215
  0.41489031901329815  0.42507613122872789  0.43269253294473592  0.43932888384400726
  0.44705157281591640  0.45174526344962690  0.45443427343740372  0.45763051797929077
  0.46097503134001916  0.46491995400854041  0.47146357855168614  0.47631240854972406
  0.48084734393087503  0.48720223833091203  0.49934272138201136  0.51318264727044682
  0.52736239100388016  0.54143589149444338  0.55434631822637725  0.56714728928888103
  0.58022632083701853  0.59048198010376629  0.60004960524469930  0.60949794347882880
  0.62418304373257616  0.63841441458488246  0.65073390493330419  0.66374386131473972
  0.67437748942786691  0.68469704398931486  0.69105582497948226  0.69693804263433401
  0.70530524135128292  0.71412760872531078  0.72291493881575664  0.72951271030559750
  0.73802595112961000  0.74965663006083127  0.76174193610008401  0.77695178857103631
  0.79042774346123301  0.80022380461020615  0.80951260361812227  0.81836077712856359
  0.82658855678427712  0.83440493644069225  0.84100732479745499  0.84708669450832652
  0.85658023773164671  0.87071588003536582  0.88306058874250770  0.89416243445012278
  0.90864338766027664  0.92307121362703404  0.93707266137287371  0.94908586627311609
  0.95771419201368124  0.96440765595280409  0.97300771572582145  0.97658003924339898
  0.97995127279581207  0.98461595914412503  0.98999409901510649  1.00000000000000000
  0.00018905738926379  0.00021031947862829  0.00022202467830323  0.00023159144015788
  0.00023861526926656  0.00024451128617203  0.00025090521044618  0.00025518416953375
  0.00025890811970616  0.00026210595071150  0.00026539818419545  0.00026958943761689
  0.00027392765214741  0.00027777679232460  0.00028160869365921  0.00028545668200309
  0.00029014542807945  0.00029412098802194  0.00029786959222687  0.00030148867359293
  0.00030457394244835  0.00030761732772497  0.00031078610156682  0.00031448307652797
  0.00031836984227720  0.00032211191096079  0.00032550830586153  0.00032813643183970
  0.00033181641445242  0.00033603597969594  0.00034064485540471  0.00034810110553762
  0.00035615865759590  0.00036505913163310  0.00037326773120316  0.00038066927527997
  0.00038762420998526  0.00039375599004870  0.00040032715542297  0.00040755068557103
  0.00041650714714378  0.00042572675418393  0.00043516921929707  0.00044482138740627
  0.00045514404233085  0.00047032554755396  0.00048266003495981  0.00049686197732644
  0.00051291843632135  0.00053087148988569  0.00055047238923337  0.00056989019032661
  0.00058150395369151  0.00059301613979886  0.00060418196412062  0.00062058039026771
  0.00063088761984330  0.00064351669817743  0.00065956129375245  0.00067254402868866
  0.00068356911086624  0.00069933260348220  0.00071566213476027  0.00073286994563856
  0.00074849850974393  0.00076568602171007  0.00078568256288644  0.00080236857091278
  0.00081911999878187  0.00085611728365611  0.00089752664147508  0.00092829392805629
  0.00096918313620752  0.00101627327014991  0.00106016304084657  0.00110792387406871
  0.00118655951115843  0.00130476074016329  0.00143826955626046  0.00161324872297124
  0.00184736145228861  0.00190745730936407  0.00197058847808600  0.00204215077866739
  0.00210661236015175  0.00218051838368495  0.00231257433444076  0.00271004638228464
  0.00303668054484852  0.00334435277054576  0.00388409770167857  0.00468645259154640
  0.00761494752066851  0.16840014582093138  0.54467000106563035  1.00000000000000000
  0.00000992155823581  0.00001329093307918  0.00001595968836782  0.00001782363324107
  0.00001917705599167  0.00002052524268624  0.00002186927238253  0.00002355800532698
  0.00002551132672643  0.00002767854051598  0.00003001795784880  0.00003198970388964
  0.00003403905501283  0.00003581069459190  0.00003740384519560  0.00003888394372898
  0.00004070828158131  0.00004290165777672  0.00004540435724749  0.00004818485906445
  0.00005171420237175  0.00005519976994795  0.00005792497048845  0.00005973388020823
  0.00006139952219201  0.00006301788057386  0.00006688429855596  0.00006996531401316
  0.00007143270025011  0.00007280135070311  0.00007441208258444  0.00007544160380049
  0.00007656816593981  0.00007794916099467  0.00007944873966682  0.00008156013351279
  0.00008394663717935  0.00008605660417619  0.00008784194667318  0.00008937733461013
  0.00009098665754354  0.00009312773234161  0.00009671931637793  0.00010025300538976
  0.00010358332105527  0.00010704175143027  0.00011225327830650  0.00011751851585418
  0.00012437798924288  0.00013281719427805  0.00014293058267620  0.00015505268492577
  0.00016547733354114  0.00017468745198005  0.00018299200159179  0.00019083574935041
  0.00019893556257019  0.00020806154166277  0.00021807819261653  0.00022793478417879
  0.00024041541315119  0.00025342445335361  0.00026809017532946  0.00028599560928853
  0.00030578077810203  0.00032760291387538  0.00034921981816767  0.00036773648103382
  0.00038436322920026  0.00039997583140623  0.00041340212738030  0.00042637033409688
  0.00044146732264929  0.00046313781263833  0.00049853195471534  0.00054172666952511
  0.00058605291720038  0.00063690150216949  0.00069800924655264  0.00077583583353411
  0.00085486156071080  0.00094762332979741  0.00106329703282536  0.00125357825207234
  0.00137096407169866  0.00149526507931100  0.00159640091993988  0.00169269712677986
  0.00183616385892098  0.00206398902805520  0.00251611614689466  0.00325731531577067
  0.00472646976709463  0.00771648503713047  0.33837056098911544  1.00000000000000000
  0.00004526264738464  0.00004727183384321  0.00004872344562846  0.00005017505741370
  0.00005131373832316  0.00005223345945748  0.00005315318059181  0.00005381591780039
  0.00005441768235158  0.00005501944690277  0.00005668273131104  0.00005893986821716
  0.00006169221889830  0.00006618882354288  0.00006898595860742  0.00007104096467072
  0.00007219826021216  0.00007485112538417  0.00007747701749087  0.00007991926077857
  0.00008177063729816  0.00008436237111565  0.00008845975845003  0.00009509952625441
  0.00010095936468772  0.00010607967209870  0.00011127380575445  0.00011584404112672
  0.00012044065193773  0.00012518749287342  0.00012936027145973  0.00013344865730616
  0.00013784166712981  0.00014365445535785  0.00015326625498393  0.00016300643036451
  0.00017140216974212  0.00017876676284840  0.00018496187640818  0.00019107588506185
  0.00019689372339585  0.00020350764813780  0.00020981964364812  0.00021719982297242
  0.00022645676454345  0.00023784903780190  0.00024718083617437  0.00025736853760983
  0.00026806819276263  0.00029044524899584  0.00031606243689188  0.00034301951011233
  0.00037198221736620  0.00040439963572788  0.00043754582762098  0.00047466526980545
  0.00051598190836178  0.00055805871122786  0.00060793579940339  0.00066358192754200
  0.00071618818801065  0.00076078508028617  0.00079991447536372  0.00083205419276156
  0.00087024599017551  0.00093390184973741  0.00102017982336057  0.00112514276280343
  0.00123604322733283  0.00134249003192091  0.00145819569432481  0.00160559564175081
  0.00181374069816980  0.00207883346513378  0.00240996017441296  0.00262332700561896
  0.00275622641845998  0.00287867162826842  0.00304758086548179  0.00321257942584372
  0.00338706921801520  0.00355547941068269  0.00385473054240556  0.00439922946604180
  0.00492240031120136  0.00537610850899575  0.00591218731465094  0.00680711772921845
  0.00757536008302247  0.00851445668373195  0.00986638170543941  0.01241680041633619
  0.01495111061566107  0.02197528817930255  0.13961954316300640  1.00000000000000000
 -0.00000097417593517  0.00001678730935977  0.00002845925976503  0.00003417780845908
  0.00003994127225010  0.00004271349792531  0.00004518729800952  0.00004771629223206
  0.00004998093480201  0.00005210379119423  0.00005471200724632  0.00005808140141006
  0.00006212795083992  0.00006641065399050  0.00007110560235463  0.00007513273125298
  0.00007885324051737  0.00008202210882806  0.00008562906877130  0.00009098670113900
  0.00009676874953190  0.00010255086122162  0.00010688931755168  0.00011435349589670
  0.00012379633290781  0.00013304343227215  0.00014040180071254  0.00014875052981328
  0.00015653358713125  0.00016555176299001  0.00017629635459216  0.00018840287050118
  0.00020437139062212  0.00022008559826886  0.00024435286924014  0.00026702892887402
  0.00028649243774352  0.00030520048413539  0.00032465413036093  0.00034622625373057
  0.00036877311795449  0.00039605061941736  0.00043545597019613  0.00047769197265637
  0.00051786581654171  0.00055819499306607  0.00060015960286105  0.00063801525665250
  0.00067164366632846  0.00070546308566172  0.00073898601988768  0.00077470027565308
  0.00082779273322777  0.00088125289162763  0.00095376691301455  0.00102470170320036
  0.00110479863773007  0.00119362374231673  0.00130318798730673  0.00145197583722403
  0.00158135047244535  0.00169114008830813  0.00180633314514521  0.00193182679700203
  0.00206701049508832  0.00220435900811264  0.00233525551104996  0.00244661093099134
  0.00257264685957754  0.00278954322443366  0.00291070383770170  0.00297176512972237
  0.00304573516933111  0.00314010846820444  0.00321498653745953  0.00328337906891174
  0.00338373552608724  0.00354911508049710  0.00370796710076762  0.00385657619913821
  0.00401827186736401  0.00421519762581053  0.00441013333835560  0.00481174937199988
  0.00528529900417593  0.00586146594395918  0.00643499648532706  0.00688950743377605
  0.00722216665899249  0.00762266879372796  0.00811628243155939  0.00899737793023447
  0.01231218111139660  0.01809875152954249  0.18680803054501816  1.00000000000000000
 -0.00465999079797978  0.03049137456380806  0.06449852899342201  0.09403538730365824
  0.11576027706415472  0.13320401411213068  0.14907037157047195  0.16298575651171357
  0.17200408762368266  0.17825599253545241  0.18467743658341038  0.19196612341306260
  0.20096131835467654  0.21068416167565968  0.21932952810949083  0.22766637643973525
  0.23265742123579522  0.23743863867605766  0.24311242780603676  0.25043472042859921
  0.25979328128937712  0.26923388418234961  0.28183189838464467  0.29418663689986740
  0.30668783978387609  0.31863704115574693  0.33222290589133391  0.34433609020923367
  0.35582763635609782  0.36892114656771402  0.38183053995235150  0.39304466423129808
  0.40433118151412628  0.41613073256526056  0.42749144149521850  0.43706278705467327
  0.44496830406611348  0.45075815518419599  0.45639151654492977  0.46206975395148636
  0.46803505227568631  0.48018438085930693  0.49480504551991589  0.50523012806429501
  0.51207195254557059  0.52321044797589500  0.53453927600534068  0.54413393377356278
  0.55177018391703647  0.55743234327150692  0.56517474745840734  0.57295554550224292
  0.58246899258034923  0.59142854471501638  0.59923344898931852  0.60776330442487325
  0.61845753297698614  0.62935432947541359  0.64041022458932639  0.65252724974977150
  0.66370821311511929  0.67261982590270275  0.68104562410941905  0.69182261984244475
  0.70676017526575452  0.71453694526324862  0.71882110434435598  0.72141036728078511
  0.72458625994701698  0.72912313303869403  0.73428488829922223  0.73858639292154515
  0.74636811643040657  0.76068273436549894  0.76947570979588542  0.77674161146585141
  0.78222822580622864  0.78682113890311911  0.79189242721276276  0.79921252853593328
  0.80580828494009327  0.81244476746172944  0.82106472823162058  0.83163824485754145
  0.84307929869093690  0.85620682823099015  0.87011626497351036  0.88250516616237151
  0.89190119667756906  0.90200893579530206  0.91290130258855029  0.93038045761564458
  0.94596196683380351  0.95924026299298037  0.97107395804671981  1.00000000000000000
 -0.00751708141806028  0.03063626211503152  0.05266805557009026  0.07154663323327953
  0.09476464299451698  0.11044550656224057  0.11893193825496556  0.12555618197849075
  0.13246373888633262  0.13951614419299357  0.14578660856875106  0.15127837532688040
  0.15642492491934856  0.16510361111716776  0.17692568939849035  0.18541686009735020
  0.19136206953274471  0.19946000775973352  0.21046517083706037  0.22386981082731203
  0.23645086725561121  0.24853170917905165  0.26192870614722902  0.27838669483524559
  0.29576956735470816  0.31088956710439464  0.31818640298380452  0.32331903506168824
  0.32868768911570778  0.33701494017567885  0.34640716056810328  0.35359147117743911
  0.35899830772232744  0.36402424245011794  0.36973716213390190  0.37510628987477379
  0.38209610428726848  0.38816314278481495  0.39848577372136823  0.40663559581784892
  0.41482430460965974  0.41887591929534984  0.42398965884069312  0.43048596861735988
  0.43921850036049431  0.44959751126108660  0.45934400968976491  0.47052999779695265
  0.48392154784155489  0.49841386975582208  0.51241104797531500  0.52844976943426047
  0.54959624386335715  0.56844223474844724  0.58020375305447314  0.58940976572958148
  0.59815606970881319  0.60984471747690661  0.62540773412696837  0.64144292038397910
  0.64663878162648825  0.65107749263687265  0.65536907043340475  0.65979597474509200
  0.66476597184790298  0.67223702439961264  0.68095972192216070  0.68814891723881522
  0.69568216932284033  0.70633040091469745  0.71786652343905200  0.72976717968121463
  0.73900679328908925  0.74775478775330906  0.75627228220404652  0.76569240909286562
  0.77845054854500140  0.79010410316524005  0.80298221498765132  0.81414708131279467
  0.82472236769994345  0.83429887343417874  0.84349797214298405  0.85478239759095076
  0.86475874472051029  0.87322887547793515  0.88228098100985797  0.89252913863935879
  0.90700085293225907  0.92444336984844222  0.93776074081957395  0.94765699866622066
  0.95827461155990290  0.97015197552660415  0.98399752323051104  1.00000000000000000
 -0.00636654858276434  0.02327150874746416  0.04242705690823925  0.05771452833070776
  0.07293263294369361  0.08610473267662473  0.10076552647919300  0.11577733214783278
  0.12684316201728346  0.13434920216065346  0.14189384407818448  0.15001107720272147
  0.16027606508773087  0.16868906126925409  0.18099718512650734  0.19601588174031770
  0.21248082929067422  0.23020783295343875  0.24548837152586342  0.25960398500138027
  0.27313304661505883  0.28449723709910701  0.29344003868661772  0.30176662811437255
  0.31032255258887387  0.31942545485780782  0.32744847747770206  0.33541679931325524
  0.34448562090084922  0.35496327967228197  0.36157994239255131  0.36638855511157364
  0.37032620786673393  0.37329774303453550  0.37649912615732795  0.38029512442101093
  0.38458233633553274  0.39029344317982945  0.40120078980783841  0.41470820141194609
  0.42429731897756828  0.43142747898336414  0.43981569346372668  0.44601801706918470
  0.45061842202425934  0.45480628307292853  0.45918128122656388  0.46558059407690489
  0.47209305537818147  0.48170156259861163  0.49041056824011919  0.49949020422759721
  0.50827970572884207  0.51675262526170029  0.52764317320040677  0.53552110723231272
  0.54189909416733439  0.54739079797026990  0.55321199591443537  0.55959114604806093
  0.56562246971829111  0.57362057598784288  0.57990403016954850  0.58652440691413132
  0.59609862349193765  0.61176577179600988  0.62267898347516404  0.63178859713095914
  0.63754392808014027  0.64365438450021495  0.64998132254305496  0.65603775488641480
  0.66572977421541313  0.67474232367561759  0.68372545301549525  0.69309342920983896
  0.70286203712577588  0.71364821754340169  0.72680734825078797  0.74260024886289588
  0.75407732321429000  0.76268979327192876  0.77242365243162436  0.78463679852323853
  0.79470294839751399  0.80186973101955772  0.81153765167186032  0.82281383332285185
  0.83791805239078443  0.85664569215485820  0.87904363763320170  0.90531895047954491
  0.93093715938796318  0.95022400630941539  0.97313875548827378  1.00000000000000000
 -0.00450077159468418  0.01886576565594234  0.03225882774021206  0.04576478065854587
  0.05537170440130297  0.06247184331258595  0.06728480045234028  0.07164918069958238
  0.07657280544570440  0.08476188747638425  0.09674631972423574  0.10691945076463073
  0.11705012316312499  0.13350461158517105  0.15128074776376649  0.16258133016600829
  0.17484225486817107  0.18508347313787010  0.19102482922967629  0.19586893198299191
  0.19938016921086793  0.20253596402549021  0.20843620100944621  0.21670714801910262
  0.22614271446794490  0.23636601598625670  0.25008345543281368  0.26539844080103547
  0.27605146534156233  0.28534687491844485  0.29504847696019187  0.30358007514959762
  0.31328210930964606  0.32750922005078470  0.34095674715323171  0.35223699464273878
  0.36157280270748116  0.36968150331104205  0.37802075269808300  0.38629341304424708
  0.39438869466940241  0.40547015423656402  0.41690011873561494  0.42737381728163465
  0.43906043704666531  0.44746449248921610  0.45224196666841232  0.45543227647360318
  0.45907772336993746  0.46447475869479371  0.46949093644922085  0.47576286928709527
  0.48183098949350311  0.48667371678202337  0.49363688874145495  0.51055026021760153
  0.53202794072726145  0.54982711184820909  0.56278414417724831  0.57571077965599471
  0.59174031986666886  0.60496462336126877  0.61093842059079206  0.61509956969290835
  0.61896082898392091  0.62385721888433487  0.63019517168493844  0.63576335743928580
  0.64380785625985137  0.65275432475405004  0.66104229910433954  0.66865489257985888
  0.67757887416195695  0.68745217303418826  0.69961667827327800  0.71243187437809874
  0.72639789225779072  0.74202776262009618  0.75718117293804310  0.77055276765141478
  0.78234206353649749  0.79384598523810168  0.80638909499319422  0.81941727341181803
  0.83301936635416018  0.84593321665874144  0.85906800551015183  0.87278825943342564
  0.88803713296373343  0.90338183903092684  0.91887770146945236  0.93252596577182711
  0.94909810214371082  0.96380115349261386  0.98112137778117070  1.00000000000000000
 -0.00158166217430083  0.00786746872722077  0.01729609697621377  0.02559989873877002
  0.03652659113162313  0.05296299628983005  0.07466225275562843  0.09622377254791686
  0.11289048214633193  0.12936907378583384  0.14435742926836345  0.15879583042510156
  0.17346190823200031  0.18523983655438445  0.19677479665192008  0.20881698404507321
  0.22159767822675683  0.23557188620769634  0.25674306856143631  0.27606696391061836
  0.28787981532710949  0.29631906845854034  0.30017116239044767  0.30383269103417843
  0.30909705134154331  0.31818201922747164  0.32528081544866133  0.33018156992241682
  0.33421944919271823  0.33834961657978074  0.34372169420577253  0.35149524272429805
  0.36471974501559856  0.37643572088237087  0.38536362327259321  0.39317051106431550
  0.39870218605601238  0.40446980571043389  0.41111045410995822  0.41649439165818908
  0.42379838062476222  0.43248214263772972  0.44362063310735034  0.45249978646813122
  0.46183067701303532  0.47387565434541540  0.48684628211459280  0.49801606993096653
  0.50614096234129913  0.51420017798280859  0.52355718898069992  0.53378109266149298
  0.54440215389003233  0.55595445131399313  0.56783255994976056  0.57963285553539201
  0.59209970343622453  0.60248587272205700  0.61226062122236025  0.62166736483075657
  0.62832758844838776  0.63548621049169207  0.64593597364021771  0.66048062915786665
  0.67748670113968934  0.69566093831806375  0.71603616307879392  0.73279282956759184
  0.74513011797819317  0.75468130169833070  0.76417602565924825  0.77466243524063971
  0.78773502730479283  0.80194269977984656  0.81791553534309647  0.82983471302966827
  0.83778916479172083  0.84565988188063956  0.85459009138027786  0.86474300104043667
  0.87245315755953046  0.87835091565250556  0.88504211207060279  0.89398980217162705
  0.90605411882439579  0.91705690524095396  0.92882273762555045  0.94067171185873266
  0.94987571447168206  0.96015807522945562  0.97001983951883886  0.97977115245214552
  0.98779653579252957  0.99198974311414811  0.99604864044631913  1.00000000000000000
 -0.00303232370392603  0.00525954059790843  0.01409657506482939  0.02349678122703363
  0.02889574282705760  0.03958556494830616  0.05431557235017299  0.06363538315176036
  0.06877648888509014  0.07212143490206069  0.07767175037297569  0.08491435685760142
  0.09420808430365488  0.10557113468351816  0.11685799491660774  0.12733579106488158
  0.13646347060438810  0.14521593028232269  0.15448018357031718  0.16794664486668467
  0.18436931878419549  0.20428231342681491  0.22452989044716817  0.24438780583925121
  0.25924130003024692  0.27053214752107169  0.27904300235219015  0.28866612942612924
  0.29734340247745111  0.30492557673050630  0.31065483773574121  0.31781600536652405
  0.32392622635197238  0.32830051583863207  0.33372940180325489  0.34062472103719788
  0.34803588988026868  0.35542313113496771  0.36066012892920524  0.36569972791615796
  0.37051591094709596  0.37739061950239633  0.38813562266794277  0.39848250183558209
  0.41071359296348736  0.42587448281427764  0.44193936147922225  0.45364956375105386
  0.46162141753045710  0.46954864782819061  0.47864785758269834  0.49044047908519689
  0.50138166907323156  0.51184063192290274  0.52406863035579432  0.53989213511288059
  0.55937854324208314  0.57952968117047898  0.59851057102746941  0.61801504579193556
  0.64042387154820424  0.66117421197251069  0.67770006689310913  0.69334557682629672
  0.70719195081598230  0.72197519813315902  0.73791508269645190  0.75444773904399520
  0.76982820666965612  0.78392410173790938  0.79732577166545926  0.80806178897302372
  0.81768493585574742  0.82534646134240197  0.83331186919914801  0.84229513538634559
  0.84864432209810259  0.85394495524377345  0.85983018321298976  0.86731386323789328
  0.87270659170653719  0.87988216798088159  0.88685790810059695  0.89335879323457967
  0.89924694638526326  0.90440723325457906  0.90936574524502545  0.91571979761314004
  0.92145239202781948  0.92927880558779419  0.93588172566390382  0.94725953522628825
  0.96228670289588925  0.97765089110369274  0.98986067728666627  1.00000000000000000
 -0.00157434608624669  0.00786190522078702  0.01186357506201675  0.01496828929049559
  0.01733072064378936  0.02129710319541609  0.02657983102723627  0.03311187199479509
  0.04273461549312158  0.05317212652238253  0.06326766579207771  0.07197446038001248
  0.08273070023608431  0.09448641803544111  0.10596773487331670  0.11483541284632610
  0.12181673199957548  0.12766892212713354  0.13270926528575785  0.13778947551759563
  0.14308089919853975  0.14993677519004378  0.15417568047624147  0.15893845977371523
  0.16353584022193468  0.16794559165140741  0.17529593831550666  0.18389215472793102
  0.19110030531257485  0.19757955611436379  0.20446771850538700  0.21213586136960053
  0.22096629105034912  0.22862152233278782  0.23531346718967794  0.24175947013035726
  0.24880294927694122  0.25514759901052092  0.26068169863221335  0.26662281447341279
  0.27386959825823992  0.28269027158148641  0.29115200100539484  0.30052275347170027
  0.30934984161980761  0.31410025436965128  0.31945016020622968  0.32565149014217426
  0.33370413243975905  0.34239810705718260  0.35982050875168986  0.37835517165978355
  0.39803716884262208  0.41589459398953316  0.43023380936760330  0.43987754597090828
  0.44922838854048669  0.45930409001385752  0.46941858573681750  0.48069811771205151
  0.49552178483202375  0.51084697024451808  0.52608708263524584  0.54127123424473744
  0.55642966953666639  0.57263134337809940  0.58695722702620923  0.59931726741408553
  0.61106216863558627  0.62320619485499495  0.63572611146817781  0.64947972959099021
  0.66380561485153400  0.67766311673097024  0.69019265928763152  0.70540034171205546
  0.72392752419891959  0.74052511330379045  0.75551790826874010  0.76858415816823811
  0.78075745242116090  0.79047700289384093  0.80016279133833512  0.80989175293656390
  0.82074662130394116  0.83388209054305906  0.84964715391552292  0.86214547810815723
  0.87632789398295674  0.88793617483517073  0.90094141168197128  0.91380050797815182
  0.92623851096416743  0.94483681153781285  0.96508531576042833  1.00000000000000000
 -0.00229481633542367  0.01062814122292959  0.02445010333116941  0.03464957632997706
  0.03880615623759971  0.04393717489923647  0.04907230919010330  0.05434904391046611
  0.05920810581710802  0.06414840197805415  0.07502521531550599  0.08622055430313441
  0.09468163314161973  0.10258363066600541  0.11140737555964338  0.12054995924726265
  0.13114515884036473  0.14059140504601370  0.14964275610704797  0.15691767906646403
  0.16468139768215215  0.17381862275049609  0.18454429977681230  0.19639957396347482
  0.20811139828536035  0.22044706817122139  0.23487853804292269  0.25353248872367434
  0.27047098820867865  0.28463879244215062  0.29570521257153709  0.30480429477679133
  0.31237245425891591  0.31961639291624594  0.32659874451580723  0.33547796022595539
  0.34967277477269171  0.37043521843538341  0.38330411735721887  0.39360806722988101
  0.40047156529509464  0.40630084480240197  0.41130809819465414  0.41572695718338226
  0.42009738860175722  0.42515454518169116  0.43183098149758814  0.44140180255614125
  0.45282186296453797  0.46399546808744402  0.47002067409024267  0.47510551979184212
  0.48044076841571076  0.48602309143374922  0.49138246671334079  0.49719459855718945
  0.50314770399820063  0.50889047137817722  0.51792990799301009  0.52935291279702690
  0.53817321169694698  0.54651971888627016  0.55332614343066044  0.55877626327459240
  0.56522716444971388  0.57262134230058925  0.58093746828491344  0.59108063389253973
  0.61006479574783468  0.63135887720021033  0.65249129514573467  0.67256946730526346
  0.68776009437849239  0.69793431044263532  0.70583389303984845  0.71411607918224507
  0.72572846801877944  0.74458506090331966  0.75904926407484929  0.77398267283995481
  0.79005681268627725  0.80766232348435596  0.83154644057753069  0.85121372157495279
  0.86211661953080010  0.87281858939823265  0.88478257852478048  0.89830263022987222
  0.90571526800198854  0.91261981320796437  0.92306892557382669  0.93401968548765357
  0.94607310418959090  0.95788191412484802  0.97459927729282569  1.00000000000000000
 -0.00170772417589167  0.00759093801741846  0.01172133714338892  0.01565355621632892
  0.02099956341815478  0.02801611765561208  0.03531863961204419  0.04299594213826575
  0.05078818878145583  0.05909178727763275  0.06846675132376201  0.07782390480211417
  0.08640170573059083  0.09400703954248436  0.09993545311743386  0.10751947007268442
  0.11626657926271922  0.12511642725612027  0.13677849155200597  0.15302437308078942
  0.17056665534682044  0.19070185329269951  0.21466885941997554  0.23826676343383563
  0.25259769831633788  0.26326586194140372  0.27101021949346299  0.27721068398811316
  0.28354998219498684  0.29043071575075080  0.30469998949024063  0.32092418474864237
  0.33695261240529062  0.34428763443068233  0.35113303379740901  0.35906496470922022
  0.36862314919254435  0.37954779276179690  0.39170909981225666  0.40526783888525825
  0.41720767921631308  0.42753012480825614  0.43654941074702347  0.45058640177081999
  0.46291703354265767  0.47478908284062743  0.48788683083692624  0.50437531561768056
  0.51532428700959521  0.52540358111513674  0.53551554483402219  0.54847015531633514
  0.56074506849522965  0.57835178594517433  0.59745293440227476  0.61707315964894272
  0.63016412933579713  0.64281002559354394  0.65391499650217821  0.66448069521743047
  0.67637397518109166  0.68655175916160960  0.69551285440759347  0.70187607388208084
  0.70867028954251265  0.71512176860700105  0.72144541148102315  0.72821291370997610
  0.73337521398469052  0.74197985147103818  0.75188700076071713  0.76080944188761845
  0.76807535873855093  0.77528325392730524  0.78261118478337899  0.79117523463145267
  0.80275634077880320  0.81569176650275721  0.82842822506840486  0.83840701757334868
  0.84864546050085132  0.85614626651391090  0.86448902540073402  0.87339204124022385
  0.88405798598648999  0.89492843702115599  0.90196844217173677  0.90782388065291431
  0.91545420844833014  0.92379221235803199  0.93095422251677373  0.93847234867473206
  0.94597966989447480  0.95965641876214569  0.97816973575922639  1.00000000000000000
 -0.00016109571283911  0.00357648114115368  0.00710325810045772  0.00974472092276801
  0.01200157829417634  0.01401938949077981  0.01593666479480222  0.01773559285983524
  0.01940860658876956  0.02099539095666879  0.02244387239796001  0.02369438473648688
  0.02441096758826191  0.02516499610803081  0.02593585253923765  0.02667317462726312
  0.02748611231301583  0.02840638505051973  0.02934704290461661  0.03023629544656701
  0.03128398562541017  0.03238577900803045  0.03345305629778799  0.03450378806744300
  0.03542403316411741  0.03636313598991716  0.03731664527078617  0.03842325564844373
  0.04038529808345908  0.04331103884718578  0.04646637618035419  0.04887708821849785
  0.05088236552612032  0.05214766916640859  0.05341297280669685  0.05446220241819962
  0.05546151637979777  0.05639183585717212  0.05701170866888023  0.05763158148058834
  0.05823742974770484  0.05883375295224446  0.05945388395488784  0.06007975376492210
  0.06073473731579840  0.06139245220562501  0.06205685844961458  0.06334337688063056
  0.06607882101819834  0.06742942221282204  0.06849943813880265  0.06977018360108764
  0.07110053975163062  0.07241062806020901  0.07357913084419888  0.07591429463378688
  0.07957143052897366  0.08194871263595030  0.08280312299704996  0.08376689300886150
  0.08470489496838991  0.08554206051576342  0.08630003233476365  0.08701675593420405
  0.08798144566171066  0.08952538718666483  0.09049241161312646  0.09139773093093123
  0.09265336543163749  0.09377304109914522  0.09554335016137820  0.09907820053914855
  0.10083768682734716  0.10175761220937825  0.10338869336637108  0.10510432187130829
  0.10706228413516065  0.10858988973319554  0.11004288934911703  0.11153981169674547
  0.11325259181920724  0.11583909963674752  0.12146121841347705  0.12838879306128345
  0.13221867351413896  0.13862093764291028  0.14750042973390418  0.16088968561170106
  0.16195761571521491  0.16262718951381935  0.16369301620673704  0.16580469511796803
  0.16812687871164564  0.17135182313922015  0.17759159671733626  1.00000000000000000
 -0.00264151834131044  0.00955564244879401  0.02056790706879646  0.02995550604916197
  0.03892520481745113  0.06127869887984516  0.08207152297748940  0.10091322093709421
  0.11730085387244814  0.12898107987559920  0.14014683687685767  0.15229135786587278
  0.16124059368892033  0.17293022190284132  0.18709926481996031  0.20329730180723066
  0.22046810978386761  0.23594959435279253  0.25017726452513162  0.26538005483232985
  0.27504958728466961  0.28609265570791415  0.29902076166950869  0.31305160673760496
  0.32915239426349363  0.34203479768335460  0.35398828111600028  0.36505868203745173
  0.37517016706427053  0.38585092650686681  0.39564965482412173  0.40531253845249987
  0.41481201391648925  0.42591102316794271  0.44350337922346350  0.46376172763057699
  0.48060936427610595  0.49262711070906307  0.50064265216433923  0.50664332312600024
  0.51302164090697644  0.51972999591523139  0.52877088303353348  0.53954623760444076
  0.55833613995409315  0.57275933140186519  0.57838929094447467  0.58355603444946114
  0.58870784819625877  0.59358145889506364  0.59827987783027581  0.60438453741754739
  0.61358538391208750  0.62203874440540319  0.62980747134930182  0.63674037249009885
  0.64337529280838324  0.64874606621186104  0.65354465756103353  0.65833009509590190
  0.66340775180835843  0.66822981970951867  0.67300490700096027  0.67881775868255356
  0.68699248636732868  0.69986517921917868  0.70819162330808694  0.71664599953220687
  0.72564133826102739  0.73624358601390294  0.74960703149391117  0.76573734743768196
  0.77879689667739560  0.78792948875080115  0.79613147352754721  0.80244922177398625
  0.81219827528869459  0.82219739351198973  0.83198483939353840  0.84144788181753727
  0.85052405848030099  0.86292763942684458  0.87452993470965856  0.88517116417475195
  0.89422508244820342  0.90105505148736897  0.90829250030237441  0.91491137799974953
  0.92168410377232357  0.92967938457213073  0.94044382619356792  0.95222215539463950
  0.96299046697564705  0.97142913512109996  0.97777627957267366  1.00000000000000000
 -0.00016011193690091  0.00081520758678438  0.00177483431315688  0.00257696209563406
  0.00341585734119568  0.00415131611752703  0.00488248792164154  0.00557031930205409
  0.00622066302914476  0.00682423916195223  0.00738390815471389  0.00786313754773939
  0.00836923437339011  0.00891974699168583  0.00949247783386043  0.01008239429176718
  0.01064545306896239  0.01114813034695498  0.01159001054335259  0.01202462097404692
  0.01246962627484303  0.01290171671475472  0.01359976896188831  0.01439818717349889
  0.01505801179408612  0.01538068910653274  0.01562948917183600  0.01583867863345218
  0.01596868463722357  0.01607251751939855  0.01619195452923712  0.01630430803164851
  0.01645995639086171  0.01666967021537842  0.01683448676276342  0.01700265697109592
  0.01713903146751687  0.01727341087769352  0.01740961526861706  0.01756613819777754
  0.01777731584555885  0.01818841837595486  0.01879160430260051  0.01955908499095563
  0.02078758651379643  0.02265013222654817  0.02470061403918093  0.02620718099278823
  0.02705580871028023  0.02782712378197930  0.02859339765809691  0.02960299440904932
  0.03056804128523926  0.03172260748244847  0.03208390344008550  0.03221209062539359
  0.03234027781070167  0.03248446323017816  0.03267078899652377  0.03285711476286937
  0.03304344052921498  0.03329568187572250  0.03356095844762991  0.03382623501953732
  0.03427880257948150  0.03490456055060612  0.03542216996135118  0.03707909558359910
  0.03919088916809408  0.04108130619333922  0.04315368002250927  0.04554657186215120
  0.04600026345182185  0.04617179513038892  0.04633357894538368  0.04655720584260029
  0.04687893608943209  0.04717018944152731  0.04737831792174960  0.04753590713548510
  0.04768202652390303  0.04781991607151479  0.04859663915012137  0.05138174735337792
  0.05321858504667951  0.05483655784029045  0.05727284202952399  0.05921991574618701
  0.06016250704340715  0.07583033874748954  0.07892031049133071  0.08184638241810199
  0.08295924459177212  0.24950921392360501  0.47164207679349962  1.00000000000000000
 -0.00247281947496106  0.00882847043513002  0.01953239649670878  0.02604349444785099
  0.03216831386509558  0.03823973195588299  0.04451826471223282  0.05214171947290346
  0.06194364314787829  0.07392181073518685  0.08498474617668836  0.09410475575996671
  0.10281698452753948  0.11103328287286671  0.11735337535878676  0.12407687118152719
  0.13224032440939928  0.14081711229657598  0.14780078754782827  0.15391782835759721
  0.16236712429224731  0.17088059624880625  0.17953899390614039  0.18866405205994366
  0.19950472133417252  0.21256502214922396  0.22584690490347423  0.23917008339288001
  0.25011804880092631  0.25936723063517547  0.26925362226263161  0.27877200210906578
  0.28761664072685478  0.29887809674636329  0.31055268758332261  0.32435672998822690
  0.33951865376487561  0.35014163190460273  0.35891634440459058  0.37137424022671978
  0.38372972515033693  0.39506134704796653  0.40301395399497641  0.40906336782211089
  0.41625282170627298  0.42493437231124459  0.43432540988813145  0.44341208652182551
  0.45223724498340934  0.45969785904111155  0.47033414983656924  0.48175615509884867
  0.48857513845085954  0.49733656601713427  0.50419967529728027  0.50950914678013282
  0.51710464429066505  0.52821263277049535  0.54272354745092410  0.55915814752718296
  0.57609841431273445  0.59166592439453003  0.60554939079279646  0.62276922530732670
  0.63967460628703354  0.65684603260683239  0.67227964195511747  0.68502304872030950
  0.69784904701451367  0.71039714155161715  0.71795199511184826  0.72651857526675423
  0.73627012030740535  0.74873520168550456  0.75944115323015260  0.76776789548346069
  0.77605384455066129  0.78472315648508861  0.79422356471520683  0.80540909934837690
  0.81975869532411727  0.83452382389348756  0.84867094975340174  0.86112667952408473
  0.87235898779870258  0.88204584883044468  0.89065991868969352  0.90039881891771056
  0.91007133704019660  0.91923536045308507  0.92861957643357040  0.94158348574749351
  0.95446100311193993  0.96832638778452884  0.98376457412855900  1.00000000000000000
  0.60836750592300359  0.82994624567902819  0.87171725347248363  0.89354460146897896
  0.90504680830219231  0.91037873269775593  0.91683978165733937  0.92343967584613962
  0.93021265270802500  0.93786137634491762  0.94190165962132710  0.94513557576319818
  0.94686341535452578  0.94857780289490412  0.94974137622207777  0.95167176800957476
  0.95303499818917048  0.95436023225400213  0.95582905819010233  0.95856884457615921
  0.96071537709089572  0.96271699327675309  0.96437645001718098  0.96561560113677314
  0.96653602415771556  0.96742370481821172  0.96835304468255567  0.96937213235816955
  0.97041535155105740  0.97130331683480509  0.97215068567977891  0.97300004280389740
  0.97386080438941269  0.97476147874567953  0.97562170136396642  0.97642203346834344
  0.97735502604776692  0.97822276268290109  0.97905810423070905  0.97987751620275221
  0.98067347830619933  0.98132474459884367  0.98200526890716866  0.98263209386947004
  0.98316342067543794  0.98353851914452584  0.98385907460704147  0.98416489028054033
  0.98463612136299694  0.98503325310838552  0.98537084794055718  0.98570706757743320
  0.98603961626007997  0.98648487738704382  0.98690917758560759  0.98730261302782352
  0.98761583120792751  0.98787191024489196  0.98809776511767566  0.98838390333553383
  0.98868753803854370  0.98899573776906791  0.98930311769081958  0.98965404336292939
  0.99003099582801624  0.99033848999990948  0.99061804673081544  0.99083569429496210
  0.99099610398943638  0.99113978619455501  0.99130683157490629  0.99148267210715635
  0.99165418127937033  0.99189108524493941  0.99216078340073521  0.99239504627575881
  0.99261924585223205  0.99283999672553702  0.99309344085338824  0.99342773544779661
  0.99392775345326378  0.99440070763144883  0.99484568325455114  0.99522909735907583
  0.99557887168625814  0.99590692589356133  0.99621254771437751  0.99652867433036574
  0.99687594320369699  0.99722745099824861  0.99755503762925801  0.99787142923352989
  0.99821320707705419  0.99855284736903971  0.99898302379833059  1.00000000000000000
 -0.02899621998101522  0.14232052427655467  0.18256235911210256  0.19801913021923276
  0.20809854961671659  0.21715414375820669  0.23076758502975128  0.24556308873363850
  0.25942169735334547  0.27000242917409001  0.27989649085676088  0.28768664523931237
  0.29541408520992457  0.30361162532975305  0.31317605497960554  0.32961990731258867
  0.34516135412869375  0.35755593867437097  0.36784668417008393  0.37541785870253613
  0.38209486466539833  0.38811024428120167  0.39416214384729659  0.40084830114117265
  0.40733328741134578  0.41376046896674828  0.42026543550533851  0.42781773272416679
  0.43300360872914567  0.43827244528443676  0.44593699756202709  0.45459971181195119
  0.46131142766051236  0.46945088518489592  0.47715671318449154  0.48659292236632024
  0.49570889791351297  0.50039244213963163  0.50379950833431264  0.50719755444870696
  0.51067202132659906  0.51458161440132744  0.52173872006396793  0.52580181132728843
  0.53051373269191704  0.53441726536541179  0.53746780473891465  0.54076590902415445
  0.54478394043297973  0.54805648715882183  0.55044810301228708  0.55264802028298010
  0.55457549938432216  0.55613938419361897  0.55776799411644418  0.55963628627581430
  0.56222961543044625  0.56753955897727215  0.57279243733994700  0.57762068696013402
  0.58232887466531302  0.58722419232801459  0.59319670543210512  0.60138313175758595
  0.60976527019231253  0.61683839759807446  0.62301333766126410  0.62839153194635988
  0.63374562334436324  0.63852362810190344  0.64352296586661306  0.64907262230642870
  0.65542363918499735  0.66389389001252408  0.67394362986087064  0.68378559974297437
  0.69238925587628675  0.69993413900733703  0.70895787026352575  0.71858404781184426
  0.72628708191370928  0.73253036229456236  0.73891670620425709  0.74658423103478344
  0.75885336865479547  0.77291286613122911  0.78844806469361872  0.80021547825350681
  0.81107167016120041  0.82111718105693077  0.83739524864622583  0.84893971671361379
  0.85982585568752512  0.87929360348434338  0.91122264524664909  1.00000000000000000
   2.9250215921546742E-014  -1.0000000000000000     
 F F F F F F F F F F F F F F F F F F F F F F F F F F F F F F F F F F F F F F F F F F F F F F F F F F F F F F F F F F F F F F F F F F F F F F F F F F F F F F F F F F F F F F F F F F F F F F F F F F F F F F F F F F F F F F F F F F F F F F F F F F F F F F F F F F F F F F F F F F F F F F F F F F F F F F F F F F F F F F F F F F F F F F F F F F F F F F F F F F F F F F F F F F F F F F F F F F F F F F F F F F F F F F F F F F F F F F F F F F F F F F F F F F F F F F F F F F F F F F F F F F F F F F F F F F F F F F F F F F F F F F F F F F F F F F F F F F F F F F F F F F F F F F F F F F F F F F F F F F F F F F F F F F F F F F F F F F F F F F F F F F F F F F F F F F F F F F F F F F F F F F F F F F F F F F F F F F F F F F F F F F F F F F F F F F F F F F F F F F F F F F F F F F F F F F F F F F F F F F F F F F F F F F F F F F F F F F F F F F F F F F F F F F F F F F F F F F F F F F F F F F F F F F F F F F F F F F F F F F F F F F F F F F F F F F F F F F F F F F F F F F F F F F F F F F F F F F F F F F F F F F F F F F F F F F F F F F F F F F F F F F F F F F F F F F F F F F F F F F F F F F F F F F F F F F F F F F F F F F F F F F F F F F F F F F F F F F F F F F F F F F F F F F F F F F F F F F F F F F F F F F F F F F F F F F F F F F F F F F F F F F F F F F F F F F F F F F F F F F F F F F F F F F F F F F F F F F F F F F F F F F F F F F F F F F F F F F F F F F F F F F F F F F F F F F F F F F F F F F F F F F F F F F F F F F F F F F F F F F F F F F F F F F F F F F F F F F F F F F F F F F F F F F F F F F F F F F F F F F F F F F F F F F F F F F F F F F F F F F F F F F F F F F F F F F F F F F F F F F F F F F F F F F F F F F F F F F F F F F F F F F F F F F F F F F F F F F F F F F F F F F F F F F F F F F F F F F F F F F F F F F F F F F F F F F F F F F F F F F F F F F F F F F F F F F F F F F F F F F F F F F F F F F F F F F F F F F F F F F F F F F F F F F F F F F F F F F F F F F F F F F F F F F F F F F F F F F F F F F F F F F F F F F F F F F F F F F F F F F F F F F F F F F F F F F F F F F F F F F F F F F F F F F F F F F F F F F F F F F F F F F F F F F F F F F F F F F F F F F F F F F F F F F F F F F F F F F F F F F F F F F F F F F F F F F F F F F F F F F F F F F F F F F F F F F F F F F F F F F F F F F F F F F F F F F F F F F F F F F F F F F F F F F F F F F F F F F F F F F F F F F F F F F F F F F F F F F F F F F F F F F F F F F F F F F F F F F F F F F F F F F F F F F F F F F F F F F F F F F F F F F F F F F F F F F F F F F F F F F F F F F F F F F F F F F F F F F F F F F F F F F F F F F F F F F F F F F F F F F F F F F F F F F F F F F F F F F F F F F F F F F F F F F F F F F F F F F F F F F F F F F F F F F F F F F F F F F F F F F F F F F F F F F F F F F F F F F F F F F F F F F F F F F F F F F F F F F F F F F F F F F F F F F F F F F F F F F F F F F F F F F F F F F F F F F F F F F F F F F F F F F F F F F F F F F F F F F F F F F F F F F F F F F F F F F F F F F F F F F F F F F F F F F F F F F F F F F F F F F F F F F F F F F F F F F F F F F F F F F F F F F F F F F F F F F F F F F F F F F F F F F F F F F F F F F F F F F F F F F F F F F F F F F F F F F F F F F F F F F F F F F F F F F F F F F F F F F F F F F F F F F F F F F F F F F F F F F F F F F F F F F F F F F F F F F F F F F F F F F F F F F F F F F F F F F F F F F F F F F F F F F F F F F F F F F F F F F F F F F F F F F F F F F F F F F F F F F F F F F F F F F F F F F F F F F F F F F F F F F F F F F F F F F F F F F F F F F F F F F F F F F F F F F F F F F F F F F F F F F F F F F F F F F F F F F F F F F F F F F F F F F F F F F F F F F F F F F F F F F F F F F F F F F F F F F F F F F F F F F F F F F F F F F F F F F F F F F F F F F F F F F F F F F F F F F F F F F F F F F F F F F F F F F F F F F F F F F F F F F F F F F F F F F F F F F F F F F F F F F F F F F F F F F F F F F F F F F F F F F F F F F F F F F F F F F F F F F F F F F F F F F F F F F F F F F F F F F F F F F F F F F F F F F F F F F F F F F F F F F F F F F F F F F F F F F F F F F F F F F F F F F F F F F F F F F F F F F F F F F F F F F F F F F F F F F F F F F F F F F F F F F F F F F F F F F F F F F F F F F F F F F F F F F F F F F F F F F F F F F F F F F F F F F F F
  <DiscreteSampler_grid>
  grouped_processes
  1 # 1 for a reference and 2 for a running grid.
  10 # Attribute 'min_bin_probing_points' of the grid.
  1 # Attribute 'grid_mode' of the grid. 1=='default',2=='initialization'
  0.0000000000000000 # Attribute 'small_contrib_threshold' of the grid.
  0.5000000000000000 # Attribute 'damping_power' of the grid.
 # binID   n_entries weight   weight_sqr   abs_weight
    49   10   1.794563876969432E-012   1.863679433922768E-023   1.794563876969432E-012
    52   10   3.589127753938865E-012   7.454717735691072E-023   3.589127753938865E-012
    55   10   3.174601958003254E-012   5.635915811289451E-023   3.174601958003254E-012
    56   10   3.174601958003756E-012   5.635915811291172E-023   3.174601958003756E-012
    58   10   6.349203916006508E-012   2.254366324515780E-022   6.349203916006508E-012
    59   10   6.349203916007511E-012   2.254366324516469E-022   6.349203916007511E-012
    61   10   2.318125939565950E-012   2.679380981928529E-023   2.318125939565950E-012
    62   10   2.318125939566285E-012   2.679380981929558E-023   2.318125939566285E-012
    64   10   4.636251879131900E-012   1.071752392771411E-022   4.636251879131900E-012
    65   10   4.636251879132571E-012   1.071752392771823E-022   4.636251879132571E-012
    73   10   1.315454808075943E-012   9.036337106913388E-024   1.315454808075943E-012
    74   10   1.315454808076210E-012   9.036337106918329E-024   1.315454808076210E-012
    76   10   2.630909616151886E-012   3.614534842765355E-023   2.630909616151886E-012
    77   10   2.630909616152420E-012   3.614534842767332E-023   2.630909616152420E-012
    79   10   3.040668641093709E-012   5.681305720749359E-023   3.040668641093709E-012
    82   10   6.081337282187419E-012   2.272522288299743E-022   6.081337282187419E-012
    85   10   5.793794875097397E-012   2.010010911031060E-022   5.793794875097397E-012
    86   10   5.793794875097590E-012   2.010010911031239E-022   5.793794875097590E-012
    88   10   1.158758975019479E-011   8.040043644124242E-022   1.158758975019479E-011
    89   10   1.158758975019518E-011   8.040043644124956E-022   1.158758975019518E-011
    94   10   1.794563876969424E-012   1.863679433922748E-023   1.794563876969424E-012
    97   10   3.589127753938847E-012   7.454717735690991E-023   3.589127753938847E-012
    124   10   3.040668641094409E-012   5.681305720752651E-023   3.040668641094409E-012
    127   10   6.081337282188819E-012   2.272522288301060E-022   6.081337282188819E-012
    139   10   1.794563876969529E-012   1.863679433923011E-023   1.794563876969529E-012
    142   10   3.589127753939057E-012   7.454717735692043E-023   3.589127753939057E-012
    145   10   3.174601958003439E-012   5.635915811290238E-023   3.174601958003439E-012
    146   10   3.174601958003655E-012   5.635915811290755E-023   3.174601958003655E-012
    148   10   6.349203916006878E-012   2.254366324516095E-022   6.349203916006878E-012
    149   10   6.349203916007309E-012   2.254366324516302E-022   6.349203916007309E-012
    151   10   2.318125939566058E-012   2.679380981928824E-023   2.318125939566058E-012
    152   10   2.318125939566286E-012   2.679380981929567E-023   2.318125939566286E-012
    154   10   4.636251879132116E-012   1.071752392771530E-022   4.636251879132116E-012
    155   10   4.636251879132573E-012   1.071752392771827E-022   4.636251879132573E-012
    163   10   1.315454808076040E-012   9.036337106914916E-024   1.315454808076040E-012
    164   10   1.315454808076223E-012   9.036337106918562E-024   1.315454808076223E-012
    166   10   2.630909616152079E-012   3.614534842765966E-023   2.630909616152079E-012
    167   10   2.630909616152446E-012   3.614534842767425E-023   2.630909616152446E-012
    169   10   3.040668641093804E-012   5.681305720749786E-023   3.040668641093804E-012
    172   10   6.081337282187607E-012   2.272522288299915E-022   6.081337282187607E-012
    175   10   5.793794875097523E-012   2.010010911031165E-022   5.793794875097523E-012
    176   10   5.793794875097386E-012   2.010010911031070E-022   5.793794875097386E-012
    178   10   1.158758975019505E-011   8.040043644124660E-022   1.158758975019505E-011
    179   10   1.158758975019477E-011   8.040043644124279E-022   1.158758975019477E-011
    184   10   1.794563876969538E-012   1.863679433923035E-023   1.794563876969538E-012
    187   10   3.589127753939076E-012   7.454717735692139E-023   3.589127753939076E-012
    214   10   3.040668641094425E-012   5.681305720752716E-023   3.040668641094425E-012
    217   10   6.081337282188849E-012   2.272522288301086E-022   6.081337282188849E-012
  </DiscreteSampler_grid>
