  0.00162458085206622  0.01873461355172551  0.02922515866967767  0.03816908150814237
  0.04904162276212416  0.06012584238656511  0.07108362486126613  0.08276485823982614
  0.09529099457279949  0.10748122290156506  0.11961393669502469  0.13195753191388490
  0.14207447588170183  0.15139539322567072  0.16023576262362021  0.16798755164487342
  0.18092279782749035  0.19218524916675411  0.20241472049627648  0.21248821181951888
  0.22195606626900993  0.23081054539695162  0.23934668911524018  0.24803872576126285
  0.25900965759304123  0.27105992302169818  0.28136291006289349  0.28994229559448320
  0.29737478939272144  0.30406851366931059  0.31072617666541380  0.31780166309182439
  0.32599638137058873  0.33531145120675376  0.34322710886797853  0.35200691834625852
  0.36116387284535878  0.37065921533587493  0.38507174886223738  0.39662229323952447
  0.40528856620664189  0.41237194397635774  0.41847875231779652  0.42442653198121899
  0.43107320847521896  0.44133205177246548  0.45469321691858899  0.46721336989705442
  0.47845867236421941  0.48816267069683716  0.49834639776148038  0.50804644566028323
  0.51851660757995655  0.52998358227465314  0.54295200960617551  0.55684742983697655
  0.56821102397726786  0.57806087211151058  0.58870221643053156  0.60048905939237629
  0.61127214452305101  0.62162035782706326  0.63342538564431272  0.64534650582450581
  0.65450714959405532  0.66263450361906329  0.67134671833366388  0.68157713598302017
  0.69334009394459073  0.70366106951480722  0.71273934666231686  0.72077767413475924
  0.73014982733195377  0.74069615266900102  0.74967906665692829  0.75787371845269846
  0.76680199042041020  0.77837537109614408  0.78899546346885285  0.79909092486740196
  0.80876131779659799  0.81646095726055146  0.82401770925507123  0.83237282254002076
  0.84275960165443942  0.85708703444649670  0.87307164881232024  0.89174234816034659
  0.91123015806607088  0.92980222329113882  0.94213241031919004  0.95283866614924417
  0.96328939745416653  0.97332915345848647  0.98564418285509281  1.00000000000000000
  0.00812239744241166  0.01970990056331047  0.03327890367607982  0.04424523701739266
  0.05259804810882267  0.06124751197831657  0.07259762602968291  0.08611499596084202
  0.09988785931762738  0.11585850119693457  0.13147120428567791  0.14584418127532900
  0.16116132942327430  0.17717414976385784  0.19231381661686278  0.20566871124072578
  0.21721544881061108  0.22787959578402600  0.23636662819713808  0.24549832629718316
  0.25561072145846742  0.26802754921946631  0.27862526261273635  0.28782538532201341
  0.29708270147338595  0.30620553649677351  0.31503834473953879  0.32381860733434037
  0.33163128697076871  0.34265123039282397  0.35391591120021010  0.36370873244580704
  0.37059634060864138  0.37625631380361768  0.38236356296125362  0.39065647915782503
  0.40030185424587322  0.40669600940494094  0.41287172806693095  0.41950183673199615
  0.42700137774595476  0.43728297896945384  0.44728247055498027  0.45997578254431892
  0.47600604332821234  0.48954058597425615  0.50307883172498802  0.51280317311535006
  0.52184088297501952  0.53099252958712995  0.54154802758465348  0.55351198178178751
  0.56563958852005525  0.57717464282050190  0.58820901608473808  0.60009202667181905
  0.61484032644874542  0.62983916489575142  0.64299410150818892  0.65474620675131256
  0.66106440745347450  0.66791045598860599  0.67516504322920812  0.68266100931794504
  0.69153009878304261  0.70318305385207225  0.71475232446111625  0.72509900262781302
  0.73447928830576759  0.74430353367600111  0.75514040485275213  0.76708624889249022
  0.77990193690435516  0.79154112930689857  0.80348321558037483  0.81286640189804749
  0.82092837247689188  0.82914651979548115  0.83838715628603089  0.85026525832859590
  0.86684861927297874  0.88085912778847331  0.89427381893674096  0.90380430912663945
  0.91198260702720146  0.91892546358204119  0.92620950301718774  0.93248423824037052
  0.93916758791283950  0.94721022930210541  0.95746332346120833  0.96540259816206420
  0.97379662916285681  0.98331040078283449  0.99177443892448947  1.00000000000000000
  0.00019789275834723  0.00021192568864115  0.00022492637725148  0.00023553047358756
  0.00024392780439587  0.00024962439053877  0.00025530461969951  0.00026103486249823
  0.00026589068264358  0.00027025053753836  0.00027455218121064  0.00027894014710036
  0.00028346238992618  0.00028862158538792  0.00029414483176041  0.00029988614904715
  0.00030590256838814  0.00031160057259921  0.00031711866816280  0.00032225106132426
  0.00032716679083693  0.00033321707974512  0.00033952621908055  0.00034571879330999
  0.00035271660640877  0.00036002506387798  0.00036775572534398  0.00037688726156241
  0.00038599588755472  0.00039561658865628  0.00040607361268303  0.00041559402081125
  0.00042525166797318  0.00043645963255799  0.00044914829454936  0.00046464026068781
  0.00047859589112512  0.00049245669266859  0.00050689526615800  0.00051949787070398
  0.00053229261142273  0.00054599588930809  0.00056088549080459  0.00058051763249292
  0.00060396245180216  0.00063035811955480  0.00066076835314996  0.00068957885361722
  0.00071802143286671  0.00074262756513860  0.00076652383440956  0.00079223153819543
  0.00082001630905156  0.00086076862007757  0.00090083242672908  0.00093844164511533
  0.00096599443917268  0.00099979158530645  0.00103687681223329  0.00108432309822216
  0.00112966255753379  0.00118161066370202  0.00123190129427427  0.00128587783581083
  0.00132936150999548  0.00136926226653270  0.00140358856051239  0.00143068919109105
  0.00146306255767430  0.00150257828885341  0.00156525434706502  0.00164032257596325
  0.00175144085232315  0.00188998449982548  0.00216265862465572  0.00241880683066164
  0.00270394882004275  0.00291983960071551  0.00314442450130788  0.00344210385580483
  0.00401310471940513  0.00487888575690862  0.00586993780780572  0.00711991346459799
  0.00804813655721810  0.00835418577212595  0.00850862576323208  0.00865690314553627
  0.00893060003363783  0.00970006790612296  0.01064596021750886  0.01124948297618988
  0.01206488736911843  0.01771439825280122  0.08739771663356125  1.00000000000000000
  0.00005375413003295  0.00005424766129825  0.00005480000689667  0.00005564217885817
  0.00005638994140767  0.00005701136566245  0.00005774958587350  0.00005852212763714
  0.00005926951346825  0.00005996575988119  0.00006067379091934  0.00006144652037532
  0.00006230859123082  0.00006327416440187  0.00006458955036944  0.00006607869760482
  0.00006753520250299  0.00006895596024832  0.00007061701084516  0.00007227238966677
  0.00007400867321140  0.00007625318731246  0.00007881776430208  0.00008124054004690
  0.00008384809861916  0.00008648274986802  0.00008899942355584  0.00009195908676346
  0.00009485993507750  0.00009775042661107  0.00010124189603514  0.00010493396995976
  0.00010912808428671  0.00011448411551349  0.00012046086090032  0.00012714790366370
  0.00013365647724491  0.00014055844788775  0.00014706417588327  0.00015392090489474
  0.00016240828101156  0.00017149045575582  0.00017992252590046  0.00018820029837729
  0.00019669436769777  0.00020506442740219  0.00021429674458146  0.00022564243791340
  0.00023929829674633  0.00025404862769404  0.00026847153087445  0.00028357401954224
  0.00030026423873124  0.00031832096425761  0.00033681333934599  0.00035389301442892
  0.00037031801511714  0.00038874588396425  0.00040664172295887  0.00042653144602000
  0.00044856800372732  0.00047433130231042  0.00050643959347852  0.00054119695945340
  0.00056625380932596  0.00058971709963029  0.00061078451678147  0.00063839246286762
  0.00068221994416456  0.00074076070289332  0.00079889777093816  0.00088584981769836
  0.00102755982844944  0.00120924973891551  0.00143632987119738  0.00172399069422287
  0.00207851540807426  0.00247770108223155  0.00276100585133357  0.00303204783935924
  0.00332857107817653  0.00367048237631855  0.00404699039763635  0.00444965822182105
  0.00489323435172052  0.00537333915254781  0.00594051486503648  0.00669841870743034
  0.00760559941652473  0.00864595288655985  0.00984269480668246  0.01219418816835419
  0.01399800477699761  0.01857725803697739  0.08883991410475078  1.00000000000000000
  0.00073752133251446  0.02943652605186388  0.04801204906452994  0.06101337734352090
  0.07293696272226138  0.08503459126190879  0.09671164209914754  0.10700691646898193
  0.11635473644063803  0.12599510180115239  0.13497504948590328  0.14427159178007959
  0.15230744752168252  0.15940283181481063  0.16686841031559668  0.17594197328225106
  0.18826189498459844  0.19928150096996930  0.20737333003806790  0.21622047648919171
  0.22499833854630086  0.23422532768583637  0.24338184539923868  0.25289392447221959
  0.26059876857699354  0.26742787362774767  0.27467729278912945  0.28306670668867817
  0.29616255124542346  0.31108239131232390  0.32211217871230707  0.33146659135143414
  0.34149368524523444  0.35134945501679582  0.36091039030282768  0.36978050480494273
  0.38178050975444089  0.40022776344300881  0.42044127327635472  0.43852510275876633
  0.45546316774726642  0.47143323706447604  0.48625761593424977  0.49733826308517415
  0.50619705192116948  0.51436922768424920  0.52342589649098392  0.53124237027705545
  0.53983214720328598  0.54723672591627881  0.55344145656772292  0.56086175632671442
  0.56896013343218688  0.57887486916553443  0.58906358784459123  0.59891164439081834
  0.61080895956757153  0.62533415915767165  0.63600039634816585  0.64638510255047954
  0.65678881451390270  0.66560317324980445  0.67433687417547628  0.68419157201577530
  0.69650907499845571  0.70943485599559408  0.72234635376293121  0.73522132603634316
  0.74506178474821383  0.75262639711589241  0.75880934087191565  0.76545364846597930
  0.77474617552021918  0.78339948962092298  0.78932870192689086  0.79511147373805036
  0.80104375339496192  0.80835403916177340  0.81858087312989047  0.82725711789508427
  0.83531462886590102  0.84417008837531915  0.85438032852945978  0.86516246146538822
  0.87411801145098011  0.88363730036464239  0.89307849841672682  0.90411871585980530
  0.91607355148819380  0.92968914791770341  0.94160210128474531  0.95303083011288792
  0.96499420848367012  0.97516465257711415  0.98410954907761050  1.00000000000000000
  0.00004441960649697  0.00007097466348047  0.00007430570453325  0.00007542142750565
  0.00007604995155950  0.00007666577192654  0.00007726597933792  0.00007903136787726
  0.00008178290605296  0.00008412179208019  0.00008605503585567  0.00008804488323391
  0.00009009630136732  0.00009213849438907  0.00009409219562888  0.00009577833417129
  0.00009715198027175  0.00009848847591786  0.00009951182444161  0.00010046836190887
  0.00010184376116214  0.00010351232910833  0.00010506460584005  0.00010642279476306
  0.00010781368349699  0.00011097371644269  0.00011382913874893  0.00011724723966043
  0.00012023079217093  0.00012292699084418  0.00012558555088365  0.00012806677063092
  0.00013136391310373  0.00013456897034361  0.00013801212482712  0.00014158348035593
  0.00014516654138259  0.00014798450009031  0.00015094989329606  0.00015450367370316
  0.00015844090973632  0.00016229485164524  0.00016550696933153  0.00017007649567374
  0.00017551629122908  0.00018178769518492  0.00018824990123398  0.00019376265839049
  0.00019926705731830  0.00020480079939668  0.00021041281179510  0.00021690170893071
  0.00022402900779606  0.00023227524511895  0.00024261793115913  0.00025353117700997
  0.00026550251538618  0.00028006573169429  0.00029696005792141  0.00031748152314873
  0.00033921663279978  0.00036159160070385  0.00038193331090288  0.00040449232447476
  0.00043187685044632  0.00046515565021971  0.00049932314394707  0.00053471862522732
  0.00057906542917415  0.00061937802184091  0.00065964140222336  0.00071077058347174
  0.00078082384200015  0.00086619628193697  0.00093844658763751  0.00100452482696159
  0.00106987168696440  0.00113455082673676  0.00120564835689662  0.00129237929429460
  0.00143037792803232  0.00157700187964792  0.00172133847647476  0.00189169215690825
  0.00208819211372696  0.00237344510498304  0.00273360108056996  0.00321105798379915
  0.00391035029451502  0.00484041318624968  0.00592784700907370  0.00750145736010085
  0.00974072029757266  0.01625439349419408  0.11511895825168281  1.00000000000000000
  0.00000453027361805  0.00000813715368366  0.00000860200926781  0.00000943345981732
  0.00001102290549683  0.00001247504040819  0.00001429410823146  0.00001543919370600
  0.00001675868444919  0.00001793946849174  0.00001921830366332  0.00002067585031082
  0.00002219640706018  0.00002352166381290  0.00002454737228601  0.00002554188551445
  0.00002661438209192  0.00002808440306881  0.00002987427800370  0.00003196676122894
  0.00003366558818170  0.00003505393028808  0.00003627662017157  0.00003741341042919
  0.00003883510912640  0.00004045932973246  0.00004209027218963  0.00004432168406435
  0.00004637434770446  0.00004817966598451  0.00005043921343592  0.00005295423227922
  0.00005561533344559  0.00005858515465774  0.00006184746724278  0.00006492899314291
  0.00006738811052427  0.00006941871915357  0.00007147726799235  0.00007369970024893
  0.00007631664073338  0.00007961649069680  0.00008493509032527  0.00008843654517245
  0.00009188793455395  0.00009546132480627  0.00009953404717013  0.00010425955713390
  0.00010844485376262  0.00011300117345605  0.00011790301041940  0.00012340493331874
  0.00013128871073901  0.00014133121599778  0.00015146380100048  0.00016118874068164
  0.00017078129130805  0.00018293388859683  0.00019666230750879  0.00021393923459415
  0.00023047647333314  0.00024609530102481  0.00026110046596695  0.00027337265129439
  0.00028739961150013  0.00030264509437683  0.00032112218984002  0.00034099110034598
  0.00036280494792153  0.00038998541934108  0.00042169210499512  0.00045302277261195
  0.00048889515762376  0.00053301152079821  0.00058745763345279  0.00064586295241792
  0.00070844065246007  0.00077786692875787  0.00086445880259697  0.00096974505896291
  0.00108596474165478  0.00124658159476344  0.00147272444412084  0.00173706282172726
  0.00189808012627300  0.00207408420040096  0.00227608715354168  0.00249561186980086
  0.00279938644286488  0.00332202198025461  0.00408452457163672  0.00511234515703882
  0.00734793775591944  0.01020227788924368  0.05144608999014500  1.00000000000000000
 -0.00712108457830739  0.03596298375883351  0.06787715160398175  0.08955954648251144
  0.10372963335886116  0.11715600522175650  0.13019143853351131  0.15260301575752919
  0.17607243906267719  0.19966649291866184  0.21902113378090909  0.23520160419983183
  0.24767779013418723  0.25886750339359177  0.26899865247071886  0.27961534921400405
  0.28897073699955683  0.29869020801846291  0.31120653604641241  0.32577303186216516
  0.33715862783851169  0.34862821856585441  0.35959569087319637  0.37263309340258804
  0.38554690131282443  0.39814924692181308  0.40920850040752599  0.42027324211794914
  0.42967702641672512  0.43704781824958477  0.44310736636157561  0.44901630890005939
  0.45744832087975507  0.46653220299077891  0.47319543567637734  0.48001473294139713
  0.48752929588408667  0.49606342021936356  0.51160829508826766  0.52476882362606692
  0.53851801355058204  0.55590336752123926  0.56959169258542675  0.57915798876281466
  0.58627249143254789  0.59248850089277816  0.60045558188503367  0.61175293262080543
  0.62149900066180774  0.62915064968438683  0.63632752708035867  0.64414885743161487
  0.65211335572899753  0.65967193354474840  0.66662064005184574  0.67287380985345013
  0.67888930290344573  0.68578214263821957  0.69284815562918933  0.70033015723320613
  0.70820506868358268  0.71668995799940860  0.72586787923625773  0.73633325429009011
  0.74610863533697558  0.75632556961577480  0.76870032164754531  0.78789997091077968
  0.80275963761560376  0.81475440113363351  0.82343386658235218  0.83318440836836116
  0.84180063915521597  0.84867232607920950  0.85583629917864612  0.86378564251592949
  0.87244970584602433  0.87872127508287023  0.88484232074698543  0.89082220249728805
  0.89635221740320148  0.90161603332086127  0.90662005140710655  0.91193322388516129
  0.91905104791966408  0.92744652681377215  0.93519147617210685  0.94476020822725792
  0.95471571272876854  0.96384364253320254  0.97136543474459169  0.97715204510798037
  0.98265969945698783  0.98824934367253081  0.99409812904797112  1.00000000000000000
 -0.00201161719744351  0.00813235965044905  0.01559539954417887  0.02561193372933989
  0.03563489355647494  0.04512799138502704  0.05403116775923016  0.06392646897378225
  0.07579767122717100  0.08802753731691570  0.09862867294932565  0.10997445197064183
  0.11863488210364913  0.12793294346397088  0.13754054348639896  0.14731437884541049
  0.15744527935991640  0.16444560580442091  0.17046321964183314  0.17615422439332318
  0.18315272439580665  0.19196124348007201  0.20155392222398760  0.21361187815482657
  0.22294256007004318  0.23174041323343841  0.24004825658693887  0.24929323338373632
  0.25942468281981657  0.26836748345581307  0.27668248257678968  0.28563825496145029
  0.29525450781002999  0.30452199865077939  0.31789515679734193  0.33085862461569093
  0.34204268221932232  0.35278878286609178  0.36522708137326104  0.37443807653647077
  0.38235868942866313  0.39060491882492970  0.39908668480682058  0.40949679671374450
  0.42061900100105132  0.43111419206652823  0.44617597538641740  0.46280413004850179
  0.47715583698958453  0.48661479668907137  0.49650335194126682  0.50796041154824678
  0.52881946600239349  0.54614490252971060  0.55988021174223745  0.57414890201595470
  0.58571322348084953  0.59713804040952057  0.60890075711373615  0.61863924103461509
  0.62666476557136030  0.63568121589013293  0.64666341407985783  0.65572705239712303
  0.66437007891964384  0.67320941594604278  0.68205694752145718  0.69318243880482544
  0.70326530373894314  0.71230124410797901  0.72153769624553665  0.73053322002978949
  0.73851218062806345  0.74650019943126200  0.75607705821003657  0.76815042396079436
  0.78052280578698097  0.79217869039521971  0.80592520966787884  0.81892198813145645
  0.82769644013073906  0.83620654143242579  0.84671650926696951  0.85857126010963136
  0.86991100230847884  0.88093783969435346  0.89386078015792636  0.90475384085952626
  0.91694059237832704  0.92954068489736086  0.94137231486787531  0.95082264216150936
  0.96029488036800148  0.97174423406524724  0.98550194059208163  1.00000000000000000
 -0.00371781294154251  0.01844697432843279  0.03715754377779869  0.05455092137266893
  0.07133312320206600  0.08439984780300090  0.09585768096934154  0.10756445315733473
  0.12000964990203747  0.13230940139859393  0.14140952817243324  0.14977021321831344
  0.15814427026913749  0.16715771112358910  0.17453931222716795  0.18239283630134273
  0.19136198765232038  0.20110888677631891  0.21426369234303042  0.22719913307992615
  0.23876631264217085  0.25029353490846001  0.26340990504507616  0.27702901368254701
  0.28805366967246820  0.30200936365532294  0.31558718276640102  0.32605866892160512
  0.33412152721331551  0.34266601160422722  0.35173649400830115  0.35928484352907741
  0.36593656373276651  0.37436683626659423  0.38618267048713001  0.39638180956504704
  0.40507133467629586  0.41329531603574171  0.42136212878899842  0.42918760780773102
  0.43812423138772538  0.44726078653285256  0.45620559530830118  0.46453204820642613
  0.47433391280114079  0.48629004703310325  0.49932674777798997  0.51107226294928509
  0.52145366082312838  0.53057894228180513  0.54028326400264359  0.54931970161676458
  0.55931537648073670  0.56986605184438921  0.57792991905436542  0.58761409076369964
  0.59736364852816592  0.60667026573724137  0.61657157554732278  0.63048991347109296
  0.64842843087393454  0.66115238294946610  0.67164116573877031  0.68154663854120245
  0.69237043946263410  0.70546828664002215  0.71818036914365713  0.72882160398173901
  0.73802317128618422  0.74601815801672045  0.75467577666010088  0.76412615970512920
  0.77288804239143316  0.78072938017827398  0.78890253350840067  0.79729780689349539
  0.80875781253205048  0.82051042571549848  0.82839045087711127  0.83576982260214772
  0.84268280573981824  0.84913104117267657  0.85707280058609692  0.86478605249050255
  0.87610546581266646  0.88586807064021023  0.89385346253208764  0.90165433984493848
  0.90992087872277039  0.91925221774125354  0.93105831884393730  0.94474420690376271
  0.95919424261225672  0.97316299645555304  0.98658609487726334  1.00000000000000000
 -0.00387279797746615  0.01663908826799243  0.02950908732164528  0.03946181631793309
  0.04801790189944307  0.05626576406335652  0.06801551712089011  0.08104860367458439
  0.09106461945762409  0.09793900206923406  0.10603895647601855  0.11329890425025975
  0.12242289864913138  0.13204029253156005  0.14262902511079650  0.15338965421066844
  0.16357300612941619  0.17252293020748763  0.18174249716636875  0.19240817598153545
  0.20531931926421912  0.21622576628109877  0.22620482091696809  0.23677313247802365
  0.24632479791261225  0.25574307067095559  0.26337914067310603  0.27358795083398985
  0.28664911399462073  0.30201587165083538  0.31749219680332408  0.33005622686076974
  0.34070357471980789  0.35014583996795257  0.35947702205005411  0.36627683258461180
  0.37453655133712632  0.38433963851977737  0.39432696483049279  0.40427503012192650
  0.41544026269143763  0.42859573815090507  0.44112481744032056  0.45062122075023697
  0.46004581937603267  0.47046801259368665  0.48315641072585380  0.49488178156143864
  0.50580475761034105  0.51723526215948190  0.52941382248360114  0.54099121201294564
  0.55222884634969049  0.56200007488701953  0.57246483999478404  0.58311770040551736
  0.59591098464971104  0.61259455872575930  0.62478220120652073  0.63203078707821103
  0.63746273149842303  0.64277198579044281  0.64927113826699778  0.65839008726509607
  0.66828323815270430  0.67683703138896889  0.68582314570812919  0.69645781035717502
  0.70707535539969235  0.71717205754466617  0.72514150137592226  0.73228736253356175
  0.73897167693274490  0.74717496757310964  0.75703997403713819  0.77049285251128441
  0.78610038041169239  0.80068468046520946  0.81485470571619067  0.82293537777888925
  0.82919916670033200  0.83506266532840157  0.84085374811666291  0.84740914965844949
  0.85870640966074530  0.87261948767394737  0.88306988620382776  0.89282531161435885
  0.90450613803274837  0.91714038222042782  0.92967836872829746  0.94260422228464713
  0.95867673683363630  0.97367930266899672  0.98696327844134546  1.00000000000000000
 -0.00598006098843538  0.02970724264616140  0.04513212503306679  0.05621783625012938
  0.06823167474287037  0.07768624397157964  0.08892506552140372  0.10708582107712655
  0.12620404354884179  0.14380436696777213  0.16185303007560237  0.17788911251816647
  0.19164185073668014  0.20405271122000182  0.21528408243424629  0.22714668674283653
  0.24088298226910479  0.25456427647884633  0.26507882568709729  0.27398767911107480
  0.28276140360797908  0.29102968859536194  0.30027966768224867  0.31119710460387373
  0.32417992180429206  0.33852885043871606  0.35065689301879338  0.36188974962621118
  0.37153447533844536  0.37960795864623120  0.38616258542650317  0.39304501350835785
  0.40034431755340405  0.40807708591714759  0.41731297335268197  0.42732107569613881
  0.43975108856780271  0.45462251144054061  0.46691780132456495  0.47654752149354551
  0.48557217061995295  0.49414312051465192  0.50241837837336556  0.51019315895385098
  0.51854202016447326  0.52476221373621856  0.53093865566493226  0.53696696876191552
  0.54257534608440738  0.54938398011744671  0.55796422017659808  0.56836666001623937
  0.57838214715206260  0.58791415264784774  0.59669462281278118  0.60653258471572380
  0.61910570461784575  0.63518744707202257  0.65100079763789898  0.66723516557460583
  0.67714415860262533  0.68629568478074798  0.69503053563907247  0.70406425675864015
  0.71350731330735317  0.72375533569077644  0.73406871864222623  0.74309938557743771
  0.75231180238568740  0.76234637336001687  0.77430432371410807  0.78678633290775468
  0.79696044431990121  0.80775154998936560  0.81789913060562869  0.82769031977983343
  0.83479603128696400  0.84118417872165008  0.84752682378158306  0.85336437895977835
  0.86128986862860168  0.86783020470988215  0.87482143387745781  0.88257944588593795
  0.89474368317906106  0.91079731974694311  0.92673575247037976  0.94104410081498835
  0.95219741038486005  0.96155705985297135  0.96771911749886375  0.97250413788240164
  0.97772701657644956  0.98317838784042011  0.98899395265506029  1.00000000000000000
 -0.00204436392807390  0.01235712609201011  0.02212139136785944  0.03251024124474929
  0.04194518003308330  0.05113113157316310  0.06078560109096776  0.07097896959475022
  0.08152227444803437  0.09155742910289941  0.09959428515468298  0.10601735231907020
  0.11255826838903381  0.11986849335358291  0.12854321270671396  0.13803528898668610
  0.14756727440817505  0.15808864636295020  0.16987882862608050  0.17963022993835706
  0.19030936299461138  0.20019161846042599  0.20815538863266378  0.21556373222251202
  0.22283548094202044  0.23089163434612001  0.24248770881994425  0.25657714664024067
  0.26862083161233624  0.27921406418828920  0.29106596555942671  0.30304398340559513
  0.31264704611371524  0.32280493021104933  0.33628822333482250  0.35065543864148646
  0.36896916465468099  0.38645723935303772  0.40357216597429096  0.41610971769246297
  0.42926304702051155  0.43736926436113926  0.44613749493641752  0.45550867771993697
  0.46586474352382534  0.47761873945622924  0.48882672116111586  0.50065277286608145
  0.51328010420484371  0.52999360787878846  0.54523905218723567  0.56403337279778520
  0.58097735510318260  0.59409062136484914  0.60402549538030015  0.61482382052906548
  0.62612145134457164  0.63844445559523744  0.64967316032916633  0.65937537208221542
  0.66681994576080639  0.67272267579177358  0.67681699247385307  0.68281718692778670
  0.68888745823750475  0.69703985567395343  0.70899314599886787  0.71715780737587265
  0.72387719170119913  0.72973054725454456  0.73727907026014938  0.74630487766225129
  0.75765693531411238  0.76974265516108031  0.78276051062578689  0.79778190755044709
  0.80982401720892161  0.81745132873595294  0.82350827766941803  0.83030151926740192
  0.83895379672236292  0.85022632369925966  0.86169898444070070  0.87256856404633054
  0.88409352095554605  0.89809389040463983  0.91337207500912998  0.92338315750014177
  0.93258072116289403  0.94034446244290992  0.94850953918739267  0.95682609988178657
  0.96599355240536111  0.97533747882033217  0.98672189677166011  1.00000000000000000
 -0.00297839564547138  0.00617164414323933  0.01499048814019494  0.02225472118436698
  0.03031263917088109  0.03946301838988327  0.04949359158422657  0.06078703689388749
  0.07161547702209899  0.07971183428330572  0.08812723784861848  0.09628033555242735
  0.10532217095631437  0.11472911858438123  0.12410830496954534  0.13322878260435753
  0.14224751015330064  0.15269484445671183  0.16307998260685003  0.17208388974271840
  0.18010631257651152  0.18818807207845731  0.19839909006979609  0.20850215883313439
  0.21937902441759546  0.23080936827287271  0.24133201645434152  0.24976133437686523
  0.25822768108648347  0.26381373051411450  0.26947285141687066  0.27609446498343454
  0.28451693349398988  0.29480443467925321  0.30526071502016794  0.31510669802574115
  0.32276598452820798  0.32913467232624355  0.33559313733972568  0.34366813179794004
  0.35321154022090523  0.36785472030657135  0.38150043388658084  0.39238837144717664
  0.40540642653640213  0.41596253209356737  0.42630674535971241  0.43639969668377593
  0.44662319387576205  0.45721932786876790  0.46653446359792083  0.47413276294402168
  0.48125446812818379  0.48859329233074339  0.49540838530344555  0.50172364891263210
  0.51121035091460654  0.52190251604229132  0.53349295618396186  0.54937855708947214
  0.56590731288704832  0.58034247960522545  0.59268158718872876  0.60203675830806014
  0.60936321694929951  0.61577893227724789  0.62154220769413859  0.62786693791291603
  0.63455835262555471  0.64409824449149500  0.65277011007128660  0.65978457163076165
  0.66715768103813633  0.67538432732420806  0.68198513994047438  0.68828628545658321
  0.69571122399249763  0.70525852212892282  0.71587446442162483  0.72356707327754910
  0.73111889140831943  0.73856401519878534  0.74609112670453803  0.75420744333604350
  0.76411782330202926  0.78148444301722608  0.80189015467414737  0.81859242776409469
  0.83371024343995570  0.84748673102304983  0.86343357265730780  0.88043040834583419
  0.90140775336788770  0.92574244437555442  0.95447925990490945  1.00000000000000000
 -0.00385420128595002  0.01286214833752316  0.02670837646649988  0.04101348942686515
  0.05560259106669505  0.06967911377751788  0.08316169565013842  0.09717796340713467
  0.10893646077031398  0.11969275730319723  0.13150353421889305  0.14170320541526588
  0.15204742499845006  0.16252427933958283  0.17305905726218601  0.18659979941622584
  0.19979735189246073  0.21349930902194308  0.22592320681034900  0.23700119467627531
  0.24820148103057038  0.26039238770263978  0.27251148477048920  0.28299927858315582
  0.29504355237806856  0.30746407942093695  0.31874844998798713  0.33067958029075828
  0.34655122958524864  0.36325601447193662  0.37844042483865137  0.38794368666296886
  0.39688452075787017  0.40335358241202873  0.40986502949445186  0.41609707669623697
  0.42277369251403857  0.43143431188590814  0.44232083714960940  0.45493879984865870
  0.46403819050346712  0.47273721939625557  0.48009026848361236  0.48983077524844443
  0.49918234479914897  0.50850797429387595  0.52021677990308013  0.53476371822559343
  0.54642895623642962  0.55639207603411478  0.56509002217718296  0.57291405472375623
  0.58008846393391800  0.58642283908569015  0.59173530969327748  0.59683963737804646
  0.60311390656656338  0.61035796480924398  0.62276306404639770  0.63276160469139653
  0.64191681158004832  0.65489308782913169  0.66880593764866991  0.67929396270320352
  0.68914330776124866  0.69937047591047463  0.71158549168981222  0.72507578722183863
  0.74073192508059194  0.75626159415609528  0.76650665305605037  0.77541768953236823
  0.78446508325517272  0.79294259992594074  0.79904084259778274  0.80510988291097618
  0.81241261219876559  0.82159229082768448  0.83053998747238245  0.84029496832637229
  0.85280344104241634  0.86942593127657852  0.88578794667166338  0.90169422051803727
  0.91681599389129298  0.92656259987363787  0.93288496916697128  0.93861840335256863
  0.94440326747213521  0.95119817525911998  0.96073774720018945  0.97005844239307504
  0.97653755066730086  0.98336595030747342  0.99070300900878661  1.00000000000000000
 -0.00736123384696670  0.03872615241281457  0.06671332086909663  0.09250628722080992
  0.11806230155740985  0.14151862402772694  0.16429701299003724  0.18190515259919518
  0.19535149300785101  0.21011809402890197  0.22457299699203165  0.23829746578190386
  0.24803014442827404  0.25914615928806295  0.27365407990141655  0.28610164737969096
  0.29759856710632404  0.31050834138641975  0.32225010589457193  0.33454999192611962
  0.34842782339463158  0.35871530908411819  0.36839236743003706  0.37927930273898014
  0.39054955005483660  0.40163953772009453  0.41084550088404681  0.41801405758112037
  0.42502278913297187  0.43246885279390335  0.44029138592573203  0.44967209439859257
  0.45917148081953862  0.46857985424133930  0.47834283419547596  0.48924486840741854
  0.49772436085430632  0.50574213642828225  0.51431561534409709  0.52343009195388046
  0.53250638760791458  0.54151845629767392  0.55005917762823198  0.55888130976495176
  0.56973094993462414  0.58099021720329747  0.58994726738877701  0.59852834281180500
  0.60769564834929013  0.61594299801748487  0.62357234687924756  0.63165241850979403
  0.63784661637847262  0.64321826576905161  0.64933558719172790  0.65606329056537793
  0.66266702789145571  0.66983042950734939  0.67776111719767229  0.68754315276351397
  0.69878467711878678  0.70884500190370137  0.71764587465170326  0.72515840706657453
  0.73214770666286211  0.73848011759703325  0.74626112480329010  0.75779238759614753
  0.77305409689045224  0.78521183254960714  0.79677326783171898  0.80808927861962154
  0.81875615227973486  0.82823532853911219  0.83571404312214925  0.84085402701306455
  0.84631577746775688  0.85223981608286403  0.85799807676347695  0.86467112413044134
  0.87232167869108634  0.88020161954012588  0.88569238744924239  0.89109619748624358
  0.89768815221558951  0.90711341535210277  0.91899590863416025  0.93122442980365616
  0.94223103099770633  0.95028323474170895  0.95751786538938866  0.96413605393161628
  0.97108604014727529  0.98009324138468634  0.98928391670506299  1.00000000000000000
 -0.00180951559428261  0.01116923688428821  0.02112071838628910  0.02886862865895252
  0.03435178440605986  0.03995031122086332  0.04722272596470329  0.05530612567775169
  0.06448735285937250  0.07632629802591583  0.08764790871746009  0.10093517419951756
  0.11106035978647934  0.11988701441125726  0.12821113850519883  0.13683806092451509
  0.14751817563269695  0.15895136266874829  0.16817955453073044  0.17672610982270961
  0.18517525106096427  0.19426589020459301  0.20447075471584575  0.21461532154087778
  0.22371461607756968  0.23201668833332495  0.24026669365736594  0.24777080201493337
  0.25417622126753892  0.26464801867156007  0.27354075883234008  0.28447629552350129
  0.29586692330388020  0.31016667757997174  0.32392413334936276  0.33698798070231573
  0.34793122213563654  0.35880677642254194  0.37073245596921311  0.38289786878338483
  0.39434779900528472  0.40497954010609999  0.41585432562038477  0.42588945834732062
  0.43378533417159471  0.44036094084719768  0.44672972793432603  0.45429077369120507
  0.46428409089805228  0.48203768724706375  0.50085257590052445  0.51613172946759633
  0.52774682617160384  0.54002647303689100  0.55095077740686382  0.56128573690854366
  0.57258220242310731  0.58646305972040780  0.60186574891386269  0.61693932837721110
  0.63137426960377196  0.64528396161186308  0.66258953159358513  0.67690547308714188
  0.68694824544109878  0.69554009337614275  0.70325506885136924  0.71293149283319779
  0.72235396281192410  0.73214191631790992  0.74133325520940552  0.75116245013687455
  0.76112210160856864  0.76952452489415268  0.77676829637557732  0.78356184309698540
  0.79033280648213866  0.79593068391993627  0.80151600749479479  0.80708900108166881
  0.81373050242986156  0.82260526917257037  0.83284657879675728  0.84440097054570462
  0.85690940418600037  0.86756247717125357  0.87818764984791786  0.89122792705768805
  0.90494326469062703  0.91835170621798023  0.93320164159774011  0.94845781645376093
  0.96095433064156099  0.97274696315923925  0.98404001203124614  1.00000000000000000
 -0.00248155897987554  0.01400877785131940  0.02614111498902552  0.03781796394386704
  0.05185972583384405  0.06653002571252593  0.08367598259205962  0.09489464624370647
  0.10444452798052783  0.11319736344245937  0.12274492566027462  0.13274338083271092
  0.14174611066705181  0.14822362833928507  0.15407014247239986  0.16092034309816350
  0.16689713226578073  0.17152181004454276  0.18050660168885471  0.19119850189982845
  0.20531005673895308  0.21859553816221666  0.23107151941108553  0.24120006366285451
  0.25148837584550665  0.26100859215729383  0.26857595121814881  0.27541884390807475
  0.28127185833579671  0.28726459585315961  0.29343339921946759  0.30154095578028983
  0.31009959534549630  0.32029431299877148  0.32937663154909785  0.34038037313188485
  0.35008622021290503  0.35935389335594214  0.36812946095226440  0.37770192987684598
  0.38873781152295384  0.40218404354302323  0.41422154294561137  0.42362613751842249
  0.43096727274118068  0.43741282686279553  0.44441363142804957  0.45227611122501926
  0.46358236982957174  0.47331927864934686  0.48244127829024569  0.49153512782602093
  0.50111151985229774  0.51147935972860914  0.52213180892191446  0.53050741663163758
  0.53909711229032153  0.54880421246089273  0.56000688201102411  0.57065256857978253
  0.58190983234772586  0.59105209952587334  0.59985414369298518  0.61136900001305594
  0.62596321129323007  0.64058545333068251  0.65356664193408665  0.66567926739861882
  0.67717261888795865  0.68799668786295476  0.69710700525533509  0.70638236008730448
  0.71455031678232162  0.72169027452994883  0.72754203570481535  0.73315155239624008
  0.73868260605500313  0.74541459534056587  0.75389685602100054  0.76425570997538161
  0.77566419501699402  0.78850541417836473  0.80251324632408672  0.81712840315663582
  0.83235399994314074  0.84832338058905610  0.86466989958243023  0.87796569179237116
  0.88950761616436391  0.90222821485801274  0.91698159749030583  0.93232782379277501
  0.94842867492976979  0.96365073847429539  0.97993621492595973  1.00000000000000000
 -0.00001433976791099  0.00031915902364205  0.00063178545951928  0.00080051908645178
  0.00096906735686005  0.00113718847091291  0.00130152956412785  0.00146240433701935
  0.00162542748335163  0.00177689754228546  0.00191866505899993  0.00205381845584812
  0.00218514853230076  0.00230763441585447  0.00242019741672042  0.00252101578271824
  0.00262175480449467  0.00272225241434878  0.00282275002420290  0.00293115604960717
  0.00303957449677023  0.00320483939868340  0.00337911982176359  0.00355839945722891
  0.00372978795732852  0.00389415143989607  0.00404954253650970  0.00421476512237385
  0.00437013007180987  0.00451402273011204  0.00466003973530295  0.00481486811413374
  0.00498701048205818  0.00515286970419737  0.00530785336165605  0.00545941408460695
  0.00560903850088814  0.00576893080615169  0.00592046895918642  0.00606861216532824
  0.00621536641193986  0.00637662456489278  0.00654240333459420  0.00671652996112510
  0.00689419368720838  0.00711723264788625  0.00737341732562283  0.00769120616901254
  0.00794904437077991  0.00820028595008717  0.00846877027161635  0.00869282435242853
  0.00888048853260161  0.00904501305900742  0.00921544443438773  0.00942626954900683
  0.00973582425234342  0.01001727896110766  0.01030859689821648  0.01058950828761334
  0.01095353618913359  0.01128320223807979  0.01164286066967471  0.01205681932268452
  0.01253758352967273  0.01298618504035236  0.01337833519426632  0.01376895171047851
  0.01421866332383645  0.01489932569453466  0.01581597335102589  0.01661850262399086
  0.01699812791610997  0.01718980370220820  0.01749075645569658  0.01779886793766866
  0.01812134545897908  0.01848824755451915  0.01927945339887380  0.02055793904646290
  0.02159064702173854  0.02247562056995936  0.02334105159162008  0.02420355859440021
  0.02509125583799261  0.02603494390359816  0.02717926410888275  0.02820090023488190
  0.02948844199118979  0.03144004152204599  0.03228860925018496  0.03300869876573411
  0.03405179274739714  0.04917344293470878  0.37943916997554400  1.00000000000000000
 -0.00123030767533967  0.00564379802931550  0.01376425348809086  0.02212894832939773
  0.03259720194210641  0.04440399759463233  0.05599100276244921  0.06612922973228336
  0.07457297010820634  0.08217531588596308  0.08865250823583778  0.09497141604145912
  0.10115996778469494  0.10975745139118379  0.11809038241275194  0.12766028879842720
  0.13689037021884040  0.14838297908617920  0.15916343762783708  0.16809234807218498
  0.17715539350707543  0.18541221616651965  0.19278261242743983  0.19855301565786024
  0.20363470771945025  0.20874076566638775  0.21566767055905153  0.22587927307002575
  0.23311300691954320  0.23782004966468345  0.24234673113843319  0.24710322084403405
  0.25698684029341917  0.26653499897706223  0.27447572673849335  0.28329312329275308
  0.29219860729868014  0.30097119310030823  0.31491482104789764  0.33149401203310835
  0.34645634662062297  0.36182143449854715  0.37937136778819386  0.39175313042895410
  0.40275732461429092  0.41244876031059963  0.42086198042949458  0.43063281594942410
  0.44306624157508806  0.46056259044481396  0.47858544704907263  0.49821499908170225
  0.51087061926896071  0.52065429822793163  0.52995414086644910  0.53838157159460565
  0.55150136082722712  0.56507061229531574  0.57710633495754304  0.58728499502724163
  0.59605429752480632  0.60476517754301318  0.61429230315253891  0.62319532527128874
  0.63231592063489273  0.64265534125560164  0.65475941579717678  0.67019162716259406
  0.68913284744785330  0.70280737989633246  0.71543785950233019  0.72724132149474552
  0.73833737294393365  0.74966749629023410  0.76280254678903703  0.77601832456262421
  0.78857806626842331  0.80188420485227119  0.81419279553895785  0.82557415923360788
  0.83848115583919536  0.84948183944470479  0.85950931470890701  0.86876650791486076
  0.87702018517632629  0.88801733600130583  0.89941498465562875  0.91150406298708087
  0.92559065722278999  0.93892507619681298  0.94855335349501568  0.95761711268780558
  0.96614624545706940  0.97575954283338606  0.98762605165581052  1.00000000000000000
  0.18024942729030480  0.44388809891991465  0.49173838915709933  0.51884194675999262
  0.53756126697455686  0.55685917681207564  0.57188018689192932  0.58456533712730629
  0.59728213196010460  0.60571638934775573  0.61258521527236143  0.62070761874079805
  0.62919937605125953  0.63546295080201931  0.64101711608824052  0.64683300143266276
  0.65625644030703434  0.66804594814033347  0.67914494285774052  0.68766857968418693
  0.69430354553584506  0.70118108627979558  0.70808128537485127  0.71524958530301530
  0.72311511626585756  0.73064937795255680  0.73829306889812185  0.74517274797838084
  0.75245642266782375  0.75915995867226527  0.76580929701205014  0.77075909259202791
  0.77507698031889105  0.77891007903536047  0.78252855716639058  0.78581523811672183
  0.78931807911770646  0.79295477071765330  0.79665993707393579  0.79961776321586386
  0.80255464062833626  0.80533169030785534  0.80800306192161220  0.81212147284884129
  0.81670609586228515  0.82208004517056932  0.82822313727775843  0.83361439364733958
  0.84018971301466827  0.84584991657746367  0.85122805564766513  0.85633409064092147
  0.86117526325465032  0.86596853619096514  0.87064810692400141  0.87494844449700349
  0.87854181021438627  0.88273405758243750  0.88725052093962686  0.89211786159756912
  0.89550905111551549  0.89849383278491746  0.90149501033398372  0.90449497832331005
  0.90771093450616780  0.91135577038163029  0.91496207791138084  0.91870316434021271
  0.92154416047899101  0.92425034487607194  0.92706330731181563  0.93032192417422299
  0.93433547225573232  0.93805380981503517  0.94126312969037140  0.94360170072067229
  0.94574107601683921  0.94762938803110319  0.94934317571468163  0.95095029988563384
  0.95287734193208251  0.95534326619418775  0.95850264233281024  0.96175411749537376
  0.96507550587938873  0.96824530467518788  0.97100403085804443  0.97322046103202142
  0.97525735370536615  0.97718071739297008  0.97912651344482771  0.98160715714065039
  0.98415538172977235  0.98712169235504588  0.99172048405344859  1.00000000000000000
 -0.02339580883729701  0.13807790980907075  0.19286848516065769  0.23555382027531060
  0.26063330538303964  0.28315904631949707  0.30375542835723818  0.32138043162075403
  0.33681553078346610  0.35245427256365430  0.36797998839024543  0.38242032072336829
  0.39212119832412795  0.39942737653684346  0.40741517273385186  0.41452563861233027
  0.42244812437937579  0.43275672096754741  0.44211256082465566  0.45071736938687429
  0.45880040378639736  0.46739988001818050  0.47541230235300680  0.48317253750089667
  0.49038488650351003  0.49794218282342950  0.50804516964992152  0.51900908762973752
  0.52868820527478178  0.53653113078711145  0.54432008393547782  0.55185511398175258
  0.55955909715633068  0.56760051283627799  0.57484732476865941  0.58098391041195097
  0.58640974872084062  0.59170585749195570  0.59607854402865190  0.60053285531786671
  0.60518456804853815  0.60953238377491958  0.61557002606784006  0.62121057146698944
  0.62611640903821808  0.63025810176268604  0.63439324629916327  0.63853176515085452
  0.64291433230407879  0.64748137148229390  0.65193991056725087  0.65657965425004339
  0.65962185247144256  0.66253991401142154  0.66546789778577975  0.66815146335017495
  0.67106995115541479  0.67426542128779954  0.67784552752682059  0.68181334108634850
  0.68661345231830451  0.69253703844819092  0.69929812795356849  0.70645295358552207
  0.71289424235414633  0.71800547296852291  0.72243042043870065  0.72605001355358234
  0.72993728252241052  0.73383637448806194  0.73731489517725601  0.74108502917332941
  0.74508819858740660  0.74964832123576919  0.75526735784539067  0.76119767971416663
  0.76688831566803406  0.77331544413234776  0.78098515073746111  0.78809443148443947
  0.79433686948055882  0.80071904844797936  0.80734109235061169  0.81442970450619767
  0.82248698471533799  0.82886772207715986  0.83560389405461533  0.84265454101801318
  0.85068235083149002  0.85987501537196998  0.86955406312213479  0.87967083871634510
  0.89407602046073287  0.91083182108516281  0.93803996227262909  1.00000000000000000
   6.3451605153990437E-014  -1.0000000000000000     
 F F F F F F F F F F F F F F F F F F F F F F F F F F F F F F F F F F F F F F F F F F F F F F F F F F F F F F F F F F F F F F F F F F F F F F F F F F F F F F F F F F F F F F F F F F F F F F F F F F F F F F F F F F F F F F F F F F F F F F F F F F F F F F F F F F F F F F F F F F F F F F F F F F F F F F F F F F F F F F F F F F F F F F F F F F F F F F F F F F F F F F F F F F F F F F F F F F F F F F F F F F F F F F F F F F F F F F F F F F F F F F F F F F F F F F F F F F F F F F F F F F F F F F F F F F F F F F F F F F F F F F F F F F F F F F F F F F F F F F F F F F F F F F F F F F F F F F F F F F F F F F F F F F F F F F F F F F F F F F F F F F F F F F F F F F F F F F F F F F F F F F F F F F F F F F F F F F F F F F F F F F F F F F F F F F F F F F F F F F F F F F F F F F F F F F F F F F F F F F F F F F F F F F F F F F F F F F F F F F F F F F F F F F F F F F F F F F F F F F F F F F F F F F F F F F F F F F F F F F F F F F F F F F F F F F F F F F F F F F F F F F F F F F F F F F F F F F F F F F F F F F F F F F F F F F F F F F F F F F F F F F F F F F F F F F F F F F F F F F F F F F F F F F F F F F F F F F F F F F F F F F F F F F F F F F F F F F F F F F F F F F F F F F F F F F F F F F F F F F F F F F F F F F F F F F F F F F F F F F F F F F F F F F F F F F F F F F F F F F F F F F F F F F F F F F F F F F F F F F F F F F F F F F F F F F F F F F F F F F F F F F F F F F F F F F F F F F F F F F F F F F F F F F F F F F F F F F F F F F F F F F F F F F F F F F F F F F F F F F F F F F F F F F F F F F F F F F F F F F F F F F F F F F F F F F F F F F F F F F F F F F F F F F F F F F F F F F F F F F F F F F F F F F F F F F F F F F F F F F F F F F F F F F F F F F F F F F F F F F F F F F F F F F F F F F F F F F F F F F F F F F F F F F F F F F F F F F F F F F F F F F F F F F F F F F F F F F F F F F F F F F F F F F F F F F F F F F F F F F F F F F F F F F F F F F F F F F F F F F F F F F F F F F F F F F F F F F F F F F F F F F F F F F F F F F F F F F F F F F F F F F F F F F F F F F F F F F F F F F F F F F F F F F F F F F F F F F F F F F F F F F F F F F F F F F F F F F F F F F F F F F F F F F F F F F F F F F F F F F F F F F F F F F F F F F F F F F F F F F F F F F F F F F F F F F F F F F F F F F F F F F F F F F F F F F F F F F F F F F F F F F F F F F F F F F F F F F F F F F F F F F F F F F F F F F F F F F F F F F F F F F F F F F F F F F F F F F F F F F F F F F F F F F F F F F F F F F F F F F F F F F F F F F F F F F F F F F F F F F F F F F F F F F F F F F F F F F F F F F F F F F F F F F F F F F F F F F F F F F F F F F F F F F F F F F F F F F F F F F F F F F F F F F F F F F F F F F F F F F F F F F F F F F F F F F F F F F F F F F F F F F F F F F F F F F F F F F F F F F F F F F F F F F F F F F F F F F F F F F F F F F F F F F F F F F F F F F F F F F F F F F F F F F F F F F F F F F F F F F F F F F F F F F F F F F F F F F F F F F F F F F F F F F F F F F F F F F F F F F F F F F F F F F F F F F F F F F F F F F F F F F F F F F F F F F F F F F F F F F F F F F F F F F F F F F F F F F F F F F F F F F F F F F F F F F F F F F F F F F F F F F F F F F F F F F F F F F F F F F F F F F F F F F F F F F F F F F F F F F F F F F F F F F F F F F F F F F F F F F F F F F F F F F F F F F F F F F F F F F F F F F F F F F F F F F F F F F F F F F F F F F F F F F F F F F F F F F F F F F F F F F F F F F F F F F F F F F F F F F F F F F F F F F F F F F F F F F F F F F F F F F F F F F F F F F F F F F F F F F F F F F F F F F F F F F F F F F F F F F F F F F F F F F F F F F F F F F F F F F F F F F F F F F F F F F F F F F F F F F F F F F F F F F F F F F F F F F F F F F F F F F F F F F F F F F F F F F F F F F F F F F F F F F F F F F F F F F F F F F F F F F F F F F F F F F F F F F F F F F F F F F F F F F F F F F F F F F F F F F F F F F F F F F F F F F F F F F F F F F F F F F F F F F F F F F F F F F F F F F F F F F F F F F F F F F F F F F F F F F F F F F F F F F F F F F F F F F F F F F F F F F F F F F F F F F F F F F F F F F F F F F F F F F F F F F F F F F F F F F F F F F F F F F F F F F F F F F F F F F F F F F F F F F F F F F F F F F F F F F F F F F F F F F F F F F F F F F F F F F F F F F F F F F F F
  <DiscreteSampler_grid>
  grouped_processes
  1 # 1 for a reference and 2 for a running grid.
  10 # Attribute 'min_bin_probing_points' of the grid.
  1 # Attribute 'grid_mode' of the grid. 1=='default',2=='initialization'
  0.0000000000000000 # Attribute 'small_contrib_threshold' of the grid.
  0.5000000000000000 # Attribute 'damping_power' of the grid.
 # binID   n_entries weight   weight_sqr   abs_weight
    61   10   5.513836267762433E-010   2.424737278758419E-018   5.513836267762433E-010
    62   10   5.513836267762458E-010   2.424737278758455E-018   5.513836267762458E-010
    64   10   1.102767253552487E-009   9.698949115033678E-018   1.102767253552487E-009
    65   10   1.102767253552492E-009   9.698949115033820E-018   1.102767253552492E-009
    67   10   7.855621074197311E-010   5.173054837891780E-018   7.855621074197311E-010
    68   10   7.855621074197340E-010   5.173054837891838E-018   7.855621074197340E-010
    70   10   1.571124214839462E-009   2.069221935156712E-017   1.571124214839462E-009
    71   10   1.571124214839468E-009   2.069221935156735E-017   1.571124214839468E-009
    106   10   5.513836267762450E-010   2.424737278758439E-018   5.513836267762450E-010
    107   10   5.513836267762443E-010   2.424737278758438E-018   5.513836267762443E-010
    109   10   1.102767253552490E-009   9.698949115033758E-018   1.102767253552490E-009
    110   10   1.102767253552489E-009   9.698949115033752E-018   1.102767253552489E-009
    112   10   7.855621074197338E-010   5.173054837891824E-018   7.855621074197338E-010
    113   10   7.855621074197313E-010   5.173054837891797E-018   7.855621074197313E-010
    115   10   1.571124214839468E-009   2.069221935156730E-017   1.571124214839468E-009
    116   10   1.571124214839463E-009   2.069221935156719E-017   1.571124214839463E-009
  </DiscreteSampler_grid>
