  0.00113229699792729  0.01879165567485236  0.03499629417718254  0.05350038537654871
  0.07032911344502829  0.08109135161734876  0.08897034046645051  0.10039696903359764
  0.10832893460611695  0.11492518030295286  0.12195111996097581  0.12957661971645679
  0.14004750750988681  0.15229629249600490  0.16479620348474600  0.17886876068447632
  0.19442744502987358  0.21089034150888730  0.22443786188285986  0.23465510874806819
  0.23970067429580355  0.24786260409351035  0.25432101379751909  0.25887715409084255
  0.26318673729779368  0.27271362800288257  0.28797098242307917  0.29738244705113775
  0.30670539350925247  0.31379084974418131  0.32087630597911021  0.32765164834786775
  0.33437962887194272  0.34752751548389671  0.36382676577432482  0.37859661598421535
  0.39017070145208615  0.39446345358462070  0.39825846788291730  0.40247412380964448
  0.40933809448636888  0.42482763391983741  0.44213459860059107  0.45791776268012546
  0.47558045332637622  0.49360928253270553  0.50464047399529932  0.50969434697435689
  0.51474821995341458  0.51968762426795367  0.52429684394650478  0.52890606362505588
  0.53336593682113220  0.53633582658234091  0.53930571634354962  0.54227560610475833
  0.55160868966304644  0.56273133328741887  0.57504108210664717  0.59278078851163007
  0.61451302801114382  0.62718642012366677  0.63650014513627273  0.64254349736009153
  0.64721348155471203  0.65225030739938061  0.65915685960655201  0.67268413231865365
  0.68429031348242542  0.69842343272064855  0.71159908740298905  0.72710215552568613
  0.73949942195120577  0.74950482604135060  0.76151220220536242  0.77886010298210484
  0.79505454409965859  0.80923927207508850  0.82130061872679749  0.83087728162351127
  0.83950090701580415  0.84696303998645095  0.85570044969281223  0.86721634005453896
  0.87445719613701667  0.88736508979305773  0.90066541969375780  0.91440293659442318
  0.92410786244209009  0.93382171081926701  0.94245905132126695  0.94959056426781274
  0.95806195620949675  0.96861567672301441  0.98212542651674783  1.00000000000000000
  0.01003056809503884  0.01474881124181236  0.02031796008526972  0.02901402574255317
  0.03657854251484670  0.04136659445644943  0.04571113054837585  0.05004641901781077
  0.06179608704536413  0.07842389270544768  0.08828295220215314  0.10079204159318020
  0.11224716525021580  0.12210028980617481  0.12957375444635102  0.13769311357596412
  0.14835039693077615  0.16020593216166695  0.17354188593861483  0.18553134176730060
  0.20314417712672175  0.21679718353051713  0.22960399486643582  0.24105586887321939
  0.25197192752801217  0.26303780138056621  0.27227462595808760  0.27820403747498756
  0.28240616414417591  0.29094947544836053  0.30111306870987564  0.30699310219998854
  0.31395569090823078  0.32726235975958062  0.34456469668773587  0.35101709360056582
  0.35746949051339572  0.36392188742622567  0.36922819681147773  0.37439473105857035
  0.37956126530566303  0.38385322714756615  0.38773922640331099  0.39162522565905589
  0.39932340338264533  0.41348203821995166  0.42705446368442013  0.43932272616946089
  0.45258269199888995  0.46716599716668522  0.47757201327635224  0.48937246189248212
  0.50587330498803895  0.52223863938122117  0.52891146294985047  0.53363602141092514
  0.53699326806391912  0.54127198221975936  0.55064335317495505  0.56010429275321727
  0.57243840282605629  0.58397962264548020  0.59489054571857236  0.60719535374361966
  0.62327475681306255  0.63347574091918768  0.64342736593210081  0.65261988017159900
  0.66293491952241690  0.67544937330884014  0.69068984764996966  0.71404157716931771
  0.73920267316380639  0.74978186323959373  0.75972908034987552  0.76538472557344095
  0.77091134561803087  0.77525104486204366  0.77999006698569651  0.78962428558403253
  0.79896021091552305  0.80391006094199247  0.80951385893243399  0.81557962302642650
  0.82298844716716146  0.83414495533317534  0.84509503440811629  0.85925350250735855
  0.87412027259387071  0.88978492051230440  0.90506158111409385  0.92055376935732114
  0.93776229196124072  0.95379250938458515  0.97497078728850362  1.00000000000000000
  0.00019621837552283  0.00021168795687795  0.00022001641073581  0.00022748299211328
  0.00023155896850055  0.00023545903075928  0.00023947883016488  0.00024400247512399
  0.00025152094516303  0.00025823195383932  0.00026306992889206  0.00026631208035378
  0.00026942573264338  0.00027277803934588  0.00027766342957093  0.00028211015073178
  0.00028662578620178  0.00029171914014591  0.00029732428818762  0.00030198629919875
  0.00030582390492537  0.00030931199192186  0.00031316295106632  0.00031541139963840
  0.00031724762797524  0.00031924061535525  0.00032126791411874  0.00032338470372039
  0.00032553227069793  0.00032731601468463  0.00032845697635407  0.00032910828659065
  0.00032975959682724  0.00033045081338785  0.00033117820886976  0.00033190560435167
  0.00033264897418915  0.00033340518961104  0.00033416140503293  0.00033664406256220
  0.00034035776075324  0.00034399298787758  0.00034802388935110  0.00035259051986394
  0.00035837073490215  0.00036918310619260  0.00037375527670348  0.00037783715323961
  0.00038176458437167  0.00038588993780391  0.00039039005888397  0.00039524130482028
  0.00040036280779176  0.00040580614113963  0.00041338333603900  0.00041992218522054
  0.00042685599576432  0.00043576868216115  0.00044543721630797  0.00045438741687939
  0.00046399979399001  0.00047605272144895  0.00049002202142621  0.00050017009472498
  0.00050772952812507  0.00051521528066957  0.00052260009494334  0.00053547588258900
  0.00054816966421893  0.00056112999998495  0.00057988244364813  0.00059784282352389
  0.00060707528188445  0.00061380221428289  0.00062307747850883  0.00063507848356519
  0.00064796864547993  0.00066226805466359  0.00069066997473971  0.00071600000553862
  0.00073885861745918  0.00077417626536092  0.00082560330053559  0.00090946559271024
  0.00099691150576788  0.00104989288995535  0.00110775600244758  0.00119529665469473
  0.00130924815364698  0.00139921688299559  0.00153408859838634  0.00177900003184268
  0.00235368992124620  0.01078172721724643  0.84244125041140827  1.00000000000000000
  0.00023231927500704  0.00043651139387629  0.00051473309239788  0.00057022806816662
  0.00060394777894419  0.00063335776911731  0.00066273819764489  0.00069774489271793
  0.00072682529329626  0.00074642697286025  0.00076602865242425  0.00078563033198825
  0.00080513057062151  0.00082457026842199  0.00084400996622248  0.00086344966402296
  0.00088072594971483  0.00089740102695585  0.00091407610419687  0.00093206927209054
  0.00100308464443347  0.00106024059979499  0.00110579343268711  0.00115964417930875
  0.00121833750285890  0.00127347371329244  0.00132427155392197  0.00136339404561961
  0.00139519697573195  0.00143295406920041  0.00146033014362169  0.00148354645211410
  0.00152946677483276  0.00158279886967392  0.00163843284463454  0.00169291337617835
  0.00174749812323269  0.00178231896453441  0.00181788809741164  0.00186123695680490
  0.00190965569765148  0.00197074990224267  0.00206145445942924  0.00214306212815029
  0.00218997393498011  0.00223790740925440  0.00228271530969674  0.00232241646293289
  0.00236133558703178  0.00240394278302469  0.00244548441608108  0.00249127986243825
  0.00254440142932017  0.00261051963080630  0.00273095538285771  0.00282086914505682
  0.00287160690267965  0.00289919464551882  0.00292801004958908  0.00297142778331137
  0.00302614525759578  0.00307029888065729  0.00312034457980518  0.00317630621196200
  0.00321541494152437  0.00334148179812685  0.00348319126881680  0.00359928112873472
  0.00372582378986946  0.00384110826864763  0.00392794915569389  0.00406715714826711
  0.00423566660321929  0.00438608653370677  0.00454583742940755  0.00471583054501243
  0.00490774026197123  0.00514234391723173  0.00543477229792283  0.00572310587160144
  0.00612883407204250  0.00660752813263911  0.00705214071625508  0.00738568806895218
  0.00770667135437336  0.00817533083101534  0.00899677792187616  0.01020058381951883
  0.01177306540833192  0.01421843752420569  0.01745769414554734  0.02252642832147411
  0.02837047912473824  0.04047592768733470  0.07004003153406674  1.00000000000000000
  0.00242293329208171  0.01806124984473763  0.02407927609575480  0.02899845870686044
  0.03316189513003536  0.03902639218006829  0.04717190722766321  0.05754837675318152
  0.06919719346073910  0.07833697811832636  0.08812559458852906  0.09968078390547085
  0.11106960407565845  0.11433740016794286  0.11676406428698642  0.12020735677718886
  0.12560352950949075  0.13439988649705753  0.14258055822661750  0.16004514212479365
  0.17932390989138297  0.20123444452568126  0.22550364549463905  0.25239363000821108
  0.27562720936228990  0.29937722217515889  0.32181518974855078  0.33959487208462835
  0.35412511367707555  0.36609521054965360  0.37872591852473031  0.39389016805745641
  0.40794482686617289  0.41748041272901004  0.42541547096941601  0.43462307503035719
  0.44411564012327054  0.45130249884447626  0.45764199300233649  0.46462017496296559
  0.47244914083907336  0.48020726907618944  0.48781147456553398  0.49666282617733853
  0.50971028158537424  0.51977466687902107  0.52743789468126101  0.53583956386051490
  0.54510829978803366  0.55423845828191665  0.56148827486098862  0.57095777940854320
  0.58921244493280367  0.60539246101634236  0.61493306516878909  0.61903876333041552
  0.62168963615490203  0.62546057577761027  0.63215867407218340  0.64478514460608638
  0.66055027395607580  0.67162746540753426  0.68465298023250420  0.69711481647833085
  0.70742018866629719  0.71488266880890250  0.71919276813124700  0.72350286745359149
  0.72795804913145112  0.73273112819139385  0.73750420725133647  0.74199223589645724
  0.74572239055790268  0.74945254521934823  0.75586495546327792  0.76882928904197023
  0.77732657258344418  0.78668439781015453  0.79958216249503211  0.81378352833293321
  0.83195899028246356  0.84236015529029407  0.84977293113757624  0.85710489965182546
  0.86546974745236183  0.87788607169061095  0.89350356417226329  0.91086707513420229
  0.92216669003263785  0.93278404360257006  0.94281391602942766  0.95029278706978049
  0.95736459916656091  0.96479988263803507  0.97358419608996738  1.00000000000000000
  0.00002135951299514  0.00004337035705541  0.00005571966853980  0.00006688025237660
  0.00008014856383439  0.00009006428372759  0.00009545791971197  0.00010140558886106
  0.00010649596552521  0.00010956020718442  0.00011163154120447  0.00011264159661263
  0.00011365165202080  0.00011520264833778  0.00011690007282525  0.00011862357039608
  0.00012058100993289  0.00012253844946969  0.00012642904534513  0.00013097719618833
  0.00013413641499771  0.00013722163397965  0.00014081315735337  0.00014769944807203
  0.00015724253420807  0.00017503606600561  0.00019039775638929  0.00019886873207325
  0.00020584970900214  0.00021358832131505  0.00022287511008278  0.00023496814328340
  0.00024852024469975  0.00026281416520833  0.00027875087418376  0.00029091161337955
  0.00030151220681711  0.00031211376022332  0.00032272294987791  0.00033577255451165
  0.00035131513123489  0.00036710559968510  0.00038285107698309  0.00039826779515553
  0.00041368451332796  0.00043038656797984  0.00044711285172584  0.00047421095092963
  0.00050528509496401  0.00053889274270290  0.00057469828346223  0.00061028014899021
  0.00063879690095409  0.00066995315502626  0.00070762784971216  0.00076137212456090
  0.00081195257760522  0.00084581275444320  0.00087752807989777  0.00090961318832519
  0.00094317196414615  0.00099573648388652  0.00105846623419417  0.00110392477836386
  0.00113773258155023  0.00118617166039801  0.00123890863668472  0.00127776172593096
  0.00130265047873782  0.00131798645495905  0.00133844859460285  0.00136059968422606
  0.00138545781293171  0.00141822988992207  0.00147574689380232  0.00156703792083522
  0.00170068767713091  0.00184245741048431  0.00198427720591366  0.00209130258547250
  0.00217419239440503  0.00224282599187619  0.00238286896197878  0.00254956054574801
  0.00277562309381186  0.00312922377850287  0.00356086697394197  0.00437313409898419
  0.00498339331665398  0.00539997840390211  0.00622947722495963  0.00801494609600006
  0.01066525188331702  0.15239511755285398  0.41757545051689582  1.00000000000000000
 -0.00001905293938563  0.00017152271595664  0.00030082857982522  0.00045868177172905
  0.00061296691690123  0.00079727819463200  0.00100897059870434  0.00108708054516639
  0.00113705731736219  0.00118886430694734  0.00124241275147836  0.00129585221941792
  0.00134892685892434  0.00140200149843076  0.00153386548140941  0.00164591556693380
  0.00174069143087384  0.00186032796991872  0.00197051123861344  0.00202276460571835
  0.00206468805814046  0.00210618089640420  0.00214589928012227  0.00218429660298655
  0.00234577256436171  0.00250781627674288  0.00263124829757664  0.00273328368640045
  0.00280409824169002  0.00285704488445214  0.00292960437905204  0.00302097026739564
  0.00310878180317698  0.00318776491466882  0.00326880667024735  0.00336323971988429
  0.00356079048238081  0.00373282592989121  0.00390526983353575  0.00406618018198586
  0.00416129603247817  0.00426179654050828  0.00439253884158731  0.00449520606461252
  0.00471883342996584  0.00494495046870221  0.00517601060458852  0.00543061621800198
  0.00573440126281018  0.00596345382276172  0.00637054259872994  0.00667904784104154
  0.00674328129270953  0.00679960602189490  0.00687229513659095  0.00697262912311084
  0.00710218465072044  0.00724736314495727  0.00733991188216172  0.00744756011680647
  0.00757014006569382  0.00768455919843849  0.00779008436418220  0.00794014503874973
  0.00821867655896701  0.00848777613307816  0.00872126924267536  0.00892984535837591
  0.00934005319425741  0.00986841736330562  0.01062976535845057  0.01160457348352394
  0.01238323885104104  0.01294106634361759  0.01345162882738367  0.01414925931539129
  0.01484320418872205  0.01550138261971535  0.01709141301277778  0.01857279156621139
  0.02035763725568880  0.02149522209801366  0.02250019032416073  0.02308713549591573
  0.02388454482160640  0.02503473287464409  0.02573020851409956  0.02659064476602804
  0.02797687043636297  0.02931439761137243  0.03138723418693402  0.03433953169732851
  0.03908704808451125  0.05373986381610179  0.08970849743119388  1.00000000000000000
 -0.00741750445115521  0.03402573647185136  0.04315024097241874  0.05259331305178597
  0.05981049880362081  0.06794277946309418  0.08252078683243391  0.11247322828274704
  0.13774370016892545  0.14614955782930825  0.15405946416058056  0.16368067143445225
  0.17499243843127843  0.18410165642439144  0.19174234249170147  0.19956928478641675
  0.20827503376218623  0.21728439698926616  0.23586072763265067  0.25985563222411784
  0.27616094856503004  0.28873090850458305  0.29854218736639448  0.30744160705918239
  0.31721206512105110  0.32613605550300406  0.33393530396431648  0.34630069300426214
  0.35920228352600087  0.36776983500296867  0.37151130653211178  0.37391099390931543
  0.37631068128651907  0.37867686199037465  0.38102766938040467  0.38337847677043468
  0.38575425879804476  0.38814591820374950  0.39053757760945423  0.39676834601330374
  0.40604925857919399  0.42082157966862210  0.43688159615613065  0.45056531426698926
  0.46111462740438991  0.47257850045128691  0.48208675209593604  0.49178001618724948
  0.50125716214535576  0.51048393865415698  0.52117764034239189  0.53147594750955962
  0.54022645990169860  0.54870948580890899  0.55676506598582953  0.56316930842509116
  0.57211906173317095  0.58106655400116447  0.58899957652328894  0.59985229032374665
  0.61208985008707029  0.61766818852628580  0.62266756133959633  0.62791762858029243
  0.63350761708741243  0.64059527765768787  0.65002323540918638  0.66338613999470353
  0.66951135334185508  0.67478856689982369  0.67892454629821386  0.68205625160590522
  0.68548308298562155  0.69099141614636861  0.69961703119201191  0.71081684108399623
  0.72120371946585649  0.73333921997707086  0.74523464471135681  0.75463377368113937
  0.76256562345863232  0.77361359642405969  0.78673574625915055  0.80454284932755771
  0.81975820645410336  0.83092426247032547  0.84168230157326418  0.85170282024838195
  0.86011743085079817  0.86987489116001770  0.88283073376050802  0.90731610971688847
  0.94542696263363535  0.97237260982519524  0.98846413128592836  1.00000000000000000
 -0.00230102389331816  0.01320123729602578  0.02779123698926809  0.04273722791847714
  0.05985235779039851  0.07792856285173219  0.09485889275123489  0.11016175065992377
  0.12817217891703298  0.15560529031173442  0.18245290267433192  0.20663934980572471
  0.22413245053587777  0.23963282068297470  0.25561861995349733  0.27662373815494024
  0.29041911679446164  0.29583273467743226  0.29921411372027817  0.30207128513655346
  0.30786092022185013  0.31420280578282639  0.32268544070132638  0.33544086031178033
  0.34425220474994855  0.35566401279649984  0.37269307610562469  0.38376926930625244
  0.39135526772255230  0.39732670706670226  0.40211836487060948  0.40587234639830455
  0.40886242035372772  0.41450864282875699  0.42132391086493193  0.42753633790625728
  0.43582512320174549  0.44838816709053142  0.46098738883253232  0.46789556439534796
  0.47443812646080163  0.47935987094450244  0.48371842046820657  0.49140989382013672
  0.50246260103183815  0.51274359347590026  0.52001069956385859  0.52546222669854536
  0.53071450940654818  0.53578958703258173  0.54273048698905857  0.55203915833255379
  0.56494006947486330  0.57845271729528691  0.59082341592070986  0.60551679726674990
  0.62123253065982775  0.63747700619390779  0.65113938967340657  0.66552394107550339
  0.68333328464847509  0.69378158042587512  0.70061583536164618  0.70745009029741734
  0.71415663993372336  0.72077764439089342  0.72739864884806349  0.73135997597242486
  0.73289711402042734  0.73443425206842994  0.73723593707536761  0.74110015384915595
  0.74442925750417388  0.74779443405157531  0.75160560376329777  0.75485889438520426
  0.75815767011889657  0.76393097709732205  0.77336237733887936  0.78578635305411015
  0.79955918103898316  0.81180756543551991  0.82386794199725788  0.83213105187796044
  0.84153591381669457  0.85283132859272359  0.86484732279918064  0.87709513317861287
  0.89213805848859318  0.90736445774120056  0.92453686529084633  0.94408358075403620
  0.96039893807459753  0.97379908374032387  0.98568300919908969  1.00000000000000000
 -0.00285092459268068  0.01340290009572228  0.03097827512763096  0.05277663939262583
  0.07065039981051489  0.08505640048766090  0.09074840877427803  0.09478118805129651
  0.09794127544046359  0.10241163821839787  0.11190920116806126  0.11984225813195347
  0.12648716237491250  0.13570636475405065  0.14940793485337991  0.16520142211144753
  0.17446764651912020  0.17941599640955697  0.18239250063185122  0.18576423168387340
  0.18981144929521643  0.19673168322084389  0.20568851543683223  0.21626436601950447
  0.23191482954448478  0.25090805009519068  0.26762006634496111  0.28343976245754610
  0.29848441184451241  0.31661820688936959  0.33792560720949244  0.35607643255347582
  0.36989397001575891  0.38367462396749924  0.39814783713313995  0.41223725322524724
  0.42565861792343884  0.44538870699840272  0.47024704085556585  0.49240907453451016
  0.50737221258612852  0.52189483336972753  0.53634737896348794  0.55106606325901553
  0.56529022805561846  0.57972488591605154  0.60021275418174935  0.62528264339429462
  0.64040885110296031  0.64827855123146916  0.65527051654919855  0.66171894651310359
  0.66617452189587423  0.67164116209348590  0.67752274250997868  0.68369326480646386
  0.69001167196318558  0.69977255069839295  0.70816897725791439  0.71522834528109669
  0.72484018003409345  0.73386883754967114  0.73997115671485247  0.74326177023566475
  0.74655238375647703  0.74945916598934015  0.75205155790345968  0.75464394981757921
  0.75715388475157352  0.75959328327041364  0.76203268178925376  0.76758302962725999
  0.77864012056075826  0.79645097784587049  0.81683302642417044  0.83493100465823167
  0.84903627937703097  0.85993888183438338  0.86906870038417494  0.87821362185885210
  0.89015998295302634  0.89835175482188312  0.90423807824564872  0.90691942720539931
  0.91011888130256369  0.91554495069253594  0.92154928573747752  0.92864362328697136
  0.93602361050074578  0.94407444983663469  0.95233502843323836  0.96027709657197213
  0.96809185304368295  0.97773522231402943  0.98882380463234432  1.00000000000000000
 -0.00123714218153152  0.00875868534500503  0.02162211888380646  0.03969017507746154
  0.05552480130854699  0.07440750916587277  0.08783205482965771  0.10063241917992774
  0.11518379050616762  0.12993911023653981  0.13907439633170504  0.14372470456714195
  0.14551813836161945  0.14743977625565291  0.14949637850734510  0.15249240133497696
  0.15611602360302240  0.16560846930779938  0.17606811333994060  0.18227872342259346
  0.19057725349065363  0.20595342167684277  0.21804037432850190  0.23378276873416196
  0.24692921558019271  0.26117223693704217  0.27030261758903912  0.27420392488562723
  0.27810523218221539  0.28174480935986224  0.28513528928149839  0.28852576920313455
  0.29081681546189120  0.29212118247998281  0.29342554949807442  0.29696511259813169
  0.30127674686123740  0.30593219093837803  0.31146240800103059  0.31787783540381725
  0.32619755456968968  0.33571005296057777  0.34660148617318470  0.36451993288014450
  0.38365053470861304  0.39527038280236143  0.40454930556566382  0.41581409617084036
  0.43288740318038221  0.44801534249294317  0.45690979261135151  0.46431814012988004
  0.47122606430659641  0.47808700324852066  0.48707568113924576  0.49701587003004305
  0.50775781824073740  0.51926969281491764  0.53331793069324973  0.55254974437132853
  0.57017140659127541  0.59079377066265426  0.59959854460899020  0.61232210739478055
  0.62236041981039980  0.63318466716529120  0.64155392573049641  0.64927473571270977
  0.65587455055416555  0.66232317353122216  0.67308209485902915  0.68678116764847086
  0.69846257400403577  0.70906102310390862  0.71681997787202978  0.72502057427334277
  0.73951980268720052  0.74773515045341943  0.75629570565602355  0.76343022135395378
  0.77277831139923758  0.77972811459194280  0.78490801159778578  0.79293683264312420
  0.80390067193692827  0.81619959760298855  0.82809849068559216  0.84173860287779689
  0.85553701017165218  0.87295186569014827  0.89970086662949822  0.92760080805688605
  0.95253862055611715  0.97183877722384149  0.98708104578807798  1.00000000000000000
 -0.00171445123759336  0.00146430613690718  0.00464306351140773  0.00850914022059815
  0.01311503790974112  0.02079665950166307  0.03431458691350292  0.04622570055345639
  0.05587972657653324  0.06153987118943442  0.06621209074905572  0.07056530610644252
  0.07585404562151629  0.08234946231655349  0.09077184075468328  0.10528586651850320
  0.11925539857687195  0.13429078858833304  0.15055777242934662  0.15987787137727952
  0.16919797032521244  0.17851806927314534  0.18668678916942527  0.19430302211955947
  0.20191925506969366  0.20895769983801232  0.21510477074363288  0.22125184164925346
  0.22927464544881346  0.24667973792607861  0.25784632839752192  0.26850219002280745
  0.27504278774763818  0.27878639047213127  0.28569507801302935  0.29576373135343920
  0.30796606761135520  0.32166274765215025  0.33606613148238057  0.35047512381857360
  0.36289423223359296  0.37383807951552711  0.38304675208747374  0.38956638869786853
  0.39653109315817170  0.40377331936229466  0.41550085870263548  0.42675058390599541
  0.43753923439770864  0.45482336734749718  0.46848745956499854  0.48040899088975614
  0.49627322366669019  0.50593649892597292  0.51401599075955129  0.52062375695448238
  0.52749959752786235  0.53653059934772929  0.54935066768586704  0.56743475142404654
  0.58539209942498471  0.59569383394662323  0.60760068056841177  0.61639109985831042
  0.62559753833168519  0.63506768621481835  0.64342727678076683  0.65533918733949004
  0.67179941587513670  0.68692109000310408  0.69990552916362470  0.71133818399311999
  0.72123206128912576  0.73359678509959259  0.74929985602793925  0.76342334395474087
  0.77709522390141017  0.79233718112712093  0.80758409596040681  0.81778109486126671
  0.82439288021866419  0.83008880854543532  0.83514270847989813  0.84053933450811791
  0.84389581255184487  0.84784028315696014  0.86345481094390319  0.88971600716891197
  0.91293240125234287  0.93354763701403076  0.95129632801704134  0.96363697597262488
  0.97207969328445143  0.98044959758216255  0.98977105782695274  1.00000000000000000
 -0.00413877476779214  0.02192610869511953  0.03850546066650032  0.05179180782820451
  0.06618650696438318  0.08104049477659761  0.09513488713890034  0.11130260600242339
  0.13064450432567970  0.14381443125256593  0.15833368122252262  0.17057713183752110
  0.18111622461732554  0.19041730767899176  0.19530910098146381  0.19983054316350846
  0.20502999300046978  0.21169786822225678  0.22098220291598281  0.23446610571262463
  0.24776565846593909  0.26039756173813572  0.27410738461061551  0.29009974146437661
  0.30727665266027238  0.31848482939103995  0.32887500374969264  0.33966725248907709
  0.35142471011612314  0.36310957061575999  0.37728278923890018  0.39044684059151302
  0.40194829232514495  0.41670276111483562  0.43074590320872536  0.44456193159087581
  0.45622978245062223  0.46597019474204315  0.47501058513795480  0.48476491535241722
  0.49587724035203201  0.50836574106125465  0.51703942670480996  0.52760164460518466
  0.53945330460239715  0.55246592543783390  0.56062670082181221  0.56728153046508167
  0.57436184578795901  0.58102874034969199  0.58630230339738443  0.59204176645135032
  0.60298796832395296  0.61987209052409586  0.62972771466057142  0.63569642339774379
  0.64101243523979501  0.64873529249768391  0.65653225357819145  0.66940187283316843
  0.69529011994989898  0.71804716342632569  0.73951451603221352  0.75785889605967238
  0.77214962129825004  0.78920708998437850  0.79963530589474885  0.80764531373286474
  0.81404908914528884  0.82180187214094313  0.82971459917242452  0.83603155453513767
  0.83823308545433195  0.84043461637352623  0.84274421046508186  0.84522127703561933
  0.84769834360615692  0.85041007926486245  0.85345352533093821  0.85649697139701408
  0.86564569261352775  0.88242727649513686  0.90347397265376650  0.92846729002371153
  0.94718548336217623  0.96122258802083738  0.96541477930768260  0.96958607937228369
  0.97306888843971528  0.97633712118261806  0.97825619195981206  0.97906820829073904
  0.98108942196348103  0.98619874966011767  0.99337038578376524  1.00000000000000000
 -0.00500161166919457  0.05521071736207217  0.13307257111547430  0.18317331978702792
  0.21189235195791872  0.23623922867665767  0.25959638858653866  0.27756268835271131
  0.29672467554943571  0.31641959404076331  0.33771103434544542  0.35098646067216122
  0.36558557922796747  0.38132264542988914  0.39781979489018504  0.41613046788265501
  0.42710866869000352  0.43492814265884955  0.44222688369264207  0.44677656629610007
  0.45122896161772980  0.45509876759935231  0.45818596511424103  0.46057965307535148
  0.46366446349212664  0.46730018978395410  0.47439539077354398  0.48155281685523965
  0.48724046407392096  0.49275983350529579  0.49790461153113852  0.50308772137888935
  0.50857285105370476  0.51453476820608568  0.53115941215457285  0.54522780220267697
  0.54855487508964407  0.55128806394813767  0.55431963318318977  0.55855698449787250
  0.56487972014565568  0.57220791030125995  0.58071987093190258  0.58938294202587505
  0.59613423693849732  0.60626460748483779  0.61993264354513078  0.63190210900747501
  0.64288650341842002  0.65611063089034216  0.66604379206114905  0.67435433444562021
  0.67728754919111533  0.67997320602252564  0.68265886285393595  0.68639397358828280
  0.69027079398333058  0.69414761437837835  0.69767198130015018  0.70111738175675531
  0.70456278221336044  0.71333943683787560  0.72382095665177215  0.73345954203224006
  0.74267308696830570  0.75136510556307068  0.75842051321366810  0.76537163454017276
  0.77195041405148257  0.77679238363948078  0.78154246258341831  0.79086648514561608
  0.79776485893102533  0.80351108575344765  0.80866934657360778  0.81653360107729345
  0.82752177398392202  0.83100543402886740  0.83491952149603588  0.84180272574955839
  0.84814236357656914  0.86051916463932165  0.87492594351869879  0.88850242238854582
  0.90304249665278624  0.91809330861814387  0.93009614374467076  0.93856496673316514
  0.94581056433498678  0.95322708652784283  0.96101052184119451  0.96751179822355027
  0.97628106772492707  0.98513611273270207  0.99270079139525780  1.00000000000000000
 -0.00327246724242983  0.01348251611098239  0.02617004937732520  0.03791369676840226
  0.04941253834333435  0.06304879103767526  0.07863289299117397  0.10010366649079341
  0.11374666049806394  0.12015772121194961  0.12589440627442519  0.13108461727931284
  0.13617408947340928  0.14152422576010257  0.15237317200306161  0.16171637454792900
  0.16804326230925393  0.17146459711820813  0.17488593192716237  0.17830668403237065
  0.18171440159286847  0.18512211915336629  0.18852983671386414  0.19169310407138734
  0.19479943185000315  0.19790575962861892  0.20729822604891565  0.22119877941310501
  0.24026250843712846  0.25125584534898188  0.25801075880225427  0.26413005717487859
  0.27220566236250959  0.28231035761004331  0.28928591751517524  0.29618094041926762
  0.30883871459404588  0.33410146971270310  0.35973823903344049  0.37940684982140299
  0.39073550985366667  0.39796256550089926  0.40500567535170306  0.41352994152437056
  0.42696625975238051  0.44431871200270812  0.45872376374889995  0.47790816817521997
  0.50214214355102316  0.52863271047713967  0.54584755843036803  0.57037915195521505
  0.60245144983959575  0.63014473436316676  0.65066087161508623  0.66902173613762528
  0.68317197199598723  0.69160539729653470  0.70341440740743688  0.71698106269267603
  0.73174914230873378  0.74490493138571490  0.75422337794199512  0.76377708296725622
  0.77507195012663210  0.78312547239551000  0.79265169314955941  0.80307557254742346
  0.81315279547135066  0.82333201619072516  0.83317794894369313  0.83914779638452608
  0.84311939467968189  0.84634928728627856  0.84903283170880550  0.85167841063376126
  0.85456913333198492  0.85865923388539100  0.86372963594877950  0.86737060280455813
  0.87188807868181561  0.87949507935028171  0.88850143744744170  0.89595845931584372
  0.90230810843910092  0.90960549765782717  0.91545333741212731  0.92127318808407932
  0.92690359190164706  0.93228914214624403  0.93660590571130153  0.94185826330237465
  0.95115208793197470  0.96208126871021826  0.97713277875218285  1.00000000000000000
 -0.00158813509419164  0.01799867608262779  0.03652155053397762  0.05552950108691355
  0.07245814870564239  0.09094657356184557  0.10848705376457327  0.12265342345716670
  0.13260697959952181  0.14143377868616150  0.14968577811039432  0.15616302973778526
  0.16047107113536194  0.16477911253293862  0.16905999928347717  0.17328229387630770
  0.17750458846913825  0.18168088368270233  0.18572498877763255  0.18976909387256280
  0.19752108668027424  0.21524013217191298  0.22817568419293852  0.23765707416870874
  0.24514240939734727  0.25070671514655363  0.25734546574702438  0.26605227997125996
  0.27479101118293608  0.28586515728467721  0.29788474879685739  0.30473784992173214
  0.30992221008319926  0.31548038927573019  0.32130168689230793  0.32550999274907538
  0.32886569505180813  0.33568563397987650  0.33984032428312938  0.34354317641707172
  0.34920767676509662  0.35615148705886890  0.36209339239093585  0.36937530118957979
  0.37885670322732645  0.39180864481772204  0.41018664008032574  0.42666737640010166
  0.43682913748541241  0.44586772873453606  0.45474962463359775  0.46151161363492021
  0.46666326983532258  0.47207033408555205  0.47707467154240851  0.48510924924064569
  0.49603590113302276  0.50819589387807906  0.52148084739414280  0.52948357317715578
  0.53737866936703349  0.54697865844316162  0.55626586172460035  0.57058015662337436
  0.58317672657958974  0.59392246584867370  0.60294576492315366  0.61136125549211706
  0.62331737665559850  0.63687755512476540  0.64721134248795431  0.65786965922929230
  0.66865704506988644  0.68308658140474388  0.69638950848003256  0.70909434001651628
  0.72018425930700325  0.73517060287928881  0.74730793188401157  0.75468334670012283
  0.76774956276352946  0.78474158174011821  0.80461038652605466  0.82096164873552102
  0.82899526398057655  0.83556144155173473  0.84153608276631131  0.85403244826020008
  0.86883003233496114  0.88347660965477859  0.89769551141055137  0.91079114573671938
  0.93041156948110038  0.95335780597449093  0.97766702971654229  1.00000000000000000
 -0.00627829476848288  0.00151042877374734  0.00929915231597756  0.01708787585820777
  0.02487659940043799  0.03091500114455226  0.03690306012947555  0.04289111911439884
  0.05217807146397639  0.06282397146409321  0.07314973862592782  0.08158187767639126
  0.08900291677332529  0.09960706299614761  0.10822980390344226  0.11630755399975368
  0.12409334151715633  0.13158638634785297  0.13979050338414231  0.15086779556101335
  0.16219392986234846  0.17818893422637147  0.19764515434494934  0.22499546842519960
  0.25023615914235936  0.26360804552600853  0.27636369449102077  0.28947884331721335
  0.30526921654113498  0.32501156589622271  0.34797477574112329  0.36476584704089643
  0.37663630823611843  0.38495744183089847  0.39208705804925420  0.39767622305752054
  0.40110254593690142  0.40454568488474041  0.40804519131266104  0.41126009202338992
  0.41287715100588074  0.41466310557130504  0.41860011229960631  0.42205520503596061
  0.42562321176434942  0.42973117348807127  0.43598579784122782  0.44439477372707392
  0.45311072153849602  0.46607423674987625  0.48514464798557211  0.49551856398917576
  0.50376812819491512  0.51658270430476105  0.53220470850963719  0.55148941316532840
  0.57082953364928690  0.58479424610506825  0.59312789988910997  0.60373443147832218
  0.61192767425398387  0.61869792832087156  0.62611125943341894  0.63263697016223031
  0.64870482844806998  0.66599989025501949  0.68067156708000631  0.69023786827778721
  0.69879773591446304  0.70875089092853072  0.72023167059270110  0.72804719936086104
  0.73400267402912323  0.74012838157177685  0.74908256239495552  0.76247803188490137
  0.77554133877987896  0.79195302733186201  0.81048411037594781  0.82498327897307211
  0.83703729246379177  0.84988367134190912  0.85824094818406005  0.86982438241375371
  0.88220191469532416  0.89478446471572981  0.90239192327897533  0.90763780643940239
  0.91321246405659562  0.92077944571138604  0.93136865404730929  0.94069571266915630
  0.95075332720719075  0.96418549614243576  0.98086047378636798  1.00000000000000000
 -0.00266347007954859  0.00862213932028470  0.01825796466760288  0.02711276473746468
  0.03476552533104495  0.03932390080298797  0.04417211408126873  0.04834224179384173
  0.05321127630657414  0.05692599514480723  0.06008048395413004  0.06379041428744316
  0.06876233916813444  0.07788870043225790  0.08548914368545209  0.09014186029370054
  0.09543858512300706  0.10163040927805038  0.11057075637437895  0.12395780441729191
  0.13890615409139279  0.15189578312885127  0.16164060830071805  0.16722236371111460
  0.17294287997517752  0.17883073658692700  0.18550993141705072  0.19222967265007923
  0.19962985471380643  0.20888130738388683  0.21887745396209968  0.22749516317774168
  0.23399035878492644  0.24059934203711628  0.24871215823205292  0.25429885654595374
  0.25944213891606227  0.26477292052022056  0.27044450012325089  0.27561369915762296
  0.28088878079348195  0.28696344129183576  0.29204339989743439  0.29752005464534104
  0.30434031692306457  0.31141354372539387  0.32067386364069761  0.32910768886032349
  0.33680998235474635  0.34407174549494002  0.34981333705722806  0.35423725370016840
  0.35974392167064800  0.36638536419364132  0.37332015476743652  0.38062360673540113
  0.39149866033498981  0.40553321998582337  0.41804737690591559  0.43156934337946395
  0.44368003650499810  0.45490425470843132  0.46781781733690220  0.47338857460280487
  0.47662446024927019  0.47986034589573551  0.48369411763142023  0.48791403017628149
  0.49213394272114269  0.49663485093192428  0.50149627513175432  0.50635769933158425
  0.51225715737657596  0.52391641932229416  0.53323843844035079  0.54386690979046959
  0.55641871839143009  0.56890101079593991  0.59376206984066293  0.62212666027563424
  0.64645691827039264  0.66446018586413380  0.68205102436380105  0.70308248128178619
  0.72024562557631011  0.73832902203755557  0.76561131199415100  0.79099571216108033
  0.80919292092795547  0.83594927844374411  0.87719742178168592  0.92684778084635733
  0.93796862446642415  0.94963878617446540  0.96226417501734940  1.00000000000000000
 -0.00631452916705733  0.03670949201224138  0.05793861922118969  0.07290503391487792
  0.08517812838683976  0.09344471142001175  0.09730391567901459  0.10054293688356078
  0.10658047912412846  0.11284014641799840  0.12120176872531112  0.12980129414086333
  0.14289057281082601  0.15343240969358724  0.16423886732606449  0.17764749116962614
  0.19476608329826642  0.20807836781707592  0.21966734785775463  0.23010965255177004
  0.23859447613623372  0.24764606028622088  0.26072857480432721  0.27491645745529192
  0.28692963452044967  0.29941475070363016  0.31397857800644496  0.33310282583987327
  0.35285700633564288  0.36165243653585799  0.36396813216789192  0.36557559021041652
  0.36763807242694979  0.37075638115381426  0.37718552789776483  0.38403417847549798
  0.38790527680239567  0.38999741416938649  0.39208955153637726  0.39426592993978421
  0.39652520175116973  0.39878447356255525  0.40091929102720408  0.40283695945895137
  0.40475462789069871  0.40775907632374114  0.41542675271104956  0.42598880596679839
  0.44032257279101561  0.45475355101447323  0.47155550216125491  0.49054582363836374
  0.50560858093989536  0.52109989049973660  0.53430192275426880  0.54488144940868388
  0.55300982979961910  0.56103446355990860  0.56724278170718634  0.57287820658043842
  0.58295909467717810  0.59086694806573692  0.59792186959758409  0.60509857060019434
  0.61409339991610623  0.62301062228095094  0.63292594791962853  0.63950435793075422
  0.64755635965050307  0.65815667727015859  0.66478901564534487  0.66907226880267046
  0.67425701202222110  0.68101218992932866  0.68652964893522339  0.69465835812460131
  0.70831049652839673  0.72851394574431239  0.74592634545305103  0.76400257149847906
  0.78198779167498600  0.79603927437501765  0.81579416529046067  0.83246884467509186
  0.84258181211461403  0.85622857680949349  0.87201230336447477  0.88620067754326848
  0.89508983736273162  0.90308331587196600  0.91468180914724628  0.93484831777070920
  0.95391682720061366  0.97025153850236923  0.98545748231305164  1.00000000000000000
 -0.00264168819969315  0.01505152080873409  0.03285973325950916  0.04548855732344469
  0.05548675662560344  0.06611964701502920  0.07526903297516430  0.08164133910886062
  0.08860529818122859  0.09879956567408127  0.10919323127640967  0.12223814536417993
  0.13809586578105645  0.14746444046465179  0.15169746517195812  0.15408026767076433
  0.15646307016957053  0.16089674085292618  0.16679087826911979  0.17268501568531336
  0.17960946403871891  0.18736417196296565  0.19511887988721238  0.21099421023777984
  0.23395704043732729  0.25276520837209410  0.26650326114767181  0.27814106918817150
  0.28771828035636038  0.29715387969549978  0.30845363301297252  0.32235757019981298
  0.34136996423013122  0.36076742401230255  0.38007383335879241  0.39772351737722356
  0.40824333416327285  0.42490325999123718  0.43995657403291083  0.45198347544566830
  0.46596953363514532  0.48498149057903878  0.50845865026369763  0.52838724839171536
  0.54218704639177961  0.55705615578965406  0.57082395507376571  0.58166612096118997
  0.59366142954592604  0.61052715971327043  0.62487490458431150  0.63982526562060449
  0.65680122292367038  0.66707604778141449  0.67660920397133761  0.68740919300519510
  0.69721428487009518  0.71152560806406961  0.72574985645126622  0.73056790519763315
  0.73501714401512275  0.74084121179729134  0.74502864064627305  0.74905890160631738
  0.75310347096771213  0.75926255397951647  0.76925090095972892  0.78240682369761183
  0.80016738822483890  0.81365050290587360  0.82044249045650652  0.82549058619968463
  0.82979619717213682  0.83221099530240328  0.83584396440713982  0.83955687882101149
  0.84532621857347734  0.85128135931687621  0.85767939234848778  0.86424693994527557
  0.87331782087279197  0.88504331103692002  0.90124742278165249  0.91224031820656826
  0.91935871687979331  0.92686790385856344  0.93641173036368042  0.94532175279398922
  0.95314548334106797  0.96085063755206568  0.96821123886097993  0.97382606981016273
  0.97760413033076443  0.98239339263191494  0.98997263363826216  1.00000000000000000
  0.66790821970119552  0.84386536664288192  0.87801999826078070  0.89331846757598365
  0.91264921187581605  0.92811303765279052  0.93390025439809243  0.93797049373303043
  0.94122369828690255  0.94186924019780915  0.94244302572365446  0.94301681124949976
  0.94423000474294616  0.94555401930367267  0.94687803386439917  0.94788893935804164
  0.94878287156621532  0.94967680377438912  0.95158968143189782  0.95414476723067754
  0.95661580972161175  0.95913475990432917  0.96103704436323889  0.96192703908810528
  0.96262451799871307  0.96330309545870685  0.96394661825312022  0.96510062647815720
  0.96735867098520700  0.96925732055908131  0.97072318377786881  0.97219417452080292
  0.97283886436028844  0.97340288582097934  0.97399501199385907  0.97458800618374108
  0.97518876826893330  0.97580958502548265  0.97679956620609487  0.97756770109511437
  0.97845631260113175  0.97936278748418371  0.98017684256359328  0.98079317444853276
  0.98158525257746276  0.98250586869534562  0.98351653564714958  0.98415953776476128
  0.98464245360116487  0.98499966488762802  0.98535015190840602  0.98569523836859751
  0.98607853930059219  0.98652259953018206  0.98691462268609931  0.98733884331697730
  0.98777905597624960  0.98823913659836704  0.98865495792125213  0.98909541779720067
  0.98941166153863647  0.98974324706786965  0.99008106946779839  0.99051045919310565
  0.99102213495528690  0.99147029640605711  0.99197092843724144  0.99243083589471848
  0.99285802581629956  0.99324872037649570  0.99360487677976528  0.99393779104672153
  0.99420407430787139  0.99443068679424440  0.99469905361679201  0.99497117551280578
  0.99522558396588889  0.99542425406262858  0.99556003332714793  0.99568247541877386
  0.99579728850457638  0.99590196591509839  0.99600245553915812  0.99610491984992855
  0.99619011511080269  0.99636745087697065  0.99655070146016345  0.99674087844851389
  0.99698600629443346  0.99727696418080147  0.99756450350929426  0.99783480762562859
  0.99810398621240493  0.99839676427025614  0.99881754023706126  1.00000000000000000
 -0.02486905494443761  0.08040672417787521  0.12726382844526415  0.15601252373727320
  0.18161797496165699  0.20136646892040058  0.22148501696908840  0.23477642519135811
  0.24596317433193512  0.25262549238903126  0.26169678478669522  0.27504684269490937
  0.28912517820067934  0.30231953041018861  0.31226652419318690  0.32017046346333344
  0.32769225187821582  0.33933486127324414  0.35231394451224618  0.36703686790275075
  0.38369593601726409  0.39700240723299296  0.40569427097134902  0.41207157526839039
  0.41577780442375251  0.41837572510585230  0.42031193621366653  0.42240825267074994
  0.42574115124362660  0.42959459048213078  0.43212514923648010  0.43635037505848850
  0.44223498224024343  0.44924387281711831  0.45619932766187737  0.46296451105214481
  0.47038745676309662  0.47867425835135319  0.48976899652038702  0.50077886956644524
  0.50741988358272860  0.51291440255741727  0.51786016937531132  0.52278794978625109
  0.53051498380001838  0.53876725906718081  0.54440263979657411  0.54967354706547689
  0.55493574846393279  0.56021728974448215  0.56411660323967550  0.56734135444022005
  0.57009736581519188  0.57275444086273464  0.57938318597658434  0.58570545202121449
  0.59092611181249122  0.59886297140440459  0.60965388506217766  0.61798473167802093
  0.62512011881731511  0.63275083154533285  0.64099063926013333  0.64801295651554314
  0.65359539945030709  0.65767228317129611  0.66193917720646878  0.67069835979002779
  0.68268060002342923  0.69240349290772485  0.69992921889612003  0.70278980926839096
  0.70565039964066190  0.70856050078292510  0.71186566634060888  0.71517083189829267
  0.71847599745597646  0.72300159612402293  0.72764926642055727  0.73229693671709151
  0.73704640543260325  0.74183973947256254  0.74644910007114329  0.75097888614608876
  0.75558009667128290  0.76020025155860771  0.76733343988163893  0.77482068125572767
  0.78270703265864272  0.79286303055400453  0.80229567856519934  0.81301692948307824
  0.82536179120227504  0.85090074411183170  0.88717285566634385  1.00000000000000000
   8.4096123210297200E-015  -1.0000000000000000     
 F F F F F F F F F F F F F F F F F F F F F F F F F F F F F F F F F F F F F F F F F F F F F F F F F F F F F F F F F F F F F F F F F F F F F F F F F F F F F F F F F F F F F F F F F F F F F F F F F F F F F F F F F F F F F F F F F F F F F F F F F F F F F F F F F F F F F F F F F F F F F F F F F F F F F F F F F F F F F F F F F F F F F F F F F F F F F F F F F F F F F F F F F F F F F F F F F F F F F F F F F F F F F F F F F F F F F F F F F F F F F F F F F F F F F F F F F F F F F F F F F F F F F F F F F F F F F F F F F F F F F F F F F F F F F F F F F F F F F F F F F F F F F F F F F F F F F F F F F F F F F F F F F F F F F F F F F F F F F F F F F F F F F F F F F F F F F F F F F F F F F F F F F F F F F F F F F F F F F F F F F F F F F F F F F F F F F F F F F F F F F F F F F F F F F F F F F F F F F F F F F F F F F F F F F F F F F F F F F F F F F F F F F F F F F F F F F F F F F F F F F F F F F F F F F F F F F F F F F F F F F F F F F F F F F F F F F F F F F F F F F F F F F F F F F F F F F F F F F F F F F F F F F F F F F F F F F F F F F F F F F F F F F F F F F F F F F F F F F F F F F F F F F F F F F F F F F F F F F F F F F F F F F F F F F F F F F F F F F F F F F F F F F F F F F F F F F F F F F F F F F F F F F F F F F F F F F F F F F F F F F F F F F F F F F F F F F F F F F F F F F F F F F F F F F F F F F F F F F F F F F F F F F F F F F F F F F F F F F F F F F F F F F F F F F F F F F F F F F F F F F F F F F F F F F F F F F F F F F F F F F F F F F F F F F F F F F F F F F F F F F F F F F F F F F F F F F F F F F F F F F F F F F F F F F F F F F F F F F F F F F F F F F F F F F F F F F F F F F F F F F F F F F F F F F F F F F F F F F F F F F F F F F F F F F F F F F F F F F F F F F F F F F F F F F F F F F F F F F F F F F F F F F F F F F F F F F F F F F F F F F F F F F F F F F F F F F F F F F F F F F F F F F F F F F F F F F F F F F F F F F F F F F F F F F F F F F F F F F F F F F F F F F F F F F F F F F F F F F F F F F F F F F F F F F F F F F F F F F F F F F F F F F F F F F F F F F F F F F F F F F F F F F F F F F F F F F F F F F F F F F F F F F F F F F F F F F F F F F F F F F F F F F F F F F F F F F F F F F F F F F F F F F F F F F F F F F F F F F F F F F F F F F F F F F F F F F F F F F F F F F F F F F F F F F F F F F F F F F F F F F F F F F F F F F F F F F F F F F F F F F F F F F F F F F F F F F F F F F F F F F F F F F F F F F F F F F F F F F F F F F F F F F F F F F F F F F F F F F F F F F F F F F F F F F F F F F F F F F F F F F F F F F F F F F F F F F F F F F F F F F F F F F F F F F F F F F F F F F F F F F F F F F F F F F F F F F F F F F F F F F F F F F F F F F F F F F F F F F F F F F F F F F F F F F F F F F F F F F F F F F F F F F F F F F F F F F F F F F F F F F F F F F F F F F F F F F F F F F F F F F F F F F F F F F F F F F F F F F F F F F F F F F F F F F F F F F F F F F F F F F F F F F F F F F F F F F F F F F F F F F F F F F F F F F F F F F F F F F F F F F F F F F F F F F F F F F F F F F F F F F F F F F F F F F F F F F F F F F F F F F F F F F F F F F F F F F F F F F F F F F F F F F F F F F F F F F F F F F F F F F F F F F F F F F F F F F F F F F F F F F F F F F F F F F F F F F F F F F F F F F F F F F F F F F F F F F F F F F F F F F F F F F F F F F F F F F F F F F F F F F F F F F F F F F F F F F F F F F F F F F F F F F F F F F F F F F F F F F F F F F F F F F F F F F F F F F F F F F F F F F F F F F F F F F F F F F F F F F F F F F F F F F F F F F F F F F F F F F F F F F F F F F F F F F F F F F F F F F F F F F F F F F F F F F F F F F F F F F F F F F F F F F F F F F F F F F F F F F F F F F F F F F F F F F F F F F F F F F F F F F F F F F F F F F F F F F F F F F F F F F F F F F F F F F F F F F F F F F F F F F F F F F F F F F F F F F F F F F F F F F F F F F F F F F F F F F F F F F F F F F F F F F F F F F F F F F F F F F F F F F F F F F F F F F F F F F F F F F F F F F F F F F F F F F F F F F F F F F F F F F F F F F F F F F F F F F F F F F F F F F F F F F F F F F F F F F F F F F F F F F F F F F F F F F F F F F F F F F F F F F F F F F F F F F F F F F F F F F F F F F F F F F F F F F F F F F F F F F F F F F F F F F F F F F F F F F F F F F F F F F F F F F F F F
  <DiscreteSampler_grid>
  grouped_processes
  1 # 1 for a reference and 2 for a running grid.
  10 # Attribute 'min_bin_probing_points' of the grid.
  1 # Attribute 'grid_mode' of the grid. 1=='default',2=='initialization'
  0.0000000000000000 # Attribute 'small_contrib_threshold' of the grid.
  0.5000000000000000 # Attribute 'damping_power' of the grid.
 # binID   n_entries weight   weight_sqr   abs_weight
    49   10   1.042436836098198E-015   6.274303989093915E-030   1.042436836098198E-015
    52   10   2.084873672196395E-015   2.509721595637566E-029   2.084873672196395E-015
    79   10   2.391213608564915E-015   5.218886072991134E-029   2.391213608564915E-015
    82   10   4.782427217129830E-015   2.087554429196454E-028   4.782427217129830E-015
    94   10   1.042436836098198E-015   6.274303989093908E-030   1.042436836098198E-015
    97   10   2.084873672196395E-015   2.509721595637563E-029   2.084873672196395E-015
    100   10   2.893375736981019E-014   6.600918434368951E-027   2.893375736981019E-014
    101   10   2.893375736980964E-014   6.600918434368666E-027   2.893375736980964E-014
    103   10   5.786751473962039E-014   2.640367373747580E-026   5.786751473962039E-014
    104   10   5.786751473961929E-014   2.640367373747466E-026   5.786751473961929E-014
    106   10   2.652700511603970E-014   5.595083522385164E-027   2.652700511603970E-014
    107   10   2.652700511604039E-014   5.595083522385455E-027   2.652700511604039E-014
    109   10   5.305401023207940E-014   2.238033408954066E-026   5.305401023207940E-014
    110   10   5.305401023208078E-014   2.238033408954182E-026   5.305401023208078E-014
    118   10   1.402471645362391E-014   1.364203632150739E-027   1.402471645362391E-014
    119   10   1.402471645362403E-014   1.364203632150751E-027   1.402471645362403E-014
    121   10   2.804943290724783E-014   5.456814528602958E-027   2.804943290724783E-014
    122   10   2.804943290724807E-014   5.456814528603003E-027   2.804943290724807E-014
    124   10   2.391213608564919E-015   5.218886072991149E-029   2.391213608564919E-015
    127   10   4.782427217129838E-015   2.087554429196460E-028   4.782427217129838E-015
    130   10   2.007230906754352E-014   1.433932360430573E-027   2.007230906754352E-014
    131   10   2.007230906754399E-014   1.433932360430651E-027   2.007230906754399E-014
    133   10   4.014461813508704E-014   5.735729441722291E-027   4.014461813508704E-014
    134   10   4.014461813508798E-014   5.735729441722605E-027   4.014461813508798E-014
    139   10   1.042436836098196E-015   6.274303989093893E-030   1.042436836098196E-015
    142   10   2.084873672196392E-015   2.509721595637557E-029   2.084873672196392E-015
    169   10   2.391213608564917E-015   5.218886072991144E-029   2.391213608564917E-015
    172   10   4.782427217129833E-015   2.087554429196458E-028   4.782427217129833E-015
    184   10   1.042436836098196E-015   6.274303989093895E-030   1.042436836098196E-015
    187   10   2.084873672196392E-015   2.509721595637558E-029   2.084873672196392E-015
    190   10   2.893375736981004E-014   6.600918434368875E-027   2.893375736981004E-014
    191   10   2.893375736980937E-014   6.600918434368534E-027   2.893375736980937E-014
    193   10   5.786751473962007E-014   2.640367373747550E-026   5.786751473962007E-014
    194   10   5.786751473961875E-014   2.640367373747413E-026   5.786751473961875E-014
    196   10   2.652700511603978E-014   5.595083522385204E-027   2.652700511603978E-014
    197   10   2.652700511604028E-014   5.595083522385405E-027   2.652700511604028E-014
    199   10   5.305401023207957E-014   2.238033408954082E-026   5.305401023207957E-014
    200   10   5.305401023208056E-014   2.238033408954162E-026   5.305401023208056E-014
    208   10   1.402471645362385E-014   1.364203632150726E-027   1.402471645362385E-014
    209   10   1.402471645362397E-014   1.364203632150739E-027   1.402471645362397E-014
    211   10   2.804943290724771E-014   5.456814528602904E-027   2.804943290724771E-014
    212   10   2.804943290724793E-014   5.456814528602956E-027   2.804943290724793E-014
    214   10   2.391213608564915E-015   5.218886072991132E-029   2.391213608564915E-015
    217   10   4.782427217129830E-015   2.087554429196453E-028   4.782427217129830E-015
    220   10   2.007230906754342E-014   1.433932360430555E-027   2.007230906754342E-014
    221   10   2.007230906754408E-014   1.433932360430668E-027   2.007230906754408E-014
    223   10   4.014461813508685E-014   5.735729441722221E-027   4.014461813508685E-014
    224   10   4.014461813508817E-014   5.735729441722672E-027   4.014461813508817E-014
  </DiscreteSampler_grid>
