  0.00253413461406888  0.01991223231618522  0.03290042768139492  0.04462253550471254
  0.05499802774133987  0.06591413431583942  0.08269176428893896  0.10117267336878949
  0.11179741444792175  0.12185485854913258  0.13880057924860414  0.15689404126712547
  0.16709859619068998  0.17861036523930660  0.19758797795484012  0.20923141621646446
  0.21742201813149881  0.22437770871089024  0.23045857686169005  0.23648259102742913
  0.24290153619184657  0.25070642782066932  0.25940723278072431  0.27081468178856416
  0.28434605620654368  0.30171768196426302  0.31774561837369647  0.33434908684618325
  0.34888897333170993  0.35624559512057963  0.36174411048315341  0.36610400701850726
  0.37042407423544743  0.37665202869962866  0.38832639498996663  0.40193669535169080
  0.42251840572068272  0.44430753651640803  0.45389966240248669  0.46146284573054602
  0.46738321510771047  0.47388303206000892  0.48170571097853088  0.49541438972807511
  0.51074750671151437  0.52397552110444134  0.53761230641181534  0.55191383906792213
  0.56486337576992973  0.56962688969690967  0.57510485616563245  0.58282853172340843
  0.58970879061992820  0.59558687426757662  0.60386951781768028  0.60992705576363671
  0.61730564155973755  0.62518490101096069  0.63116858902141526  0.63648102930894168
  0.64074298378189254  0.64448863326529837  0.65427758080218590  0.66401176737157475
  0.68319586351035844  0.70086892375610266  0.71422892578604680  0.72548215096744040
  0.73383828421647779  0.74173104594605488  0.75171544345083618  0.76287248772579141
  0.77510986621778555  0.79234932606232478  0.80791673783826079  0.82214333455685640
  0.83406758347109244  0.84334312242048748  0.85207005073086051  0.86018772354691120
  0.86687181598651131  0.87299208472271173  0.87717087843985264  0.88079701844823199
  0.88566703127365698  0.89106747533571740  0.89811396597498117  0.90552864049336990
  0.91442801681031749  0.92435685240688448  0.93552648861611887  0.94567117369427889
  0.95930693137489376  0.97238509045664334  0.98508197251851248  1.00000000000000000
  0.00770855455836405  0.02176328182708002  0.03951150075718614  0.06160430054414558
  0.08538754691519856  0.10672193490539054  0.12410630581517212  0.13719410196350360
  0.15214207842502242  0.16165564610835237  0.17007257289434416  0.17778264147554215
  0.18460481315084845  0.19891521489935676  0.21759155584387135  0.22998143722549844
  0.23811636067138955  0.24493546601598618  0.25152197686258504  0.25912905892574289
  0.26852616944235519  0.27948873806535529  0.29508569539442647  0.31153042936927450
  0.32615404978336893  0.33758275367547269  0.34933156721082009  0.36150513812917301
  0.37437600688509209  0.38595063617342062  0.39792358828987306  0.40994974391667638
  0.42117216165225851  0.43371094919119435  0.44876382585195002  0.46934712743787493
  0.48709751330721190  0.50064514758682654  0.51004978439959292  0.51824734484701862
  0.52566569826468501  0.53507835567840967  0.54556469116369799  0.55703690934403716
  0.56393585377139543  0.56827146556574593  0.57280353528660133  0.57746178855199171
  0.58464997793550444  0.59384446096318966  0.61141989566563171  0.63346463855755641
  0.65097848799383073  0.66430048838450206  0.67597495066229896  0.68709594739704338
  0.69985650642143049  0.71046758246190633  0.72030205548768833  0.72884324645297371
  0.73846611295597886  0.74851375716118296  0.75427733183475820  0.75779136648809620
  0.76074402970522925  0.76350262782915679  0.77011104766780614  0.77316831514784679
  0.77654535374838785  0.78179148166938872  0.79330247291189304  0.80816881064721957
  0.81609727301195911  0.82210313696443182  0.82902941219979065  0.83693052549885261
  0.84571718707021115  0.85962620201479900  0.87795002402840228  0.89036762498055666
  0.89860755313278340  0.90767326655606217  0.91785311016358428  0.92328767030666259
  0.92607917950775420  0.92991709541022571  0.93359476131741115  0.93703421808477338
  0.94012957731081648  0.94194956959905707  0.94514997959205793  0.94924664384987978
  0.95239643659319662  0.95745270051202136  0.97381317453841576  1.00000000000000000
  0.00017372806130327  0.00022218567057173  0.00023832534536149  0.00024940189497055
  0.00025739585310857  0.00026378848148458  0.00026848271459442  0.00027206151352214
  0.00027573427574250  0.00027903942100101  0.00028390547140429  0.00028803596678909
  0.00029231286960554  0.00029960328660317  0.00030683252974269  0.00031392538695754
  0.00032254373205539  0.00032929131002408  0.00033377610842102  0.00033842968997676
  0.00034318603236018  0.00034918306904340  0.00035593052980246  0.00036418561194924
  0.00037243843018714  0.00037894481562731  0.00038532220400063  0.00038916765576040
  0.00039191971678142  0.00039500684612794  0.00039822532688653  0.00040239084513005
  0.00040689284160612  0.00041181525181859  0.00041821650251203  0.00042733784678585
  0.00044060356314879  0.00045310939212434  0.00046353179428021  0.00047311006674287
  0.00048209912631695  0.00049116291296495  0.00050027733494418  0.00050673807651717
  0.00051318586580940  0.00052048440254785  0.00052610548402078  0.00053154090634071
  0.00053671418999343  0.00054163174172896  0.00054777944717740  0.00055362376520118
  0.00056223292060207  0.00057462376669628  0.00058895312568599  0.00060664487876637
  0.00063645525534092  0.00067824465220876  0.00071452383698762  0.00074862529749160
  0.00079865427430826  0.00085759486919425  0.00091903463385622  0.00095189490501214
  0.00096440615847770  0.00097886139054201  0.00099685430558873  0.00101196799399296
  0.00102954301414424  0.00105781830392821  0.00109695771838945  0.00113275174415033
  0.00117838487995305  0.00124902862744818  0.00144188559484553  0.00174818974682096
  0.00208866008087351  0.00224200492568958  0.00242410408051948  0.00263381811363835
  0.00281021754599585  0.00298655235162654  0.00324528488963502  0.00383141868570972
  0.00423800420235514  0.00450695793799149  0.00477591167362783  0.00523819470003659
  0.00571356747273838  0.00615479877659195  0.00658733422355261  0.00787788943324817
  0.00953678421375663  0.01580962899243728  0.55182642543731097  1.00000000000000000
  0.00051684641072421  0.02368117697874481  0.04293603132431849  0.05968419530547238
  0.07865550850015669  0.09670100944852504  0.11617994293346925  0.14179466998243348
  0.16108006139908920  0.16619956209815445  0.17143121365423547  0.17849855031379905
  0.18602451890026914  0.19136124219963321  0.19427006122291693  0.19710395680534992
  0.20048844178104858  0.20654276321304713  0.21364934953911718  0.22169337101048611
  0.23216801363946868  0.24409877502949312  0.25751267614600259  0.27196115627976908
  0.28765721869178446  0.30396702544100457  0.31581462913698949  0.32488445113474890
  0.33386790281581008  0.34276910247232073  0.35167030212883138  0.35684029283438046
  0.36184886338249811  0.36680428879089066  0.37168484537734719  0.37744253835142300
  0.38310095319623899  0.38869881249359700  0.39326174022171040  0.40112477622993514
  0.40986511345401205  0.41851548909391334  0.42992281645740371  0.44437883116487131
  0.45601805707246296  0.46641156116483828  0.47376411821953035  0.48429840852065875
  0.49513178518177869  0.50391807322068838  0.51305759133105211  0.52104169613833429
  0.52840948014145839  0.53948771483797775  0.55228008964323827  0.56666092161354242
  0.58736698831141554  0.59972854252686580  0.60973084349658846  0.61832542895900977
  0.62764374993787486  0.63620009548066758  0.65396822791305909  0.67104729130142238
  0.68597353513603931  0.69512526844304801  0.70315631062051609  0.71211540415185470
  0.72177005060061838  0.73326593826234732  0.74308305766335647  0.75087747835737173
  0.76378366892173455  0.77881072030131060  0.78707560209951910  0.79587155511727381
  0.80297086729961076  0.80661297273042443  0.81022964075954895  0.81432211551238520
  0.81856966558480704  0.82553506888787453  0.83345813403826874  0.84243998161869904
  0.85346815908448792  0.86398097373274352  0.87178721227904887  0.88154681878006302
  0.89097922679981456  0.90377539741268587  0.92083595396704010  0.94444880663647257
  0.96194051827129534  0.97419828598678015  0.98675166455921381  1.00000000000000000
  0.00005208376794688  0.00005309054710260  0.00005353776322473  0.00005401229020457
  0.00005458027449651  0.00005525964809383  0.00005596800626287  0.00005654064970453
  0.00005699744886581  0.00005742154525552  0.00005793822004413  0.00005845451185917
  0.00005888828343275  0.00005916912540763  0.00005951100342884  0.00006006405661301
  0.00006120229329701  0.00006255404343779  0.00006404122784320  0.00006606343200278
  0.00006798151442038  0.00006918194225181  0.00007005827528166  0.00007085403577990
  0.00007163909865045  0.00007242517996344  0.00007308699600210  0.00007355428033192
  0.00007392751163432  0.00007430078527558  0.00007467413183864  0.00007506862892500
  0.00007574187570399  0.00007641512248297  0.00007812539715872  0.00007902409403480
  0.00007980451193227  0.00008046154409182  0.00008108513529263  0.00008168589347739
  0.00008224551501004  0.00008281607860085  0.00008370029135934  0.00008467720681053
  0.00008568238136277  0.00008700759207463  0.00008813612973308  0.00008905686446133
  0.00008995554049499  0.00009130957756655  0.00009268663277172  0.00009405653996705
  0.00009558390369951  0.00009671836339721  0.00009767825077822  0.00009865413494166
  0.00009964372658393  0.00010053958867972  0.00010139446223518  0.00010301596121405
  0.00010439831720509  0.00010606693514724  0.00010826031436972  0.00011099153925351
  0.00011360843204233  0.00011619059083166  0.00011876995782618  0.00012211149932299
  0.00012630947533020  0.00013061356841551  0.00013522998669205  0.00014111126665148
  0.00014826786543421  0.00015423702697026  0.00015930443532506  0.00016471456542719
  0.00017040199174064  0.00017713915995521  0.00018586038358644  0.00019881492316347
  0.00021402414835155  0.00023114742551977  0.00024974014019834  0.00025557957506705
  0.00026081307592093  0.00026619048210091  0.00027197488546073  0.00028091834829091
  0.00031626386352355  0.00035998037976414  0.00038740740292923  0.00041179331363647
  0.00044164328766188  0.00069422005919309  0.22420681639214743  1.00000000000000000
  0.99723767800105900  0.99727722206542313  0.99733547594944805  0.99741050874575643
  0.99748741700562094  0.99755249582405925  0.99762056209395855  0.99769605225904467
  0.99777118156471323  0.99780386720986958  0.99782809515464643  0.99784568809382546
  0.99785744914812058  0.99786921020241559  0.99788097125671060  0.99789086373663227
  0.99790067868139076  0.99791049362614925  0.99792216286704027  0.99793663435667102
  0.99795110584630176  0.99799696389004189  0.99805209444230580  0.99810007062659600
  0.99814840239925640  0.99823021593876859  0.99830632438097966  0.99835893806532305
  0.99840330211981310  0.99843813970356776  0.99846963481303386  0.99850158330703742
  0.99853982792015505  0.99858651226465056  0.99863872450835278  0.99867539952573159
  0.99870524402016647  0.99872818023312226  0.99875045560668785  0.99877687090047296
  0.99879974335496557  0.99881708328232244  0.99883334597731388  0.99885166552351556
  0.99886542477962881  0.99887582054964175  0.99890035470328009  0.99893759329568454
  0.99895321918462510  0.99896638186672082  0.99897841549866750  0.99899015966207771
  0.99901349490099955  0.99904457157089988  0.99908513689063183  0.99911754663847885
  0.99914638607710371  0.99916037311212991  0.99916959292386509  0.99918076170460546
  0.99919045454971722  0.99920740112730044  0.99923801870816753  0.99926198528268850
  0.99929185367588147  0.99933082613453217  0.99937005380882993  0.99940583368291958
  0.99943622897703055  0.99946059180615487  0.99948062812724725  0.99949924595180972
  0.99951774202512600  0.99953703174784025  0.99956372787846459  0.99959026250181660
  0.99962632309422694  0.99964864831283107  0.99966771181649017  0.99968697863628775
  0.99970427640153370  0.99972974470058373  0.99975479157434743  0.99978461956282172
  0.99981073370390605  0.99983014307113161  0.99984199192373435  0.99985009766380428
  0.99985817785378872  0.99986634499619254  0.99987345436299635  0.99988228236544241
  0.99989500776877449  0.99990973741542988  0.99994364116399781  1.00000000000000000
  0.00000998210387780  0.00004102573367675  0.00006576165485830  0.00007916189503103
  0.00008631877845789  0.00010241746535295  0.00011607038390704  0.00012464965312151
  0.00013722023729852  0.00015996028313881  0.00018432012889547  0.00021746558924298
  0.00023955205871856  0.00025453732649547  0.00026500649813130  0.00027273752406963
  0.00028085700727795  0.00028725659523668  0.00029370852749621  0.00029867744335126
  0.00030208985665934  0.00030787069559176  0.00031624020108859  0.00032169080486298
  0.00032826882608706  0.00033890290551221  0.00035214791599821  0.00036783464493845
  0.00037807925080161  0.00038379840241445  0.00039250408634772  0.00040252085579065
  0.00041383373341848  0.00042694922764818  0.00044587007877473  0.00046081805063778
  0.00047677490791416  0.00049709997211905  0.00052287406835337  0.00055378021448089
  0.00058801802151270  0.00061498592481917  0.00063542918175258  0.00065695452520814
  0.00068118862129472  0.00069771817948083  0.00071574729788067  0.00073516321489528
  0.00075669019467484  0.00078437441555389  0.00082629143451880  0.00086342074519700
  0.00090124356367821  0.00095348060879998  0.00100926834216839  0.00106152653847644
  0.00111073292543802  0.00116250084495088  0.00121686359445991  0.00129512566565281
  0.00138225361739756  0.00146618159500971  0.00155943379108502  0.00165621166313084
  0.00171745138332114  0.00178973929010402  0.00186893330515024  0.00195647633123883
  0.00203415005208057  0.00210764810330443  0.00216453840093214  0.00220852516805162
  0.00224698657676872  0.00229805244635260  0.00235852390282199  0.00241887088286668
  0.00250239882543667  0.00263836076730518  0.00279902654660753  0.00294764798084876
  0.00310815734032020  0.00329217914932376  0.00350698318689850  0.00393437618829318
  0.00448613300133585  0.00536757992148243  0.00651702607625753  0.00771476659673847
  0.01039056660003923  0.01308560417487699  0.01578064174971475  0.03946521260595366
  0.06582413731395517  0.09218306202195667  0.11829635273453169  1.00000000000000000
 -0.01675104143100679  0.07781413442690266  0.10375507781731927  0.12558931896388104
  0.13620210630947779  0.14271352653571201  0.15059845423936027  0.15947644397557303
  0.17553958426398872  0.18723248304672610  0.19862512948783595  0.21537050711824823
  0.23078106462863446  0.24291059121173864  0.25335432223793186  0.26375721122244983
  0.27776819346700388  0.28705119532474171  0.29234080479006408  0.29823834382888770
  0.30315402434836480  0.30736008847357915  0.31175218701960994  0.33310405429641865
  0.34468027483754071  0.35587496180397377  0.36895911812179150  0.38587676395961729
  0.40348677502321706  0.41960145154651651  0.42744663808595279  0.43140090874913362
  0.43547615635406062  0.43962096130771594  0.44411084068944434  0.44884387313427676
  0.45713198505939717  0.46878706642100187  0.48133906711967761  0.49379728593644506
  0.50495234775531173  0.51487449441273614  0.52381165632512483  0.53006379743781162
  0.53964567183741963  0.54967219500627806  0.55785761530588873  0.56163041458409813
  0.56404128743175119  0.56644331255291813  0.56965623533130405  0.57274050165499557
  0.57723058566141405  0.58194550048401927  0.58964863468360129  0.59952956180673078
  0.60983873582760040  0.62143240298497249  0.63297109972782328  0.64446806082527952
  0.65432500089794732  0.66375398195487134  0.67313797072838810  0.68355913228893883
  0.69521427813476777  0.70760119738548288  0.72016461277563548  0.73354609371837565
  0.74046176779872430  0.74732330037501771  0.75603054119590363  0.76833112900679357
  0.78063171681768351  0.79155627267585371  0.80197283803886577  0.81351762997669463
  0.83387910609273630  0.84770261083576881  0.85786855656283101  0.86648785722950983
  0.87521157789496251  0.88502040928046355  0.89701383062952222  0.90782997571867596
  0.91885505586282268  0.93195705878632495  0.94115444858682806  0.94847107061693536
  0.95503893464770395  0.96159968323061917  0.96598278938364901  0.97156511556042524
  0.97738768800307996  0.98561890324128865  0.99341349606632212  1.00000000000000000
 -0.00203076847041936  0.00833508994790409  0.02274980042462361  0.04353614874340425
  0.05931314975867708  0.07375800956912942  0.08496052150653052  0.09499089385823430
  0.10500270978681463  0.11930799420344590  0.13634926903927549  0.15249845914187324
  0.16511998581622739  0.17684165749428979  0.18215758244035163  0.18801702293641978
  0.19521317405563207  0.20438351724998366  0.22559107922635835  0.24124491347025065
  0.24856116002590314  0.25343932730550206  0.25777026488122395  0.26518610880832694
  0.27099744777436113  0.27362407464271449  0.27625819068019475  0.27895988653009568
  0.28166158237999661  0.28449621652249185  0.28733522108357912  0.29238157899951972
  0.29967443414308181  0.30486497238533505  0.31475748355042382  0.32795024829851205
  0.34028885853281465  0.35229310749755377  0.36127473974601426  0.37058465010140851
  0.38162142096600077  0.39280545990264903  0.40432097446797688  0.41465901675023847
  0.42311265634358874  0.43035552719939119  0.43767935571419553  0.44951813583407679
  0.46420434007956968  0.47784286302140561  0.49105850629781977  0.50199457807080661
  0.51142651394825911  0.51980301438895282  0.52814733487486520  0.53679777843934062
  0.54534267515526980  0.55472853418115509  0.56249457580920326  0.56690055078885226
  0.56997601700299039  0.57350541623752127  0.57678287523142358  0.58231585048829759
  0.59434677801404390  0.60383964038943427  0.61246754400581005  0.62157586909544749
  0.63735014535548307  0.65411042317644741  0.67008176263877806  0.68234098712536317
  0.69280226968154845  0.70398921639089074  0.72094793494271259  0.74800162478476107
  0.78505548932341263  0.81260899492687755  0.83081051732468614  0.84093340756061141
  0.84910845493358778  0.85942349483203839  0.87216684385010668  0.88494530861415166
  0.89594530059775856  0.90291445799718162  0.90951598654168742  0.91621857005083007
  0.92108917721637562  0.92992746221163403  0.93778916348160912  0.94413274458469798
  0.95220384651297152  0.96301670124942096  0.97428253479036886  1.00000000000000000
 -0.00050007693523178  0.00461443702588189  0.00689765780862282  0.00825349967049951
  0.01039749812061001  0.01204931901126297  0.01442599614062710  0.01704772711566515
  0.02087195611580163  0.02650050193830469  0.03720730543796572  0.04984044974197293
  0.06212806739272071  0.07270063789074738  0.08359294437407863  0.09553653008911533
  0.10740664004126151  0.11884294217239473  0.13029093479797652  0.15215561933827687
  0.17284777873889590  0.19107787772893342  0.20529664102560102  0.21455511737269101
  0.22244153210047368  0.23196572001129032  0.24493842555922501  0.26589453093061782
  0.27973501559925595  0.29060197693473977  0.29964948377251971  0.30864896093712557
  0.31871525655524746  0.32639242272805730  0.33277708362215452  0.33848952650471598
  0.34387439065817954  0.35293544551071759  0.36208941388026866  0.37093006836388309
  0.38273866464344797  0.39762394130418305  0.41160100027096364  0.42625808516971853
  0.44231703502966113  0.45680290761948622  0.47234912219606617  0.49067457600060238
  0.50578412133574679  0.51989147646008294  0.53561481162740743  0.54708474522703832
  0.55482338023480604  0.55845841358166548  0.56290090648664770  0.57004743235391786
  0.57639593988320226  0.58332686740538298  0.59008612449649966  0.59674605615870757
  0.60590955929038937  0.61704844830956229  0.63383954807448362  0.64756685262955860
  0.66177207189230502  0.67252257196881149  0.68554788041100334  0.70739736978822831
  0.71552250069347645  0.72098935096699479  0.72893293896832667  0.73701444475876177
  0.74347293160968453  0.74986123510511560  0.75791909315593098  0.77723938832476525
  0.79316687401343389  0.80153181467980328  0.80743449115454602  0.81443837681094777
  0.82153829502181608  0.83202749388682773  0.84848055138232947  0.86706243920687842
  0.88813599935399190  0.90541642434004643  0.91873965756276821  0.92592295407564584
  0.93131955601339322  0.93598254500624467  0.94057458611502642  0.94517512267479187
  0.95171564613756354  0.96240974435711457  0.97625930759972979  1.00000000000000000
 -0.00660583568444272  0.01123845199978742  0.02759572548500561  0.03288435014081670
  0.04094509528606905  0.05310322331905293  0.06511465265459490  0.07856887456195068
  0.09188663472475478  0.10225152851113231  0.11153824805206773  0.12098704098639677
  0.13138170860979947  0.14848372544032809  0.16671321629132552  0.17693885091181730
  0.18528192873044472  0.19350598210614661  0.20187513929075845  0.21158605154655208
  0.22370457175700439  0.23576463024884836  0.24401346634866755  0.25259173568821675
  0.26020496672415960  0.26568333565160895  0.27189095958278164  0.27965773468348620
  0.28853806275719757  0.29720449764192436  0.30447731396006356  0.31182822663040716
  0.31894422224454377  0.32420212786102459  0.32859758765740699  0.33558095110683872
  0.34383768878301191  0.35120730334686556  0.35793902576059461  0.37003369749852150
  0.39192101223641695  0.40990312950456892  0.42051524998607037  0.43087870437508830
  0.44115682758779234  0.45449647781465069  0.47209666919673543  0.48609199852934437
  0.49649594361850002  0.50755522513147711  0.51688673937413832  0.52482338101801140
  0.53622735085664874  0.54909291977911778  0.56320806131533052  0.58001907694029398
  0.58347896148551537  0.58610473404858865  0.58806757863889203  0.59004364151551936
  0.59207364991831934  0.59537110313823405  0.60083893572415314  0.60652538198088546
  0.60957606508813988  0.61336596379089703  0.62138009570594355  0.63891294149913813
  0.65407730972390932  0.66478528498134537  0.67495951308076607  0.68311756851614958
  0.69218049709560003  0.70298810432954728  0.71777626701662267  0.73305568509811148
  0.74819626161647812  0.76337231326842869  0.78049511524695170  0.79596517321982641
  0.81025137325116814  0.82458709150672427  0.83716347035473060  0.84787181874443507
  0.85782438451404863  0.86816917910955149  0.87887600837859403  0.88986110570900523
  0.90203974239439455  0.91323272789713716  0.92271954801740952  0.93444777940676416
  0.95099320418787059  0.96724524888091923  0.98133153652759564  1.00000000000000000
 -0.00230341121592286  0.00496684730275142  0.01267329467249741  0.02111261415141207
  0.03124432857138797  0.05063472437116991  0.07301207510933608  0.11639037912223368
  0.15216615888964458  0.15859909719806897  0.16607201232649202  0.17392611329608948
  0.18309976881697737  0.19024628512597164  0.21497337137643649  0.22999595096782754
  0.24204378756096018  0.25127296083194167  0.25610219150995761  0.26026274388690035
  0.26442077471105097  0.27061359702518845  0.28033157488237653  0.29078309940019059
  0.30143153045749899  0.30932155190864619  0.31563963021222519  0.32246337792281360
  0.33023144342270117  0.34025825369146334  0.35043096250694261  0.35814611502076488
  0.36516136411681221  0.37234075170001268  0.37920244488820948  0.38504756099285598
  0.39301901831527919  0.40205437000197491  0.41011528007190434  0.41562965205596430
  0.42140673978813215  0.42736188342918952  0.43424139056441752  0.44302223828448273
  0.45649689136390703  0.47263161452754160  0.48680337261947987  0.49810245860149205
  0.50713598403214832  0.51369145625803669  0.51941495259058379  0.52790695254295927
  0.53486479550558319  0.54414315265691549  0.55335587222066018  0.56123230687541936
  0.57305601001449435  0.58591676258031500  0.59992564319079256  0.61018763068355242
  0.61955120820426324  0.62814523329887195  0.63641819856602388  0.64544078188540410
  0.65304694864200619  0.66025634999514915  0.66771153702389330  0.67552091559823935
  0.68333029417258551  0.69160185703707799  0.70061432976822269  0.70962680249936738
  0.71884498012294851  0.72832936356129874  0.73800967742373846  0.74933288674021437
  0.75666048395486518  0.76170976269473079  0.76605911403430427  0.77094103206869724
  0.77389784904709491  0.77627951063950196  0.77886631973473031  0.78268981972148843
  0.79023984528926683  0.80390620638187171  0.82548852965576414  0.84441668074303478
  0.85981261456440827  0.87477384810273950  0.89148864152551577  0.91155914570226415
  0.93332962282590748  0.95288159736488109  0.97525859668692250  1.00000000000000000
 -0.00158183442447413  0.00614798175348732  0.01330872080809935  0.02023640463452214
  0.02785985271405562  0.03649155240625507  0.04503154326704426  0.05394427630249000
  0.06405121661906475  0.07924054256149204  0.09785064245937386  0.11450891889540252
  0.12819406639724087  0.13656845555732450  0.14416553911978047  0.15059415501249429
  0.16230655197470861  0.17144698832264779  0.17709630535840423  0.18359190638244338
  0.19308948156292705  0.20826044985082293  0.22738744150013923  0.24706825972733412
  0.25997906509223428  0.27122734536978049  0.28326753490577566  0.29548312912146169
  0.30355826357718541  0.31120877901271410  0.32264380458089864  0.32797479908644689
  0.33333301781219732  0.33896898664412800  0.34460495547605874  0.35024889154748567
  0.35589286639483853  0.36253649917806818  0.36991982862012190  0.37879879551075263
  0.39162735747422500  0.39799542765822093  0.40100267342937912  0.40267662166415763
  0.40430023292008982  0.40671299274762951  0.41302124132302775  0.43217825366185730
  0.44892053030390172  0.46025808327634349  0.46968093160448343  0.47835044913584129
  0.48494362404266217  0.49022097562275957  0.49532183255141876  0.50038080780318028
  0.50540857608273360  0.51001651389324920  0.51466931162999996  0.51781012744354060
  0.52279025245158439  0.52734998592102200  0.53135056495661936  0.53351785217385461
  0.53593631699978772  0.53894525229839174  0.54536856109572507  0.55379834775577130
  0.56532996580457662  0.57762674571487427  0.59341042830343027  0.61148850099101626
  0.62586877659675111  0.64299394896093365  0.66444521544590196  0.68564811469018727
  0.70500195869330928  0.71920261197992863  0.73061188614195927  0.74602081649867047
  0.76194695785657385  0.77338050175301665  0.78287643879013946  0.79278684477097516
  0.80972310790692592  0.82778784296160823  0.84214026750093218  0.85523798509828985
  0.86875447322507937  0.88965563032595674  0.91902987870217223  0.94609197668290612
  0.96531534606900415  0.97818425854332980  0.98940159780829662  1.00000000000000000
 -0.00759932659791196  0.04395399819599269  0.06268844259064928  0.07390338793881172
  0.08513048822974649  0.09986590123376927  0.11460131423779206  0.12278127551327175
  0.12926236458488569  0.13698126197777660  0.14473973757114869  0.15293315535070615
  0.15748433728324995  0.16303588342075198  0.16949883214868289  0.17563179669756740
  0.18304577774880232  0.19221954716626397  0.20112840582088726  0.21035105764528583
  0.21977347816878476  0.22727796796930899  0.23335735121883705  0.24224676514638069
  0.25214995704322646  0.26067012355603847  0.27071200853778038  0.28344814627191317
  0.29611633400088483  0.30815361607202285  0.32330392908049693  0.34024603984076002
  0.35358890509562813  0.36667462468888656  0.37833754359873273  0.38602156803439736
  0.39311172257434296  0.39920298339892324  0.40398049679619802  0.41132759096144855
  0.42175296130531459  0.43249716969542962  0.44331890038891680  0.45196495687507832
  0.45759628759363252  0.46264022015367667  0.46963288104098599  0.47928624440076573
  0.48699188291456941  0.49507226787106307  0.50441603573581872  0.51391827373453580
  0.52282678368751134  0.53213077120245089  0.54828930210360416  0.55767244651489434
  0.56607911781913067  0.57362120427669161  0.58159105716819592  0.58996260602379114
  0.60203433079817514  0.61492990986036544  0.63894001452455940  0.66248222190884531
  0.67448162364291797  0.68379344348600146  0.69484330501792413  0.70552065202558667
  0.71722978138163274  0.72681939534076201  0.73903867399580958  0.75214383803923712
  0.76323017640384339  0.77317720841357584  0.78262250835669078  0.79454565728615123
  0.80542922703644393  0.81561191115492648  0.82504464260189436  0.83294641504555278
  0.83917317188224794  0.84464500712794277  0.85348262443277245  0.86705576534171513
  0.89106956755592959  0.90947906582630245  0.92166348482146843  0.93236591301031213
  0.94121351436198597  0.94777882057125973  0.95527330153934309  0.96083005138573530
  0.96525745049667355  0.96993912228620782  0.98218964844962653  1.00000000000000000
 -0.00262836162144028  0.01162299952989439  0.02314707807414088  0.03416034409114559
  0.04135811849275609  0.04866432854919273  0.05813775694778026  0.06827969140436360
  0.07819567850339422  0.08751672644587406  0.09600480528269108  0.10458194554286271
  0.11483060084977376  0.13318168964956531  0.15299936616918813  0.16835013909861551
  0.17889499183186114  0.18961403885021488  0.20071954970013609  0.21180351550849338
  0.22178246938319293  0.24100076278940238  0.26196708545851927  0.29331274517347528
  0.30966238854883227  0.32252827382770810  0.32884988444567564  0.33711497989056571
  0.34771040448073454  0.35720451166414297  0.36653827138644512  0.37665602255633485
  0.38240783233642295  0.38930298856819184  0.39768462980489250  0.40685887669768511
  0.42002730889900175  0.44176863719638298  0.45978285354225257  0.47207321301173810
  0.48116541574594413  0.48890709148304040  0.49693820868392091  0.50889725387589757
  0.51936710204316472  0.52601368506725954  0.53494139585333045  0.54784293009746432
  0.55938940958247263  0.57215460406931773  0.58220476913841135  0.59241849779251954
  0.60065837223483487  0.60927216636531190  0.61808454648381583  0.62284071181927703
  0.62706866598333511  0.63105788921813855  0.63455933178036417  0.63806077434258990
  0.64296279983954308  0.64794862292202005  0.65664074832032449  0.66611489545550040
  0.67394280795132955  0.68044900202089997  0.68806759070722923  0.69405277255315756
  0.69849077018613126  0.70254993357725126  0.70604444829754742  0.71004677439973718
  0.71349389254654505  0.71725464065897360  0.72146606427862392  0.72618460677589924
  0.73178965633841375  0.73938657734022706  0.74998859819454466  0.76063260171842606
  0.76907882154143592  0.77983404713301030  0.79120812264018292  0.80662133395620805
  0.82833019373036543  0.85413783787396580  0.87571552013805520  0.89273750189538759
  0.90455551504199128  0.91877628723922955  0.93439870339234077  0.95511697332575296
  0.96833205942649780  0.98082497692157178  0.99041248846078589  1.00000000000000000
 -0.00216711817077477  0.01232377669761675  0.02498919260503772  0.03593401475995504
  0.04483405472436078  0.05339879443076047  0.05982279445535449  0.06735142538776427
  0.07495086589260673  0.08242650755848113  0.09332453678773128  0.10794493430680133
  0.12725514630857410  0.15380861340870225  0.16687673983369056  0.17497840066763501
  0.18154030770042467  0.18586605163365177  0.19116978867584239  0.19795955223786402
  0.20932083184237482  0.22124074634986479  0.23061472046351594  0.23974974118430314
  0.25016237839054573  0.26115953083695653  0.27141703393797012  0.27845008293288986
  0.28380193220277217  0.28935585725328161  0.29679867127163700  0.30665124321323217
  0.32414892633829034  0.33993984178485265  0.35576912008698497  0.37854643750368050
  0.39775980469511635  0.41339534502253550  0.42131468021794277  0.42751425855409064
  0.43367923131982117  0.44054902830216119  0.45236642110385900  0.46878601949970633
  0.48486968809301312  0.49143863689714340  0.49508146116654228  0.49832562182239043
  0.50086817018918051  0.50666676776480468  0.51187958430610891  0.51728363367036134
  0.52801527959158079  0.53401889168273819  0.53988805638382109  0.54601029371347864
  0.55314739687750492  0.56575316844895107  0.57999010657564176  0.59286682264040025
  0.60657089226002348  0.62401769142728081  0.63814214244509460  0.64473705257681724
  0.64970831830304399  0.65636622440180414  0.66559374664322835  0.67427004434591231
  0.68655130723918423  0.70254852719697891  0.71859329119781445  0.73296001530281252
  0.74745025738469706  0.75701559081239267  0.76526184096525807  0.77559146752017083
  0.78749995155808783  0.80470689418394503  0.81504563272267971  0.82206792356710234
  0.82983363961705225  0.83840222952677801  0.84690381158337347  0.85521035532915501
  0.86351689907493656  0.87485258163984903  0.88766442007412383  0.90217744011979695
  0.91437786061082926  0.92340653276783713  0.93284209216231184  0.94265646530837965
  0.95325092997082883  0.96432689667842630  0.98012585914756511  1.00000000000000000
 -0.00087825202144474  0.00619668509550845  0.01209830433434095  0.01832072352042701
  0.02396285367314642  0.02758932726316656  0.03871090606191314  0.05349850782712087
  0.07229100205159475  0.08476242118747440  0.09515246418911959  0.10409841173185796
  0.11211833374219231  0.12308148186053110  0.13759599006448317  0.14680008591845081
  0.15603768308668972  0.16354577293255923  0.17046752703074250  0.17551530411939545
  0.18270148701223093  0.19196988600976353  0.21506311780001564  0.23210095269896347
  0.24227139939506803  0.24910798454432501  0.25301685272080893  0.25633879905273527
  0.25894993695441665  0.26208913032291614  0.26553116283644551  0.26685957869807253
  0.26816630923061036  0.26940403168512794  0.27060596590198993  0.27161451803170339
  0.27282936980281369  0.27999076920709665  0.29109213036851578  0.30029113706258398
  0.30767460757346815  0.31140963632087376  0.31523208101658989  0.31950402573074815
  0.32330936732106186  0.32661065673972489  0.33068829988697146  0.33748182873902999
  0.34306137538554010  0.34846019459554234  0.35534033679163440  0.36265728550102344
  0.37154811567307461  0.38411127886789026  0.40873510261849000  0.43198372777422289
  0.45189771259956679  0.46378790706590950  0.47516662940518223  0.48515991587693191
  0.49484736914817601  0.50672759030141468  0.51626632059483324  0.52371029833403937
  0.53104837873723520  0.53758926723236988  0.54642721017164930  0.55687828773618597
  0.57084562935931338  0.59261237891208407  0.61922190561061374  0.64146671758526952
  0.65673791158860273  0.66854903286356249  0.68127918790573483  0.69135479086955443
  0.70059196160011972  0.71446070757075597  0.73330022308293319  0.75210414312673102
  0.76778351391101551  0.78120408966389765  0.79732193935923334  0.81323788617545700
  0.83098962432349843  0.85103433277422869  0.87190080266427095  0.89342603590601810
  0.91186978825992016  0.92428998470843893  0.93318655912487936  0.94236149300800798
  0.95570485981224695  0.97159663635671079  0.98729259459781260  1.00000000000000000
 -0.00507681537187836  0.00848402123236482  0.02054174616508532  0.03153761276403679
  0.04209661210415222  0.04984922997308021  0.06248875843618219  0.08054586287626631
  0.09716210470306084  0.10479982059199930  0.11236427289684661  0.11980294935871634
  0.12721889354448077  0.13447869811648469  0.14173850268848859  0.15376099996001941
  0.16904728801145799  0.19288005814334389  0.21514168778109621  0.23376806396211167
  0.24743669503804216  0.25608012208053876  0.26143168993945076  0.26752164741026169
  0.27414622375791098  0.28294353645660347  0.28864959913868882  0.29353454767058956
  0.29928195126233326  0.30378830423712350  0.30734278243309671  0.31137169385841573
  0.31481842818747702  0.31821732316442530  0.32191426160061171  0.32662094832862354
  0.34271292815060062  0.36133078508413363  0.37633966865204838  0.38617074030569970
  0.39291267696561538  0.40028142919199666  0.40611945745456757  0.41137534643204970
  0.41668252749805318  0.42728322201359642  0.44453850280272028  0.45424072662641063
  0.46190223538417108  0.47022218398427951  0.47917416241564986  0.48378244897797013
  0.48765108071820651  0.49235169917276517  0.49738264638070828  0.50271912771716443
  0.50832382824490285  0.51445770953914027  0.52211000120702511  0.53080599291383945
  0.54131000260036899  0.54645546879337992  0.55121845629189725  0.55665900503728583
  0.56289584717238306  0.57026759188569598  0.57886669912709132  0.58675629278070118
  0.59333850828281665  0.60113260796779200  0.60880993467905642  0.61712882850428130
  0.62974871842770341  0.64495161557804226  0.65582832332342678  0.67167015904094607
  0.68788079027000959  0.70030820661963833  0.71109891362196409  0.72120285617086344
  0.73026352977883102  0.73901408084611409  0.74639234525866371  0.75330086086250336
  0.75938201829104224  0.76641471914608106  0.78034657369090965  0.79770125054020857
  0.81591301375450798  0.83532909486808926  0.86010122338409878  0.88652259501067521
  0.91066589654452945  0.93524639788939534  0.96667958862262504  1.00000000000000000
 -0.00255758711681475  0.01246427481578776  0.02073276012950303  0.02860979344856577
  0.03859208311009637  0.04731867068502146  0.05693147051292391  0.06744831227386140
  0.08143046694566691  0.09726077674419963  0.11285247999114467  0.12723099420168460
  0.14120814576183446  0.15380809367209794  0.17194334011853171  0.19013445577609131
  0.20341212215340199  0.21026567943233926  0.21641110456048210  0.22149176939351561
  0.22720543376238320  0.23376660340095437  0.24283894028440398  0.24906265191315827
  0.25348448600837520  0.25833818403155073  0.26484468103628195  0.27055634223321967
  0.27746168862910714  0.28796752063852254  0.30131738303171041  0.31046082004740500
  0.32010513275871522  0.33108939330408316  0.33977310532608374  0.34972729368934463
  0.36000821339090894  0.37040034914416753  0.37832189927791182  0.38574394829704162
  0.39182740463351401  0.39936714400097711  0.41057833687601591  0.42832546427457135
  0.45289075262571266  0.47700168004265592  0.49704292798474903  0.50582002074776966
  0.51353372281431398  0.52096081277566719  0.52946568942631689  0.53652180808164995
  0.54214704050629692  0.54931304884386001  0.55890559088538994  0.56675877971186195
  0.57270693684595164  0.57751521441946951  0.58194950529853462  0.58544742032878760
  0.58946066990068846  0.59562438269564255  0.60803545071661413  0.62007935555903892
  0.63134294503305621  0.64085893710926112  0.64908568902895503  0.65651198933966171
  0.66564291580076074  0.67587312917341891  0.69004417005954255  0.70562695934683661
  0.71679350694313415  0.72682667214363084  0.73825685961504361  0.74590919467532046
  0.75072543930330227  0.75650634906782277  0.76167091657332242  0.76554259547082171
  0.76769360342172221  0.77270427466749314  0.78160441223999944  0.79135082044872551
  0.80213561500658825  0.81503706243318563  0.82982265219160545  0.84156123161003082
  0.85269825936070731  0.86875943052583804  0.89245477553420116  0.91626205897764090
  0.93681723461848876  0.95660365387050894  0.97619477023524215  1.00000000000000000
 -0.00530042990700148  0.02215212874851867  0.03251843896199685  0.04019796157093882
  0.04960143506281531  0.05984747315130418  0.06934084453632550  0.07774183026579765
  0.08798523846630603  0.10661241203108168  0.12191363940630470  0.13890550318969389
  0.15278275777673631  0.15979135904832648  0.16678235768158883  0.17593012560298293
  0.18845347063159698  0.20713044075452841  0.23288562150251169  0.25766200465970923
  0.27689290449048959  0.29267424745639453  0.30447804483921398  0.31299232299135377
  0.32226714858103039  0.33251548838715894  0.34434425874069924  0.35450754521498107
  0.36361860894880133  0.37070750514434941  0.37689570318671534  0.38256964977148095
  0.39286132188043643  0.40258523734366841  0.40953312126349695  0.41662718114048353
  0.42388742176373434  0.43058120364885966  0.43645337783873822  0.44301932919766202
  0.45108018468406375  0.45791978976299852  0.46688753468842209  0.47817584740543984
  0.48688319452700496  0.49495457332617071  0.51017914850182033  0.52637868438376234
  0.54180424934020943  0.55708129858866129  0.57351958298262362  0.58795768955695304
  0.60463096875949751  0.62384816737804416  0.64089910854626320  0.65200137013987514
  0.65904324746333987  0.66479733859070544  0.67390373614610255  0.68283688796690167
  0.69342617101927817  0.70620553233578154  0.72103030766646559  0.73539125607533085
  0.74960301753356573  0.76312150144743152  0.77172339695387959  0.78037331487548867
  0.79068374334114899  0.80619158299188143  0.81835880643874548  0.82802515718656955
  0.83454164347342219  0.83754764538550985  0.83986445266022769  0.84229020182988845
  0.84473378681359346  0.84726105817888797  0.85110791466713187  0.85842180050706229
  0.86600151595397401  0.87465870619540553  0.88923441008973581  0.90397865915103504
  0.92354144159736651  0.94240635899568526  0.94942109800809960  0.95630681831770303
  0.95940452163174983  0.96250728553609244  0.96565388371514749  0.96885814193063446
  0.97420150975741004  0.98017122910956855  0.98962188241431959  1.00000000000000000
  0.60011814022974763  0.69187618922397565  0.72836628051864993  0.75120672626207874
  0.75852890830650932  0.76366031497511078  0.76879172164371223  0.77483754979210617
  0.78096441515727144  0.78709128052243682  0.78973109455966717  0.79220143620565375
  0.79467177785164034  0.80176320257202727  0.80810833043490948  0.81481043718314972
  0.82391289833729420  0.82843006003485387  0.83289383983642107  0.83697333953638553
  0.84075440945444080  0.84293488785633219  0.84541671121885520  0.84914310184853481
  0.85294369663655345  0.85695798366169318  0.85952156528780344  0.86141568261364354
  0.86241742475761640  0.86427142833500015  0.86556088611431725  0.86696798126537533
  0.86868077458250914  0.87297285347517861  0.87882124234029091  0.88299226585919888
  0.88658242751517502  0.88913838478391016  0.89043303602983193  0.89347124026437175
  0.89569491736127327  0.89790738938665859  0.90095680743399753  0.90354726859243961
  0.90644684243707829  0.91024120567051137  0.91336527393161338  0.91547593921612280
  0.91707045843867352  0.91911725805248778  0.92165202274558489  0.92473861721436346
  0.92845893532229051  0.93217474256016841  0.93512801622333852  0.93670441834087481
  0.93806478926749159  0.93945130620806683  0.94070869962799641  0.94160944240550615
  0.94238683498269082  0.94312876681055158  0.94387719856661845  0.94466887120363563
  0.94545404258281884  0.94696731411717994  0.94901000640066069  0.95098320301269845
  0.95323373573653258  0.95480716342777550  0.95611985076377914  0.95731554607684777
  0.95839757821401228  0.95958074590258935  0.96122042876992986  0.96325275500638208
  0.96462232264272207  0.96555140104548609  0.96614902067977892  0.96694582956514197
  0.96752139021626737  0.96797142138393311  0.96850743070859269  0.96875702039455758
  0.96926322776938711  0.96990492385988869  0.97059022282963847  0.97250296352219023
  0.97464404689957485  0.97694821321264180  0.97987807053121878  0.98309252653918766
  0.98598906967720246  0.99046822477888286  0.99518197595226776  1.00000000000000000
 -0.03880876002640365  0.18469329146754529  0.25541350975444194  0.29254676344934377
  0.31689750990369631  0.33963911139270919  0.35823465980399261  0.38270778358846963
  0.39889920152529817  0.40720877217896401  0.41408551597644744  0.42125965560833301
  0.42782209097412510  0.43485591746273261  0.44949718465384181  0.46956801600119524
  0.48640387734677548  0.49906480455960894  0.50635122791796960  0.51007458169495001
  0.51306369837309374  0.51634200062462310  0.51926305398398176  0.52206984540555013
  0.52390315898762618  0.52598352336086751  0.52877889258482291  0.53170195145547805
  0.53607711446842576  0.54111560955008153  0.54676125360016259  0.55222793617143706
  0.55693680613302832  0.56235338136035562  0.56717961071037415  0.57215501426037241
  0.57993964974377843  0.58814043901022661  0.59402272764334152  0.60014656276106604
  0.60589038241264193  0.61180673467360491  0.61880436301186492  0.62793509504926792
  0.63722202427353525  0.64418894208856559  0.64993132857703773  0.65441575258788209
  0.65780713997728213  0.66082940914151123  0.66390050817082669  0.66752240265819096
  0.67259709744401552  0.67739668222158389  0.68182663799207910  0.68647456568019150
  0.68963004130754046  0.69126153376476285  0.69312322438760687  0.69512622259066259
  0.69748181286255739  0.69994746761762661  0.70326184689470939  0.70722279305211089
  0.71090714884912842  0.71370148629474361  0.71694896353949034  0.72113346671244982
  0.72542377267726743  0.73049600210668697  0.73545013033117135  0.73919154719028723
  0.74317245556033795  0.74784514141211300  0.75228039255543655  0.75601518419926617
  0.76235138815461589  0.77290990728627806  0.78456947464798898  0.79370793832798781
  0.80267481273101560  0.81133423516431868  0.81818999370167811  0.82348546773341036
  0.82812082076385407  0.83353604556879479  0.83885774148094472  0.84582717124355788
  0.85290292404712320  0.86338592367658018  0.88711579469741086  0.90253037939052350
  0.91421341992647998  0.93756861259023083  0.96878430629511547  1.00000000000000000
   1.9880450272616292E-015  -1.0000000000000000     
 F F F F F F F F F F F F F F F F F F F F F F F F F F F F F F F F F F F F F F F F F F F F F F F F F F F F F F F F F F F F F F F F F F F F F F F F F F F F F F F F F F F F F F F F F F F F F F F F F F F F F F F F F F F F F F F F F F F F F F F F F F F F F F F F F F F F F F F F F F F F F F F F F F F F F F F F F F F F F F F F F F F F F F F F F F F F F F F F F F F F F F F F F F F F F F F F F F F F F F F F F F F F F F F F F F F F F F F F F F F F F F F F F F F F F F F F F F F F F F F F F F F F F F F F F F F F F F F F F F F F F F F F F F F F F F F F F F F F F F F F F F F F F F F F F F F F F F F F F F F F F F F F F F F F F F F F F F F F F F F F F F F F F F F F F F F F F F F F F F F F F F F F F F F F F F F F F F F F F F F F F F F F F F F F F F F F F F F F F F F F F F F F F F F F F F F F F F F F F F F F F F F F F F F F F F F F F F F F F F F F F F F F F F F F F F F F F F F F F F F F F F F F F F F F F F F F F F F F F F F F F F F F F F F F F F F F F F F F F F F F F F F F F F F F F F F F F F F F F F F F F F F F F F F F F F F F F F F F F F F F F F F F F F F F F F F F F F F F F F F F F F F F F F F F F F F F F F F F F F F F F F F F F F F F F F F F F F F F F F F F F F F F F F F F F F F F F F F F F F F F F F F F F F F F F F F F F F F F F F F F F F F F F F F F F F F F F F F F F F F F F F F F F F F F F F F F F F F F F F F F F F F F F F F F F F F F F F F F F F F F F F F F F F F F F F F F F F F F F F F F F F F F F F F F F F F F F F F F F F F F F F F F F F F F F F F F F F F F F F F F F F F F F F F F F F F F F F F F F F F F F F F F F F F F F F F F F F F F F F F F F F F F F F F F F F F F F F F F F F F F F F F F F F F F F F F F F F F F F F F F F F F F F F F F F F F F F F F F F F F F F F F F F F F F F F F F F F F F F F F F F F F F F F F F F F F F F F F F F F F F F F F F F F F F F F F F F F F F F F F F F F F F F F F F F F F F F F F F F F F F F F F F F F F F F F F F F F F F F F F F F F F F F F F F F F F F F F F F F F F F F F F F F F F F F F F F F F F F F F F F F F F F F F F F F F F F F F F F F F F F F F F F F F F F F F F F F F F F F F F F F F F F F F F F F F F F F F F F F F F F F F F F F F F F F F F F F F F F F F F F F F F F F F F F F F F F F F F F F F F F F F F F F F F F F F F F F F F F F F F F F F F F F F F F F F F F F F F F F F F F F F F F F F F F F F F F F F F F F F F F F F F F F F F F F F F F F F F F F F F F F F F F F F F F F F F F F F F F F F F F F F F F F F F F F F F F F F F F F F F F F F F F F F F F F F F F F F F F F F F F F F F F F F F F F F F F F F F F F F F F F F F F F F F F F F F F F F F F F F F F F F F F F F F F F F F F F F F F F F F F F F F F F F F F F F F F F F F F F F F F F F F F F F F F F F F F F F F F F F F F F F F F F F F F F F F F F F F F F F F F F F F F F F F F F F F F F F F F F F F F F F F F F F F F F F F F F F F F F F F F F F F F F F F F F F F F F F F F F F F F F F F F F F F F F F F F F F F F F F F F F F F F F F F F F F F F F F F F F F F F F F F F F F F F F F F F F F F F F F F F F F F F F F F F F F F F F F F F F F F F F F F F F F F F F F F F F F F F F F F F F F F F F F F F F F F F F F F F F F F F F F F F F F F F F F F F F F F F F F F F F F F F F F F F F F F F F F F F F F F F F F F F F F F F F F F F F F F F F F F F F F F F F F F F F F F F F F F F F F F F F F F F F F F F F F F F F F F F F F F F F F F F F F F F F F F F F F F F F F F F F F F F F F F F F F F F F F F F F F F F F F F F F F F F F F F F F F F F F F F F F F F F F F F F F F F F F F F F F F F F F F F F F F F F F F F F F F F F F F F F F F F F F F F F F F F F F F F F F F F F F F F F F F F F F F F F F F F F F F F F F F F F F F F F F F F F F F F F F F F F F F F F F F F F F F F F F F F F F F F F F F F F F F F F F F F F F F F F F F F F F F F F F F F F F F F F F F F F F F F F F F F F F F F F F F F F F F F F F F F F F F F F F F F F F F F F F F F F F F F F F F F F F F F F F F F F F F F F F F F F F F F F F F F F F F F F F F F F F F F F F F F F F F F F F F F F F F F F F F F F F F F F F F F F F F F F F F F F F F F F F F F F F F F F F F F F F F F F F F F F F F F F F F F F F F F F F F F F F F F F F F F F F F F F F F F F F F F F F F F F F F F F F F F F F F F F F F F F F F F F F F F F F F F F
  <DiscreteSampler_grid>
  grouped_processes
  1 # 1 for a reference and 2 for a running grid.
  10 # Attribute 'min_bin_probing_points' of the grid.
  1 # Attribute 'grid_mode' of the grid. 1=='default',2=='initialization'
  0.0000000000000000 # Attribute 'small_contrib_threshold' of the grid.
  0.5000000000000000 # Attribute 'damping_power' of the grid.
 # binID   n_entries weight   weight_sqr   abs_weight
    61   10   8.208913007181557E-014   6.635676352876538E-026   8.208913007181557E-014
    62   10   8.208913007374682E-014   6.635676353191157E-026   8.208913007374682E-014
    64   10   1.641782601436311E-013   2.654270541150615E-025   1.641782601436311E-013
    65   10   1.641782601474936E-013   2.654270541276463E-025   1.641782601474936E-013
    67   10   5.701565248688894E-015   2.214940365619943E-028   5.701565248688894E-015
    68   10   5.701565248026997E-015   2.214940365008412E-028   5.701565248026997E-015
    70   10   1.140313049737779E-014   8.859761462479773E-028   1.140313049737779E-014
    71   10   1.140313049605399E-014   8.859761460033646E-028   1.140313049605399E-014
    106   10   8.208913007189496E-014   6.635676352889473E-026   8.208913007189496E-014
    107   10   8.208913007372646E-014   6.635676353187840E-026   8.208913007372646E-014
    109   10   1.641782601437899E-013   2.654270541155789E-025   1.641782601437899E-013
    110   10   1.641782601474529E-013   2.654270541275136E-025   1.641782601474529E-013
    112   10   5.701565248721134E-015   2.214940365649726E-028   5.701565248721134E-015
    113   10   5.701565248052082E-015   2.214940365031588E-028   5.701565248052082E-015
    115   10   1.140313049744227E-014   8.859761462598902E-028   1.140313049744227E-014
    116   10   1.140313049610416E-014   8.859761460126352E-028   1.140313049610416E-014
    151   10   3.755981020632468E-015   8.370418793357876E-029   3.755981020632468E-015
    152   10   3.755981020748719E-015   8.370418793442922E-029   3.755981020748719E-015
    154   10   7.511962041264936E-015   3.348167517343150E-028   7.511962041264936E-015
    155   10   7.511962041497437E-015   3.348167517377169E-028   7.511962041497437E-015
    157   10   9.361317176625394E-015   4.813941089508279E-028   9.361317176625394E-015
    158   10   9.361317176807980E-015   4.813941089527412E-028   9.361317176807980E-015
    160   10   1.872263435325079E-014   1.925576435803312E-027   1.872263435325079E-014
    161   10   1.872263435361596E-014   1.925576435810965E-027   1.872263435361596E-014
    196   10   3.755981020637915E-015   8.370418793361866E-029   3.755981020637915E-015
    197   10   3.755981020754914E-015   8.370418793447434E-029   3.755981020754914E-015
    199   10   7.511962041275829E-015   3.348167517344746E-028   7.511962041275829E-015
    200   10   7.511962041509827E-015   3.348167517378974E-028   7.511962041509827E-015
    202   10   9.361317176631588E-015   4.813941089508929E-028   9.361317176631588E-015
    203   10   9.361317176815080E-015   4.813941089528151E-028   9.361317176815080E-015
    205   10   1.872263435326318E-014   1.925576435803572E-027   1.872263435326318E-014
    206   10   1.872263435363016E-014   1.925576435811260E-027   1.872263435363016E-014
  </DiscreteSampler_grid>
