  0.00167953286143935  0.01225736608020776  0.02530679345159857  0.03766435299599312
  0.04872414553919387  0.06243135924993564  0.07599898071158658  0.08138195631571971
  0.08516322908251356  0.08856630031409204  0.09141093934503018  0.09245483852205628
  0.09478132041449916  0.09801455519126877  0.10220721316993273  0.10722927116637318
  0.11132848052105912  0.11366601962411807  0.11636327685616349  0.12005200729155988
  0.12439782056181101  0.13024725679175128  0.13471364707113012  0.14041414745797270
  0.15122413135290336  0.17027054310646389  0.18221366365932393  0.19825495948447125
  0.21696095662737011  0.23295384949956149  0.24951516425131190  0.26514916621148377
  0.27881709526573351  0.29360201158418125  0.31135658214699741  0.32453603935544317
  0.33411748263179852  0.34234168096640022  0.35002213017806028  0.35790659515497947
  0.36419231481071240  0.37560269166264271  0.38849747701861265  0.40083866870859503
  0.41503817523637182  0.43925617767156272  0.47328009936113558  0.48980843231399729
  0.49990023726883870  0.50643799415955182  0.51160248325466073  0.51902789238584757
  0.52715136404679119  0.53599870447706566  0.54631395305204156  0.55798305838608020
  0.56961112188812957  0.58111930596436734  0.59590254105267171  0.61747275775773469
  0.64318917417616117  0.66295019582454506  0.67757345088702048  0.69061371940824279
  0.70030063877122539  0.70711979513000978  0.71317927157028704  0.72073881546945551
  0.72698313317749674  0.73370991649559336  0.74100000262877130  0.75727123932793228
  0.77326365956543752  0.78583525655235753  0.79804076804384316  0.81028553190298980
  0.82382571235039415  0.84252495314282860  0.85737017974144381  0.86529012838109276
  0.87241324375820706  0.87833842070863100  0.88332661875566731  0.88826050663060008
  0.89347198330396171  0.89676919809950550  0.89979184136983958  0.90271155617204835
  0.90562278622574821  0.90974789215924068  0.91400992861223351  0.92435661938032743
  0.93697011115328310  0.95605009045585376  0.97735651754048170  1.00000000000000000
  0.00669331892635425  0.02748003294884344  0.04127901428387411  0.05249310493586467
  0.06454615785147833  0.08371019318317950  0.10119085276731135  0.11343221106764258
  0.12450651410733356  0.13648527388529427  0.14526075342046288  0.15366854094364280
  0.15745304581134875  0.16123755067905471  0.16326995341447234  0.16522839541769435
  0.16926395555529530  0.17464412257935982  0.18200067387905358  0.19158966496994198
  0.19862839009113953  0.20422219697686611  0.21148955295889973  0.22305124150943625
  0.23862979356401248  0.25163652608262027  0.26284776961105932  0.27472767863296010
  0.28692984406021671  0.30173196078463499  0.31672151429705447  0.33129595051027932
  0.34547119501535295  0.35878246446247564  0.37912920008543527  0.40441322072531949
  0.41835288444684293  0.43195120013682037  0.44552291434795482  0.46253793566365770
  0.47426179129712726  0.48476542435394721  0.49517458586520119  0.50442467974629257
  0.51348816772243566  0.52053011118329529  0.53094915336570225  0.54392372441562742
  0.56259637824620223  0.58220110997132157  0.60495998116438332  0.61979937150573450
  0.62680674722053842  0.62982034495310657  0.63419451361609069  0.63865326763331864
  0.64179632327793357  0.64453395040204575  0.64677401107023846  0.64833608775528206
  0.65174590028714752  0.65470960589112581  0.65870327576271992  0.66185303240308413
  0.66846851757621373  0.68148087409044633  0.69653181474089343  0.70719283650170772
  0.71396072967509339  0.71959521019319739  0.72495938609895583  0.73209555455700304
  0.74248057394832601  0.75521765017517051  0.76374110087678049  0.77583729070034835
  0.80294408717484045  0.83665999586386341  0.85754393652395644  0.87150121081195497
  0.88383742896379536  0.89907737836661639  0.91084116062421250  0.91867302431821851
  0.92316780569205936  0.92530998979401113  0.92937997622111634  0.93262244101774261
  0.93586619157404782  0.93925894175938252  0.94573162757510931  0.96192455998467474
  0.97156057638315374  0.98053594254924314  0.99119937456191354  1.00000000000000000
  0.00018369416282049  0.00023029895996568  0.00023315556431360  0.00023543046673455
  0.00023761229946990  0.00023964486976990  0.00024225426828403  0.00024519563792212
  0.00024764889753412  0.00024980868730483  0.00025182909811166  0.00025346288068960
  0.00025406237908352  0.00025472641828191  0.00025536738952938  0.00025576576560457
  0.00025619713624450  0.00025668089087038  0.00025715966850795  0.00025763177020038
  0.00025850923902363  0.00026014289863141  0.00026147106705884  0.00026237602085113
  0.00026384195567013  0.00026565916060909  0.00026831597529972  0.00027043671350308
  0.00027173894348980  0.00027305871218047  0.00027458840490685  0.00027611343605799
  0.00027763047082347  0.00027932161124240  0.00028110026054810  0.00028260842216633
  0.00028396227694961  0.00028655877112616  0.00029086822534598  0.00029507947122189
  0.00029845693627733  0.00030126281056637  0.00030423071048974  0.00030714942488108
  0.00031059352210308  0.00031434553195421  0.00031720312555708  0.00031953711991352
  0.00032186506718131  0.00032556249784322  0.00033109072018753  0.00033917939496817
  0.00034657221938346  0.00035270683104028  0.00035912519112629  0.00036550176702948
  0.00037234353276842  0.00038167652599899  0.00039008090272747  0.00039935827905223
  0.00040854723747601  0.00041631817434478  0.00042353846258612  0.00042724837812867
  0.00042886554822720  0.00043051093735955  0.00043297478897387  0.00043637588429655
  0.00044140012792853  0.00044712992768388  0.00045111001221224  0.00045524444003844
  0.00046082230368779  0.00046913406898832  0.00048787603912297  0.00050505018962789
  0.00051542542660330  0.00052525011004964  0.00053740920539012  0.00055004750676292
  0.00057008002549304  0.00058133639881399  0.00059402406963894  0.00060557429813848
  0.00061484426843292  0.00062240883276642  0.00063035196481361  0.00063858896108244
  0.00065252042087550  0.00068575536001164  0.00079479200028539  0.00099882667272466
  0.00131209629592183  0.00174172013504146  0.31220884725929393  1.00000000000000000
  0.00021427946585429  0.00034163911348354  0.00037176061281991  0.00038156142236205
  0.00039090471998794  0.00039985330333012  0.00041048300147004  0.00042821944884696
  0.00045407280938894  0.00048411960242694  0.00050825009829976  0.00053113109016997
  0.00055333884739174  0.00057479084353648  0.00059373173086001  0.00061052368948553
  0.00062033461552161  0.00062377204488268  0.00062569057493360  0.00062806821545396
  0.00063370044235705  0.00064034161688366  0.00064613371285854  0.00065118908732228
  0.00065767219360795  0.00066292399976031  0.00067332601161029  0.00069259669868667
  0.00070971380724752  0.00072044567627649  0.00073002879118756  0.00074030436493966
  0.00074534269734120  0.00074952465580807  0.00075785201256625  0.00076745986198217
  0.00077624160908479  0.00078466848288403  0.00079882582135085  0.00081543265359245
  0.00082965362672669  0.00084035893613915  0.00084851059797163  0.00086024308282981
  0.00087636681931218  0.00089326969958590  0.00090445700199430  0.00091345378103998
  0.00092199539584254  0.00093213884579009  0.00094627987658635  0.00096448697635081
  0.00098436999283894  0.00100556421918251  0.00101927435627480  0.00102868151645756
  0.00103710435364321  0.00105205026751433  0.00107530284772271  0.00110801797931906
  0.00114059488154025  0.00117443314536840  0.00121264743164840  0.00125244184912682
  0.00129993258524480  0.00133873820780584  0.00137522596162305  0.00141493272890167
  0.00148112079431245  0.00155301580482807  0.00158659064860873  0.00161486986667497
  0.00164704051653406  0.00170746000419749  0.00178123118088972  0.00186155969738945
  0.00194613688539077  0.00203788818663834  0.00210781646484337  0.00219784331536975
  0.00232938754855545  0.00248499753837169  0.00266124442957677  0.00287090105006423
  0.00311729898921717  0.00341803560924530  0.00363634063087370  0.00384352608902189
  0.00394810265924507  0.00409583675557838  0.00462907063662186  0.00578965625915090
  0.00683405076434426  0.00923642232279820  0.66757477514220143  1.00000000000000000
  0.00229727360422476  0.01854903063275641  0.03207320401765604  0.03685441001969944
  0.04193441687265782  0.04815594408324787  0.05719051802420975  0.06696684608976738
  0.07507254604545507  0.08296644369758789  0.09256733284054129  0.09863073993303645
  0.10403142221299481  0.11099338499995426  0.12095714201228674  0.13409401033381649
  0.15461560689053530  0.17145816115408552  0.17884529720669792  0.18703677640337624
  0.20102751609772712  0.22162322674681020  0.23852803841448053  0.24782925358172325
  0.25714506523566677  0.26666062251970091  0.27617617980373499  0.28687403135297734
  0.29779989561791725  0.31135420305422185  0.32533981302635179  0.33160988420183118
  0.33792722577547823  0.34451434774497081  0.35408254067292411  0.36805301908693150
  0.38880977470397560  0.40346731772650618  0.41116474222695620  0.41837790886222970
  0.42989177723787553  0.44205681254806994  0.45199736491924514  0.45834021580186524
  0.46398169469849632  0.47320479270687743  0.48466989752759498  0.49255318474123017
  0.50021062821360107  0.50549365884103159  0.50999706126383704  0.51455583442376041
  0.51924203841678118  0.52467520154451197  0.53028381163260807  0.53694698894441861
  0.54552068646461183  0.55766816939387120  0.57305440487348847  0.59144059545483230
  0.60866507847389417  0.62430936857287667  0.63960206144176024  0.65486443417524942
  0.67008794814383321  0.68671963610788866  0.70446673263629733  0.71611272496606637
  0.73292998093831141  0.75147028802132010  0.77076099659492758  0.78730797385440909
  0.79562723757743803  0.80138781421762206  0.80622038843110799  0.81112692642750706
  0.81612822566267595  0.82391868951693548  0.83224535925966658  0.83988915834141209
  0.85154367631932393  0.86473120226444888  0.87917289379900565  0.89549262672043606
  0.92151448267199809  0.94101602450928512  0.95220005985047396  0.95697660408892049
  0.96207513796334909  0.96577744273531541  0.96952425842658563  0.97343375120662567
  0.97715588165576450  0.98513464372076553  0.99254092715954179  1.00000000000000000
  0.00001482543415830  0.00003770663027255  0.00004855791024555  0.00005214707884986
  0.00005462583746938  0.00005755152665711  0.00006159549472381  0.00006556445077777
  0.00007204356643525  0.00007995103665218  0.00008798520556382  0.00009645916474830
  0.00010442111586661  0.00011240244736457  0.00012014118880722  0.00012701118405753
  0.00013391942086146  0.00014099922216310  0.00014904937260173  0.00015969727284592
  0.00017089443391736  0.00018449564792414  0.00019254805326355  0.00019789506492938
  0.00020204241612763  0.00020577053982974  0.00020916956320829  0.00021256526217703
  0.00021595623709046  0.00022099342755328  0.00022776379459230  0.00023359333528662
  0.00023820759988266  0.00024200486214648  0.00024607216464787  0.00025011268294623
  0.00025467819554024  0.00025914413948293  0.00026165785336601  0.00026515493288287
  0.00026905068815122  0.00027539957517623  0.00029604461251837  0.00031413607866600
  0.00032987556936817  0.00034266026983972  0.00034993064916047  0.00035794610348945
  0.00037040530040132  0.00038269632733865  0.00039395436150161  0.00040310599401375
  0.00040795292521645  0.00041281980118115  0.00041872274800463  0.00042982035702518
  0.00044699715350194  0.00046441552670686  0.00048005760376688  0.00049119726360645
  0.00049891625705239  0.00050832903069811  0.00052067399133481  0.00053195745154478
  0.00054219062403616  0.00055438672649669  0.00056600209834598  0.00057955703270309
  0.00059807831179332  0.00062033964851540  0.00064489262027630  0.00067047197014781
  0.00070351922783488  0.00074493226826688  0.00079353030457867  0.00085053092490237
  0.00093181883585872  0.00103121329374976  0.00116611554029669  0.00136429518489463
  0.00146147152966383  0.00153261903828904  0.00159946036650089  0.00169380883528660
  0.00176067217918944  0.00179363330901144  0.00182219376727154  0.00185502290933902
  0.00195136560891120  0.00203589583595068  0.00221868533636448  0.00261322491287796
  0.00372540831400474  0.00632143188501491  0.47216215885625512  1.00000000000000000
 -0.00040059398940690  0.00181121977757701  0.00959619744539604  0.02258214218728051
  0.03563780173046516  0.04844906483390969  0.06686538010287028  0.08176736203691239
  0.09806088506623077  0.11640351064764597  0.13932476523255841  0.15989523385569168
  0.17487692375145669  0.18331754138791007  0.18965641992916485  0.19817015892280987
  0.20936807144534511  0.21544573587730073  0.22314898143764977  0.23026901620405066
  0.23645208889231262  0.24296126714554866  0.25267736597160728  0.26238673197989165
  0.27208754693890408  0.29020910735975486  0.29880961152194224  0.30771228421964819
  0.31895825363043839  0.33494155499871925  0.35148535959851834  0.36955556253115279
  0.38736832069990240  0.40245308564090210  0.41924890306048546  0.43391056483609031
  0.44502571018854109  0.45510812680476775  0.46233757219543742  0.46605040260259933
  0.46928798134744865  0.47128628962835323  0.47274107404234483  0.47414279406978038
  0.47639033899553207  0.47938795169837051  0.48097942948613209  0.48277491736363426
  0.48515044170581251  0.48755449923476274  0.49004201763851563  0.49302255144306883
  0.49869450475163990  0.50539483810771202  0.51792929866730641  0.52556038539127059
  0.53019644338554250  0.53474289071481518  0.53959669364777774  0.54371089096678693
  0.55016527656877878  0.56126039811593420  0.56945642803756824  0.57710637730484438
  0.58387994091392870  0.59290211267369319  0.60129476828555561  0.60793924392901366
  0.61505679078727060  0.62703674859616809  0.64064597092266373  0.65547882311524541
  0.67156115299802854  0.68965511043999450  0.71710599329908697  0.73738438304287202
  0.75222985609470017  0.76514984486992077  0.77589680890962376  0.78616225497152559
  0.79648837291880503  0.81008894265735221  0.82505351730798848  0.83985102416180601
  0.86134706078900314  0.88523223836151010  0.90712655111099061  0.92764415296661618
  0.94039541170243879  0.94840832128831232  0.95689412147042074  0.96561163005099004
  0.97375365282389759  0.98135370318160664  0.98907456851740705  1.00000000000000000
 -0.00199952812780460  0.00829399273172043  0.01529692755030855  0.02103934847520545
  0.02779901641274318  0.03521881465143849  0.04905997222900796  0.07035012577269346
  0.09112814188092677  0.10811698114354153  0.12584045513075406  0.14612593837389398
  0.15731797739105949  0.16242055740286063  0.16808871038825204  0.17378493261206790
  0.17970090710836184  0.18501639854559940  0.18890173673634991  0.19288748678104162
  0.19627183088176606  0.19993634043447711  0.20817324124058706  0.22223000564748133
  0.22993544695829021  0.23860310294539236  0.24972071125819681  0.25859920953893423
  0.26951385930584371  0.28307557989082971  0.30101483665763895  0.32415482208498858
  0.34122165285480810  0.35222395132223500  0.36258658870855626  0.37168139200298239
  0.38061371034849600  0.38684189074677794  0.39307007114505993  0.39988773090162499
  0.40824561850357921  0.41627939307204748  0.42298915076716981  0.43419132717274339
  0.45514654566316942  0.47477132760223456  0.48971300830456660  0.50141235440334608
  0.51457636759774950  0.52701540524154245  0.54773556891409259  0.57345526490680498
  0.59795702929624139  0.61226949648654805  0.61894438472952562  0.62440195421320177
  0.62960627967383787  0.64026417098517596  0.65232087361306923  0.65926760642499582
  0.66628352138967106  0.67906600441368592  0.69848047539226099  0.71125983004246918
  0.72027521029007735  0.73170979616839604  0.74926040636437596  0.76049935116361245
  0.77053131803742403  0.78507183219552734  0.79211528400672426  0.79630638863889569
  0.80132463703297807  0.80890019801885482  0.81222479769871736  0.81537634231667966
  0.81714158413056248  0.81945835326483130  0.82247031007363425  0.82776083968546943
  0.84407544180097527  0.86266023206116971  0.87070390022794042  0.87474304948525250
  0.87828946160003940  0.88199250816661412  0.88643905187719774  0.89041849359556602
  0.89446419411122180  0.89866538318480338  0.90314411819951490  0.90948478426188872
  0.92544296586703378  0.95229138145541792  0.97813701758393168  1.00000000000000000
 -0.00226042685681552  0.00995095860462698  0.02053904410268038  0.02887759793601780
  0.03883484686491892  0.05870826198418858  0.07939802679210196  0.10308732934487440
  0.12802178651825719  0.13806114129296682  0.14639003540436690  0.15272449950649508
  0.15715598462721658  0.16522270761673971  0.17213121379618965  0.17961282392939845
  0.20129361512597679  0.22942025766086244  0.23995994518000188  0.24655042092705495
  0.25298518799897241  0.26550037536879434  0.28314324709519395  0.30199877713539658
  0.32272462778463257  0.33993571472170458  0.35611400340761590  0.37394676400295651
  0.39696431083227718  0.42028895246133657  0.43377689842618655  0.44169820997499620
  0.45112023997008033  0.45841212592512220  0.46364115629710667  0.46661601277925158
  0.46894313306068758  0.47166621821259308  0.47468395423072046  0.47857524376431432
  0.48594205260072043  0.50142398915693331  0.52500714123919678  0.54427551865006962
  0.56367155894515453  0.58217867736343554  0.59363122756451780  0.60348998714821944
  0.61171402585658585  0.62064537016759358  0.63894598712108497  0.66207260229059872
  0.68248284878700582  0.69928862707273909  0.70771210963176601  0.70856069491064821
  0.70941907492725753  0.71029907398416237  0.71116609751696791  0.71200471997400427
  0.71313199404078254  0.71545449406047124  0.71923510518805245  0.72383048211836365
  0.72833924831702412  0.73256295953380979  0.73639935832623948  0.74347675573031702
  0.75420797087453362  0.76613016382958021  0.78095308696155552  0.79287370341024466
  0.80478982786249409  0.81570417664569994  0.82468949782188383  0.83442879119735935
  0.84570453538955881  0.86022957295705593  0.87960271472361917  0.90278728317429846
  0.91505490428893455  0.92415905092557693  0.93107320180578634  0.93705135398598383
  0.94199203194342984  0.94575243780400198  0.95010512077399056  0.95193505886546936
  0.95354359180034443  0.95517579032421540  0.95755749721625649  0.96184026920569599
  0.96874226636940108  0.97753103592817403  0.98847701650959130  1.00000000000000000
 -0.00351246790005790  0.00632374013055376  0.01555472708120872  0.02290738298738804
  0.03389156113738263  0.04277393183273149  0.05188142542988677  0.06031999147487340
  0.06883330874044245  0.07457186719746993  0.08243957326985808  0.08703975139263981
  0.09158077235698601  0.09601274976415174  0.10232407532120524  0.11101997311666301
  0.12603226513985644  0.14818069614679022  0.17069711005663180  0.18949375388812312
  0.20190294282062909  0.20708039155899541  0.21237006097224922  0.22042321264523912
  0.22493753543274475  0.22658430901511983  0.22829004633923192  0.23096383287446878
  0.23518892399727506  0.24631627112537369  0.25369902602519762  0.26026771360026157
  0.27003661507128707  0.28310612492755532  0.29299699496450560  0.30104767292318702
  0.30958488112942800  0.31836236513590754  0.32701235584781652  0.33559139760173956
  0.34938697436493293  0.36610315165103779  0.37379866468639755  0.38129073686822118
  0.38837102583518507  0.39764938230550279  0.40882025546474049  0.42585802893484137
  0.44650243328441536  0.46684723009219709  0.48628063949931560  0.50436888934238466
  0.52474776625527741  0.54054030520716845  0.55022068061605078  0.55646170433998754
  0.56173619792565588  0.56826989842661380  0.57453670045265071  0.57915398152595343
  0.58730938566226476  0.59455716390192892  0.59871901668367400  0.60285029696394976
  0.60726376629027501  0.61311844695716422  0.62576634520221186  0.63772076067261785
  0.64956931326057421  0.66220909965560093  0.67123036611158948  0.67753446444924503
  0.68211481296247156  0.68794711414425025  0.69474085664266694  0.70178766026237327
  0.70875555973258075  0.71746538843319407  0.73454940015378567  0.75001675418385627
  0.76545683667283382  0.78044972893283593  0.79651200817976409  0.81270117805975572
  0.82752446981460370  0.83991410938012445  0.85033480510846626  0.86265865554936638
  0.87252882877635873  0.88163715494516159  0.89111083101893662  0.91021171553330216
  0.93128889460862097  0.95251116062538399  0.97548102109037738  1.00000000000000000
 -0.00055426779932054  0.00358499137680747  0.00592846719603430  0.00799755875106897
  0.01220964315938141  0.01854082844368334  0.02593234687073726  0.03419638349668872
  0.04220516069649494  0.04971499233400450  0.05591338481579786  0.06940745791449091
  0.08515273023558474  0.09607801930542219  0.10675793018123708  0.11854053550000798
  0.13423465455335615  0.14453211901552079  0.14921206152122091  0.15720156548221348
  0.16646430851480945  0.17569347680549471  0.19664818367194556  0.21033620758613966
  0.22092094561037823  0.23059977676242466  0.23882597449625328  0.24517379662343938
  0.24965230541461925  0.25518724632067347  0.26176548846954456  0.26974593346199527
  0.27670101608692277  0.28344315959315897  0.28775459580768981  0.29159313496945222
  0.29651505170201031  0.30331718840418592  0.31003379368387773  0.31775042452382535
  0.32426905170025400  0.33024809027274427  0.33537212476035355  0.34201689138031738
  0.35053681260817732  0.35790682374001442  0.36566902515203015  0.37511229288352754
  0.38649414018010492  0.39416322766552869  0.40340053661547293  0.41139595819980496
  0.41770079210099503  0.42408044756452723  0.43029222927821925  0.43818433308648536
  0.44721001790399301  0.45742294868629274  0.46647737624279040  0.47854293909809775
  0.49749939786562569  0.51489927876753716  0.53170047975162060  0.54834943618787202
  0.55527228278635921  0.56395256310986663  0.57311125259402051  0.58295197210157823
  0.59171174943825489  0.60080798419639581  0.61228680585049822  0.62939320395579390
  0.65598452172509059  0.67481452553186205  0.69216780136635303  0.71239815337567680
  0.73716219604648603  0.76021227956247683  0.77980682104671728  0.79613121457285618
  0.81162463748203018  0.82803519559886973  0.84470735751233206  0.85655366038854597
  0.87387898255453766  0.89545898195171669  0.91660695584202956  0.93498990252033587
  0.94506179223894438  0.95442913588628930  0.95850347859504392  0.96257782130379854
  0.96696769906465330  0.97136303886183406  0.98206715701783609  1.00000000000000000
 -0.00258232266273827  0.01356827929872825  0.02092782776007180  0.02825829174610646
  0.03979317960430827  0.05589999550496069  0.07475616381293267  0.08677230154429422
  0.09177769497461942  0.09755642992675298  0.10499903361017650  0.11283030465897433
  0.11784349602480534  0.12732703364712966  0.13896563813632848  0.14724867897215496
  0.15647939357295357  0.16619868350327227  0.17722786972849627  0.18390441688892742
  0.19243839038827373  0.20387443723825263  0.21592002318570566  0.22830387655459586
  0.23935254869265454  0.25017877139948641  0.25875301315744315  0.26729413168321808
  0.27730267942984915  0.28720946865904462  0.29266039240729730  0.29728966212217611
  0.30607192242578452  0.31757505451565832  0.33284486479372510  0.35137141951603129
  0.36772299382966411  0.37911075166869468  0.38895215220730645  0.39811960548245867
  0.40489715276891353  0.41068265898480688  0.41573367793307958  0.42078711660324974
  0.42694259677854701  0.43616487994907632  0.44799434858857751  0.46416366373822032
  0.47976601202447122  0.49258024898703134  0.50357750213300179  0.51308873823029166
  0.52270606749931370  0.53337159836010395  0.54536216116763137  0.55847812975938771
  0.57189119890010875  0.58272599692068827  0.59329408928191674  0.60310901500762870
  0.61272305131514104  0.62019336961767979  0.62689877126409022  0.63758226000060381
  0.65108643111442521  0.66609239348753535  0.67775030504420863  0.68913884751041565
  0.70354921479165899  0.71870406072689819  0.73226331605850270  0.74237369101220607
  0.75412327651605227  0.76899322307228135  0.78717706524625275  0.80344855542839466
  0.81819270337330663  0.83337605366772549  0.84395489180317784  0.85399326521218777
  0.86356906186838989  0.86952936362788946  0.87244535483951191  0.87620743903513554
  0.88057056659588595  0.88490713785020580  0.89175900864814706  0.91507836057163028
  0.93435776956928052  0.94357101322928172  0.94927770868382455  0.95463515518611886
  0.95874180647982454  0.96691067346429238  0.97602519520725317  1.00000000000000000
 -0.00419284611074670  0.01415878079258629  0.02185628085704889  0.02593420994893889
  0.03148586747785621  0.03655828777009003  0.04111416149891898  0.05149546434948950
  0.05914383803018690  0.08177446273579829  0.09922265655230741  0.11203369827220559
  0.12025240827734164  0.12659930248103324  0.14205161632561389  0.15884810612414088
  0.18230204238010819  0.20876812184886787  0.22749528628829324  0.24210608607608058
  0.25593972916927654  0.26661911416690620  0.27355535182269786  0.27979322587469441
  0.28535559100892222  0.29083960649808815  0.29653266083871455  0.30619853420105947
  0.31766711067837777  0.33066996686875816  0.34624456213454136  0.35673717813848499
  0.36389628192197715  0.37078049251837975  0.37775538441207890  0.38557943258190669
  0.39412619821419953  0.40499091280644306  0.42058704244161282  0.43447378747186999
  0.44702688431426157  0.46302601124939685  0.47645217252368083  0.48844771585566404
  0.50419033199719643  0.52686837320123092  0.55105695452345527  0.55946390116698941
  0.56755323840313066  0.57990372090756914  0.60860324288199441  0.65080096891163497
  0.66955378785750463  0.67538532277193242  0.67968820720480516  0.68431980021697025
  0.68936696889447435  0.69176986437936394  0.69487387629628261  0.69948252615914619
  0.70285555956838186  0.70622021783167921  0.70865418115938461  0.71058666440891505
  0.71250991980525769  0.71480321616472897  0.71767612645771484  0.72130783053691439
  0.72790675519662718  0.73498798943186450  0.74353935506067215  0.75239231089853842
  0.76153523050869820  0.77223267688483044  0.78293012326096267  0.79104176202180054
  0.79703632411611969  0.80493269080570684  0.81544737975382409  0.82635723794587235
  0.84186631385013133  0.86282583673633950  0.87971993842839313  0.88719794994083745
  0.89487546565762777  0.90197985317434393  0.91095192073106346  0.92093754688602580
  0.93375557934589926  0.94652732641306347  0.95373523709312202  0.95931422143742162
  0.96397437965832911  0.96913934312645988  0.98219950384601273  1.00000000000000000
 -0.00684224479572034  0.02236254508084407  0.03818521770881235  0.04291646224132219
  0.04551048697428905  0.04946181708536940  0.05492389978635263  0.06064662217857283
  0.06567574973406914  0.06825644483071593  0.07025814768941324  0.07208981520370125
  0.07351285966695729  0.07432028859810781  0.08055286605073125  0.09153765406025979
  0.10328371271437845  0.12388103564862207  0.15918740402099743  0.19700926359116505
  0.22936027698852832  0.25519291890945506  0.27497649128746499  0.28894592952328385
  0.30191029049413359  0.31617101241893308  0.33620829367039068  0.35621423135486940
  0.36883231684366574  0.37283478348352261  0.37716663909037251  0.38138042203435163
  0.38599484953377322  0.38876724083239789  0.39131997532157875  0.39791392916961416
  0.40846588318578098  0.42097623670938372  0.43737980967538342  0.45427025259642845
  0.46819292620303810  0.48481658413978229  0.49984108132829347  0.50949195577037298
  0.51653942891150662  0.52850269387209103  0.53648742694058427  0.54402109129488485
  0.55151590902573377  0.55917594189570430  0.56928812204621060  0.58171554228903355
  0.60390275419992800  0.61376289911894899  0.62320626194165607  0.63096082559207511
  0.63818667087460468  0.64840500302735860  0.65752984847705931  0.66078120073586166
  0.66394859057589473  0.66895573412640330  0.67644190875969612  0.68765637913156363
  0.69976129190216918  0.71323850271688682  0.72249969488117849  0.72978957136322276
  0.73667611178767900  0.74411257410169562  0.75234724523592111  0.76132603794749798
  0.76999981955748054  0.79008328433458719  0.80594229229532310  0.82178109048917891
  0.83540192125873669  0.84547253664799371  0.85551931810474535  0.86441595811039640
  0.87189704910743049  0.87777129849460922  0.88334011774643340  0.88705831103805000
  0.88985735443858682  0.89510965297037304  0.90495842025708362  0.91712899571056017
  0.92952846969244818  0.94216526419514879  0.95189158777585159  0.96111867090150516
  0.96968800908819675  0.97896185110048572  0.98948092555024281  1.00000000000000000
 -0.00649599763037823  0.03170339823574125  0.04789085311001405  0.05936703679295206
  0.06964949100178801  0.07941890752163965  0.09040413516610438  0.10516743745182830
  0.11777320813365129  0.13227784693133085  0.14081707288484122  0.14742120140285384
  0.16147762540670030  0.17503630030045339  0.18665178358604281  0.19588526861143979
  0.20463771423249538  0.21308970471431080  0.22119656249748482  0.23838605811810260
  0.25520207708598175  0.27156818386314435  0.27918345761742119  0.28543138374112248
  0.29222790127213311  0.30027383747241670  0.30976497720898988  0.32872785071739630
  0.34044133286866984  0.35100566314844300  0.36191201766877823  0.37631996573597259
  0.38423085428542708  0.38929329873162410  0.39275773926374025  0.39734790549208437
  0.40516460882474253  0.42546782178019404  0.44225953592481498  0.45772273553577952
  0.47294912057341798  0.48195258213360215  0.48796499740307836  0.49383738342670286
  0.49952330872954154  0.50526535471165546  0.51437528785734932  0.52421996695262785
  0.53533278198814849  0.55229021821616109  0.56296433474626395  0.57212461273424331
  0.58014631336040900  0.58947873069076029  0.60770037054156023  0.61925814662157386
  0.62733201108257930  0.63271941381428731  0.63589275359181630  0.63883382014110845
  0.64129555357004309  0.64350764633755642  0.64534822371025047  0.64841276153993221
  0.65041029879596879  0.65218641415994982  0.65372632218926574  0.65876825849106224
  0.66623636745682202  0.67184268068029329  0.67699067368836996  0.68433749494649543
  0.69317765084312433  0.70198082022799724  0.71036486336770810  0.72198355054603758
  0.73726238381794951  0.76010112139460595  0.79331281727700897  0.82252451258501025
  0.84258069769927446  0.86034946802423595  0.87689410153266456  0.88759819055277234
  0.89414371697314632  0.89932906715249017  0.90663792967549739  0.91369620648307048
  0.92067046056130342  0.92827604389607876  0.93763558525610380  0.94644929289332014
  0.95601109315870225  0.96695295942680315  0.98207126139375267  1.00000000000000000
 -0.00625904039642304  0.00855665844654076  0.02330261524554411  0.03939315870635826
  0.05539603191109620  0.06208015056067846  0.07069765272772936  0.08117655743401701
  0.08667346924289761  0.09209113781364792  0.09570661072355799  0.10053091309550344
  0.10786388623557498  0.11842556176072590  0.12827489498399422  0.13263389053635333
  0.14147473479440778  0.14903775318745943  0.15466187944364124  0.16303733417155639
  0.17031708867279557  0.18365946319146401  0.20040138418074077  0.21843346401557009
  0.23343146566381393  0.24365872300879418  0.25047550557734749  0.25654513648419214
  0.26271898832504587  0.27049695168409188  0.28084905910121533  0.29242994822646623
  0.30907392528228483  0.32761298698872410  0.34643844668972273  0.36386278480084311
  0.38159514993092042  0.40337059680712661  0.42813542125888004  0.44791993145829040
  0.46455018631333977  0.47820593114629356  0.49003920687972807  0.50639395389142772
  0.51787576021298121  0.52810602942878193  0.53682932235918035  0.54465471983542935
  0.55272427574624738  0.55997301998085169  0.56740514540178411  0.57321633515225157
  0.57700606342531469  0.58145391355911691  0.58990865056559838  0.60519169401997419
  0.61334731111985430  0.62081330646043875  0.62653076555490395  0.63117548372003884
  0.63580066240719457  0.64030597814782275  0.64481129388845093  0.65200580543281728
  0.66010603908581034  0.66646720951210936  0.67134267314242002  0.67660060628205887
  0.68342751968505444  0.69288025744486970  0.70584710501291181  0.72020810842218619
  0.73643337877948967  0.75553445108602624  0.77525479826163435  0.79329125347890028
  0.80691385685011852  0.81412312593631520  0.81894750251475112  0.82328884818827197
  0.82692541741189529  0.82987878280026006  0.83257961178261020  0.83421845931501459
  0.83652295047253000  0.84075745921516643  0.84704475029310877  0.85797341759614132
  0.87657206653577635  0.89115491348243936  0.90358079351933851  0.91759161757181107
  0.93162637635339707  0.94451285007969954  0.97079056813031384  1.00000000000000000
 -0.00663769459829524  0.01874639194415703  0.03557939228506793  0.05097467478129004
  0.06476593848740145  0.07384012814313942  0.08107124961518859  0.08893800447878022
  0.10449858257035738  0.11418872455642980  0.12480104168453370  0.13557320167930276
  0.14392071743989282  0.15186381049590478  0.15762876681663998  0.16203989668097532
  0.16669790958712594  0.17227190097516928  0.17676432604028769  0.18491635168003967
  0.19743195517790285  0.20629303330791476  0.21397632609295966  0.22665967314991606
  0.23795698326053330  0.24685365583226421  0.25575032840399509  0.26693887256837245
  0.27858862623895686  0.28726061100375577  0.29500009484523526  0.30550373682471443
  0.31622048025490868  0.32415199841148612  0.33436865615725492  0.34590968649778986
  0.35856184172835176  0.37143898018261673  0.38373929624598807  0.39470523683475289
  0.40608990682417717  0.42022546947925898  0.43339760088385726  0.44177889148847160
  0.44956629903074075  0.45632939571632419  0.46320097158264567  0.47236006048583068
  0.48532741325827328  0.49652863729785107  0.51643971218765594  0.53218774700992177
  0.54188217691986873  0.55044638538751245  0.55750404063031378  0.56290280861574804
  0.56839028168577121  0.57640216750430251  0.58998087304788982  0.60366142779066956
  0.61222216475420654  0.61981065154109682  0.62634556140335551  0.62829662564405886
  0.62996837791665761  0.63185661664033654  0.63726622649774511  0.65194821881368947
  0.68071815747943487  0.70047325275803529  0.71474425862372226  0.72750879174049099
  0.74234707787275800  0.75754183886892923  0.77201834188621288  0.78981041686660747
  0.80662339211315226  0.82376844097553625  0.83416396281969396  0.84209384087739370
  0.84567833057052710  0.84867545297110991  0.85188521487825608  0.85545936061783923
  0.86383522885808550  0.87283594165645806  0.88364698403722797  0.89826409086344783
  0.92213906465925688  0.94180586903316055  0.95229437134189610  0.95934082715215563
  0.96717862469531535  0.97636306732334688  0.98801992186117082  1.00000000000000000
 -0.00752486634480296  0.03383767427153819  0.05469160092453498  0.06810248687524843
  0.08179149140308221  0.09655410271890684  0.10654371067364272  0.11436716573564139
  0.11983168294886770  0.12638432937901245  0.13255606262745767  0.14164540598679243
  0.15157928457316799  0.16210896145228806  0.17461176463251821  0.18791369315558523
  0.20042319318052432  0.21180697896300291  0.22114950686317841  0.23245058945654801
  0.24749515042867748  0.26087992468782373  0.27171437992617126  0.28164604969574497
  0.29165953363235453  0.30119011512683436  0.30865755853818239  0.31649951966375217
  0.32566160467987271  0.33844907988588929  0.34936579258801442  0.35648752685815821
  0.36557551064649901  0.37549112947345376  0.38689973268580841  0.39895424236882637
  0.41961331427672749  0.43892543556239855  0.44659961663751874  0.45483089068603927
  0.46077793343275580  0.46517255958388054  0.46849086056825801  0.47471267226194758
  0.49069185956350858  0.51242914480370949  0.53673543725129558  0.55341558243193245
  0.56329230793029639  0.56975053810972442  0.57602871521116217  0.58313572959607940
  0.59229766836090625  0.60827304934995130  0.62124401595487511  0.63106526795547679
  0.64169348283520522  0.65092747607942780  0.65872586665000055  0.66564866433897696
  0.67883238911521016  0.69651332998929161  0.70914876771174351  0.71576472959834903
  0.71985660539130147  0.72332067659135768  0.72769311245363721  0.73605555065460460
  0.75432679946450498  0.76205624325047860  0.77054937012061209  0.78254839629864903
  0.79406498673041170  0.80027475959257821  0.81066388609210716  0.82400472487511423
  0.83290097029725141  0.83813797723250638  0.84513398311898813  0.84953452965769460
  0.85333139869790786  0.85661235924073909  0.86007242518643967  0.86420736363449824
  0.87135106711684063  0.87928420531298856  0.88466877194831695  0.89090117430339499
  0.90017906139429160  0.91990512491397314  0.93470298197810742  0.94364839458177785
  0.95282058160124528  0.96940543655462774  0.98601293583263683  1.00000000000000000
 -0.02236058296891694  0.06711160633076210  0.12185873112379114  0.15473985435052431
  0.17698188994802669  0.19796581829160947  0.21600860139768274  0.23143626261940656
  0.23876203379614830  0.24260521407568580  0.24638965528597598  0.25141979572367035
  0.26182465021116003  0.27298959506993653  0.29391599669285373  0.30885899389721622
  0.31583471583746620  0.32491799009410149  0.33602402482132981  0.34655612473635755
  0.35361687544432069  0.36000269993841166  0.36472071956653457  0.37175485435824868
  0.38372820439105121  0.39693831192971468  0.40818050387160087  0.41921717455081159
  0.43137371532064606  0.44116953349545107  0.44977832351863928  0.45857177621022943
  0.46758927906963554  0.47805092591567838  0.48618708458084930  0.49078571224463541
  0.49511124389188538  0.49985244865681461  0.50510714157161130  0.51011627739993615
  0.51507791392965740  0.51971379582934163  0.52259457216141714  0.52504880145120492
  0.52699386635848022  0.52930871479998254  0.53184526494906592  0.53481204220292600
  0.53847432262099271  0.54274344842442990  0.54810934836326386  0.55272292799195466
  0.55775232489863724  0.56283966374949390  0.56975439113384085  0.57652606642017701
  0.58096816131650975  0.58476638619255916  0.58829940653360413  0.59296000779092262
  0.59847101853963236  0.60682544253194548  0.61611109830256361  0.62946891034567765
  0.64435218778647740  0.65990175843526533  0.66759064481317987  0.67484155681137803
  0.68135069065972842  0.68638755065747059  0.69111185840028944  0.69588090770362410
  0.70069613593055025  0.70543731681629507  0.71005604506206599  0.71617009085408223
  0.72636187874011426  0.73707595736811915  0.74669083305705286  0.75513699319914895
  0.76084409226027971  0.76485311734731087  0.76818229795530080  0.77350468115045068
  0.77974382235032802  0.78922164560464581  0.80053724369417245  0.81825199938738014
  0.83398516614667517  0.85861781678747895  0.89305066052317295  0.91134900183346379
  0.92014629843355811  0.93473376928348517  0.96597894018917352  1.00000000000000000
 -0.00348064889943304  0.01520228256041489  0.02247516748478019  0.02960121857578894
  0.03609490015773101  0.04258858173967310  0.04918874041623125  0.05579069585034475
  0.06763626888600491  0.08148042352005266  0.09926091541445781  0.11608740408881388
  0.13181121315862207  0.14380086139902237  0.15470504610396191  0.16652319329784182
  0.17377385644808432  0.17700178994769455  0.17942679953251037  0.18180968827235833
  0.18571873758658058  0.19247939844731182  0.20730843065807109  0.23142954229797094
  0.25271593547959720  0.26562695768745653  0.27780713756511044  0.28966792845387973
  0.29511995254468265  0.30115596499652914  0.30829690262905768  0.31569804557994452
  0.32339026018888450  0.33275029662238048  0.34420140140281080  0.35592128439707565
  0.36664009686574528  0.38185277209904134  0.39853364621927667  0.41376185742226695
  0.43017827975315792  0.44535555034729668  0.46073489925511624  0.48047334415035520
  0.49797418182785053  0.51316442384904182  0.52343802808925444  0.53179607130446716
  0.54505908088597110  0.56700386388980162  0.59205304329705233  0.60702382498377305
  0.61609085944445208  0.62583521268993880  0.63507329057658768  0.64118245410406027
  0.64556161288541469  0.64825891364095489  0.65078283394487246  0.65323574531600159
  0.65623388069279742  0.66244947170924173  0.67563791149651797  0.69819133993356808
  0.70692927570527553  0.71372005600894872  0.72043476966526820  0.72829071568873716
  0.74037163638313286  0.75257572956253005  0.75980786331283567  0.76578457295261737
  0.77237070714860989  0.78702541658058678  0.80961147797940369  0.82540569122953378
  0.83744956354263433  0.84987693721572299  0.86338812391329667  0.87864701258045053
  0.89269639348481056  0.89766500172576602  0.90078003712067711  0.90411432880983100
  0.90882233291386350  0.91499928634132943  0.92039787054965050  0.92282962750063335
  0.92534037238628597  0.92922729423572115  0.93867866036467706  0.95147292087365742
  0.96317457284973274  0.97089588752949296  0.98417830831825426  1.00000000000000000
  0.67002118698421853  0.82709276068678883  0.85631284172825639  0.86808110936232885
  0.89288657375290370  0.91090681851434285  0.91994633369437551  0.92358982634661635
  0.92534018226093406  0.92705740511224211  0.92874461474577941  0.92984722620783744
  0.93036269668089211  0.93114900294259706  0.93223595127689729  0.93396189153281528
  0.93571549036895063  0.93684554068098391  0.93766168146409590  0.93831531415151059
  0.93931073756949801  0.94168433312490551  0.94562526622317167  0.94907860509239916
  0.95139377969111183  0.95315866111982595  0.95458809331529393  0.95607358749881011
  0.95784861525648590  0.95969483536483091  0.96074432818090283  0.96153117666647570
  0.96233045956145302  0.96336033553409939  0.96451150909374728  0.96575097958386191
  0.96714153258157387  0.96838908953877800  0.96944530091621439  0.97079350473923853
  0.97128694807040494  0.97233283995033903  0.97314719537512018  0.97384900462507584
  0.97444915663667508  0.97489633860902392  0.97536941196930260  0.97581274393620587
  0.97670181879790430  0.97753514054351065  0.97818262580037563  0.97891202428551360
  0.97965796372083624  0.98058875586466276  0.98157927238950504  0.98268639892867415
  0.98386817894979306  0.98449735830272000  0.98496254364413749  0.98532130737094548
  0.98559069271930921  0.98588922833404180  0.98619629305615886  0.98659591776772770
  0.98705500976904204  0.98738229021659696  0.98763077383828723  0.98787343727749144
  0.98810700354094094  0.98827150496072103  0.98844345001492151  0.98861584840296235
  0.98880403625036029  0.98905508814963095  0.98927500081365782  0.98949602103990586
  0.98959795218426072  0.98970056062495981  0.98980381176022114  0.98990457388408315
  0.99007567824272391  0.99042349841590216  0.99083154658199923  0.99120012218058440
  0.99173888432906954  0.99240400014054497  0.99317393177319047  0.99355405115765516
  0.99382034539687192  0.99407443768996795  0.99434330743108024  0.99469162136830591
  0.99503978594488474  0.99560772072126391  0.99655723915021777  1.00000000000000000
 -0.04850174602262328  0.23894613780163843  0.26683841797545949  0.28281733533403430
  0.29704076973553728  0.31096257492845480  0.32765785442010692  0.34180471121176631
  0.35438038711496178  0.36881517019546156  0.37873825400081890  0.38853139852418328
  0.39898399339861385  0.40783973963101700  0.41384936013126278  0.42151992208995687
  0.42956629208873770  0.43796539673047646  0.44730215634732878  0.45993978411851960
  0.46926902427943512  0.47799104840828849  0.49078139990387137  0.50420653510155478
  0.51611274898910897  0.52605829209482469  0.53414343393423980  0.54037654436261595
  0.54344204026958576  0.54645144146676006  0.54900687111763380  0.55156081044755645
  0.55371233858327373  0.55593550321985641  0.56088421972944791  0.56570231042207286
  0.57029933427232016  0.57471216866439223  0.57811693442789125  0.58178187706523043
  0.58601342476415230  0.59029775351907154  0.59373523482572932  0.59676294076148906
  0.59911218165048019  0.60192325772115973  0.60522944436108228  0.61005816632748744
  0.61484378506551851  0.62084664097083619  0.62649196186110068  0.63033647968980477
  0.63355599267254925  0.63656609893655880  0.63987746727206862  0.64369929953159455
  0.64854037728557079  0.65289699071490725  0.65844814497911652  0.66583958490255368
  0.67302015089990197  0.67769054232010573  0.67966668519208040  0.68138512020982256
  0.68367814469317478  0.68459961497966770  0.68559938646767460  0.68732165148703039
  0.68984030279698672  0.69380737626813072  0.69821640505262772  0.70300128293931385
  0.70859829671503982  0.71187538745968637  0.71534758188137015  0.72078584669807821
  0.72741863192409439  0.72946266732056653  0.73153575040142849  0.73364359740871665
  0.73534730646804425  0.73686571171363235  0.74007878266949256  0.74680795941507516
  0.75212567997099322  0.75581976519714533  0.76063392275420316  0.76677857023673324
  0.77451252347533972  0.78556064348437449  0.80320209806531817  0.82600244738937434
  0.84978089344260943  0.87763262332926362  0.91065439695916961  1.00000000000000000
   1.2896348332921667E-017  -1.0000000000000000     
 F F F F F F F F F F F F F F F F F F F F F F F F F F F F F F F F F F F F F F F F F F F F F F F F F F F F F F F F F F F F F F F F F F F F F F F F F F F F F F F F F F F F F F F F F F F F F F F F F F F F F F F F F F F F F F F F F F F F F F F F F F F F F F F F F F F F F F F F F F F F F F F F F F F F F F F F F F F F F F F F F F F F F F F F F F F F F F F F F F F F F F F F F F F F F F F F F F F F F F F F F F F F F F F F F F F F F F F F F F F F F F F F F F F F F F F F F F F F F F F F F F F F F F F F F F F F F F F F F F F F F F F F F F F F F F F F F F F F F F F F F F F F F F F F F F F F F F F F F F F F F F F F F F F F F F F F F F F F F F F F F F F F F F F F F F F F F F F F F F F F F F F F F F F F F F F F F F F F F F F F F F F F F F F F F F F F F F F F F F F F F F F F F F F F F F F F F F F F F F F F F F F F F F F F F F F F F F F F F F F F F F F F F F F F F F F F F F F F F F F F F F F F F F F F F F F F F F F F F F F F F F F F F F F F F F F F F F F F F F F F F F F F F F F F F F F F F F F F F F F F F F F F F F F F F F F F F F F F F F F F F F F F F F F F F F F F F F F F F F F F F F F F F F F F F F F F F F F F F F F F F F F F F F F F F F F F F F F F F F F F F F F F F F F F F F F F F F F F F F F F F F F F F F F F F F F F F F F F F F F F F F F F F F F F F F F F F F F F F F F F F F F F F F F F F F F F F F F F F F F F F F F F F F F F F F F F F F F F F F F F F F F F F F F F F F F F F F F F F F F F F F F F F F F F F F F F F F F F F F F F F F F F F F F F F F F F F F F F F F F F F F F F F F F F F F F F F F F F F F F F F F F F F F F F F F F F F F F F F F F F F F F F F F F F F F F F F F F F F F F F F F F F F F F F F F F F F F F F F F F F F F F F F F F F F F F F F F F F F F F F F F F F F F F F F F F F F F F F F F F F F F F F F F F F F F F F F F F F F F F F F F F F F F F F F F F F F F F F F F F F F F F F F F F F F F F F F F F F F F F F F F F F F F F F F F F F F F F F F F F F F F F F F F F F F F F F F F F F F F F F F F F F F F F F F F F F F F F F F F F F F F F F F F F F F F F F F F F F F F F F F F F F F F F F F F F F F F F F F F F F F F F F F F F F F F F F F F F F F F F F F F F F F F F F F F F F F F F F F F F F F F F F F F F F F F F F F F F F F F F F F F F F F F F F F F F F F F F F F F F F F F F F F F F F F F F F F F F F F F F F F F F F F F F F F F F F F F F F F F F F F F F F F F F F F F F F F F F F F F F F F F F F F F F F F F F F F F F F F F F F F F F F F F F F F F F F F F F F F F F F F F F F F F F F F F F F F F F F F F F F F F F F F F F F F F F F F F F F F F F F F F F F F F F F F F F F F F F F F F F F F F F F F F F F F F F F F F F F F F F F F F F F F F F F F F F F F F F F F F F F F F F F F F F F F F F F F F F F F F F F F F F F F F F F F F F F F F F F F F F F F F F F F F F F F F F F F F F F F F F F F F F F F F F F F F F F F F F F F F F F F F F F F F F F F F F F F F F F F F F F F F F F F F F F F F F F F F F F F F F F F F F F F F F F F F F F F F F F F F F F F F F F F F F F F F F F F F F F F F F F F F F F F F F F F F F F F F F F F F F F F F F F F F F F F F F F F F F F F F F F F F F F F F F F F F F F F F F F F F F F F F F F F F F F F F F F F F F F F F F F F F F F F F F F F F F F F F F F F F F F F F F F F F F F F F F F F F F F F F F F F F F F F F F F F F F F F F F F F F F F F F F F F F F F F F F F F F F F F F F F F F F F F F F F F F F F F F F F F F F F F F F F F F F F F F F F F F F F F F F F F F F F F F F F F F F F F F F F F F F F F F F F F F F F F F F F F F F F F F F F F F F F F F F F F F F F F F F F F F F F F F F F F F F F F F F F F F F F F F F F F F F F F F F F F F F F F F F F F F F F F F F F F F F F F F F F F F F F F F F F F F F F F F F F F F F F F F F F F F F F F F F F F F F F F F F F F F F F F F F F F F F F F F F F F F F F F F F F F F F F F F F F F F F F F F F F F F F F F F F F F F F F F F F F F F F F F F F F F F F F F F F F F F F F F F F F F F F F F F F F F F F F F F F F F F F F F F F F F F F F F F F F F F F F F F F F F F F F F F F F F F F F F F F F F F F F F F F F F F F F F F F F F F F F F F F F F F F F F F F F F F F F F F F F F F F F F F F F F F F F F F F F F F F F F F F F F F F F F F F F F F F F F F F F F F F F F F F F F F F F F F F F F F F F
  <DiscreteSampler_grid>
  grouped_processes
  1 # 1 for a reference and 2 for a running grid.
  10 # Attribute 'min_bin_probing_points' of the grid.
  1 # Attribute 'grid_mode' of the grid. 1=='default',2=='initialization'
  0.0000000000000000 # Attribute 'small_contrib_threshold' of the grid.
  0.5000000000000000 # Attribute 'damping_power' of the grid.
 # binID   n_entries weight   weight_sqr   abs_weight
    61   10   4.135190535863623E-015   1.699906813727532E-028   4.135190535863623E-015
    62   10   4.135190535863713E-015   1.699906813727606E-028   4.135190535863713E-015
    64   10   8.270381071727246E-015   6.799627254910130E-028   8.270381071727246E-015
    65   10   8.270381071727425E-015   6.799627254910422E-028   8.270381071727425E-015
    67   10   1.530261683621457E-014   1.686782218627987E-027   1.530261683621457E-014
    68   10   1.530261683621481E-014   1.686782218628043E-027   1.530261683621481E-014
    70   10   3.060523367242915E-014   6.747128874511946E-027   3.060523367242915E-014
    71   10   3.060523367242961E-014   6.747128874512170E-027   3.060523367242961E-014
    106   10   4.135190535863637E-015   1.699906813727544E-028   4.135190535863637E-015
    107   10   4.135190535863702E-015   1.699906813727597E-028   4.135190535863702E-015
    109   10   8.270381071727274E-015   6.799627254910176E-028   8.270381071727274E-015
    110   10   8.270381071727405E-015   6.799627254910390E-028   8.270381071727405E-015
    112   10   1.530261683621447E-014   1.686782218627960E-027   1.530261683621447E-014
    113   10   1.530261683621486E-014   1.686782218628058E-027   1.530261683621486E-014
    115   10   3.060523367242893E-014   6.747128874511839E-027   3.060523367242893E-014
    116   10   3.060523367242972E-014   6.747128874512231E-027   3.060523367242972E-014
    151   10   1.214324514406225E-015   1.206391740770775E-029   1.214324514406225E-015
    152   10   1.214324514406251E-015   1.206391740770832E-029   1.214324514406251E-015
    154   10   2.428649028812450E-015   4.825566963083101E-029   2.428649028812450E-015
    155   10   2.428649028812502E-015   4.825566963083328E-029   2.428649028812502E-015
    157   10   1.470819828628116E-015   1.827682763109848E-029   1.470819828628116E-015
    158   10   1.470819828628143E-015   1.827682763109919E-029   1.470819828628143E-015
    160   10   2.941639657256233E-015   7.310731052439391E-029   2.941639657256233E-015
    161   10   2.941639657256286E-015   7.310731052439678E-029   2.941639657256286E-015
    196   10   1.214324514406173E-015   1.206391740770663E-029   1.214324514406173E-015
    197   10   1.214324514406243E-015   1.206391740770815E-029   1.214324514406243E-015
    199   10   2.428649028812346E-015   4.825566963082653E-029   2.428649028812346E-015
    200   10   2.428649028812487E-015   4.825566963083261E-029   2.428649028812487E-015
    202   10   1.470819828628059E-015   1.827682763109694E-029   1.470819828628059E-015
    203   10   1.470819828628149E-015   1.827682763109935E-029   1.470819828628149E-015
    205   10   2.941639657256118E-015   7.310731052438777E-029   2.941639657256118E-015
    206   10   2.941639657256297E-015   7.310731052439740E-029   2.941639657256297E-015
  </DiscreteSampler_grid>
