  0.00005386527497874  0.00005414594677761  0.00005466664785416  0.00005534431378391
  0.00005587745280638  0.00005637976313232  0.00005691058104606  0.00005763492108838
  0.00005826709050960  0.00005884577820163  0.00005933207769440  0.00005982165949690
  0.00006032064471407  0.00006081716170666  0.00006129875128673  0.00006184328017255
  0.00006260500182384  0.00006344263335644  0.00006419811685541  0.00006478348912176
  0.00006522245328325  0.00006564784685626  0.00006603003220990  0.00006642378855561
  0.00006686032590766  0.00006738966141092  0.00006794164123273  0.00006836040521284
  0.00006866750548576  0.00006898304768277  0.00006934559385434  0.00007022040088916
  0.00007110953525763  0.00007159287266941  0.00007205227638370  0.00007245471286465
  0.00007287274485483  0.00007331577340695  0.00007385793088768  0.00007452069050738
  0.00007534524513752  0.00007635131115746  0.00007768945615318  0.00007919684429601
  0.00008057323488151  0.00008199086535923  0.00008343370350925  0.00008487151856984
  0.00008620753527891  0.00008753573027665  0.00008895577093360  0.00009027346644191
  0.00009156943374068  0.00009281390721002  0.00009368116286286  0.00009427453914198
  0.00009496774260231  0.00009582491021990  0.00009678811986003  0.00009804815829084
  0.00009983098779761  0.00010366877307701  0.00010711577730662  0.00010999584002822
  0.00011276313608267  0.00011561929732440  0.00011892473075313  0.00012220752593153
  0.00012492737340172  0.00012749900193742  0.00013006635153976  0.00013335633534220
  0.00013470018255392  0.00013619122163383  0.00013859836558132  0.00014100176234257
  0.00014339395900667  0.00014694953115145  0.00015385564458740  0.00016438208895348
  0.00017508293482817  0.00018455800605364  0.00019488968770444  0.00021177111144667
  0.00023174918593011  0.00025821523293338  0.00028985167603266  0.00032894653172277
  0.00036175375018556  0.00039692009361569  0.00047127581608884  0.00057164002776658
  0.00066559987887875  0.00106901209344000  0.16031187975889497  1.00000000000000000
  0.00998201711711550  0.01367855355430768  0.02174319949514307  0.03700400316684968
  0.05355700675248995  0.06038760998988080  0.06726623987353685  0.07428851420536020
  0.08169571374741638  0.08957425488197891  0.10334015806204674  0.12289114682935241
  0.14691247451519562  0.17052944209151877  0.18992955721050933  0.20525087407924131
  0.21894587302668980  0.23319370142406559  0.24773717915535856  0.26273200919339063
  0.27925611935280714  0.29562522731588103  0.31264415043908628  0.32092596362401082
  0.32780164337155421  0.33167820944223603  0.33516184857962339  0.33822682740652815
  0.34109367317493122  0.34386820169053495  0.34799979928787583  0.35261159023584243
  0.35919710637600349  0.36766079161550763  0.37416004518585011  0.38206638772456586
  0.39146842455024433  0.40081242464606875  0.41113424647633429  0.42109999350493660
  0.43089686032954294  0.43878916555200187  0.44612491853530351  0.45472975033038870
  0.46247572932748338  0.47116562776901227  0.48017725712211506  0.48763841430644078
  0.49421288338473596  0.50195741385483217  0.51010504827339165  0.51843103729175000
  0.52681466033193003  0.54072440924114407  0.55914107951446856  0.57493938573775916
  0.58811579403136116  0.59751810284462170  0.60701074791272691  0.61749266578199058
  0.62990831196290376  0.64203277239000944  0.65360359069373186  0.66178556738091254
  0.66983674137509208  0.67777527571462859  0.68633994282239419  0.69518120101347380
  0.70547785128583340  0.71647379884772733  0.72834916882291689  0.73986621349005344
  0.75544951158562113  0.77033297329084005  0.78456413759622479  0.80029202748468176
  0.82130571828954824  0.84273066413199582  0.86108507639538689  0.87482017943904811
  0.88261363497637868  0.88929404014703561  0.89547190865899784  0.90176392644731029
  0.90824635198386316  0.91317790441211899  0.91930880889709887  0.93116799991116650
  0.93979941053842997  0.94650840218661147  0.95412397556647632  0.96335322694122294
  0.97269014179683766  0.98194004767859300  0.99039135767795738  1.00000000000000000
  0.00027808030102358  0.00028369720787129  0.00028705862300966  0.00028870527096443
  0.00029033270648569  0.00029189579594808  0.00029343738524346  0.00029501964735399
  0.00029665040885326  0.00029897263731900  0.00030324283827191  0.00030726391386070
  0.00031106320486252  0.00031404672095533  0.00031714228052410  0.00032032338967394
  0.00032359688798423  0.00032756395890175  0.00033132842415549  0.00033609260211750
  0.00034141907368543  0.00034729725252624  0.00035377065068802  0.00036360045703305
  0.00036962626142197  0.00037529499759857  0.00038005651399335  0.00038465041155204
  0.00038890688610795  0.00039382842211824  0.00039871685131256  0.00040046683627122
  0.00040220968008248  0.00040408276021368  0.00040611917611526  0.00040816358484750
  0.00041033726361377  0.00041250340079614  0.00041453533459817  0.00041859545053656
  0.00042450513959720  0.00042815050189621  0.00043101943250802  0.00043384749882397
  0.00043658819230317  0.00043880973266926  0.00044103127303534  0.00044392168157764
  0.00044697082398150  0.00045012610728835  0.00045372425729428  0.00045878935304457
  0.00046389496130157  0.00046915164175791  0.00047516108587877  0.00048193636568923
  0.00048856130465924  0.00049500629412298  0.00050290246498174  0.00051107543174247
  0.00051894169467161  0.00052844297781625  0.00054524711014818  0.00055777658029733
  0.00057095344557317  0.00058458939115042  0.00059970319813261  0.00061698001281125
  0.00063863739841507  0.00066277322081379  0.00068752597681847  0.00071720735047662
  0.00074557954473966  0.00076904874590963  0.00079009979564327  0.00080977330873739
  0.00082890834648492  0.00085649433223797  0.00089568732207771  0.00092760369403447
  0.00096388503954190  0.00100181158512822  0.00104675628310299  0.00110604773805415
  0.00116819884672895  0.00122918665246554  0.00130772685283895  0.00140147025954918
  0.00151290722751029  0.00165422807894495  0.00184369150426325  0.00213416657403960
  0.00253554020297553  0.00367689550386198  0.00812381640144175  1.00000000000000000
  0.00231524094220394  0.01578714921168083  0.02458188808595699  0.03139218464122991
  0.03916952782089734  0.04625055468850688  0.05465286965629204  0.06176521658476054
  0.06866155109944774  0.07609832809313750  0.08678447501197942  0.10618561535613123
  0.11568463322337723  0.12491354251140979  0.13380241174194363  0.14251302223754975
  0.15111093652151975  0.16737167054910271  0.18253684879248203  0.18789577182642270
  0.19210792379831559  0.19635848868094330  0.20086818428280426  0.20710417852477303
  0.21284116590010144  0.21888900695453156  0.22428951703959704  0.22924803684631459
  0.24112399044294447  0.25306074917133697  0.26925714922090332  0.27892643143899754
  0.28355161964095743  0.28848249564118167  0.29368340822261357  0.29883199775507185
  0.30394876493475970  0.31459749490024824  0.32456533328872578  0.33428057598913186
  0.34377404318678761  0.35661763105458716  0.36764857596589107  0.37335845476703550
  0.37857416362742458  0.38335657553796260  0.38813018172664676  0.39370303708409016
  0.40198538926727034  0.40935529937335607  0.41615800770203587  0.42585319985022579
  0.43872201461665544  0.45379306867550934  0.46727595737504507  0.47986146481739905
  0.49183014173672568  0.50360860926356821  0.51302037000801692  0.51819902973756071
  0.52400679561846197  0.53049596316690573  0.53702716947046736  0.54519932170452867
  0.56053416619220131  0.57606109508515602  0.58999820199731534  0.60386390825954750
  0.61566141006174913  0.62445147722554339  0.63308908020048094  0.64491676609703763
  0.65725428436118316  0.66654401400215446  0.67776024888607256  0.69194673913051141
  0.70846368480898303  0.72672159477087139  0.74559872327532484  0.76610880963887185
  0.78802295336755812  0.80895085632116137  0.82833584764219492  0.84216082372822809
  0.85241630584518024  0.86115159575977518  0.86912939663251132  0.87784189732455442
  0.88813182590318784  0.90194371508052840  0.92067853249355347  0.93957944454700482
  0.95452832616310468  0.96909521318730973  0.98404055887688480  1.00000000000000000
  0.00056160538939129  0.00056990509266927  0.00057778032872777  0.00059835876068540
  0.00061756589148677  0.00064437509587313  0.00067360058877279  0.00071658810360070
  0.00077425917550525  0.00083236474138592  0.00088373214775537  0.00092873989230743
  0.00097593729253960  0.00103393962824294  0.00109618816678859  0.00115645685781237
  0.00119829508776605  0.00122877920249309  0.00126434085730306  0.00130569635677059
  0.00135053185758842  0.00138985914477524  0.00142812139350736  0.00150516556060952
  0.00156390334518259  0.00162648278450415  0.00169061278844315  0.00173777825260482
  0.00178899500451027  0.00184757337514049  0.00188457312712954  0.00192148504426583
  0.00196518889322496  0.00201171397672276  0.00205978829140919  0.00210867670966681
  0.00220933255343254  0.00233581322089139  0.00247180807632485  0.00258580853923503
  0.00270548325175013  0.00277217907032216  0.00282854356272911  0.00289062563481652
  0.00294729748726976  0.00299010396321491  0.00303365025698004  0.00307930322678821
  0.00315416866696197  0.00324549408678421  0.00335333922136738  0.00349205124004933
  0.00362774286881562  0.00379841891910089  0.00399366156228717  0.00422561791913503
  0.00446431619171818  0.00465308313068828  0.00486291025228725  0.00508137188038404
  0.00523992989152181  0.00539854316434505  0.00556230174752964  0.00571321769674023
  0.00584334014079500  0.00598109703156422  0.00612743501517367  0.00627973908114566
  0.00643688173190191  0.00664207633410987  0.00686265999311862  0.00704798334461974
  0.00721734073382017  0.00739018416613156  0.00758197141557484  0.00784002896545904
  0.00821374640750993  0.00857912617510172  0.00884353701304496  0.00911711016683249
  0.00945661997580665  0.00974476550532942  0.00995634438894222  0.01016709537391648
  0.01037647816288307  0.01061857497282452  0.01089335117662393  0.01173136367775770
  0.01314568410535250  0.01515864642409286  0.01679994833785330  0.01832692724010482
  0.02060021737909910  0.02770650585663150  0.69511424783412257  1.00000000000000000
 -0.00025171290869610  0.03083372126369925  0.05022079487083898  0.06799909466160578
  0.08787328407079116  0.09958120335821119  0.10589455808156517  0.11261380996505906
  0.12013536005234376  0.12787608399263437  0.13600881302101264  0.14586403476832063
  0.15872070956356615  0.17282511369785661  0.18770479269986884  0.20396798748332889
  0.23066780436265633  0.24743885558654272  0.25911970493553282  0.26986637668097457
  0.27984637746978452  0.29274638692869764  0.31398669918846611  0.33154769578509719
  0.34558052313058163  0.35806592151484040  0.36781993207650809  0.37766427792984991
  0.38208967935677923  0.38718166959571315  0.39174435778615813  0.39628338913309863
  0.40173961994486351  0.40887760191391304  0.41653576338056592  0.42478464663379051
  0.43308862196750364  0.44285117114302297  0.45832360296320546  0.47324254570142088
  0.48441036159433970  0.49372437738673575  0.50108329985654543  0.50703087813713332
  0.51118638133347727  0.51581839433128118  0.51963745849274312  0.52271783891658608
  0.52612904343079292  0.53051239752809110  0.53878529048145485  0.54966803448003321
  0.55857198733991387  0.56489208093354693  0.57247913904884140  0.58079619294977802
  0.58909773374714092  0.59805353294285601  0.61362147931721844  0.62941457727444317
  0.64376423220833179  0.65493967498242667  0.66466999811778316  0.67328086813429544
  0.68146077513863912  0.68980904531446685  0.69877469669551728  0.70915359755355667
  0.72511247277568847  0.73371369706643452  0.74254236414528563  0.75187131043128796
  0.76144708626407176  0.77136168193975096  0.78355738156441668  0.79925532830532053
  0.81845191241884552  0.83837822789634131  0.85384863353023233  0.86748748935016051
  0.88045260302160588  0.89199720140268390  0.90534742610139296  0.91279214906064488
  0.92254849125483251  0.93224828153197969  0.93803826530631051  0.94216785804241088
  0.94747734738308842  0.95331503478901491  0.96035573554134168  0.97232728761942611
  0.98111852274868694  0.98812929843931463  0.99198936757711031  1.00000000000000000
  0.00001098426996020  0.00001495894827058  0.00001864147827365  0.00002437640608845
  0.00002818220240445  0.00003157377813108  0.00003499657821027  0.00003829929809077
  0.00004165639580783  0.00004494981503669  0.00004761959036675  0.00004947434116659
  0.00005140253944603  0.00005373747262632  0.00005607240580661  0.00005805662263857
  0.00006001066717480  0.00006204928086336  0.00006381220643072  0.00006558858383310
  0.00006815946460625  0.00007112290582956  0.00007401847376571  0.00007692097846003
  0.00008049451135789  0.00008450733060454  0.00009143285010134  0.00009903436305295
  0.00010725968148687  0.00011684314605543  0.00012605139125043  0.00013151220264635
  0.00013464067012003  0.00013776588033358  0.00014126736439968  0.00014520640353444
  0.00015309930477145  0.00016030636317297  0.00016811319778682  0.00017866838042447
  0.00019227341623549  0.00020705649325986  0.00022407199798807  0.00024182672027690
  0.00026347473035538  0.00028709853755628  0.00030905791902148  0.00033232436372769
  0.00035802686087843  0.00037479598279066  0.00039170357179633  0.00041041678368803
  0.00043381219236722  0.00046389845039939  0.00050040637142597  0.00053260922295997
  0.00056341923374123  0.00059750718430519  0.00064163821197395  0.00070711374528244
  0.00079029812747120  0.00088447987677053  0.00099295138248749  0.00115209849412476
  0.00129413058388213  0.00141122334488132  0.00153917384696854  0.00171043155285099
  0.00190979159374374  0.00204948095127154  0.00215796607995382  0.00224456675580233
  0.00231176653591092  0.00238885420267612  0.00247431339739034  0.00258154297692809
  0.00272538306473314  0.00289771608179514  0.00304272175343386  0.00327426259330037
  0.00351575796720986  0.00375380915572083  0.00410859187933305  0.00437117276630155
  0.00458331834849145  0.00476366922901042  0.00496626079717870  0.00523065043190940
  0.00610964486214630  0.00720583591875580  0.00822713113611729  0.00956987046869608
  0.01085620439511118  0.01222066367822987  0.21648313715655346  1.00000000000000000
 -0.00101146785496236  0.00321128035087077  0.01046260769694808  0.01832564570265207
  0.02618016582407698  0.03373836902370752  0.04219707740546515  0.04942040342824656
  0.05890470483325431  0.06837447306266448  0.07670000138605088  0.08361975869527889
  0.09076098872456834  0.09842693981994673  0.10692504389696963  0.11889233743544964
  0.13166593268454407  0.14488343664566328  0.16109679371495148  0.17172895587635234
  0.17959090957448429  0.18719438897561955  0.19455680671345554  0.20101668317570909
  0.20716519970403963  0.21264119630188325  0.21877844059988008  0.22670784984828729
  0.23740520665253254  0.24820248828479638  0.25850531569471785  0.26830516312932107
  0.27740149839510392  0.28690248039399863  0.29680109192356685  0.30824623297165388
  0.32256993142211338  0.33964177112232558  0.35689197779338439  0.37125076803517637
  0.38272340530200544  0.39401855513118678  0.40552029705511849  0.41832484085637123
  0.42941578827593102  0.43984260054425633  0.44896481385745118  0.45444203991318605
  0.46026813404467409  0.46703008975211818  0.47401061300405450  0.48134483462154570
  0.49190878114688524  0.50734221818558145  0.52084640663691606  0.53368943111674993
  0.54740038046097983  0.56021726926255311  0.56915880016783871  0.57811343584133168
  0.58709817148092669  0.59608290712052181  0.60382032989992929  0.61146615966939588
  0.61881648363986119  0.62414483758539485  0.62947319153092851  0.63532227624740945
  0.64126962264522169  0.65032841077504977  0.65699410078831888  0.66635955598012231
  0.67654577732883259  0.68751249325835018  0.70015123458793616  0.71126687951766332
  0.72440364718878136  0.73892073395356406  0.74846336765223909  0.75796740448138800
  0.77033670238142948  0.78376413708317982  0.79634008845798476  0.80733849987823614
  0.81993495318658849  0.83380622467602339  0.84810064498227966  0.86480292510131540
  0.88343487408373900  0.90166592482359897  0.92116921258027440  0.94086279338976797
  0.96023451759945988  0.97436574458651226  0.98855546650039261  1.00000000000000000
 -0.00271199350724182  0.01495607213200101  0.02856051833874952  0.04040797274609779
  0.05137165243177413  0.06376119721741838  0.07651834622650713  0.08980856196462852
  0.10140914807930231  0.11155238202406624  0.12411738360229700  0.13603940875580212
  0.14735688189928856  0.15269380907608701  0.15782084824110593  0.16481072940455369
  0.17148319411018906  0.17787575840006395  0.18588860740908222  0.19416556240267002
  0.20221447475058121  0.21156636534040232  0.22175322097950498  0.23082429008914268
  0.23995231751162080  0.25183771439462471  0.26284506815262593  0.27217392075383767
  0.28089900014091213  0.28595802950430987  0.29013653915444648  0.29727222520737412
  0.30477653266836163  0.31285267993134974  0.32076333758895836  0.32859279337684960
  0.33520668795441627  0.34149271875593551  0.34675111616526294  0.35484408216846164
  0.36727962925781660  0.38097600329353609  0.39471146486806097  0.40343686491895392
  0.40727678441045062  0.41103576695722771  0.41480591773231013  0.41986051170441530
  0.42761449521851491  0.44105965083385340  0.45407745606845906  0.46476598444070133
  0.47443443246527534  0.48647069016972000  0.50317104847696714  0.51611658234324864
  0.53065942586322035  0.54602041291953574  0.56733478906694135  0.58512394003859614
  0.59325345905647575  0.59997915232877552  0.60834786385966333  0.61565184259183892
  0.62163458605983157  0.62395549589428423  0.62667288246435138  0.62818185214496669
  0.62969321274316070  0.63127112211099534  0.63358455376143663  0.63835276664913954
  0.65629848847942907  0.67790580579745674  0.69944206155344069  0.72421788321503022
  0.74614233183106959  0.76375119155262972  0.77743097683087792  0.78938783927523981
  0.80184455995836412  0.81504456525699132  0.82868932453468214  0.84133416470868438
  0.85306508913673451  0.86443137816298443  0.87761838984648888  0.89614158300498892
  0.91286170063802552  0.92493373964852421  0.93489270202915031  0.94424506848380885
  0.95515423332478444  0.97205752716714122  0.98746824361858732  1.00000000000000000
 -0.00346570305616025  0.00863810115081316  0.01894890814190897  0.02931455754394210
  0.03800004200768299  0.04587781304911944  0.05665319416025766  0.06927775283482358
  0.09071652136510203  0.11316612711417920  0.13530656519499198  0.15085017891209027
  0.16462364765693224  0.17725136625150473  0.18712182583187142  0.19390860471395088
  0.20038199822406147  0.20633644994060163  0.21080939966314735  0.21521242973256793
  0.21943897246980271  0.22513619480527253  0.23532048237935024  0.24794182997126712
  0.25829995107840320  0.26826963162198242  0.27894624735333667  0.28961921578229788
  0.29735309234118096  0.30504292475683203  0.31357984982037090  0.32196387971516532
  0.33055331685703759  0.34103836038814966  0.34811077500642024  0.35534607444850402
  0.36606994330874165  0.37826526174637193  0.38892788990315202  0.39530745371964748
  0.40074010518342185  0.40878321034097592  0.41770683760040739  0.42290024479359828
  0.42665280350328844  0.43306375796431290  0.44104744712672744  0.45379437662850652
  0.46243464532745859  0.46750852493265949  0.47192106279369533  0.47661090927523830
  0.48812513352602827  0.50758821967339851  0.52583580857088108  0.54319097863241639
  0.55973313476589481  0.57725692257953476  0.59680432764623192  0.61504456824134690
  0.63304978154138491  0.64456664787947981  0.65482505597517060  0.66351533502074556
  0.67210645802320568  0.68045831688331992  0.69270062027509693  0.70855558088934467
  0.72077101641374575  0.72779005917075279  0.73455297678503029  0.74060481385009103
  0.74650611526564792  0.75182884972298658  0.75828919415065343  0.77111172133474704
  0.78331132544129944  0.79581318435463400  0.80653308625582598  0.81682469095526777
  0.82701600930397401  0.84060673178688849  0.85543997725526288  0.86830846975866016
  0.87951953005057260  0.88854068291702970  0.89721785645500496  0.90597103869715689
  0.91351691017724546  0.92363923367098599  0.93539262376049248  0.94629853179172196
  0.95782626190819220  0.97081376142888887  0.98510242558259387  1.00000000000000000
 -0.00383773358792770  0.01851085470538976  0.03301365631269823  0.04625688120328093
  0.05852679895808425  0.06931005812916409  0.07967768620302799  0.09414428967255932
  0.11483091565690633  0.13499887336666427  0.15845475362091782  0.17526068606059020
  0.18518815833781216  0.19470603617841487  0.20552819065653063  0.21457981767834719
  0.22350194077538491  0.23032768583171179  0.23326681155457729  0.23621826993406306
  0.23918330868314103  0.24209607320203461  0.24529164155508040  0.25040200904362159
  0.25540221275601865  0.26177956697526650  0.26791089287029074  0.27356802259234969
  0.28019340767914369  0.28817818614194107  0.29644890015107811  0.30624989769783062
  0.31997435294743648  0.33646106854144053  0.35257182282473454  0.36393122974940695
  0.37257857391946114  0.38134349309475596  0.39057383612043928  0.40182334083997523
  0.42314148653711181  0.43972610048496813  0.44718167237280998  0.45542596832303539
  0.46468070699485597  0.47227812364415034  0.47865611209854764  0.48494042658107689
  0.49233305344640388  0.50149051604932426  0.51112711046061443  0.52070548663484995
  0.53020309099404606  0.54006694652793563  0.55013525220639192  0.56458934329314625
  0.58187349750359951  0.59365219715667916  0.60634054286686889  0.61588949147581074
  0.62385442235714750  0.63208847060979212  0.63976330595236641  0.64838017393912628
  0.66073017295399950  0.67463428801567060  0.68779456395208427  0.70123612772294464
  0.71405325221352978  0.72570718541364398  0.73578681534786872  0.74583709066386106
  0.75583994069915539  0.76365730274774168  0.77020369703730185  0.77610558483131431
  0.78003392274016614  0.78349578149323762  0.79263401231812725  0.80482101576557152
  0.82002945590101961  0.83546818341135809  0.84912683642265274  0.86509394599449208
  0.88019388216858785  0.89684541232546555  0.90699296465518942  0.91511839274513807
  0.92361915424388863  0.93168455748921797  0.93714387672460042  0.94382539339789551
  0.95397423258679870  0.96585068286748388  0.98166770909995849  1.00000000000000000
 -0.00354819709732497  0.01970060901890320  0.03681351633206126  0.05157612216550958
  0.06564813118013467  0.08449430842913547  0.10461887608577009  0.12006634529761383
  0.13580325974598229  0.15447379712044199  0.17458557441138961  0.19122298436170207
  0.20483976900270867  0.21230864247199696  0.22004767573679940  0.22868376327768955
  0.23638102117959889  0.24513321679822953  0.25210743573010019  0.25736496012795468
  0.26296036786850108  0.27112689847526500  0.28574249736149804  0.30150669757372561
  0.31508420828748007  0.32755317798413836  0.34005654508924699  0.35315984454249555
  0.36714616274171974  0.38490546463825437  0.39600538435459581  0.40507307046869290
  0.41225398586243128  0.41938713672172251  0.42626965917984583  0.43315218163796909
  0.43991729483670272  0.44663989794750053  0.45476549246545844  0.45960285155458586
  0.46336173297992483  0.46648901952650496  0.46955641777916074  0.47233091137554872
  0.47468904479721846  0.47629461878974660  0.47750951176098644  0.48072867498326632
  0.48444303816299850  0.48898656074130864  0.49380098111798010  0.50028931078725758
  0.50619901511410814  0.51307478725389177  0.52109127252242360  0.53496436736189612
  0.55260998927949845  0.57096344850259029  0.58706352404762552  0.60069442651937499
  0.61335367498035409  0.62563912452488768  0.63771010703892472  0.64971998356455918
  0.66002747313984822  0.66995000907444191  0.67931166903591989  0.68757580880361213
  0.69841000875931636  0.70834983944419505  0.71724624581495622  0.72611780604731546
  0.73649201133701137  0.74958941806049273  0.76124085574103617  0.77081224414922778
  0.77879774867871077  0.78795340829578664  0.80005729372914913  0.81333567886553448
  0.82763303720332904  0.84465562968543828  0.86179547048610494  0.87771713262019391
  0.89387361512172880  0.91628472205063360  0.93949150440293916  0.94506993586427279
  0.95080849798212930  0.95683534876454768  0.96179229095694574  0.96611549871816549
  0.97202140009124272  0.97861292423420154  0.98872996853449036  1.00000000000000000
 -0.00279093028482265  0.01752877669109275  0.02993603988695431  0.04340416632932409
  0.05822737057852392  0.07217514991607156  0.08409035478475411  0.09444927517086821
  0.10655724087238627  0.11558006440832916  0.12364130901744147  0.13219751757614967
  0.13999573979954127  0.14760658605904955  0.15488838061959595  0.16124992215863104
  0.16703638282046004  0.17453509867107470  0.18313356237655651  0.19379390585885040
  0.20679599436609769  0.21881518771426037  0.23235038711968281  0.24934981478229343
  0.26576272194714684  0.28149423624126424  0.29301957483127883  0.29998995691179381
  0.30665823744848314  0.31445379291831926  0.32340196797684895  0.33180843783144442
  0.33853369987561488  0.34639974238233140  0.35626353698482616  0.36720798393876836
  0.37867782406666733  0.39161243469201756  0.40283409385732577  0.41157088216728244
  0.41937702094857782  0.42710319571911837  0.43574479866372667  0.44685810022810601
  0.46185090295098452  0.48034893434194870  0.49925850720436887  0.51782839749848142
  0.53848769645290995  0.56124401513338340  0.58042718223949319  0.59935903247187627
  0.61398635846717442  0.62456708819277518  0.63293421620033297  0.64024446643159738
  0.64533506526494278  0.65059561054092419  0.65864315421863051  0.66687592964395148
  0.67570556007535187  0.68149054701620093  0.68638866648879948  0.69278728418399815
  0.69927762916355707  0.70687737980742615  0.71904967570994738  0.73721699362759530
  0.75599335464278428  0.77214554258899726  0.78591866621664785  0.79848244734786000
  0.80996090228083839  0.82171434048493597  0.82857595582923027  0.83465533728540886
  0.84118671060232719  0.84785543788392315  0.85493212561821519  0.86538839695400349
  0.88232970823671986  0.89299950419825669  0.90217805560153108  0.91155355859246412
  0.92066410289336031  0.92959095088019694  0.94605568373699600  0.96135182553298437
  0.96724949814991801  0.97151414299916994  0.97570230079331044  0.98079911771874861
  0.98583095613385030  0.99037520711315641  0.99553962210320002  1.00000000000000000
 -0.00332093546690012  0.00470107003823851  0.01244737521510604  0.01984727729164226
  0.02716788675994825  0.04157510446724895  0.04999943287192279  0.05783194214964005
  0.06487155504999065  0.07097497721277871  0.07756618752910036  0.08707655953837286
  0.09643011763630023  0.10976633304661193  0.11873720650129067  0.12536182759984960
  0.13215656541191467  0.13991996159303463  0.14767836382941332  0.15555090333106192
  0.16382334926249473  0.17366290285468483  0.18347420809272141  0.19435777773579879
  0.20467383189402291  0.21289001405162947  0.21983744117352882  0.22666896472405035
  0.23172393911954928  0.23655210032639079  0.24164446487703797  0.24750092888649622
  0.25427895117244365  0.25986495553631916  0.26362755251914732  0.26712201557330295
  0.27191713332526352  0.27995673552290973  0.28839120837117566  0.29666362923441714
  0.30688207811135554  0.31717940243251458  0.32691888937710101  0.33596383972136856
  0.34537082133923602  0.35572774517263456  0.36571016809785684  0.37242013202281954
  0.38257056977622200  0.39384950934397556  0.40508300054655044  0.41677234841904848
  0.42859416442451559  0.43875379762590139  0.45064665194649833  0.46354290262101422
  0.47977001034613531  0.49282984746270231  0.50589077633693347  0.51896854224363309
  0.53039096713230027  0.53825478275766170  0.54437324353345840  0.54731430436355943
  0.55026394315826677  0.55322279855174539  0.55752205282673861  0.56227909635886886
  0.57482183114405305  0.58631465059855337  0.59051025690338554  0.59448025462299514
  0.59947722396123382  0.60532108224989933  0.61093174412013374  0.61676213420118031
  0.62335256396542760  0.63698448478255010  0.65237697219045387  0.66902253748231100
  0.69007191952981128  0.70854685550252294  0.72499023019613873  0.74058561602644823
  0.75203511776482979  0.76218571161167692  0.77300486022020420  0.78607310170242972
  0.81926274123340859  0.84448961527350652  0.86902939625211373  0.88861414142968143
  0.91306239010380630  0.94551706038451666  0.97770454365121895  1.00000000000000000
 -0.00207420639692016  0.01102367660720997  0.02246489738281590  0.03814797302607070
  0.05581923434184311  0.07236913792434971  0.08689397443398056  0.09844924418260391
  0.10798340626072575  0.11820768652046995  0.12952021460303678  0.14448149539408905
  0.16201615114948395  0.17810397062687652  0.19316374451131449  0.20990200226611330
  0.22393837667733590  0.23664523892178327  0.24594061673593615  0.25253078100996124
  0.25965531000872438  0.26727120630285073  0.27548059755397319  0.28453155227818677
  0.29457348814609025  0.30558551765377001  0.31115241115844655  0.31658005411747242
  0.32182258293765725  0.32668001283167519  0.33134448861540627  0.33873560360753041
  0.34649132322345749  0.35280230609424668  0.35816119912164246  0.36499603981260648
  0.37374632042131289  0.38140612008265234  0.38991052688467731  0.40098175579031903
  0.40889064686879784  0.41585489235067929  0.42229949150141771  0.42869558564441385
  0.43490244974508430  0.44367014260805149  0.45872724380941626  0.47976857511347998
  0.48510765063529759  0.49046099298234447  0.49776266104005862  0.50589833391775474
  0.51322435358949270  0.51988606159393380  0.52880893421489250  0.53811828890620261
  0.55065997687628587  0.56531049409852918  0.58272091482243071  0.60215596576866059
  0.62101643152371622  0.63219091640320302  0.63728133792988972  0.64299877956067397
  0.64771703414331694  0.65242580826242791  0.65719071687418462  0.66213226097948497
  0.66839153454630762  0.67589169851684161  0.68674612169082905  0.69394489422163730
  0.69980188208897387  0.70748594704182577  0.71464826893744571  0.72085564433229554
  0.73009965979329194  0.74103026844121356  0.75169102371330787  0.76510217386634938
  0.78080968540958740  0.79809409299646505  0.81406509209480415  0.82812449122734011
  0.84652904261511119  0.86961816430948491  0.89210253461750244  0.90892485428949621
  0.92101529510446611  0.93352305377113232  0.95037270483825453  0.96395855173449918
  0.97333394073575641  0.98211118494535021  0.98966908247470653  1.00000000000000000
 -0.00604897701292765  0.06162199060913059  0.10173826498616373  0.13298939087392131
  0.15795318093879310  0.18026300785104726  0.19662917230648896  0.21371986141390978
  0.23328485460233267  0.25154799796497501  0.27399197349294546  0.29534780661344967
  0.31589899402102833  0.32754445050773562  0.34012557475537714  0.35470587204026410
  0.36622319502736073  0.37507261848613177  0.38824170978727551  0.40433387960822925
  0.41984707554727657  0.43124261705520411  0.44115555124016514  0.45090607640096120
  0.46012642920279839  0.47163787732235490  0.48462862368683141  0.49716368479885314
  0.51045199137775521  0.52507716995978371  0.54091496911425552  0.55663192109737125
  0.56687142296814053  0.57729381680976566  0.58830897387493519  0.59654270727018266
  0.60174019325118722  0.60657690016646959  0.60949575896499109  0.61192110360766327
  0.61475532763426743  0.61922880457376650  0.62472243262720883  0.63049354737596019
  0.63460603137473226  0.63784914338034171  0.64118998273155803  0.64527682696277855
  0.65059931272906557  0.65597751041070695  0.66201208203980988  0.66943243527586005
  0.68048000939853837  0.69069728906011185  0.70130852675694055  0.71034715027919570
  0.71777650211953303  0.72345521555851922  0.72899961836002602  0.73449227820686858
  0.73992276656205813  0.74594606176852585  0.75327940496598977  0.75926175615101132
  0.76626768731450978  0.77202628409792362  0.77759424156394663  0.78292947034835880
  0.79101715879453649  0.79859969731303071  0.80513878201326461  0.80903226971632547
  0.81214829069159289  0.81781652589849230  0.82495507337161877  0.83131076693755956
  0.83743263860358386  0.84705900513979815  0.85342813518480842  0.85955348009627630
  0.86466537046176295  0.86981686006282000  0.87518655306367510  0.88056192167492542
  0.88598395198815283  0.89043802294790120  0.89390039349833894  0.89779029647242881
  0.90327606761142520  0.91293049829602302  0.92989440890705399  0.95079353589759641
  0.96114791693211721  0.97199729194056250  0.98197483796115870  1.00000000000000000
 -0.00181512489644702  0.00729813700952356  0.01770539594413938  0.02837324674593108
  0.03883039276760853  0.04669994371713967  0.05366086316837436  0.06059493937424182
  0.06758205156361589  0.07488560169028918  0.08019463108727885  0.08487852771907010
  0.08942814802161356  0.09503627268211108  0.09929068671640909  0.10356893150025326
  0.11357043906592190  0.12234382024870460  0.13034353739071408  0.14412826918529414
  0.15160272550715534  0.15879013097292077  0.16558192466026112  0.17353267229856939
  0.18209311772900430  0.20615266325767465  0.22197500547574670  0.23545401448328265
  0.24957112870745907  0.26528233571368337  0.28061565157490798  0.29015678385502031
  0.29437235637278014  0.29717632511731329  0.29982377729028070  0.30310027116091337
  0.30704103170673186  0.31031721377342675  0.31471559598047455  0.32235850877977257
  0.32908379895154638  0.33623449152964507  0.34470895138324442  0.35328847494404791
  0.36000014071624398  0.36707012099716763  0.37377060579791377  0.38106961180573073
  0.39286409824910168  0.40853902806375764  0.42122283818948991  0.42944250019534536
  0.43602490667707622  0.44362667848565818  0.45410052485353486  0.46737119133746086
  0.48280691260542202  0.49843384507476812  0.51064843529270076  0.51856962139474927
  0.52620730776924629  0.53327694472032250  0.54043292230153139  0.54779491271661107
  0.55670729065696090  0.56900580060560435  0.58277825940914141  0.59628235297554744
  0.61166839617251567  0.62790647797816601  0.64242278573400846  0.65387118213201190
  0.66421098985881299  0.67682282465461840  0.69001158786997485  0.70511937153670057
  0.72145127174600232  0.73859144168111968  0.75299411406484762  0.76762984233414167
  0.78626747157295107  0.80955568412749823  0.82929252006672427  0.84809403345880485
  0.86441130601707350  0.88009416208558999  0.90392492280992309  0.92175387781489093
  0.92977952803519981  0.93831707751695481  0.94684240382719376  0.95496635752215620
  0.96454262845210970  0.97345333252673738  0.98329626333802589  1.00000000000000000
 -0.00223802244492125  0.01277310733486594  0.02739078186897720  0.04597683561077799
  0.06155570653837750  0.07336575195497813  0.08234624829395895  0.08974443433758979
  0.09748381942484736  0.10428505278644501  0.11271258769740961  0.12413127529624245
  0.13405033006797049  0.14062468291853911  0.14656079424483401  0.15214529163344978
  0.15809794162203797  0.16414826437580732  0.17304092588312278  0.18327563675266845
  0.19351826327272598  0.20391686044503715  0.21507319046881640  0.22529481349513436
  0.23611470107320473  0.24722601732031696  0.25925408069700434  0.26740147119501700
  0.27203804488419825  0.27667461857337949  0.28091363735133817  0.28504598842654610
  0.28904397134574938  0.29267269947000718  0.29630142759426498  0.30257710227437584
  0.31229406184264497  0.32270229017207852  0.33272656852289123  0.34209764703307644
  0.34989700977933447  0.35903232705481186  0.36795377842463201  0.37446898193296202
  0.38084033160997049  0.38739499092370094  0.39440211722125540  0.40160130623939333
  0.41124592893032791  0.42439257583958034  0.44179765708223290  0.46103862202779627
  0.47863265523173765  0.49501769704631021  0.50844651061440460  0.52133760650704430
  0.53540134231104652  0.54894714624298568  0.56239317102998054  0.57825023473257287
  0.59205711066646882  0.59942813454335431  0.60514478720213227  0.61213271609826869
  0.61929819165790678  0.62732777980855414  0.63604836772799533  0.65024949310567692
  0.66181514936446451  0.66967062965411039  0.67503335204851989  0.68256180320628734
  0.68973873909271988  0.69557094754024351  0.69966845182741366  0.70431055073991355
  0.70994843749686309  0.71595822121539787  0.72137237499238738  0.72701369315204101
  0.74208381620863717  0.75087214279776937  0.75835497370506721  0.76661777612775994
  0.77417823692226229  0.78176695595760448  0.79408393838969793  0.81029025721339087
  0.82523890132288358  0.84188989147691762  0.85956944324931017  0.87895807634826195
  0.89960228397117736  0.92559415220961883  0.95940315129757825  1.00000000000000000
 -0.00065965583623263  0.00222823403973786  0.00545179370639978  0.00863873936431552
  0.01207503150018621  0.01598110865645760  0.01961377163414724  0.02335739835343443
  0.03147354555733287  0.04531103981597107  0.05921850797221438  0.06869787725685608
  0.07574494441143467  0.08431395465697855  0.09471494034555937  0.10300394124089635
  0.11200780404280021  0.11826304969749342  0.12253333174939526  0.12835806568550079
  0.13445276449251686  0.14175349001018522  0.14971272080516257  0.15958626505687451
  0.17052796569384415  0.18223024025814027  0.18846059236240992  0.19573521330620952
  0.20557100028817565  0.21628034901435089  0.22235861466683843  0.22797630470058661
  0.23376973064056183  0.23963250834451516  0.24572914716192773  0.25384712324335484
  0.26596644237128370  0.27890464560315131  0.29220147263666507  0.30355210727328674
  0.31269254843027300  0.32411966234472600  0.33709418864702262  0.35378716377646702
  0.37018518893487751  0.38763741158562698  0.40561161843330540  0.41853629362188327
  0.42392606846839992  0.42975694378705526  0.43621524668559924  0.44300237343467619
  0.44972445520082915  0.45639031071464720  0.46247365133836826  0.47056539471315029
  0.47663100442280693  0.48428341520343060  0.49454743873753942  0.50754890012648435
  0.51737425700469475  0.52918561357705052  0.54465650012465983  0.56318070573022738
  0.58051355879214606  0.59429267213344017  0.60799789430012996  0.62139518918849135
  0.63832796203516728  0.65478636156344117  0.67046116562360158  0.68332739424399902
  0.69945872409088228  0.71265943570784518  0.72525004068158905  0.74057974553116679
  0.75682863243333054  0.77601918283728710  0.79193509091111314  0.80490404782673852
  0.81784305094194443  0.83091570904460366  0.84585299005671888  0.85674837935878900
  0.86365068426293745  0.87207651547859000  0.88159541550833442  0.89221785261854292
  0.90339019136784360  0.91881412286987141  0.93151332246402607  0.94302461069959154
  0.95428528210760843  0.96869748976069991  0.98439737130352822  1.00000000000000000
 -0.00383020447962502  0.01640259357683529  0.03164836071630809  0.04453681380878532
  0.05686995436338819  0.07116500664991912  0.08543141042512427  0.09174756948600984
  0.09562221516240806  0.09959794288448609  0.10557378720159168  0.11716597901946722
  0.12690401918934241  0.13366060306844255  0.13733701923427505  0.14135671735574304
  0.14558201492083220  0.14998883104686567  0.15443145697012808  0.16174760003819186
  0.16938938027501688  0.17958030765553148  0.19148174803433626  0.20555381592231273
  0.21291778869766842  0.21947838042020487  0.22315793129435774  0.22566264606970737
  0.22816212646535861  0.23064200785843764  0.23309847306550399  0.23809353100510358
  0.24459629888328752  0.26010986491110466  0.27405703740181081  0.28351862753893531
  0.29253921066482030  0.30141399621752407  0.31385578850381440  0.33010419008822867
  0.34440989511504094  0.36031665112908057  0.37551039053819701  0.39222460961227995
  0.40803216909962686  0.42169544463759884  0.43355217207086272  0.44406578887519854
  0.45416028141949888  0.46610458294018658  0.48134136290988810  0.49788033592512027
  0.51509465123253961  0.53021777997325559  0.53999135757497496  0.55066147092363005
  0.56135365164442053  0.57066348612955198  0.57985619260628796  0.58906143377935793
  0.59873340848909518  0.60878931779008072  0.62412433060250794  0.63765704467824957
  0.64300741188145871  0.64854045093520307  0.65433566366953599  0.65963765522417916
  0.66467571082558918  0.67592892954000927  0.68898688828061738  0.70700434593826600
  0.72547859376025792  0.74581737855348473  0.75901991760299325  0.77051748579421364
  0.78366223818392422  0.79793771958092030  0.81011221482490414  0.82313014449051236
  0.83427199482042258  0.84437689020469042  0.85700399815174733  0.87495026219539029
  0.88620294644961450  0.89410192645470810  0.90106154960537987  0.90760481689645234
  0.91517888172960205  0.92354050385047670  0.93030999729924002  0.93847403008607211
  0.95310471220895732  0.96836981097528196  0.98385059670880193  1.00000000000000000
  0.25336041151347860  0.42880586905763662  0.48391315358236792  0.51957377552436323
  0.54684466409055954  0.56724611879268882  0.58674612489234357  0.60106968207182843
  0.61400548094405094  0.62371554486104297  0.63072588432614374  0.63788999400893831
  0.64530087718147711  0.65527454804650853  0.66651904838399079  0.67421974135130847
  0.68146625956465290  0.68913667935540901  0.69648151305017914  0.70546501916313864
  0.71676834579711690  0.72743255558085707  0.73730988092298622  0.74543988110947956
  0.75285946343306109  0.75925493084030604  0.76294650030396260  0.76609945377878885
  0.76946915689845685  0.77320054762024937  0.77569030155500418  0.77787931514346675
  0.78016556942225135  0.78373437984948235  0.78986632032671744  0.79558520462229698
  0.80154333445618853  0.80990774365137064  0.81703531957587128  0.82211756944412051
  0.82581048576946647  0.82881141876647146  0.83122666082332342  0.83360898774107639
  0.83526148335175487  0.83691397896243336  0.83898094051350913  0.84137397052226082
  0.84667749162182182  0.84990103393165228  0.85202872147762887  0.85397390736183221
  0.85594464270408566  0.85708060777188988  0.85842761060674799  0.86003395841497299
  0.86185096761785396  0.86376381956437664  0.86593120593386841  0.86779309240491964
  0.86944289450667478  0.87083242595580757  0.87263674381136225  0.87512195587810626
  0.87786130570969034  0.88154987958601472  0.88568183144754964  0.88964987680448526
  0.89357366717121756  0.89856223857783668  0.90231907030765446  0.90550446012352259
  0.90847704649051719  0.91167606111239552  0.91535931055896702  0.91934657433981970
  0.92326584617351970  0.92701502966524474  0.93064201120900214  0.93394660837691179
  0.93758946719690583  0.94144564331273362  0.94493317143445599  0.94839746621660770
  0.95139444324077449  0.95433383223407875  0.95669583435953554  0.95982040712104633
  0.96315262434780513  0.96645970069704989  0.96983225953507501  0.97332048247043124
  0.97704636094177211  0.98186316618038694  0.98960040767871615  1.00000000000000000
 -0.01883979255856345  0.10965404847237692  0.16633734876528911  0.20044867839794908
  0.22440797766281187  0.24788956696602205  0.26856788410471288  0.28493898939472861
  0.29828300638944927  0.31223692068661962  0.32266198254785233  0.33378003677100621
  0.34798306105809262  0.36068897947180373  0.37044948056547111  0.37933995099011097
  0.38437231108621056  0.38944303221795301  0.39455007451980839  0.39895052259318475
  0.40310269606791732  0.41100075152232035  0.41940562822383626  0.42780712894770961
  0.43634986804269260  0.44369924438452935  0.45174305630590045  0.45732733937748909
  0.46058880322845502  0.46405850225370782  0.46759321479361027  0.47148516289514392
  0.47778538099671214  0.48093889065637357  0.48409240031603501  0.48707863651662425
  0.49005018997333610  0.49217303055706640  0.49397096139657737  0.49696729792977240
  0.50153457335625773  0.50916365292470578  0.51811831569960887  0.52818974642173777
  0.53862824173329615  0.55104369207858384  0.56605843032907099  0.58079929217728621
  0.59187163530939102  0.60017310820846859  0.60799277747871538  0.61556322793144358
  0.62186457184361110  0.62674619808746568  0.63046126990125861  0.63334861066343906
  0.63583484776700250  0.63856705106405387  0.64135965658391447  0.64380203199277997
  0.64723336264611986  0.65217826209141327  0.65679211311510954  0.66162759052378173
  0.66714115510311123  0.67355844524049380  0.67943865768605649  0.68359498695470011
  0.68819652431880418  0.69332655755853723  0.69991130702803084  0.70629401153087612
  0.71305816638495689  0.71926650329093678  0.72635669780667467  0.73311438582752331
  0.73904900170160970  0.74384305579596421  0.74697946043532937  0.75008202531819179
  0.75288526438049119  0.75606077535697169  0.75972057515628733  0.76336930860720198
  0.76635621901868078  0.77175407863837997  0.77967489257100897  0.78863445445980707
  0.80094201997964876  0.81475329416643372  0.82687739636142887  0.83846944506258902
  0.85273288529351898  0.87189487304005808  0.91002824710680286  1.00000000000000000
   2.4962666371119961E-016  -1.0000000000000000     
 F F F F F F F F F F F F F F F F F F F F F F F F F F F F F F F F F F F F F F F F F F F F F F F F F F F F F F F F F F F F F F F F F F F F F F F F F F F F F F F F F F F F F F F F F F F F F F F F F F F F F F F F F F F F F F F F F F F F F F F F F F F F F F F F F F F F F F F F F F F F F F F F F F F F F F F F F F F F F F F F F F F F F F F F F F F F F F F F F F F F F F F F F F F F F F F F F F F F F F F F F F F F F F F F F F F F F F F F F F F F F F F F F F F F F F F F F F F F F F F F F F F F F F F F F F F F F F F F F F F F F F F F F F F F F F F F F F F F F F F F F F F F F F F F F F F F F F F F F F F F F F F F F F F F F F F F F F F F F F F F F F F F F F F F F F F F F F F F F F F F F F F F F F F F F F F F F F F F F F F F F F F F F F F F F F F F F F F F F F F F F F F F F F F F F F F F F F F F F F F F F F F F F F F F F F F F F F F F F F F F F F F F F F F F F F F F F F F F F F F F F F F F F F F F F F F F F F F F F F F F F F F F F F F F F F F F F F F F F F F F F F F F F F F F F F F F F F F F F F F F F F F F F F F F F F F F F F F F F F F F F F F F F F F F F F F F F F F F F F F F F F F F F F F F F F F F F F F F F F F F F F F F F F F F F F F F F F F F F F F F F F F F F F F F F F F F F F F F F F F F F F F F F F F F F F F F F F F F F F F F F F F F F F F F F F F F F F F F F F F F F F F F F F F F F F F F F F F F F F F F F F F F F F F F F F F F F F F F F F F F F F F F F F F F F F F F F F F F F F F F F F F F F F F F F F F F F F F F F F F F F F F F F F F F F F F F F F F F F F F F F F F F F F F F F F F F F F F F F F F F F F F F F F F F F F F F F F F F F F F F F F F F F F F F F F F F F F F F F F F F F F F F F F F F F F F F F F F F F F F F F F F F F F F F F F F F F F F F F F F F F F F F F F F F F F F F F F F F F F F F F F F F F F F F F F F F F F F F F F F F F F F F F F F F F F F F F F F F F F F F F F F F F F F F F F F F F F F F F F F F F F F F F F F F F F F F F F F F F F F F F F F F F F F F F F F F F F F F F F F F F F F F F F F F F F F F F F F F F F F F F F F F F F F F F F F F F F F F F F F F F F F F F F F F F F F F F F F F F F F F F F F F F F F F F F F F F F F F F F F F F F F F F F F F F F F F F F F F F F F F F F F F F F F F F F F F F F F F F F F F F F F F F F F F F F F F F F F F F F F F F F F F F F F F F F F F F F F F F F F F F F F F F F F F F F F F F F F F F F F F F F F F F F F F F F F F F F F F F F F F F F F F F F F F F F F F F F F F F F F F F F F F F F F F F F F F F F F F F F F F F F F F F F F F F F F F F F F F F F F F F F F F F F F F F F F F F F F F F F F F F F F F F F F F F F F F F F F F F F F F F F F F F F F F F F F F F F F F F F F F F F F F F F F F F F F F F F F F F F F F F F F F F F F F F F F F F F F F F F F F F F F F F F F F F F F F F F F F F F F F F F F F F F F F F F F F F F F F F F F F F F F F F F F F F F F F F F F F F F F F F F F F F F F F F F F F F F F F F F F F F F F F F F F F F F F F F F F F F F F F F F F F F F F F F F F F F F F F F F F F F F F F F F F F F F F F F F F F F F F F F F F F F F F F F F F F F F F F F F F F F F F F F F F F F F F F F F F F F F F F F F F F F F F F F F F F F F F F F F F F F F F F F F F F F F F F F F F F F F F F F F F F F F F F F F F F F F F F F F F F F F F F F F F F F F F F F F F F F F F F F F F F F F F F F F F F F F F F F F F F F F F F F F F F F F F F F F F F F F F F F F F F F F F F F F F F F F F F F F F F F F F F F F F F F F F F F F F F F F F F F F F F F F F F F F F F F F F F F F F F F F F F F F F F F F F F F F F F F F F F F F F F F F F F F F F F F F F F F F F F F F F F F F F F F F F F F F F F F F F F F F F F F F F F F F F F F F F F F F F F F F F F F F F F F F F F F F F F F F F F F F F F F F F F F F F F F F F F F F F F F F F F F F F F F F F F F F F F F F F F F F F F F F F F F F F F F F F F F F F F F F F F F F F F F F F F F F F F F F F F F F F F F F F F F F F F F F F F F F F F F F F F F F F F F F F F F F F F F F F F F F F F F F F F F F F F F F F F F F F F F F F F F F F F F F F F F F F F F F F F F F F F F F F F F F F F F F F F F F F F F F F F F F F F F F F F F F F F F F F F F F F F F F F F F F F F F F F F F F F F F F F F F F F F F F F F F F F F F F F F F F F F F F F F F F F F F F F F F F F F F F F F F F F F
  <DiscreteSampler_grid>
  grouped_processes
  1 # 1 for a reference and 2 for a running grid.
  10 # Attribute 'min_bin_probing_points' of the grid.
  1 # Attribute 'grid_mode' of the grid. 1=='default',2=='initialization'
  0.0000000000000000 # Attribute 'small_contrib_threshold' of the grid.
  0.5000000000000000 # Attribute 'damping_power' of the grid.
 # binID   n_entries weight   weight_sqr   abs_weight
    61   10   1.675972329241935E-015   1.358170340649396E-029   1.675972329241935E-015
    62   10   1.675972329241882E-015   1.358170340649390E-029   1.675972329241882E-015
    64   10   3.351944658483870E-015   5.432681362597583E-029   3.351944658483870E-015
    65   10   3.351944658483765E-015   5.432681362597560E-029   3.351944658483765E-015
    67   10   3.907009600923383E-014   7.194248644613570E-027   3.907009600923383E-014
    68   10   3.907009600923381E-014   7.194248644613607E-027   3.907009600923381E-014
    70   10   7.814019201846766E-014   2.877699457845428E-026   7.814019201846766E-014
    71   10   7.814019201846761E-014   2.877699457845443E-026   7.814019201846761E-014
    106   10   1.675972329241936E-015   1.358170340649393E-029   1.675972329241936E-015
    107   10   1.675972329241882E-015   1.358170340649395E-029   1.675972329241882E-015
    109   10   3.351944658483871E-015   5.432681362597571E-029   3.351944658483871E-015
    110   10   3.351944658483765E-015   5.432681362597578E-029   3.351944658483765E-015
    112   10   3.907009600923380E-014   7.194248644613562E-027   3.907009600923380E-014
    113   10   3.907009600923381E-014   7.194248644613611E-027   3.907009600923381E-014
    115   10   7.814019201846760E-014   2.877699457845425E-026   7.814019201846760E-014
    116   10   7.814019201846762E-014   2.877699457845444E-026   7.814019201846762E-014
  </DiscreteSampler_grid>
