  0.00005396656637438  0.00005433270146678  0.00005472208099280  0.00005511234611057
  0.00005546627444788  0.00005575443825420  0.00005603227655542  0.00005633308706107
  0.00005666307126131  0.00005702567323196  0.00005735022456091  0.00005766816465731
  0.00005799083533445  0.00005833440492842  0.00005872796571673  0.00005914306928123
  0.00005954755406956  0.00006000659703864  0.00006043330903873  0.00006087614265031
  0.00006135862434546  0.00006191887973337  0.00006259376452556  0.00006334535344732
  0.00006403955539706  0.00006459118163748  0.00006515902918407  0.00006572095485430
  0.00006628500509531  0.00006683657973565  0.00006753983744334  0.00006832421978833
  0.00006916492251526  0.00007001560655964  0.00007086020009972  0.00007172217004049
  0.00007262649977263  0.00007351782711914  0.00007439343976643  0.00007524511967038
  0.00007610523277634  0.00007700505235003  0.00007801358268800  0.00007910478887167
  0.00007984557013088  0.00008065648449102  0.00008150571812193  0.00008227966580807
  0.00008307092700064  0.00008390882557799  0.00008481021046349  0.00008574378579187
  0.00008692411315985  0.00008824526466172  0.00008943701846466  0.00009074116966942
  0.00009208338549928  0.00009349109419857  0.00009523740902933  0.00009689442843254
  0.00009879664866826  0.00010074593486683  0.00010301078984612  0.00010543684158415
  0.00010791104819836  0.00011038018348045  0.00011287291133627  0.00011566469323040
  0.00011837052121664  0.00012135578597692  0.00012465745413544  0.00012810114238813
  0.00013160965094204  0.00013533189305880  0.00013938909089036  0.00014447778358912
  0.00015062189175815  0.00015753269084679  0.00016447344922611  0.00017259354412113
  0.00018334164573089  0.00019653172367535  0.00021210829570760  0.00023088055552382
  0.00025297540575366  0.00027896902463694  0.00030693431885523  0.00034337279082152
  0.00039416837010566  0.00047242554642361  0.00061734116425960  0.00081595724392263
  0.00102826245108722  0.00181451696488423  0.48852660212437660  1.00000000000000000
  0.00772504152405343  0.02315935917071177  0.03521633361389667  0.04412142417806821
  0.04979750952578128  0.05686781876739205  0.06558568056588840  0.07503829209425675
  0.08216258741804189  0.08841209296619348  0.09465562543196414  0.10249825261329816
  0.11401095605945309  0.12814651113081288  0.14268822347679355  0.15800238063760677
  0.17006312881695185  0.18138645986458576  0.19170566902680386  0.20038831569515392
  0.21091564171378496  0.22338429066722232  0.23672307183961033  0.25007390848425598
  0.26212836402962059  0.27342291217790454  0.28454602939374962  0.29538410030117257
  0.30699974211710213  0.31817347803233442  0.32900048349920047  0.33928698758754966
  0.34992217603667536  0.36074562929011289  0.37179075168736792  0.38319537880599153
  0.39418242531172898  0.40690308059132690  0.41809330926151694  0.43011502647386451
  0.44049059902319793  0.44904010508340481  0.45710323588360618  0.46441605852046258
  0.47079160559858979  0.47851814642046020  0.48784016950285669  0.49720971123639535
  0.50568705977912554  0.51235462587000880  0.52022197002312121  0.52886409802187717
  0.53810266274605412  0.54793738515086110  0.55827207811571833  0.56853727253059183
  0.57854877287992745  0.58808055286017991  0.59693056729155303  0.60503571006071921
  0.61207864950075141  0.61954317699778561  0.62731191336122449  0.63598679625857313
  0.64463246918959027  0.65358557382695004  0.66413716949740986  0.67715398071255395
  0.68957246775692227  0.70087820163245784  0.71107460189433946  0.72020570401617079
  0.72933014476348046  0.73942309097629122  0.75073556205079872  0.75958776129721806
  0.76728309203718636  0.77655071307194945  0.78696145754747759  0.79678717137648369
  0.80656008272440893  0.81781552834131854  0.83077304548999953  0.84489193308094690
  0.85965576278560907  0.87414090667638478  0.88707249082310680  0.89844765164045759
  0.90973713113855370  0.92131099766545677  0.93196024710475944  0.94342027113077409
  0.95549250718219747  0.96881202224163754  0.98354332502046682  1.00000000000000000
  0.00028114524686813  0.00028877860704007  0.00029373335126620  0.00029787146851638
  0.00030165271768458  0.00030557323698013  0.00030968750617572  0.00031379728986167
  0.00031816542112215  0.00032299264035690  0.00032896845294698  0.00033465078151615
  0.00034006624498579  0.00034553077609213  0.00035121644727106  0.00035712729600667
  0.00036340327412701  0.00036992359739163  0.00037703063722455  0.00038473985870198
  0.00039286897264537  0.00039924722504823  0.00040563734923925  0.00041220736343021
  0.00041936300020546  0.00042733494378114  0.00043571658145946  0.00044338205586891
  0.00044906969187070  0.00045362256673090  0.00045778511293661  0.00046179447193135
  0.00046565742691332  0.00046986527070598  0.00047409687960340  0.00047950104326544
  0.00048762161861106  0.00049692131944983  0.00050626804934764  0.00051494662581301
  0.00052353923097876  0.00053323442482451  0.00054433579044147  0.00055603510355332
  0.00056635452361727  0.00057751716039401  0.00058952215409664  0.00060340850104097
  0.00061975489314785  0.00063690193945745  0.00065514146693157  0.00067445387659217
  0.00069585375723120  0.00071832461558527  0.00074505571305632  0.00077327705889845
  0.00080599307475747  0.00084611580507126  0.00088969657137090  0.00093356291612883
  0.00097239166934846  0.00101067375919618  0.00105443367297902  0.00110309703105374
  0.00116162526323252  0.00122620574815151  0.00128235464801179  0.00134330559456249
  0.00141391159075651  0.00148591060244229  0.00154466417986716  0.00160219170125276
  0.00166504498154235  0.00176736535054037  0.00190320689224741  0.00209480387869783
  0.00229405304300785  0.00248032367787703  0.00266693177634387  0.00287073683134432
  0.00316074201254601  0.00362452615384334  0.00409165319151701  0.00441788778617645
  0.00475898205640065  0.00530249418602438  0.00583304401224867  0.00628736674850990
  0.00678940494493610  0.00752651747578983  0.00894377285861122  0.01105686578753965
  0.01337590242305399  0.01874771069829215  0.52291132372538152  1.00000000000000000
  0.00251189195543557  0.01422342533834964  0.02601957736898318  0.03834684273577455
  0.04961116070276425  0.06043466552848960  0.07101472770352762  0.08401448902555383
  0.09828807623600042  0.11003930298851687  0.11964362632614241  0.12927417758137594
  0.14036759510940708  0.15245614774006908  0.16353127818562960  0.17339189814609454
  0.18379403409661818  0.19625475942241646  0.20940890689875127  0.22195137535889245
  0.23219756678302780  0.24145804885611621  0.25050757185055944  0.26012183722945043
  0.27016952847188491  0.27999255101030174  0.28980251682160063  0.29828043761143685
  0.30730277724163346  0.31642342782503291  0.32409805273962372  0.33356940027381371
  0.34392931915017982  0.35338221833957018  0.36330028969341061  0.37295886408621015
  0.38386713573447639  0.39576804282131595  0.40806120570687848  0.41957664869781147
  0.43101338139740369  0.44388238675024716  0.45884162139871898  0.47160481198247861
  0.48119000550853941  0.49065248553523749  0.50045149904258546  0.51059897455753822
  0.52102115945099492  0.53101102567298475  0.54022374971281306  0.54934028122761136
  0.55948732085186748  0.56998469082452397  0.57884369214893794  0.58698177477702462
  0.59563762167495793  0.60591228763325444  0.62029127935421480  0.63339092664781105
  0.64565035970500095  0.65808966118977785  0.67111385738883866  0.68387945927336968
  0.69459945885470364  0.70379169102918759  0.71051301552631108  0.71679248836481491
  0.72373914292174524  0.73094520744289526  0.73852753114302250  0.74566918051382181
  0.75548436115637840  0.76962901927837613  0.78068111328503964  0.79012638470912544
  0.79930050116645723  0.80816146748576911  0.81673942254324539  0.82530044785471779
  0.83236314020934632  0.84015290089289374  0.84767564919760208  0.85799859244612853
  0.86979543618634336  0.88207562155063268  0.89481008810554474  0.90757348748020950
  0.91795259616990033  0.92752282145676679  0.93738567216519819  0.94699868948983723
  0.95815186016558296  0.97068215194464280  0.98335529257655163  1.00000000000000000
  0.00076683859256009  0.02502740889105378  0.03908823013358832  0.05046518886795394
  0.06352810928223433  0.07879129275881488  0.09631008019574669  0.11117396459860882
  0.12276268890075800  0.13664180128301215  0.15015852814396879  0.16007108591130723
  0.17003567884429438  0.18142871947259884  0.18983744153314086  0.19685727661037217
  0.20447939065839113  0.21088476854948462  0.21670298152015238  0.22327691085010556
  0.23203266511651574  0.24261257814594353  0.25362842260970536  0.26476910759804428
  0.27560064804455636  0.28438275854079997  0.29323530076511467  0.30289702769889387
  0.31390976412717564  0.32682284160980002  0.33884173673841161  0.35086748289227088
  0.36291378861431978  0.37442368272840704  0.38384035538348021  0.39202060941576178
  0.40079387096788371  0.40886359113109622  0.41694742182656308  0.42496089714263041
  0.43481523948627099  0.44667709332096167  0.45845989034291673  0.47141096447262687
  0.48441731431338764  0.49737532463432110  0.50820660780905691  0.51988755097797024
  0.53267578561808471  0.54523365231291987  0.55730332780817926  0.56996585800645616
  0.58278770997525786  0.59293723737823323  0.60190819148178121  0.61105993144926374
  0.62104807953626240  0.63164221459430125  0.64214336272602734  0.65229881999789907
  0.66288204358981906  0.67435600847253130  0.68658747198953207  0.69873936249117752
  0.70966816193699755  0.71886909164474044  0.72676491580410052  0.73465914250809861
  0.74398855201034442  0.75414513160872954  0.76538751529921045  0.77748136874790030
  0.79054548874107278  0.80499756152696866  0.81782986191685936  0.82706944931486803
  0.83577581481703223  0.84350908920027468  0.84985797324311574  0.85800656175322487
  0.86517667985832625  0.87363928935446877  0.88311628677479070  0.89320841392189310
  0.90261958321930147  0.91283192030807403  0.92197690507110197  0.93182701343589380
  0.94069863557376920  0.94792199569279290  0.95548307189338555  0.96349265458995348
  0.97119788957874231  0.97850509785637863  0.98765042157015326  1.00000000000000000
  0.00001090263735519  0.00001641844252976  0.00001799692776387  0.00001940804316550
  0.00002032021969083  0.00002106261937162  0.00002210586657803  0.00002327068719019
  0.00002534644649584  0.00002727657647658  0.00002965625853952  0.00003200018697205
  0.00003399045475732  0.00003526776367456  0.00003617556723805  0.00003712384520084
  0.00003822670435315  0.00003956378535591  0.00004101208247618  0.00004264495606272
  0.00004467430716747  0.00004656398752767  0.00004851287168906  0.00005077144706527
  0.00005353883774390  0.00005599934324433  0.00005783520146315  0.00005947945569226
  0.00006113059824353  0.00006258660516900  0.00006448153198708  0.00006664147342439
  0.00006868862425895  0.00007073172154231  0.00007314138660180  0.00007599132294795
  0.00007894194086108  0.00008156754273060  0.00008335215440395  0.00008544090073582
  0.00008783948585004  0.00009028937165552  0.00009293477183240  0.00009548412241920
  0.00009848248222336  0.00010238641201940  0.00010640892620112  0.00011042460353248
  0.00011481189608844  0.00011908893456005  0.00012481606304125  0.00013087958154062
  0.00013728698991224  0.00014446746179146  0.00015299055396195  0.00016479902723116
  0.00017983138138577  0.00019591678102385  0.00021235940988286  0.00023147066007810
  0.00025384213203586  0.00027730440769122  0.00030187171276914  0.00033141516375149
  0.00036135584384912  0.00039058729143815  0.00042127941142171  0.00046065421301582
  0.00050956631863102  0.00055439258846163  0.00060074567976889  0.00065420624546861
  0.00071569895576445  0.00076877968393415  0.00082829276398432  0.00088424754761990
  0.00095765056086966  0.00103681145656986  0.00112004385224739  0.00120475339656028
  0.00128737833441986  0.00138252431366376  0.00151139341026117  0.00166027333223655
  0.00182940159134875  0.00204369839033772  0.00229951481992434  0.00261507152652115
  0.00300408434429621  0.00351609175679675  0.00435539171296643  0.00568658387839546
  0.00798040862087163  0.01261753813737107  0.09339629483420879  1.00000000000000000
  0.00000651783521401  0.00000951301894141  0.00001099993354918  0.00001229308281933
  0.00001351996446401  0.00001493869899270  0.00001712256814864  0.00001998227097822
  0.00002241104323314  0.00002395335958448  0.00002485065763487  0.00002599817853967
  0.00002728298268695  0.00002898713878652  0.00003102817286584  0.00003265552852967
  0.00003442313081808  0.00003636925987326  0.00003841778877874  0.00004039879134236
  0.00004233450700176  0.00004432110822987  0.00004630560041130  0.00004836412894228
  0.00005048372732283  0.00005282709073306  0.00005531980715527  0.00005784473343341
  0.00006026931890383  0.00006278198082012  0.00006555885027345  0.00006854509311757
  0.00007167509470594  0.00007521841276127  0.00007924398179513  0.00008342351162715
  0.00008797559816818  0.00009265303734748  0.00009755218246738  0.00010254344924793
  0.00010724151900581  0.00011183229098989  0.00011661734727421  0.00012204774506741
  0.00012863050315540  0.00013538969770846  0.00014205683065166  0.00014887342352317
  0.00015642656848121  0.00016339629818356  0.00017096319321277  0.00017906312374566
  0.00018741770099181  0.00019734264051753  0.00020887452812257  0.00022472132816498
  0.00024244618204080  0.00026348163694570  0.00028575238389054  0.00030972886767272
  0.00033973653669066  0.00037750720188865  0.00041945010917557  0.00045779376423330
  0.00049547521340866  0.00053642528001514  0.00057887020616313  0.00062720591102593
  0.00067909762234464  0.00073488325189243  0.00078633766330044  0.00085677630850422
  0.00093837104340275  0.00101582297834269  0.00108851746203095  0.00115539595012054
  0.00123331326249777  0.00131702720082010  0.00142745283056775  0.00152886363858587
  0.00159860272979025  0.00165939851726400  0.00172539558918323  0.00179860393411670
  0.00187163369363861  0.00200513152148659  0.00217483277418454  0.00237715396877077
  0.00263576294080149  0.00301414566086002  0.00359801895563284  0.00442144287695829
  0.00553089028635923  0.00704535113541068  0.07695564904245351  1.00000000000000000
 -0.00256015725151339  0.01010636322937929  0.02241977354816104  0.03312290386240266
  0.04334649723007118  0.05397056951549276  0.06619246166597453  0.08055378932919183
  0.09425625358875322  0.10707410514738647  0.12100328422429085  0.13336647455138659
  0.14480983100413247  0.15454986124178061  0.16279634643629193  0.17142971169239909
  0.18015037412650492  0.18928641576045574  0.19742775886985714  0.20684034840520782
  0.21758413808754992  0.22976233154218959  0.24022631582108808  0.24957008236463887
  0.25807305923161045  0.26541552791579537  0.27239827998188104  0.28013551998423308
  0.28878561495545196  0.29836414014886919  0.30777730950081644  0.31734674129827783
  0.32782751649988223  0.33916932016791995  0.34815414972073699  0.35585713860559987
  0.36274196477848392  0.36955249069655466  0.37796933570855201  0.38877670090524902
  0.39782503296114796  0.40436111669133962  0.40981196044923723  0.41514675391608191
  0.42201244607587624  0.43042561287379388  0.44040090069138538  0.45103635742689896
  0.46132268808255705  0.46984178834723050  0.47784918019288325  0.48567237904990290
  0.49318220908796256  0.50081302053300891  0.50900611367046533  0.51813760851908441
  0.52757276915898144  0.53749305789807877  0.54853441062553121  0.55979182213088441
  0.57238290427051164  0.58414271288215147  0.59452732263074215  0.60418219832461728
  0.61351077997049808  0.62280972792983458  0.63226960740882687  0.64172014176862469
  0.64939012407548213  0.65663649779059319  0.66482636789038729  0.67458917901565474
  0.68512544978970091  0.69562367240764134  0.70706064729531826  0.71818043124130837
  0.72734582139375836  0.73507237493106192  0.74276173189988537  0.75104686707978319
  0.75882643802090999  0.76703443956023876  0.77737964861157349  0.78887282407118842
  0.80019254235451887  0.81234590624607861  0.82388341495704798  0.83446700971021615
  0.84567413839636008  0.85673671796943363  0.86823048588707674  0.88047193214748654
  0.89327178803237817  0.91597100678150656  0.94981914638737475  1.00000000000000000
 -0.00068750532227177  0.00483028827729557  0.01083525512035440  0.01720484814198989
  0.02294218697995662  0.02997752968208725  0.04026660894381015  0.04945289710601877
  0.05766592744156122  0.06573383643140501  0.07317212575906422  0.08102052507379454
  0.09050193190486554  0.10178060958148218  0.11397705557286431  0.12530868540778267
  0.13504947123262867  0.14370641798212561  0.15247582442427909  0.16053051145634251
  0.16811473256985965  0.17879045299599558  0.19047267770030313  0.20224389399755990
  0.21369093838121234  0.22760198797718487  0.24193053065924836  0.25591557143525190
  0.26735862575187447  0.27719049108112143  0.28700828202350370  0.29650504572604969
  0.30506479438812617  0.31649541532716430  0.33055936894825683  0.34434429539196776
  0.35752348184712057  0.37029821046847894  0.38024781919646872  0.38845023645040683
  0.39662809989529235  0.40415745092113931  0.41034995203107871  0.41851290717322448
  0.42786326415623688  0.43603917290877009  0.44525127669109105  0.45540193153228553
  0.46609195806205184  0.47629437058440416  0.48479652265025508  0.49177519379890000
  0.49944077723148644  0.50944290323500485  0.52039387177137697  0.53128316059185454
  0.54052346542556917  0.54838891809671420  0.55610249797775735  0.56536455523932316
  0.57486373885411257  0.58447605493014265  0.59433796988216048  0.60561991198798437
  0.62000529184935682  0.63518568749554960  0.65028385787255594  0.66644419331550919
  0.68231160880642994  0.69828484367068322  0.71413580641029462  0.72930875607435686
  0.74269385458841997  0.75408843518975244  0.76481213446175533  0.77517591551598208
  0.78505123425101564  0.79551296834750174  0.80638695305958685  0.82114203671996178
  0.83596749002021109  0.85179533815570319  0.86414188132888103  0.87461023470001142
  0.88505188837181792  0.89506600226351229  0.90498458729262032  0.91511691012112228
  0.92649425515922434  0.93827350566829426  0.94903997046707977  0.95914078912953948
  0.96823166605614075  0.97770554487457628  0.98825889793767563  1.00000000000000000
 -0.00289628826101144  0.01160855526935278  0.02356688492741721  0.03356872909619890
  0.04206979903279092  0.05026599029853704  0.05728878217236619  0.06469953795443598
  0.07310786737915613  0.08202702698323722  0.09354889209799351  0.10627607405699847
  0.11936509851594754  0.13124882060206766  0.14368597446504500  0.15553898370361283
  0.16643512046553416  0.17805915587204468  0.18921214808255279  0.19971174997184812
  0.20906027159507598  0.21885617622512654  0.23013498737302535  0.24164722392610286
  0.25449551461821474  0.26844921537711175  0.28004095044685723  0.29094670927151528
  0.30350806943783371  0.31855341128261344  0.33048016645520156  0.33987775254552688
  0.34823171157835481  0.35791154084915577  0.36824320946066125  0.37967165893520460
  0.38916875975164333  0.39715972454021325  0.40610723364598816  0.41712049434322263
  0.43064441632632328  0.44401440209179255  0.45369115366465484  0.46022145832881811
  0.46652636894862531  0.47329920016524596  0.48078630095200681  0.48751016804642910
  0.49455981208556982  0.50268409180482743  0.51040300823763396  0.51815636057378645
  0.52720303964314696  0.53712477280454030  0.54807943859351360  0.55957032663355943
  0.57049290490731097  0.58036099318308731  0.59084308684863929  0.60409149329814593
  0.62170542848209720  0.63732840135266378  0.64796219816541567  0.65802467885655413
  0.66852770936863293  0.68103769991394769  0.69113797769471907  0.69908134120813148
  0.70738167502580618  0.71631365615938547  0.72754279735498051  0.73712750048064235
  0.74524748549605802  0.75300558919197735  0.76215026510733896  0.77362212874131031
  0.78506350444322248  0.79565030225241529  0.80560349058463687  0.81434818322918123
  0.82281485810067512  0.83100316776505978  0.83985952066689129  0.85008605026395889
  0.86228026299820648  0.87596614108611703  0.89065023198973947  0.90386842366710052
  0.91462080832060222  0.92447233228248782  0.93487937751419115  0.95123750549594199
  0.96717505449514041  0.97927457428635223  0.98982010588962532  1.00000000000000000
 -0.00140539518865603  0.00731730476046140  0.01621243999017773  0.02549194055135802
  0.03470429582223741  0.04491942521985581  0.05663287857324056  0.06838751809636327
  0.08084563654763634  0.09357962451341449  0.10576986133376251  0.11996255388349292
  0.12961447265449566  0.13863588069769536  0.14791472419331250  0.15681727614424251
  0.16703691997418205  0.17728466270088211  0.18842888104208383  0.20044964212918562
  0.21402135779925130  0.22646186008441987  0.23786750701812270  0.24797679622796040
  0.25900034311260672  0.26822998132694398  0.27880820403571804  0.29089557025233381
  0.30307255674899286  0.31437365876412166  0.32559310947913839  0.33664000985160375
  0.35023300596785828  0.36419226212499450  0.37724507015979353  0.38991563186917610
  0.40162974272268770  0.41191362670314874  0.42266792828136479  0.43199047306328847
  0.44104172876803088  0.44974702044041209  0.45809950560886753  0.46816902881237893
  0.47798152024448554  0.48783802657706365  0.49768671976526796  0.50688765865205354
  0.51825037497724946  0.52648912976794315  0.53404574259472659  0.54079322288428400
  0.54694263559810108  0.55559993157559195  0.56940487493773750  0.58322532787860715
  0.59778177648386877  0.61482934627267671  0.62886571480575815  0.63939062514092049
  0.64960392484366114  0.66034655679607446  0.67189813584606317  0.68399532947796493
  0.69600944640014473  0.70763192552676890  0.71897319828344319  0.72947177682820574
  0.73945456803527920  0.74835517211409575  0.75625352498337206  0.76561680906239693
  0.77588863598113655  0.78479788096719361  0.79320539840991877  0.80156507803951271
  0.80953654061937474  0.81902097745606794  0.82821927390468741  0.83775617474294317
  0.84929981005932420  0.86023203767134537  0.87060215061066260  0.88107455583842187
  0.89161519009855250  0.90273687942250114  0.91468347948175421  0.92549345381099368
  0.93632156644627063  0.94500819705117811  0.95207438064350125  0.95918721321605172
  0.96657072830586011  0.97448274300892646  0.98706930624055433  1.00000000000000000
 -0.00618280922453254  0.02671799251524226  0.05055860711811298  0.07153678563309727
  0.09031673121792040  0.10340197974221915  0.11154080906071309  0.12046057259268261
  0.12854309578125719  0.13779147855970730  0.14805487244298399  0.15954653329585217
  0.17015116352636606  0.17871421883498415  0.18645465093569941  0.19300626587350797
  0.19975092157678354  0.20606711198818950  0.21268681416610413  0.22086897214012591
  0.23008897694548003  0.23696691570120562  0.24601700154765638  0.25464962392443835
  0.26390084548165033  0.27452234741361625  0.28394457305125215  0.29131720438861386
  0.29779700114364677  0.30476311788587901  0.31242714792364751  0.32267663241821187
  0.33387181296760765  0.34517537559790540  0.35592830684810361  0.36556248542642933
  0.37521032443661273  0.38316628356896487  0.39278469493603324  0.40245911625436059
  0.41076042625548970  0.41796720263090081  0.42449244176289552  0.43169362228357200
  0.43861668851435237  0.44538016257207014  0.45175867019107069  0.45813025883846570
  0.46467821855987856  0.47016436909069720  0.47668101655725248  0.48453332619898370
  0.49313924282817256  0.50398478019199122  0.51431259406781082  0.52612622604561499
  0.53662934479577795  0.54618921207279547  0.55621958107152347  0.56637003588034573
  0.57729338002637409  0.58812994643785532  0.59716758204976794  0.60569494263931123
  0.61432084519350050  0.62303554145477291  0.63552575546622925  0.64439255707681120
  0.65173875989645991  0.65874662560072594  0.66691706325832045  0.67766067755689641
  0.68844528644887615  0.69884118016953745  0.71050105466062374  0.72427318596191292
  0.73883187970345310  0.75215292569554382  0.76361133524963709  0.77389928810725661
  0.78341828045442929  0.79320216616959494  0.80281119147083613  0.81253373388283778
  0.82247271527307297  0.83618662382470421  0.85141420758466446  0.86714489792759053
  0.88221371106592106  0.89692405662901042  0.91252042344254558  0.93033776123367140
  0.94883909477010808  0.96787845229528691  0.98528652271157646  1.00000000000000000
 -0.00200887486394717  0.00676463098564685  0.01526068547575992  0.02440721242995238
  0.03591707434101794  0.04970023526119444  0.06326109754481805  0.07328573828488721
  0.08187283100866791  0.09159777225796009  0.10229752165925192  0.11362700775849655
  0.12544862255260902  0.13755995146658140  0.15033166509093904  0.16203660616678603
  0.17530276129481626  0.18868591011512290  0.20267922347794515  0.21837659718548336
  0.23054237694316793  0.23781319630396200  0.24494367380954904  0.25292480268056861
  0.26119494087103562  0.27025310717667272  0.27953482996443102  0.28790577071807966
  0.29462673898201808  0.30415218499818436  0.31193921493069993  0.32331521612442238
  0.33737647504835983  0.35220573497263163  0.36773730928813508  0.38090984372772052
  0.39500962058287403  0.40909847800944660  0.42249440556434098  0.43469897085784776
  0.44523381804075285  0.45612353982207515  0.46565021582435373  0.47570264414204783
  0.48559499941172368  0.49571780052452458  0.50746890656061472  0.51766628397052084
  0.52700960603866021  0.53580290497718197  0.54492130031990660  0.55409358453372815
  0.56325990317166907  0.57353176951660412  0.58473510951979391  0.59671649841063046
  0.60714293255054619  0.61756895419518987  0.62755693988260686  0.63725355104871328
  0.64774076847840778  0.66079644533325943  0.67109106151332854  0.68040355845866285
  0.68795701234722550  0.69568489801476263  0.70476890694275163  0.71383371518715166
  0.72137760401160944  0.72829366797757300  0.73663879474889304  0.74594255281498534
  0.75800770152269537  0.76880721643827210  0.77700422574807237  0.78472180623060472
  0.79359247118804854  0.80233458105436073  0.81007519604676259  0.81748654021132339
  0.82522808836780970  0.83402001898495737  0.84393815871603972  0.85466400152333954
  0.86652428682326110  0.87880494015312371  0.88985202458274293  0.90024855023160710
  0.91032756161229222  0.92223498099888757  0.93622096210830086  0.95286720580536288
  0.96586934564988669  0.97686540244790188  0.98777745305414799  1.00000000000000000
 -0.00133983079642882  0.00546820914713707  0.00989223210357124  0.01390943291522254
  0.01845504561637335  0.02492296816507428  0.03368390554425089  0.04251435022889493
  0.05401226447924901  0.06513113957958239  0.07603744405991644  0.08569173248745919
  0.09352745156269852  0.10056872331394265  0.10791180423327194  0.11604697310871462
  0.12362671128904153  0.13079848007085268  0.13802951472110747  0.14571888926205515
  0.15215093503373223  0.15782743505000538  0.16637197205344240  0.17334919122450179
  0.18055493476085593  0.18899457809882661  0.19528540325415006  0.20178333219401154
  0.20775825540508050  0.21597850603695112  0.22609594010114614  0.23618079979708301
  0.24594142505407171  0.25382988688157360  0.26071883657326506  0.26791055695271870
  0.27536498739048126  0.28378044158177484  0.29154186601574700  0.29784275868245857
  0.30433798881930169  0.31152305586573831  0.31948625116377782  0.32795206729020770
  0.33588681647319224  0.34359946826949550  0.35229713798776618  0.36244769037504404
  0.37311033662436094  0.38237582022904121  0.39010446726855502  0.39795079267796940
  0.40692443596926864  0.41673766681679064  0.42629500880882437  0.43570260445143005
  0.44630219247021791  0.45788030719186140  0.46905716523886859  0.48062418945001806
  0.49287466926406526  0.50658870554385227  0.52143318921180315  0.53473268123029005
  0.54624730718214187  0.55835900240215897  0.57144801135244438  0.58474971059516745
  0.59687025708246555  0.60775487075636847  0.61815305332616655  0.62879826628735735
  0.64097875076086808  0.65215079418536503  0.66149935951321348  0.67109601143298925
  0.68069945598819315  0.69303663413474537  0.70815775074663634  0.72211052440929235
  0.73586150400970518  0.75019573059722067  0.76503896695067397  0.77850936067201182
  0.79097209214354802  0.80236260009149030  0.81417124958073750  0.82628300265291521
  0.83901330910497074  0.85226600890987547  0.87275961827060944  0.89630523263578510
  0.91756675997163017  0.93567033698821822  0.96031913792164103  1.00000000000000000
 -0.00078411703362181  0.00503405751137019  0.01158762429262360  0.01797831223725911
  0.02448690820987301  0.03084234545340222  0.03884399602564165  0.04946085643684203
  0.06137353240473079  0.07379044184671481  0.08798968602909897  0.09985594188650032
  0.11239366179832633  0.12349920431903923  0.13334249108693530  0.14332790001275797
  0.15402827190466090  0.16597791093600983  0.17829775890156327  0.19050115892770378
  0.20211513762937175  0.21410329636486672  0.22722107938645167  0.23989482729036396
  0.25322430036251309  0.26650926689200166  0.27964923848216322  0.29227632769722639
  0.30338197361285552  0.31297795618205360  0.32274625603146634  0.33446482775512132
  0.34751563412968228  0.35949480084148150  0.36970586864979788  0.37871991730895888
  0.38781927906499186  0.39787738219432123  0.41046176729248052  0.42411293855260501
  0.43610989898234964  0.44727962372441649  0.45798759462743766  0.46918921345014264
  0.48091384166520418  0.49225994496854925  0.50105554102613725  0.51149979476798269
  0.52012282600534521  0.52763420027881458  0.53486441340791857  0.54356008925693922
  0.55323034207999355  0.56313965812981648  0.57515981764474700  0.58661270112786434
  0.59688266360180275  0.60656585957090547  0.61631822273627468  0.62616457448693652
  0.63550607801049974  0.64461461408680176  0.65619199680738005  0.66706549929058312
  0.67435686402053419  0.68205634003774307  0.69300034354300621  0.70376338062587440
  0.71237848644117940  0.71969042705906150  0.72669424228372093  0.73576802950984332
  0.74683013854383140  0.75896624482041675  0.77045831417555599  0.78160864174445976
  0.79357491403375313  0.80552735331793290  0.81865773618704918  0.83215641182030664
  0.84483967758033363  0.85705625828579146  0.86920647940211626  0.87931530200004282
  0.88812027984185005  0.89609406611839415  0.90390964422205922  0.91190447235136918
  0.92101283528627975  0.93246072358097254  0.94633450043803380  0.95927456355658580
  0.96943092000114994  0.97983964049099059  0.98997955340115551  1.00000000000000000
 -0.00109695735682583  0.00435443083373861  0.00930690855082969  0.01509197391445873
  0.02323006085734527  0.03149033584084455  0.03926021020285450  0.04446601667285366
  0.04938129442032347  0.05410444299907162  0.05947532740256440  0.06814054515195463
  0.07622851070478477  0.08350699733589789  0.09057845578130318  0.09789267352952183
  0.10423427383276324  0.11095655381784846  0.11804710654596080  0.12538394709577821
  0.13260623053207751  0.14013251809987914  0.14789780769686978  0.15606778987614878
  0.16432124440714874  0.17228159883105390  0.17989499103458845  0.18852948165155425
  0.19756478282889819  0.20675990212481707  0.21617042517266474  0.22522803657612522
  0.23370288324632929  0.24198884905096243  0.24955567412232821  0.25507013419230623
  0.25981656151039623  0.26491395463872325  0.27001697796739765  0.27458425499005423
  0.27890294396645482  0.28710586032567620  0.29609994695902569  0.30415928391956265
  0.31495467808287958  0.32723238582282071  0.33734562358197712  0.34690556773439757
  0.35517107902676015  0.36421148857557722  0.37485283478260745  0.38744903135104025
  0.39830679730506652  0.40759649889375305  0.41626269387043496  0.42488162531169854
  0.43363741345617246  0.44237513281712432  0.45043406025612043  0.45753151563623001
  0.46508083937550976  0.47373480619049685  0.48204572089833464  0.49086361073447332
  0.50059749532489772  0.51051961001461621  0.52256466538910795  0.53452278686256094
  0.54579490896821603  0.55706729739084382  0.56845039737128855  0.57953729754900118
  0.59058827473690922  0.60231592285989810  0.61502219158654958  0.62834039207173953
  0.64332961865267069  0.65724836875986559  0.66964097641126441  0.68155175435169879
  0.69398952246996426  0.70721908540764566  0.72267529270602715  0.73944772805847381
  0.75488724197610224  0.76927082144670411  0.78650200356003752  0.80412949974581605
  0.82626706688586526  0.84731253318841149  0.87043386797271505  0.89491328232855560
  0.92070466249987348  0.94890883453787889  0.97590036870341612  1.00000000000000000
 -0.00205778869106178  0.00866453198623630  0.01951052991448466  0.03292174994480088
  0.04724463127155579  0.05775151373780490  0.06874514606114721  0.07749654648983734
  0.08684398162689741  0.09438055135238374  0.10365331989374543  0.11155379528726612
  0.11952933674039135  0.12600314086290088  0.13129784174203341  0.13713758365443166
  0.14318028777030845  0.15193066510419292  0.16314360937527136  0.17432631849063246
  0.18483015992689841  0.19420328945945795  0.20249397048302051  0.21060034515808401
  0.21928385963565392  0.22984324815256629  0.24152275723713204  0.25472245501582591
  0.26649229143740494  0.27614644697612972  0.28419980567816439  0.29276803137068125
  0.30179225982401997  0.31169409254136005  0.32111549710802217  0.33084214927579469
  0.34328447862627431  0.35654900170282722  0.36962664580031523  0.38287837644018818
  0.39522893458951130  0.40507622057882092  0.41477058388540894  0.42168596210170439
  0.42866239779188320  0.43650976319535817  0.44501269385296760  0.45423349008120989
  0.46348124781861477  0.47404512163783957  0.48713757649695999  0.49930140022199998
  0.50946465907914795  0.52027795670094223  0.53195289233342280  0.54783525125737431
  0.56036724973993779  0.57022874543602919  0.57948163706950273  0.58804630853798356
  0.59713644492832219  0.60683935124144772  0.61705526816089051  0.62693232700045165
  0.63578599540344782  0.64412178934245978  0.65144826589491189  0.66139186287968110
  0.67417274663982862  0.68768957322535296  0.70147570208604904  0.71699284555144394
  0.73122677181840157  0.74427172928532892  0.75724647999837336  0.77034175833723795
  0.78331415174707819  0.79536427227906792  0.80625591688871778  0.81779073593712182
  0.82819571044348839  0.83866029073657722  0.85009540617618717  0.86338083584441705
  0.87637922041397165  0.88720384075679615  0.89728679297730740  0.90524590898795565
  0.91258541479895694  0.91983343117569827  0.93230411447498140  0.94746186296298884
  0.96277640490780314  0.97553159376010246  0.98733731592748863  1.00000000000000000
 -0.00211183409389331  0.00881207790412035  0.01976936230419685  0.03077894053208915
  0.04222908156901973  0.05371858361146194  0.06526281817409912  0.07698107373759272
  0.08931509364100094  0.10096788384513808  0.11121068296167416  0.12090416353593819
  0.13024398178081692  0.14016794783261283  0.15267310052974525  0.16711160642519154
  0.18099836734957997  0.19398999895714780  0.20663973459964738  0.21905318373991423
  0.23171635789020312  0.24435279396632509  0.25496573598047556  0.26459093400637285
  0.27477031457999679  0.28472596473203216  0.29416582571330308  0.30450893744122326
  0.32240079238760272  0.33180827678049768  0.34007080312410765  0.34787784595087001
  0.35596715336506107  0.36471167932801413  0.37638047653686985  0.38790448074465150
  0.39950987362851526  0.41212489805102381  0.42494585970960042  0.43719671084586692
  0.44788886526373517  0.45804083429989062  0.46726957138115432  0.47723109705402184
  0.49025560985626021  0.50444800003183898  0.51674558441360907  0.52699396349968619
  0.53676072066221592  0.54672036792988898  0.55688360935500925  0.56810490746940911
  0.57916957549810810  0.59033663065279518  0.60333903423378854  0.61755674283802575
  0.63079268405583921  0.64163050883991257  0.65129880632108450  0.66162685071597394
  0.67339397462415040  0.68618192752851626  0.69737618104204391  0.70699279354759559
  0.71487366604513680  0.72181669869682397  0.72895352584401307  0.73652283668955054
  0.74484914323520424  0.75303125935100546  0.76001207852930563  0.76715389489410235
  0.77476469123032088  0.78356820111482628  0.79463047831069655  0.80591771132075019
  0.81701221267185253  0.82863113966960666  0.83875528629916229  0.84626038612505028
  0.85408159788206628  0.86301500107093343  0.87229019321847379  0.88062513376114826
  0.88918253295671412  0.90211805921715948  0.91307333986908668  0.92479734460975727
  0.93546071892897897  0.94801454688715625  0.95559077282130400  0.96251513249815690
  0.96918998082812902  0.97593160796747980  0.98616767247899573  1.00000000000000000
  0.00042151911599506  0.00058684348646165  0.00077279001085599  0.00093191778757307
  0.00108624992682307  0.00123001753481116  0.00136249064130726  0.00149327899689275
  0.00162714492239441  0.00177193092424722  0.00192717740405883  0.00208315217036064
  0.00223355146546226  0.00239512426231421  0.00256870754058424  0.00274654670102460
  0.00292546501872928  0.00310575413370593  0.00329012830924971  0.00348203054458523
  0.00367317014200952  0.00385457396373308  0.00401861175870540  0.00416493689432615
  0.00431222386295065  0.00445653049366773  0.00461138616145645  0.00476820261563447
  0.00492755662581204  0.00509567532168651  0.00526506863417648  0.00546194030925426
  0.00567193727086225  0.00586876731820306  0.00606151983012396  0.00625906586363190
  0.00647528358039944  0.00679761225669647  0.00718674664104119  0.00749525943446864
  0.00778869869561044  0.00806081918719378  0.00830394048306120  0.00854379782427303
  0.00879663155326952  0.00900193047660618  0.00919982665412931  0.00940987841528921
  0.00960519543718883  0.00977863671998893  0.00996736801334042  0.01020667956927832
  0.01044258501130901  0.01066825535437023  0.01089832101528823  0.01132389891847804
  0.01181110910134166  0.01227096199915632  0.01265385604493994  0.01319241629529866
  0.01378329785515208  0.01448275216488953  0.01501558623713163  0.01541097789655986
  0.01594691085541784  0.01638539578578235  0.01673112494309174  0.01701672773098526
  0.01739232851843966  0.01773261693573684  0.01817295028306304  0.01866548531675949
  0.01907367051964043  0.01950932666778236  0.01998093591071993  0.02045417446111253
  0.02115192878106368  0.02205048673447713  0.02280569801360769  0.02324790700106375
  0.02364790535084229  0.02413060040146637  0.02460335664814158  0.02503872438274978
  0.02561681597174738  0.02647623715794263  0.02765591118221506  0.02934803332863145
  0.03157949338572190  0.03427785079268853  0.03977723531098548  0.04499504931373056
  0.04812483095258801  0.05306442061741888  0.55232053115882274  1.00000000000000000
 -0.00299526628812728  0.00928519697669233  0.02031967029510915  0.03085228339577357
  0.04286488662661350  0.05476524629994632  0.06468465441888162  0.07502470279434638
  0.08645273315305586  0.09931002617312408  0.11150764900819997  0.12371136348880246
  0.13577325598281278  0.14813363690312870  0.16105715710632995  0.17281131093768831
  0.18343740398424993  0.19444127923246890  0.20486113028767122  0.21487069927101557
  0.22433982277121359  0.23377653023618850  0.24392412518140347  0.25418782638494958
  0.26299028861787166  0.27152090130880874  0.28178482344343359  0.29016261106227426
  0.29942481420539679  0.31056402520722792  0.32136666808681885  0.33132839830803329
  0.34122865995606910  0.35119538301263875  0.36129459815432918  0.37086060117393493
  0.38017809907557076  0.38880533946477397  0.39905484740524733  0.40934345594360722
  0.41715975543197670  0.42502480289164513  0.43265493922644171  0.44123245344675399
  0.45310351104570790  0.46716000022485360  0.48203689962632290  0.49568838831327527
  0.50663296941934566  0.51499105762111630  0.52241139092546829  0.52982857547083273
  0.53837700968333024  0.54774593270846239  0.55760600409644390  0.57115011253793424
  0.58405704708907991  0.59523962189375512  0.60520280227831380  0.61657133529028707
  0.62748874821661504  0.63870430032957370  0.65059242825367747  0.66074723262704604
  0.66655854093718903  0.67190328190765025  0.67708520586285448  0.68237311780081411
  0.69023168598641038  0.70066044198187971  0.70983858040688841  0.71882503387412167
  0.73162342268391389  0.74740244685281554  0.76163939147322157  0.77322409207340081
  0.78291510891922000  0.79213103267737461  0.80064903555700873  0.80832947656717735
  0.81677888387474162  0.82818161142995905  0.84306257419439767  0.85903021111866917
  0.87349921641822803  0.88563727549618043  0.89706768123260805  0.90889266911950584
  0.91835377409438734  0.92779173525010139  0.93745068445435853  0.94886631476709871
  0.95983265368960025  0.97157852681290513  0.98454366651298530  1.00000000000000000
  0.23429130818507632  0.44617046165722485  0.50824012858215062  0.54025687427800551
  0.56218967358834315  0.58095060421953781  0.59661316109121565  0.61341501779359597
  0.62789070554722481  0.63934925476281224  0.64948965354656696  0.65839729710182271
  0.66624214784311675  0.67365930208485203  0.68106567828857090  0.68930704186965108
  0.69790606461991322  0.70618329757898768  0.71284371967409799  0.71925564673612719
  0.72585916453279176  0.73254605645247051  0.73997012137915541  0.74619678032078018
  0.75117345829511128  0.75534081189366420  0.75979525304896478  0.76440132661321569
  0.76940441956628114  0.77449889811732653  0.77774325240843001  0.78100959007347925
  0.78404793720679578  0.78695934538032852  0.78999735359430667  0.79282997223380947
  0.79703651863495339  0.80116548563732515  0.80568583118317050  0.81086057122952304
  0.81550819024476862  0.81985838488878648  0.82328414145025930  0.82634497699083220
  0.82925411056788700  0.83212719356395948  0.83520774483547766  0.83847269852353756
  0.84177364970182178  0.84560405960354912  0.84887167979552824  0.85238567932731579
  0.85627829161892399  0.86064495912608074  0.86507417814013121  0.86902978194795177
  0.87222969631051750  0.87484037576615814  0.87709357177929026  0.87954944900282706
  0.88210136080563317  0.88501493128156361  0.88865269658462653  0.89231418580997268
  0.89569361948664350  0.89912582256075946  0.90260379498296983  0.90593296437305870
  0.90904141355585566  0.91197972123482052  0.91481676960772196  0.91783285039920215
  0.92131899871520040  0.92475866874188306  0.92775181531807160  0.93086033388350431
  0.93386497394833423  0.93693517442343077  0.94001490205076532  0.94302973727591199
  0.94669905517187936  0.95039566164772027  0.95284951238728599  0.95523995013940488
  0.95748863023354713  0.95946519080448101  0.96188397394126268  0.96473805916757660
  0.96737884052246093  0.97008529741981697  0.97337492641516654  0.97669823715306869
  0.98099458596720868  0.98562138491125650  0.99183274432678947  1.00000000000000000
 -0.03366748624859360  0.16574840751772157  0.21845377030357696  0.24713102499935993
  0.26880766001049328  0.28525108076853839  0.29969452560261917  0.31316292108985466
  0.32758699957290122  0.34216933828246043  0.35715846349207420  0.37034590915878340
  0.38361541043430858  0.39669294394580473  0.40645945785245424  0.41179658034809646
  0.41651609882077789  0.42080115028951554  0.42553280550726830  0.43118046621950551
  0.43627009487058382  0.44307955944113203  0.45325356930625027  0.46048109600140502
  0.46681206096814476  0.47265788313987983  0.47830171594481191  0.48551034124446690
  0.49376673916534519  0.50403273278703997  0.51230392796310753  0.51940111103499265
  0.52481392820967188  0.52933988828834000  0.53399103777503676  0.53761744362094432
  0.54093241825553351  0.54452290597284836  0.54841440155796051  0.55464792300103394
  0.56043875260986553  0.56569548897052180  0.56988576862245854  0.57392180391587955
  0.57784127537983143  0.58168767020478862  0.58559715805105239  0.59018515986321407
  0.59482565861344827  0.59930115243966720  0.60419361377061054  0.60975707042970761
  0.61562315496830178  0.62091938829861637  0.62629329923770904  0.63163343775359704
  0.63654026780198247  0.64174046446220356  0.64679675137472603  0.65193901234973561
  0.65774683720346261  0.66390514565029535  0.66986152447204095  0.67552242338276547
  0.68118789202094154  0.68678777212541087  0.69216657372959245  0.69767126624383691
  0.70354869676124365  0.70916580701969234  0.71365238999845315  0.71761860702918800
  0.72160587961331368  0.72645881575228921  0.73218322444210815  0.73774823816198998
  0.74282002724876606  0.74785472994897784  0.75322000735504890  0.75901598248603697
  0.76500844249922906  0.77052131862809337  0.77585513662942207  0.78118938488298983
  0.78664118396420091  0.79365066857418598  0.80066279732652867  0.80875948390488828
  0.81756031421866504  0.82626292467650619  0.83564732986026069  0.84629636412821319
  0.85866454744718579  0.87649590757251372  0.90616377537633952  1.00000000000000000
   1.5025931183461772E-014  -1.0000000000000000     
 F F F F F F F F F F F F F F F F F F F F F F F F F F F F F F F F F F F F F F F F F F F F F F F F F F F F F F F F F F F F F F F F F F F F F F F F F F F F F F F F F F F F F F F F F F F F F F F F F F F F F F F F F F F F F F F F F F F F F F F F F F F F F F F F F F F F F F F F F F F F F F F F F F F F F F F F F F F F F F F F F F F F F F F F F F F F F F F F F F F F F F F F F F F F F F F F F F F F F F F F F F F F F F F F F F F F F F F F F F F F F F F F F F F F F F F F F F F F F F F F F F F F F F F F F F F F F F F F F F F F F F F F F F F F F F F F F F F F F F F F F F F F F F F F F F F F F F F F F F F F F F F F F F F F F F F F F F F F F F F F F F F F F F F F F F F F F F F F F F F F F F F F F F F F F F F F F F F F F F F F F F F F F F F F F F F F F F F F F F F F F F F F F F F F F F F F F F F F F F F F F F F F F F F F F F F F F F F F F F F F F F F F F F F F F F F F F F F F F F F F F F F F F F F F F F F F F F F F F F F F F F F F F F F F F F F F F F F F F F F F F F F F F F F F F F F F F F F F F F F F F F F F F F F F F F F F F F F F F F F F F F F F F F F F F F F F F F F F F F F F F F F F F F F F F F F F F F F F F F F F F F F F F F F F F F F F F F F F F F F F F F F F F F F F F F F F F F F F F F F F F F F F F F F F F F F F F F F F F F F F F F F F F F F F F F F F F F F F F F F F F F F F F F F F F F F F F F F F F F F F F F F F F F F F F F F F F F F F F F F F F F F F F F F F F F F F F F F F F F F F F F F F F F F F F F F F F F F F F F F F F F F F F F F F F F F F F F F F F F F F F F F F F F F F F F F F F F F F F F F F F F F F F F F F F F F F F F F F F F F F F F F F F F F F F F F F F F F F F F F F F F F F F F F F F F F F F F F F F F F F F F F F F F F F F F F F F F F F F F F F F F F F F F F F F F F F F F F F F F F F F F F F F F F F F F F F F F F F F F F F F F F F F F F F F F F F F F F F F F F F F F F F F F F F F F F F F F F F F F F F F F F F F F F F F F F F F F F F F F F F F F F F F F F F F F F F F F F F F F F F F F F F F F F F F F F F F F F F F F F F F F F F F F F F F F F F F F F F F F F F F F F F F F F F F F F F F F F F F F F F F F F F F F F F F F F F F F F F F F F F F F F F F F F F F F F F F F F F F F F F F F F F F F F F F F F F F F F F F F F F F F F F F F F F F F F F F F F F F F F F F F F F F F F F F F F F F F F F F F F F F F F F F F F F F F F F F F F F F F F F F F F F F F F F F F F F F F F F F F F F F F F F F F F F F F F F F F F F F F F F F F F F F F F F F F F F F F F F F F F F F F F F F F F F F F F F F F F F F F F F F F F F F F F F F F F F F F F F F F F F F F F F F F F F F F F F F F F F F F F F F F F F F F F F F F F F F F F F F F F F F F F F F F F F F F F F F F F F F F F F F F F F F F F F F F F F F F F F F F F F F F F F F F F F F F F F F F F F F F F F F F F F F F F F F F F F F F F F F F F F F F F F F F F F F F F F F F F F F F F F F F F F F F F F F F F F F F F F F F F F F F F F F F F F F F F F F F F F F F F F F F F F F F F F F F F F F F F F F F F F F F F F F F F F F F F F F F F F F F F F F F F F F F F F F F F F F F F F F F F F F F F F F F F F F F F F F F F F F F F F F F F F F F F F F F F F F F F F F F F F F F F F F F F F F F F F F F F F F F F F F F F F F F F F F F F F F F F F F F F F F F F F F F F F F F F F F F F F F F F F F F F F F F F F F F F F F F F F F F F F F F F F F F F F F F F F F F F F F F F F F F F F F F F F F F F F F F F F F F F F F F F F F F F F F F F F F F F F F F F F F F F F F F F F F F F F F F F F F F F F F F F F F F F F F F F F F F F F F F F F F F F F F F F F F F F F F F F F F F F F F F F F F F F F F F F F F F F F F F F F F F F F F F F F F F F F F F F F F F F F F F F F F F F F F F F F F F F F F F F F F F F F F F F F F F F F F F F F F F F F F F F F F F F F F F F F F F F F F F F F F F F F F F F F F F F F F F F F F F F F F F F F F F F F F F F F F F F F F F F F F F F F F F F F F F F F F F F F F F F F F F F F F F F F F F F F F F F F F F F F F F F F F F F F F F F F F F F F F F F F F F F F F F F F F F F F F F F F F F F F F F F F F F F F F F F F F F F F F F F F F F F F F F F F F F F F F F F F F F F F F F F F F F F F F F F F F F F F F F F F F F F F F F F F F F F F F F F F F F F F F F F F F F F F F F F F F F F F F F F F F F F F F F F F
  <DiscreteSampler_grid>
  grouped_processes
  1 # 1 for a reference and 2 for a running grid.
  10 # Attribute 'min_bin_probing_points' of the grid.
  1 # Attribute 'grid_mode' of the grid. 1=='default',2=='initialization'
  0.0000000000000000 # Attribute 'small_contrib_threshold' of the grid.
  0.5000000000000000 # Attribute 'damping_power' of the grid.
 # binID   n_entries weight   weight_sqr   abs_weight
    61   10   6.129830927401354E-012   2.850406880312505E-022   6.129830927401354E-012
    62   10   6.129830927401388E-012   2.850406880312496E-022   6.129830927401388E-012
    64   10   1.225966185480271E-011   1.140162752125002E-021   1.225966185480271E-011
    65   10   1.225966185480278E-011   1.140162752124998E-021   1.225966185480278E-011
    67   10   1.483146319204763E-011   1.624790318504450E-021   1.483146319204763E-011
    68   10   1.483146319204767E-011   1.624790318504444E-021   1.483146319204767E-011
    70   10   2.966292638409526E-011   6.499161274017801E-021   2.966292638409526E-011
    71   10   2.966292638409533E-011   6.499161274017775E-021   2.966292638409533E-011
    106   10   6.129830927401355E-012   2.850406880312506E-022   6.129830927401355E-012
    107   10   6.129830927401388E-012   2.850406880312497E-022   6.129830927401388E-012
    109   10   1.225966185480271E-011   1.140162752125002E-021   1.225966185480271E-011
    110   10   1.225966185480278E-011   1.140162752124999E-021   1.225966185480278E-011
    112   10   1.483146319204761E-011   1.624790318504448E-021   1.483146319204761E-011
    113   10   1.483146319204766E-011   1.624790318504442E-021   1.483146319204766E-011
    115   10   2.966292638409523E-011   6.499161274017793E-021   2.966292638409523E-011
    116   10   2.966292638409532E-011   6.499161274017768E-021   2.966292638409532E-011
  </DiscreteSampler_grid>
