  0.00355267715402781  0.01934629599501943  0.02876218709211777  0.03833634863055872
  0.04787814146683371  0.05816593108288198  0.07352019279625056  0.09276546034280156
  0.11246032631789359  0.12953267172396329  0.14386102765750103  0.15770104337138496
  0.17099921297223869  0.17993940136709857  0.18933845788019119  0.19870459422007850
  0.20902258102458815  0.22115928809576926  0.23108421032263751  0.23915269102384615
  0.24789804739189431  0.25791581921861206  0.27010576597571129  0.28121333106764385
  0.29127952610328051  0.30081856887696934  0.30926404111948852  0.31780364592145305
  0.32658056446930844  0.33466458831844575  0.34183768358424982  0.34863072973702058
  0.35664977461733305  0.36606282976291959  0.37568128129836004  0.38356126502460502
  0.39015205203147918  0.39902718415371580  0.41122155910588770  0.42551949051719984
  0.43951218188227925  0.45097099816885394  0.46079764837660431  0.47052941063915887
  0.48084520211489951  0.49282542184144784  0.50288620232960868  0.51202273086488415
  0.52100735535916154  0.52998445674821648  0.54091597321717833  0.55251449445366196
  0.56589782178109427  0.57993810935387691  0.59313941719669006  0.60547061047181205
  0.61604080157854013  0.62510648878570063  0.63307744177602909  0.64146020253316161
  0.65062451003839294  0.66012044421096727  0.67182111630695607  0.68647352286569774
  0.70162800968311712  0.71543278755953599  0.72890822944470546  0.74155771037258300
  0.75551358115300327  0.76809315912194265  0.77661226889252755  0.78262675341838039
  0.78802148253845172  0.79585513152930420  0.80532341979033129  0.81446531321077598
  0.82277647514636776  0.82849018065629476  0.83428713857430536  0.84080263135778133
  0.84848933657300118  0.85736161980803849  0.86706573803736309  0.87681367512221398
  0.88410783774057533  0.89154390396614991  0.90014109786658958  0.91054690976288377
  0.91827478325964063  0.92474344552646093  0.93134105900022768  0.94034736375503436
  0.95358688474309372  0.96808375252870171  0.98334193621246957  1.00000000000000000
  0.00966673460012081  0.01668031111822722  0.02500171201676418  0.03367219520380677
  0.04339502550572023  0.05316018008055096  0.06283668280190548  0.07128176410147863
  0.07991052394217125  0.08866583974845479  0.09778089957517087  0.10757319742074301
  0.11899292080637418  0.13000519196858545  0.14071230049415628  0.15306224894306328
  0.16866204104816052  0.18837369088912378  0.20727077006586514  0.22210352291460472
  0.23650365130634959  0.24973259213342325  0.26610565959955679  0.28175962685452749
  0.29728454500658669  0.30991745627687900  0.31940655909841681  0.32800452604097335
  0.33725402135729471  0.34992375854343161  0.36369451099052558  0.37314016197796807
  0.38177134179306266  0.39026348318427900  0.40006336495830630  0.41454497203698637
  0.42605474627700884  0.43581064855508056  0.44500350746534129  0.45393798658654788
  0.46309381823332285  0.47184101749983182  0.48051315314861265  0.48981838347058765
  0.49946676070366330  0.50988642699841180  0.51979830646823377  0.52928913194911575
  0.53794916171137575  0.54688812932664344  0.55560641996093207  0.56613411859060725
  0.57863097047001810  0.59222544152760892  0.60629023316987019  0.61864009626925553
  0.62833039553212844  0.63703063029113260  0.64512451237667723  0.65414512007693149
  0.66365558086090315  0.67311449196305917  0.68201566884316167  0.69048458314066441
  0.69929390226974897  0.70886129141762499  0.71960956554189015  0.73098108364388437
  0.74149698756635862  0.74922343470223174  0.75729380566385529  0.76554816965088845
  0.77213541322939272  0.77767411453365365  0.78380773377121316  0.79017450668713973
  0.79874915147081771  0.80913264685826791  0.82156485370316457  0.83396435094239185
  0.84605995873085560  0.85901332365731209  0.87228800522107075  0.88487768359382801
  0.89616069334318083  0.90654682677172960  0.91762533601837470  0.93080330046935589
  0.94203877298219696  0.95230768123088849  0.96227437409323002  0.97097337545653439
  0.97800846627467020  0.98449871335353567  0.99017408564408793  1.00000000000000000
  0.00021118687420493  0.00021620835495466  0.00022042877132958  0.00022451566908927
  0.00022865099416304  0.00023288021228633  0.00023680838378625  0.00024068224793259
  0.00024425088301694  0.00024683082273578  0.00024939563492621  0.00025168420558215
  0.00025377137322437  0.00025598641292990  0.00025815891658257  0.00026022581682615
  0.00026303094455212  0.00026630880094621  0.00026968073236454  0.00027365366830597
  0.00027769425435221  0.00028172486904411  0.00028573618678276  0.00028984661446527
  0.00029418940704018  0.00029866631330478  0.00030350257136592  0.00030908491998372
  0.00031426428048024  0.00031918353425712  0.00032396234109541  0.00032842980929367
  0.00033270653212858  0.00033695348717386  0.00034129772309694  0.00034632700947162
  0.00035191649912870  0.00035805432136866  0.00036437073067612  0.00037131094787392
  0.00037772919241984  0.00038455178088552  0.00039135391567144  0.00039861336448070
  0.00040644446120647  0.00041494078908321  0.00042434290382775  0.00043455960520914
  0.00044354986935987  0.00045131875207653  0.00045917179398575  0.00046768420646210
  0.00047720285261147  0.00048488295549699  0.00049236168737527  0.00050049548887094
  0.00051000573649504  0.00052335411478706  0.00053623442497226  0.00054857844370392
  0.00056572579320625  0.00058538404158242  0.00060739317130553  0.00063313378212674
  0.00065760739240722  0.00068108543349145  0.00070827459739283  0.00073048417495743
  0.00075441340596311  0.00078055592120591  0.00080717992545397  0.00083142977038884
  0.00086296900359059  0.00089778391810561  0.00093181160931868  0.00097209324894629
  0.00102154942915876  0.00106313412874337  0.00110264265290740  0.00115577448843663
  0.00121712436559774  0.00129711614551898  0.00139512675020063  0.00152480156718216
  0.00164193558923031  0.00176284071750592  0.00187644481391907  0.00198278729822271
  0.00218997974598628  0.00251125987949305  0.00287551458306318  0.00342260034338474
  0.00446545599065431  0.00743283835050756  0.39785493366453378  1.00000000000000000
  0.00005359857493413  0.00005453864259239  0.00005547339231377  0.00005631053303907
  0.00005714767376438  0.00005784762687239  0.00005852942532669  0.00005915254993523
  0.00005982310282986  0.00006074109731718  0.00006161049563675  0.00006247752060201
  0.00006334557899416  0.00006421698489059  0.00006519009018415  0.00006622532279572
  0.00006738540949137  0.00006871476217331  0.00007005044738272  0.00007127758816870
  0.00007247990212809  0.00007371315931130  0.00007509165946658  0.00007678961868638
  0.00007859888357133  0.00008037615883608  0.00008205967834711  0.00008350759078301
  0.00008493834003780  0.00008648690270481  0.00008799781172000  0.00008972313913576
  0.00009165547477328  0.00009374388056849  0.00009642947766484  0.00009916140171260
  0.00010193666486457  0.00010469126779311  0.00010728830390567  0.00010981690783092
  0.00011254761681428  0.00011609747314901  0.00012146937830812  0.00012566903069899
  0.00012969681207170  0.00013348416998082  0.00013800702847514  0.00014340571858236
  0.00014899593351790  0.00015514248984210  0.00016155474900635  0.00016779407631115
  0.00017479142289573  0.00018251393643049  0.00019148428449468  0.00020163125505492
  0.00021184079833747  0.00022075201607331  0.00022791562468445  0.00023581592587960
  0.00024482508552025  0.00025568092731429  0.00026582951423213  0.00027601403135202
  0.00028707942348629  0.00030316151088669  0.00032127961578607  0.00033423525752568
  0.00034696707185338  0.00036052035940966  0.00037766195811609  0.00040390265827653
  0.00043010311765822  0.00045861580240987  0.00049144293795241  0.00053153397709652
  0.00058178868042455  0.00063792574897263  0.00070544299978238  0.00077296389266310
  0.00086609891515310  0.00097296044108564  0.00109623310942903  0.00127306746254567
  0.00150409569617718  0.00172543299074874  0.00204442880279843  0.00243027764630109
  0.00283598203508985  0.00334827743820928  0.00367375461528637  0.00402999664096433
  0.00474789135561327  0.00690120099362442  0.55056260644174448  1.00000000000000000
  0.00054961865995270  0.00056866637832514  0.00059028807516891  0.00061674929521131
  0.00064343491566828  0.00067319378038709  0.00070598494983756  0.00073730884714135
  0.00076696370269441  0.00079416198579805  0.00082117292721104  0.00084878591077897
  0.00087673062108790  0.00090589476570668  0.00093637040829077  0.00096506750838906
  0.00099180398468498  0.00101900560646918  0.00104458636627544  0.00107183347975578
  0.00110016988913156  0.00112941898361548  0.00115944880328235  0.00118856326131307
  0.00121674309553645  0.00124706287796291  0.00128024742257804  0.00131760971229170
  0.00136248441977103  0.00140721929385249  0.00145115258185027  0.00149532266239152
  0.00154838632889742  0.00160619354369173  0.00166164615804225  0.00171105534572020
  0.00176228699342663  0.00182872994070938  0.00189050085661352  0.00195773755704981
  0.00203127744681360  0.00211093645254125  0.00219936353135784  0.00230197528719394
  0.00239000679982604  0.00246066169749312  0.00253711750685193  0.00261695726558777
  0.00270133225842671  0.00280813537210591  0.00291752780966668  0.00300928080015878
  0.00310230175639250  0.00319895683681615  0.00330690633353551  0.00344006581333891
  0.00359100488084841  0.00375836825346383  0.00393690080247663  0.00410094902442097
  0.00426679643523342  0.00443221654433733  0.00460422430163308  0.00475280859973877
  0.00491530214697316  0.00509720420011418  0.00529721323021749  0.00549006397321555
  0.00569391393030144  0.00589361175319645  0.00607903130658454  0.00628501348873938
  0.00657032298542737  0.00693035071161536  0.00734293031754549  0.00778270935276541
  0.00819882437503320  0.00864133784335516  0.00908997542301583  0.00962040100661038
  0.01019581589229065  0.01092712616984177  0.01159502845231024  0.01239972712532775
  0.01350019733035078  0.01472471446485574  0.01631943193814167  0.01848592551755200
  0.02084370254608028  0.02212218265331296  0.02347903145961802  0.02559196035515878
  0.02845702553343716  0.03250130446739714  0.03872878489549889  1.00000000000000000
  0.00140471153826496  0.02631472748014926  0.04278987989647522  0.05798234558368126
  0.07368251129208772  0.08889451261420468  0.10308041522638661  0.11437271857837078
  0.12513855359902229  0.13831569166556931  0.15285870974309204  0.16932988083143052
  0.18175375301063171  0.19493805913430398  0.20629841268356397  0.21762966454414798
  0.22983112735192884  0.24290687723231330  0.25294740402108296  0.26085457440959131
  0.26927510424515383  0.27815712509400892  0.28642796117505159  0.29474193915228625
  0.30235842859662293  0.30840508735089234  0.31446545005525556  0.32232399081683583
  0.33242144929158496  0.34225043923938187  0.34904065057370193  0.35595884292798452
  0.36307938785081362  0.37158109217093432  0.38213238443661052  0.39043050804840002
  0.39919866886481670  0.40960272620122140  0.42139149718233360  0.43405195309309408
  0.44664044705854189  0.45880202918792018  0.47036401322034282  0.48115690579396175
  0.49222540110022911  0.50069532306028064  0.51072818183893909  0.52071241794229672
  0.53199013446789700  0.54511038320420746  0.55742767474098254  0.56932109197907554
  0.58239625528343364  0.59614972961055968  0.60979474738908801  0.62475439599151839
  0.63728459459043496  0.64802346289304946  0.65851046466536189  0.66939004252914314
  0.68095410841714499  0.69223895332875429  0.70226078782721324  0.71197303818226809
  0.72189542121429562  0.73169621517513861  0.73786883713946916  0.74466453960727896
  0.75184841982859107  0.76009471728305988  0.77012978498628981  0.78125415630043138
  0.79235886324639371  0.80298299908782145  0.81404188836345193  0.82346319524238643
  0.83156424688660491  0.84040299860797529  0.84908530797497406  0.85802145190718426
  0.86958328533464579  0.87928786788079150  0.88947254895424932  0.89911235080614083
  0.90910091616142830  0.91866336052309361  0.92791033341237172  0.93606204690783956
  0.94357777419351796  0.95090474750944776  0.95821551952874517  0.96734064643151763
  0.97457166216527558  0.98295075268935328  0.99152301322204150  1.00000000000000000
  0.00001060929840454  0.00001640559383603  0.00001887209537538  0.00002224470230547
  0.00002452815627933  0.00002624103465017  0.00002783346295754  0.00002970072146250
  0.00003206587669379  0.00003411038928473  0.00003612723190752  0.00003874479197888
  0.00004185269912626  0.00004489439552922  0.00004773696043531  0.00005025985138271
  0.00005273879506663  0.00005537596219331  0.00005887981035688  0.00006248990393054
  0.00006542304298811  0.00006822617386170  0.00007102644437578  0.00007438983906811
  0.00007859758732928  0.00008351688145679  0.00008867556398285  0.00009452791835474
  0.00010136307312271  0.00010947376593664  0.00011784940096362  0.00012594798293159
  0.00013424702443729  0.00014305423976442  0.00015197952421519  0.00016193387465242
  0.00017797356627001  0.00019533842360310  0.00021238902237011  0.00022976071545906
  0.00024899700302936  0.00026708807304779  0.00028566654669821  0.00030643544736394
  0.00033040888988879  0.00036423053604212  0.00040140785672785  0.00043819767486403
  0.00048022881726498  0.00053490712945774  0.00060717885055051  0.00066559580325990
  0.00072761744555519  0.00078801072534335  0.00085409629218096  0.00092859877859880
  0.00100442220651634  0.00107205645155998  0.00113933263950499  0.00121161554859627
  0.00128830346904030  0.00136775102068666  0.00145812445255269  0.00164126548998174
  0.00189156696810220  0.00215826941822154  0.00233770359544485  0.00243595932603123
  0.00253674091733958  0.00264384717440694  0.00274901199016990  0.00287591719728153
  0.00303720763799809  0.00317986806855423  0.00333462217109742  0.00350241559628776
  0.00366963314600004  0.00382033008837816  0.00402080230200243  0.00433102352656397
  0.00449858771437304  0.00466989011634258  0.00487982094253579  0.00513231993485969
  0.00541753644721439  0.00615855483581580  0.00716082522828446  0.00858154951909277
  0.01033490925232365  0.01202177092377701  0.01334799113581635  0.01546731276822716
  0.01992187502476662  0.03000747877860938  0.05668595743250702  1.00000000000000000
 -0.00823410174326560  0.04091407826453848  0.06480951294282980  0.08375774432554441
  0.10041304832039660  0.11800154146424131  0.13620839912161040  0.15518346526596444
  0.17041694191894582  0.18136954713169143  0.19106023459674146  0.20156067066986996
  0.21460917227981002  0.22743765490253687  0.23757902120919705  0.24718276416251914
  0.25534896317042211  0.26309127900695689  0.27182437826239342  0.28057044815859211
  0.29004404852382831  0.30020222356464776  0.30979571859570287  0.31966526804850715
  0.33020930422400674  0.34122298411630220  0.35223751199341696  0.36366825928989743
  0.37564461655334813  0.39061579448236211  0.40309066545247546  0.41589221757938344
  0.42721331384487721  0.43840575721597330  0.44503270643623982  0.45144904966977084
  0.45913115300708091  0.46729563946213420  0.47514738438277243  0.48168216964485622
  0.48752429586183899  0.49351756253049928  0.50002325202773479  0.51298611922599213
  0.52468314945181438  0.53381422697824321  0.54184562157273597  0.54850101916886629
  0.55522609772701359  0.56232698742510501  0.57101890288263391  0.58052193930114271
  0.59012837970251597  0.60013166398574003  0.60892425325708621  0.61716612483674826
  0.62484333565200245  0.63182639668453777  0.63848044213429844  0.64580471511384197
  0.65449585385041509  0.66594808893072432  0.67836286148426472  0.68810167968200742
  0.69633414633714885  0.70445112751458561  0.71294411583462747  0.72176591804799628
  0.72958281228263966  0.73745855899861190  0.74638607823834469  0.75509973046290479
  0.76504702718358308  0.77812958884204364  0.78867886162730094  0.79904588257002518
  0.80874474434996224  0.81769717881233561  0.82657651710783187  0.83560132494524308
  0.84359568904749671  0.85100993314301832  0.85826506037541317  0.86670261753143019
  0.87852293934116787  0.89307181995262452  0.90770099055544073  0.92113243876561390
  0.93212566812028974  0.94173694846474731  0.95079767477891652  0.96064014483370785
  0.97084529093330241  0.98127346864382337  0.99110786551737862  1.00000000000000000
 -0.00222528182483242  0.00786695395852672  0.01770848992013410  0.02799159052991846
  0.03776550521170332  0.04786801972842357  0.05789760759707495  0.06675542441625386
  0.07560527855999456  0.08315560660569292  0.09047261459501568  0.09764664864035977
  0.10477885056949135  0.11166250252073058  0.11826772139464269  0.12725393778190275
  0.13833159339714804  0.15098827084219449  0.16436649088212740  0.17673420759478295
  0.18909479870569937  0.20034694201462744  0.21199519833909150  0.22572187841730784
  0.24007442623650682  0.25695965788034031  0.27060900368738866  0.28163202168154611
  0.29138078731619060  0.30109610604559117  0.31146128533018957  0.32135889030107234
  0.33123609232156814  0.34079395331261975  0.34980809047377065  0.35996602062018146
  0.37354562782998929  0.38842196921624467  0.39751202022800541  0.40585474389697929
  0.41302431442199111  0.42144471610470197  0.43043138593132685  0.43942884129577092
  0.44575243278391674  0.45120952793271957  0.45687825257832743  0.46486823981266967
  0.47440492218851371  0.48478696823147238  0.49442060051554831  0.50718850611853505
  0.52226470955316873  0.53504978014821203  0.54553406137647054  0.55487180301640260
  0.56436866594264790  0.57375905458081178  0.58252062960446904  0.59100772843996130
  0.59871951011913560  0.60801766039119221  0.61793462737023797  0.62918874354389920
  0.64040458785251175  0.65178509103460058  0.66221169950590375  0.67264143544166954
  0.68358057019798546  0.69563699144754010  0.70558936473898082  0.71486396099307770
  0.72372640542609457  0.73510068350635704  0.74473959091673159  0.75303491698895009
  0.76291878409970892  0.77200666113965810  0.78189308259572254  0.79094008658212389
  0.80375632991484258  0.81848282908916969  0.83107240949507755  0.84295693043634878
  0.85463015469086678  0.86505561467130054  0.87893621727808280  0.89140846632828741
  0.90219201711412988  0.91240884740247374  0.92534788452693240  0.93944201633069113
  0.95236231807558047  0.96621175354335487  0.98299948811390547  1.00000000000000000
 -0.00233480297775826  0.01046221247483268  0.02052725528325840  0.03112795460415994
  0.03919659237425934  0.04806312873963479  0.05717102193954152  0.06688105679914719
  0.07670686336181261  0.08690964886926045  0.09853834951493130  0.10998079119297834
  0.11940346193884062  0.12849056074705389  0.13872467634215618  0.15015831885540165
  0.16293274070516245  0.17232905765876952  0.18203516045314666  0.19124391308985389
  0.20072753796749943  0.21111820173078272  0.22298597311456980  0.23402473985754554
  0.24356685465809899  0.25047309212794472  0.25743479513805279  0.26430269996472838
  0.27174180673238235  0.27874734449714611  0.28568235084782717  0.29420611627296628
  0.30787348757624405  0.32112213355940494  0.33369014958979759  0.34573504662552723
  0.35845779520441229  0.37373272802911223  0.38975548046493252  0.40421056763528496
  0.41694837099178644  0.43161739445906994  0.44549275118986426  0.45838482647592321
  0.47249531396555194  0.48457113364341053  0.49411785636317312  0.50221447432110555
  0.50929152423898838  0.51763746124464605  0.52636247503393807  0.53586828870245407
  0.54820740934279932  0.56057085222157499  0.57539479445496133  0.58845667244288591
  0.60073632780096808  0.61288012630451227  0.62739755576212386  0.64058567784691289
  0.65071775320450087  0.65957576702272513  0.66889192894485128  0.67989111453632523
  0.68978618008691139  0.69707632770903027  0.70452649289287961  0.71160395801276022
  0.71810927448316531  0.72553291571383971  0.73402112510301143  0.74393717659656911
  0.75394545745658081  0.76524008623510331  0.77620813724507376  0.78660102077687299
  0.79671785355933467  0.81010359468345028  0.82335086254221557  0.83536903064968948
  0.84552442532288297  0.85609771382438404  0.86767015250793333  0.88147528808410192
  0.89601813265223695  0.91065848719295184  0.92442532448437542  0.93807073826674248
  0.95140841401375709  0.96289633306737510  0.97036099177033719  0.97661370982520912
  0.98208137522940753  0.98689015907592870  0.99353774072278134  1.00000000000000000
 -0.00153626172490223  0.00950618004140462  0.02103155838945891  0.03174502987627392
  0.04113364841665468  0.05039502386419135  0.06048635906836054  0.07365959934420839
  0.08971589430521199  0.10365342652182691  0.11544174288412518  0.12751173677170913
  0.14150967889190519  0.15212287806312122  0.16090119837424924  0.16940834964611370
  0.17784786591398391  0.18821194326464832  0.19899458164020845  0.20806082118896094
  0.21598236787419889  0.22270276073990977  0.23002910431413381  0.23792741586400368
  0.24661627146138104  0.25764310762909970  0.26983693654909713  0.28353730972867192
  0.29752394292812750  0.31121063438528912  0.32533732957572470  0.33777848872658311
  0.34761161123574663  0.35727767147698730  0.36732303631781033  0.37787308457647567
  0.38836016254163253  0.39856611209344645  0.40648905124012685  0.41395756287667063
  0.42132469208011919  0.42760685404783327  0.43271952548692305  0.43791459841521507
  0.44379288508175307  0.44994077221289586  0.45865161844579155  0.46998018884414472
  0.48288026772683534  0.49799957831020664  0.51277348258172484  0.52356008439503277
  0.53264063594080191  0.54091510859186165  0.54945440819051306  0.55860481002106532
  0.56687614065892955  0.57459788031769443  0.58298516465727290  0.59158774857458385
  0.59907086488812400  0.60619530260481580  0.61481476160572857  0.62450224504471008
  0.63797362521056089  0.65239114930586817  0.66693471860199560  0.67963080713132884
  0.69155225079605986  0.70293787055168355  0.71179872253688570  0.71944037430270169
  0.72685432174254128  0.73603641902198746  0.74504715381564524  0.75548500094640991
  0.76762300187489474  0.77993758628202314  0.79206007875696127  0.80437971717153567
  0.81604091456312566  0.82651482676260613  0.83777034342803813  0.85173143442336918
  0.86385316601922413  0.87362274503540116  0.88297951900372762  0.89204993273547528
  0.90068644222921546  0.91196087341134835  0.92430826167868341  0.93727037643403355
  0.95080927722539121  0.96484436241602689  0.98224672970613069  1.00000000000000000
 -0.00278351156849676  0.00876818457682634  0.01893375249455457  0.02822107495769389
  0.03790885042543381  0.04827936940505953  0.06168865038200786  0.07573526579530443
  0.08805901550380513  0.09799838048487731  0.10637613287778420  0.11401852452982064
  0.12125384144410398  0.12924780203629127  0.13839015285653072  0.14834086179088327
  0.15972863527663198  0.17258937870522323  0.18529190217579547  0.19668751501804282
  0.20747886376769409  0.21627452883550194  0.22507015248266590  0.23471343965874825
  0.24418282255557694  0.25361677452833220  0.26339376770280210  0.27452938275409827
  0.28964548974635634  0.30382417985715776  0.31482060434726428  0.32275704793003990
  0.32993675024535163  0.33724819417368146  0.34422733739848854  0.34982365059481346
  0.35647424614710993  0.36345067720529795  0.37043880173947102  0.37823075147609914
  0.38607187240252955  0.39425773428149330  0.40366832126384145  0.41252975210344894
  0.42065246484817292  0.42885235919497133  0.43742126604166470  0.44684114186662971
  0.45769146923063941  0.46935846965851358  0.47981192724595984  0.48951153529298380
  0.49937638757499347  0.51058339618390780  0.52115561661166188  0.53035481430318243
  0.53924475144542028  0.54825790223927751  0.55694846815315346  0.56557957356292887
  0.57365643174406078  0.58131749770568752  0.58950371084241038  0.59768972592393366
  0.60768212210628969  0.61772196792316014  0.62954799698776587  0.64043928299079123
  0.64881150562787593  0.65626203927365723  0.66434293243962173  0.67322454333869575
  0.68527719625759864  0.69593917924630777  0.70521889540062122  0.71523854892834726
  0.72603479423839701  0.73734620636698334  0.74919600838375011  0.75948019834855507
  0.76785339353454007  0.77447006581463440  0.78088297213915858  0.78872759459564579
  0.80008936816928822  0.81375052380415813  0.82767559077240838  0.84378299715834604
  0.85977239399136729  0.87706117340641288  0.89651035178646632  0.91775691473875276
  0.93824632826506882  0.95993761397082533  0.98042112759571143  1.00000000000000000
 -0.00204033381893619  0.01018632299016026  0.01587960835492151  0.02076266950470737
  0.02574654723598770  0.03124309096529390  0.03781982667588166  0.04944157104370425
  0.06247045965351275  0.07740366131761271  0.09247710452862482  0.10741303930962474
  0.12098136372936805  0.13370783780283310  0.14596343112016072  0.15785383983763085
  0.17048291463746709  0.18320426867882403  0.19520623475703291  0.20645812848100706
  0.21921255384673574  0.23138774228487058  0.24162653827175923  0.25035410449849305
  0.25748821218064366  0.26471975372076678  0.27092238409207442  0.27762408135516492
  0.28534242043452385  0.29374157743378865  0.30170711885797763  0.31040638929476794
  0.32371872485055847  0.33705192108265852  0.34982839965205542  0.36362933565985839
  0.37855543698988026  0.39109431299155417  0.40171593301195296  0.41207835799782949
  0.42339700484761883  0.43695145764808363  0.44821910242929308  0.45841256566273247
  0.46877751670768741  0.48142098411343592  0.49195547455450417  0.50086878008884972
  0.50804668986402501  0.51409378576810638  0.52069208238126941  0.52712107909315042
  0.53342669707902846  0.54111896679347393  0.55038865853243735  0.56053398460004678
  0.57116071047865580  0.58245211558070775  0.59352656958350414  0.60514414914077508
  0.61645615580740387  0.62827231619927093  0.64197069044019894  0.65449463068800384
  0.66502606330472835  0.67651414508763197  0.68923577287761273  0.69959622385322440
  0.70898519609456956  0.71836919794187193  0.72877918531479569  0.73943809959036189
  0.75065560241894003  0.76222655175431520  0.77431348721317184  0.78698879381012310
  0.79967345481276875  0.81263835300320875  0.82693688410151445  0.84155308432095532
  0.85505483534875704  0.86527835354202409  0.87454926145257883  0.88312233406408946
  0.89253964025078969  0.90337914997782587  0.91276368422143739  0.92051402735264332
  0.92835801038217303  0.93632781940206367  0.94517932547092165  0.95704302535535779
  0.96993700059154453  0.98069559785978799  0.99037371347135894  1.00000000000000000
 -0.00195861792197723  0.00746480066966858  0.01438271997810017  0.02236992437514295
  0.02958061677761813  0.03823521977956947  0.04570679229554640  0.05387107599158143
  0.06242512284567157  0.07002153624994835  0.07747830092307396  0.08382962982752093
  0.08926195618985711  0.09431969484436344  0.09920075722829820  0.10427740089815869
  0.11042518489071573  0.11744346702817927  0.12534120490667014  0.13430205044738502
  0.13954149592606985  0.14552708383550128  0.15247804686983354  0.15968248113794675
  0.16824899579991170  0.17821869407833704  0.18665942275623842  0.19414266738638292
  0.20147441945763209  0.20821272745058389  0.21510768035528666  0.22246372780604501
  0.22939357028121579  0.23684269865964450  0.24517779642896098  0.25483938957861385
  0.26345645310412869  0.27259373955453448  0.28264344190566537  0.29386848418039169
  0.30364127953040754  0.31226072957374401  0.32027618092531834  0.32805850264278391
  0.33691080288901726  0.34679340711303930  0.35695376534149242  0.36737375624938612
  0.37782687497758172  0.38862387571007245  0.39944283897057226  0.41068498214129373
  0.42193691872474348  0.43247598950049626  0.44232449938036356  0.45111094063561613
  0.45851655540309749  0.46491184453400564  0.47155019808624848  0.47893786357548546
  0.48485099024332257  0.49013537120814227  0.49576669696836539  0.50187154314011129
  0.51321685275793116  0.52262758855491909  0.53184483754226120  0.54079196281752018
  0.55197326288887993  0.56215762420816584  0.57083658939708104  0.57852191467350012
  0.58688077862377530  0.59695505384950009  0.60939860761130571  0.62395757165734134
  0.63846727497618749  0.65106004275024287  0.66354572199746498  0.67422394943521735
  0.68569160149349995  0.69653534299628017  0.70975518220446854  0.72119408807046159
  0.73462596468506414  0.75010508772796469  0.76689455873082002  0.78513299153931060
  0.80457419142272102  0.82555695817467778  0.84911497128463320  0.87618518748459873
  0.89811271400122428  0.92017899912866519  0.95271896910368181  1.00000000000000000
 -0.00388767100404600  0.01899366148353382  0.03096331788506344  0.04254049404289103
  0.05341196982936817  0.06338222773959326  0.07299936818971393  0.08338391979205470
  0.09503180262043635  0.10581752703011589  0.11520534862150363  0.12443128680223413
  0.13473523786084948  0.14506331218428645  0.15578222938673075  0.16580543283319851
  0.17652264738928183  0.18787400011122507  0.19951792759606105  0.20926069295292465
  0.21859513573235839  0.22822018156970433  0.23887902672225134  0.25091152250598614
  0.26316933963403588  0.27474648251183492  0.28515085042292870  0.29566490080293839
  0.30742810714027802  0.31980696560828409  0.33152308099823774  0.34285446069193054
  0.35393449719443559  0.36402527831406117  0.37394350516208708  0.38410541684164301
  0.39466867250443793  0.40541651902018733  0.41656019595405325  0.42690716168997644
  0.43726416485438907  0.44753811010653338  0.45714396366425364  0.46681167806272311
  0.47647253836773645  0.48634589474363221  0.49558834532871909  0.50401031897057536
  0.51371770428630470  0.52147062785168419  0.52804377249147538  0.53683670276873796
  0.54472120972916849  0.55327898690956046  0.56351121500139212  0.57274401317940071
  0.58290946816667888  0.59501340536696945  0.60794670736851963  0.62175825106909266
  0.63444138260874505  0.64654370023517405  0.65860812219297427  0.67022514818515266
  0.68418547578768352  0.69597989503179181  0.70616678833785973  0.71616282621950245
  0.72480619282200154  0.73453592610812324  0.74511309684297100  0.75630309288532593
  0.76820142011553039  0.78005327731460794  0.79265754670405264  0.80474254785127486
  0.81618488956167967  0.82753247193397494  0.83938646626577673  0.85144646958191184
  0.86103315798046431  0.86956122632008559  0.87742933860161210  0.88566344452540502
  0.89432170110692222  0.90341863533094102  0.91322846548239400  0.92358422053890465
  0.93569292670976023  0.94831733899967208  0.95995367461661407  0.96830593298241996
  0.97782728534073848  0.98608478547119671  0.99314018248689406  1.00000000000000000
 -0.00206316676223746  0.00898962655680411  0.01726385741840921  0.02497172118339042
  0.03446039586547962  0.04426411001576552  0.05280404634687838  0.05993627972052080
  0.06576175744730743  0.07210560390722290  0.07873599937358103  0.08554290933102809
  0.09257008271365323  0.09899532936830714  0.10518556147358203  0.11267055485291093
  0.12096479834824761  0.12906321912664367  0.13595114823962165  0.14299090922815802
  0.15034988966201596  0.15750493327170287  0.16760118386487929  0.17667238615548103
  0.18387722561895600  0.19082282908051618  0.19804090256287374  0.20592519942353896
  0.21491589322750479  0.22274579923800142  0.22997169388761554  0.23697572591731486
  0.24460966747415600  0.25372472201113389  0.26219799512751651  0.27034771861569690
  0.27784412445345702  0.28510079807717109  0.29257699722182962  0.30041918944907459
  0.30811714950750113  0.31562708233203102  0.32177822316555160  0.32766753412058475
  0.33377881872966975  0.33997083175373660  0.34621069994907844  0.35225165090880872
  0.35893214602932783  0.36494167888826679  0.37057117241574566  0.37669390867199054
  0.38270273708487529  0.38828454417784880  0.39489781603520580  0.40262599365127993
  0.41029463245029357  0.41734793145906945  0.42433146736837735  0.43096641487983184
  0.43795292716027401  0.44546727778532086  0.45385885700777312  0.46289248913107095
  0.47190940222812144  0.48172802823453736  0.49143829954049639  0.49975815963573794
  0.50966007115569001  0.51931188339910339  0.52870662972484994  0.53961939368711165
  0.55234587101175436  0.56629216177558550  0.58128152972873259  0.59895214883513337
  0.61665255945852793  0.63233719214353978  0.64728570628055149  0.66439115724928244
  0.67965307716634960  0.69321554618770087  0.70393422006476136  0.71425351570712303
  0.72475714915438028  0.73656155651219735  0.75010167627517865  0.76585723066088507
  0.78509148512924631  0.80751017650953472  0.82468881424522400  0.84692560479196688
  0.87252747095444438  0.90189546528418929  0.93943784437898825  1.00000000000000000
 -0.00391214959397826  0.01630935381846953  0.03147014555148329  0.04554876266639017
  0.06283239004563834  0.08178602200533394  0.09903348729060216  0.11189277430064166
  0.12342287403783084  0.13582391243705802  0.14922211338936056  0.16014209894438927
  0.17008920154931895  0.17960489755739675  0.18914826128827170  0.19916165197324293
  0.21059634568451213  0.22229207895027370  0.23400372427726984  0.24584463146276225
  0.25565247580322192  0.26563102635927810  0.27463358691617318  0.28342071674663871
  0.29328315757775980  0.30319253483529246  0.31308982281100206  0.32116715687859393
  0.32874713415290335  0.33621488047382553  0.34560380006231695  0.35897424272970896
  0.37505441555383584  0.39029088971620318  0.40431360483787132  0.41788662888411005
  0.43173441286868125  0.44451055275768248  0.45615229311301786  0.46631453634006870
  0.47617204557456805  0.48664588009922466  0.49846774359451673  0.50975011927848612
  0.52091417246755123  0.53012448431141945  0.53801047516474820  0.54500599686236406
  0.55168623356237834  0.56099945786317762  0.57276000599892662  0.58684587147324929
  0.59981879233166502  0.61108531901493413  0.62127522987485673  0.63106561784164639
  0.64037277863103337  0.64997514786058708  0.66160326798308244  0.67480220461814466
  0.68677251835803166  0.69576177015775764  0.70385796215100749  0.71195730075152941
  0.71982839095004547  0.72779093312914778  0.73648352977270826  0.74498131554712421
  0.75445547269803159  0.76446747366770207  0.77442770641353764  0.78350531369833842
  0.79107904987407862  0.79855924769052100  0.80568445206078598  0.81357409574784290
  0.82063277131562518  0.82734593898581998  0.83389323703479135  0.83955382647371546
  0.84806879353468623  0.85496606357091331  0.86148126161395311  0.86865117551363491
  0.87639314117543432  0.88448808016598313  0.89361738032698834  0.90436730345725569
  0.91541911741889914  0.92630766302071210  0.93954373234504296  0.95133950328797756
  0.96145753289995006  0.97206254081849430  0.98276526768251693  1.00000000000000000
 -0.00820908836973320  0.04548175825342019  0.08349434084617297  0.11414050236366009
  0.13574060759339118  0.15253832748049276  0.16694698882817346  0.18021969848967587
  0.19322554284849136  0.20459832629126182  0.21524572576937293  0.22941636058647966
  0.24368513646176157  0.25720983769303341  0.27127551296117935  0.28635602108276220
  0.30167190183134729  0.31527231228062269  0.32819345110057185  0.34135056814430881
  0.35528621760649487  0.37003948777280521  0.38266437870486358  0.39669716942805983
  0.40679349308161583  0.41755884028766288  0.42727112018277097  0.43770354430607794
  0.44755302553855192  0.45674066530855895  0.46774815691639071  0.47901874872496936
  0.48758288970813207  0.49476488971930360  0.50277361916093444  0.50864515071692951
  0.51571604834199980  0.52319256920749768  0.53109670450783664  0.53852405962834893
  0.54561706770770391  0.55305959829937690  0.56043855033289525  0.56766186116982886
  0.57525728019481304  0.58370516708187881  0.59302716132368360  0.60323542292935017
  0.61262983097562629  0.62058867764697545  0.62935998614171629  0.63876832075601941
  0.64779452259087578  0.65564078723644115  0.66300281875263789  0.66976376730906872
  0.67713372473876832  0.68538645581652990  0.69468377847964624  0.70305063446959071
  0.71049864914427463  0.71738800919782830  0.72392755858615021  0.73018646726896608
  0.73854786861195809  0.74749487063949160  0.75788853196968820  0.76777726840510241
  0.77567624306315230  0.78253274063124412  0.78893271309292123  0.79559815926980981
  0.80267901500153038  0.81107286257383626  0.81887872028377651  0.82536225373783145
  0.83146816420841374  0.83821092606417491  0.84578128986866652  0.85391872418710191
  0.86124078617021793  0.86980369365981636  0.87839283093460707  0.88744142560275230
  0.89781137779420406  0.90767013630304960  0.91603084892888476  0.92370545400779369
  0.93164958638819539  0.93927336039035780  0.94583286415457890  0.95301202162953125
  0.96116673818797993  0.97126139637075248  0.98367608716253863  1.00000000000000000
 -0.00192624047948260  0.00795230411217878  0.01666738538275470  0.02521031964810723
  0.03446859622306455  0.04256587989213126  0.05183502193827516  0.06225369365666810
  0.07267794398479085  0.08154381762992592  0.09127591899179524  0.10024886192895818
  0.10846540705391394  0.11626020820784602  0.12463995735009935  0.13484152583084433
  0.14576500650935109  0.15522936792507055  0.16556635658539109  0.17692839632366644
  0.18763158059564516  0.19706884322274493  0.20598736111367277  0.21539255353580886
  0.22646795359136165  0.23844256203856937  0.24921819154994970  0.25874759390651209
  0.26786861485100288  0.27763885988864817  0.28868442435955999  0.29884794602878401
  0.30913572532831762  0.31730336536931586  0.32643109698577755  0.33525761645064706
  0.34600411557350808  0.35692008802101038  0.36735606600685117  0.37818957735952663
  0.38939583490419460  0.39979155626110174  0.41017265463582825  0.42108769866418810
  0.43189186375706456  0.44433943840066625  0.45806554904721158  0.47021366799144604
  0.48221559465726482  0.49468763130936017  0.50800360720882332  0.52231676522102266
  0.53511263881440851  0.54463699811852084  0.55423856462084375  0.56384166970892868
  0.57383797078584853  0.58612809189740345  0.60010839361494261  0.61776548402510856
  0.63425509577230599  0.64764192455350134  0.65996995265442326  0.67193872488355932
  0.68249632431312079  0.69229965067610943  0.70148018847872029  0.70969494403977595
  0.71750982817980569  0.72375432055669164  0.73149419462399323  0.73943664400898768
  0.74757498268674505  0.75522121136678633  0.76456466242840893  0.77399474753196496
  0.78420755968347733  0.79356561874474818  0.80323009770899145  0.81254339488673033
  0.82216037217267446  0.83361659251819675  0.85024906119296773  0.86326216363723507
  0.87432463835352392  0.88425304857211562  0.89312635525058848  0.90573693278056611
  0.91977354805199385  0.93216866638114604  0.94306989510658201  0.95217370893544784
  0.96098401725247706  0.97219859622502747  0.98457700506613599  1.00000000000000000
 -0.00236837995922203  0.00908952435510587  0.01857437350196185  0.02793991419201846
  0.03793355433555003  0.04802989372727112  0.05799692751983326  0.06798393906137605
  0.07724505983866031  0.08586113120041544  0.09609230808092975  0.10621896929323360
  0.11656882915158766  0.12716347445639381  0.13287130579341808  0.13839606859907896
  0.14465514134332100  0.15395432338526879  0.16313509651392069  0.17552365170535553
  0.18779252511884981  0.19907874305140502  0.21020216065407013  0.22276411881522890
  0.23418729289508000  0.24524494291109689  0.25638872389872353  0.26637511247348217
  0.27506231170368417  0.28447218792583012  0.29453099635752522  0.30458957345324766
  0.31349318822838862  0.32270183793637197  0.33220357023015712  0.34296663438974928
  0.35365014465014200  0.36417527460159771  0.37454630456163068  0.38472698446318393
  0.39615253578093584  0.40735531398277763  0.41906883492041869  0.42937214868519230
  0.44083168668340217  0.45171940536529498  0.46058581716430558  0.46783347131688691
  0.47501513878950202  0.48239749981653018  0.49165857128642010  0.50137419125342297
  0.51502294758615008  0.53182480439212010  0.54868668058394521  0.56372303893762710
  0.57840594673408452  0.59268544120875044  0.60704937036264217  0.62082523802105594
  0.63276840883867691  0.64356913238695845  0.65305397587538139  0.66145718432305356
  0.67050138974034867  0.68091022384999678  0.69329803115035371  0.70817991185356943
  0.72385753536842423  0.74125582275407742  0.75637193774298883  0.76920074358598933
  0.78148036136201404  0.79465901159575625  0.80845527164516062  0.82195679864363858
  0.83521405709535490  0.84682629715411761  0.85726986020958529  0.86643168145382021
  0.87551427125247727  0.88424820103950641  0.89558133803267292  0.90873994402416081
  0.92258386520132107  0.93221725204715322  0.93809717784809898  0.94238716499974817
  0.94630096085602078  0.95009441032699948  0.95367618542126964  0.95844358316251510
  0.96421918973874488  0.97234524393929478  0.98409719391327377  1.00000000000000000
  0.23572397285344959  0.44245100038811164  0.49952130609290774  0.51864366341991819
  0.53298253110446026  0.54966262394791021  0.56967637226632073  0.58599923872300075
  0.59775824886281104  0.60679639621791670  0.61840188386450945  0.63129586832400453
  0.64290199946468041  0.65044918032236743  0.65751653909060048  0.66417081774493469
  0.67124370152131008  0.67879060175777794  0.68655302777366001  0.69368674585378953
  0.70096349890420373  0.70824404635330407  0.71374448957635062  0.71767408684855560
  0.72135157741905054  0.72541690233165612  0.73001077902647304  0.73422644990051611
  0.73928449981266930  0.74325335388366454  0.74767076776438257  0.75172135580825705
  0.75607860905324231  0.76090760601967422  0.76685125363685591  0.77196203616770132
  0.77725250900755383  0.78109310053221814  0.78525435315277159  0.78939557005769578
  0.79357104064092621  0.79920091739327281  0.80466958947038603  0.80980365977356727
  0.81458077981268862  0.81923136729858093  0.82319515749119931  0.82676413130371651
  0.82999323017542903  0.83303992232451129  0.83623566728609133  0.83966771436492982
  0.84351432564455575  0.84754147121480750  0.85120704122637270  0.85506755740346485
  0.85915020583353896  0.86342044580175137  0.86789930844068786  0.87128754015525722
  0.87457878648779108  0.87783408572371124  0.88132252812141842  0.88535257725147865
  0.88971792651882942  0.89400870882198502  0.89780080300658449  0.90145637043959981
  0.90499518526231060  0.90851101502484521  0.91202710070186388  0.91548401916747058
  0.91881202092865044  0.92208809445192019  0.92487446484359959  0.92773317110182429
  0.93039218790508282  0.93300525746447627  0.93582326008573014  0.93863993093030307
  0.94136097671455332  0.94398018995074129  0.94657827886777035  0.94934095398046370
  0.95249808756586929  0.95566771747641577  0.95883502581867763  0.96215399473538765
  0.96556118342767328  0.96911943364347386  0.97294289870386930  0.97697717945692752
  0.98111134980812942  0.98600897011029853  0.99186089362927699  1.00000000000000000
 -0.02055551904480415  0.16303046378566727  0.21260853943829794  0.24900141648050991
  0.27637758679339530  0.29733948230474921  0.31510308974447210  0.33244595817591216
  0.34700355376066788  0.36005206266599848  0.37268242157756459  0.38576424599869552
  0.39790658410324498  0.40961393784317579  0.41951065653619579  0.42877777050191335
  0.43702898361517911  0.44311095270490602  0.44781342050892214  0.45271952770044005
  0.45873982961303822  0.46388126915313121  0.46929972587293450  0.47460470582049502
  0.48081514509598461  0.48744656017891480  0.49562189992628342  0.50557196872680532
  0.51341750368018435  0.51945374696543278  0.52515504130575741  0.52975660700070526
  0.53444263028930428  0.53975679656540387  0.54621512988554943  0.55474752338384237
  0.56228230084476927  0.56973555635803241  0.57654839250475010  0.58265081800780660
  0.58796904417879581  0.59407943442632527  0.60030781448044634  0.60637969225883182
  0.61195385915100831  0.61786936177888685  0.62364739725874863  0.62934834516452798
  0.63488151133539661  0.63998136138787465  0.64518707143812892  0.65083028011099020
  0.65661695947694110  0.66273463216625983  0.66866618847688186  0.67377713476687873
  0.67844365702476261  0.68295974917154945  0.68741509920459309  0.69074210911965372
  0.69411060733328167  0.69751489179560677  0.70121580898145675  0.70548542640601619
  0.71132410224386100  0.71758468123972741  0.72365385079021760  0.72984708612730642
  0.73698168566207600  0.74301620245074185  0.74861967178787980  0.75367936971043759
  0.75795042994312445  0.76198323001129586  0.76636875183432240  0.77024323489225022
  0.77402977509924720  0.77874165198830558  0.78547321236308387  0.79227790796142561
  0.79870369366467076  0.80523917826944091  0.81235892008417643  0.82116027736124586
  0.83014627440345390  0.83849059719654129  0.84604617130736781  0.85401972332873910
  0.86220896185793516  0.87027820408822643  0.87953962281459974  0.88932143758185667
  0.90130447031731042  0.91525213699057295  0.93435659553973027  1.00000000000000000
   9.9755704722216962E-016  -1.0000000000000000     
 F F F F F F F F F F F F F F F F F F F F F F F F F F F F F F F F F F F F F F F F F F F F F F F F F F F F F F F F F F F F F F F F F F F F F F F F F F F F F F F F F F F F F F F F F F F F F F F F F F F F F F F F F F F F F F F F F F F F F F F F F F F F F F F F F F F F F F F F F F F F F F F F F F F F F F F F F F F F F F F F F F F F F F F F F F F F F F F F F F F F F F F F F F F F F F F F F F F F F F F F F F F F F F F F F F F F F F F F F F F F F F F F F F F F F F F F F F F F F F F F F F F F F F F F F F F F F F F F F F F F F F F F F F F F F F F F F F F F F F F F F F F F F F F F F F F F F F F F F F F F F F F F F F F F F F F F F F F F F F F F F F F F F F F F F F F F F F F F F F F F F F F F F F F F F F F F F F F F F F F F F F F F F F F F F F F F F F F F F F F F F F F F F F F F F F F F F F F F F F F F F F F F F F F F F F F F F F F F F F F F F F F F F F F F F F F F F F F F F F F F F F F F F F F F F F F F F F F F F F F F F F F F F F F F F F F F F F F F F F F F F F F F F F F F F F F F F F F F F F F F F F F F F F F F F F F F F F F F F F F F F F F F F F F F F F F F F F F F F F F F F F F F F F F F F F F F F F F F F F F F F F F F F F F F F F F F F F F F F F F F F F F F F F F F F F F F F F F F F F F F F F F F F F F F F F F F F F F F F F F F F F F F F F F F F F F F F F F F F F F F F F F F F F F F F F F F F F F F F F F F F F F F F F F F F F F F F F F F F F F F F F F F F F F F F F F F F F F F F F F F F F F F F F F F F F F F F F F F F F F F F F F F F F F F F F F F F F F F F F F F F F F F F F F F F F F F F F F F F F F F F F F F F F F F F F F F F F F F F F F F F F F F F F F F F F F F F F F F F F F F F F F F F F F F F F F F F F F F F F F F F F F F F F F F F F F F F F F F F F F F F F F F F F F F F F F F F F F F F F F F F F F F F F F F F F F F F F F F F F F F F F F F F F F F F F F F F F F F F F F F F F F F F F F F F F F F F F F F F F F F F F F F F F F F F F F F F F F F F F F F F F F F F F F F F F F F F F F F F F F F F F F F F F F F F F F F F F F F F F F F F F F F F F F F F F F F F F F F F F F F F F F F F F F F F F F F F F F F F F F F F F F F F F F F F F F F F F F F F F F F F F F F F F F F F F F F F F F F F F F F F F F F F F F F F F F F F F F F F F F F F F F F F F F F F F F F F F F F F F F F F F F F F F F F F F F F F F F F F F F F F F F F F F F F F F F F F F F F F F F F F F F F F F F F F F F F F F F F F F F F F F F F F F F F F F F F F F F F F F F F F F F F F F F F F F F F F F F F F F F F F F F F F F F F F F F F F F F F F F F F F F F F F F F F F F F F F F F F F F F F F F F F F F F F F F F F F F F F F F F F F F F F F F F F F F F F F F F F F F F F F F F F F F F F F F F F F F F F F F F F F F F F F F F F F F F F F F F F F F F F F F F F F F F F F F F F F F F F F F F F F F F F F F F F F F F F F F F F F F F F F F F F F F F F F F F F F F F F F F F F F F F F F F F F F F F F F F F F F F F F F F F F F F F F F F F F F F F F F F F F F F F F F F F F F F F F F F F F F F F F F F F F F F F F F F F F F F F F F F F F F F F F F F F F F F F F F F F F F F F F F F F F F F F F F F F F F F F F F F F F F F F F F F F F F F F F F F F F F F F F F F F F F F F F F F F F F F F F F F F F F F F F F F F F F F F F F F F F F F F F F F F F F F F F F F F F F F F F F F F F F F F F F F F F F F F F F F F F F F F F F F F F F F F F F F F F F F F F F F F F F F F F F F F F F F F F F F F F F F F F F F F F F F F F F F F F F F F F F F F F F F F F F F F F F F F F F F F F F F F F F F F F F F F F F F F F F F F F F F F F F F F F F F F F F F F F F F F F F F F F F F F F F F F F F F F F F F F F F F F F F F F F F F F F F F F F F F F F F F F F F F F F F F F F F F F F F F F F F F F F F F F F F F F F F F F F F F F F F F F F F F F F F F F F F F F F F F F F F F F F F F F F F F F F F F F F F F F F F F F F F F F F F F F F F F F F F F F F F F F F F F F F F F F F F F F F F F F F F F F F F F F F F F F F F F F F F F F F F F F F F F F F F F F F F F F F F F F F F F F F F F F F F F F F F F F F F F F F F F F F F F F F F F F F F F F F F F F F F F F F F F F F F F F F F F F F F F F F F F F F F F F F F F F F F F F F F F F F F F F F F F F F F F F F F F F F F F F F F F F F F F F F F F F F F F F F F F F F F F F F F F F F F F F F
  <DiscreteSampler_grid>
  grouped_processes
  1 # 1 for a reference and 2 for a running grid.
  10 # Attribute 'min_bin_probing_points' of the grid.
  1 # Attribute 'grid_mode' of the grid. 1=='default',2=='initialization'
  0.0000000000000000 # Attribute 'small_contrib_threshold' of the grid.
  0.5000000000000000 # Attribute 'damping_power' of the grid.
 # binID   n_entries weight   weight_sqr   abs_weight
    61   10   1.309014260197783E-015   8.307565213201704E-030   1.309014260197783E-015
    62   10   1.309014260197818E-015   8.307565213202537E-030   1.309014260197818E-015
    64   10   2.618028520395567E-015   3.323026085280682E-029   2.618028520395567E-015
    65   10   2.618028520395636E-015   3.323026085281015E-029   2.618028520395636E-015
    67   10   2.610944464199618E-011   6.299143084878015E-021   2.610944464199618E-011
    68   10   2.610944464199632E-011   6.299143084878083E-021   2.610944464199632E-011
    70   10   5.221888928399236E-011   2.519657233951206E-020   5.221888928399236E-011
    71   10   5.221888928399265E-011   2.519657233951233E-020   5.221888928399265E-011
    106   10   1.309014260197787E-015   8.307565213201735E-030   1.309014260197787E-015
    107   10   1.309014260197828E-015   8.307565213202741E-030   1.309014260197828E-015
    109   10   2.618028520395575E-015   3.323026085280694E-029   2.618028520395575E-015
    110   10   2.618028520395655E-015   3.323026085281096E-029   2.618028520395655E-015
    112   10   2.610944464199623E-011   6.299143084878043E-021   2.610944464199623E-011
    113   10   2.610944464199634E-011   6.299143084878087E-021   2.610944464199634E-011
    115   10   5.221888928399247E-011   2.519657233951217E-020   5.221888928399247E-011
    116   10   5.221888928399268E-011   2.519657233951235E-020   5.221888928399268E-011
  </DiscreteSampler_grid>
