  0.00633181926287447  0.02499633933237421  0.03930540016414418  0.05329178647659269
  0.06525661734657524  0.07445618486365134  0.08234535771748389  0.09039028281093936
  0.09800049300565197  0.10460888300874663  0.11159026928397674  0.11968136747409917
  0.12923501054669742  0.13987677325462267  0.15013180576245608  0.15986242376694684
  0.16885029458097231  0.17708157828936427  0.18585787516858798  0.19324477736773188
  0.20009591814101613  0.20717477642227614  0.21602554487227585  0.22489638174334473
  0.23298288637544051  0.23973112097117083  0.24885422311892347  0.25837805825614857
  0.27022650073410526  0.28142172008307237  0.29029630023861464  0.29911981343136351
  0.30802943916967501  0.31773429052005275  0.32877299595845461  0.34128551808639840
  0.35383925319963955  0.36582662141974331  0.37688703757126407  0.38736780079782418
  0.39798593837813862  0.40868455517407726  0.42068383475543153  0.43392873095448009
  0.44859501563150445  0.46415747668520252  0.47801283925489557  0.48910088422918885
  0.49803543942726569  0.50511676401887950  0.51359976912596361  0.52421685331350343
  0.53481987921945973  0.54327441594408810  0.55284023159876627  0.56208504463784514
  0.57051966775063168  0.58009873397604916  0.58908688753079708  0.59661891944247025
  0.60560461974048707  0.61675607365754992  0.62617264478177770  0.63586386670809636
  0.64401354951210188  0.64914555621654002  0.65476976872849313  0.66230697816295414
  0.67167745980818205  0.68104029520980047  0.69106342449422109  0.70152884846866326
  0.71240481889365659  0.72474855459431564  0.73932193326625595  0.75124493622046995
  0.76315847213781052  0.77531962994079395  0.78782169903013199  0.80129571807028155
  0.81532225234720024  0.82793215411696841  0.84109237019590899  0.85514635102863956
  0.87045493573885890  0.88753698894359423  0.90486417637584748  0.92011054956701022
  0.93320458416809082  0.94495133488567273  0.95489985312720571  0.96432713049519736
  0.97341622838701969  0.98336671670462261  0.99071591548334759  1.00000000000000000
  0.00386337621016853  0.01020566610804171  0.01652034215009857  0.02366796314510287
  0.03340621267977244  0.04396525373602603  0.05319703300651672  0.06137371595742562
  0.07088819677040570  0.08109784423061393  0.09169620590802212  0.10316253346597117
  0.11567564956689159  0.12654507214481098  0.13706697454586986  0.14605640060358760
  0.15432681425452791  0.16402797762819621  0.17512410763782638  0.18706043403993627
  0.19980242188302028  0.21197345136069287  0.22230619661511525  0.23344820590403334
  0.24608899453951660  0.25885714287465705  0.27079181826689691  0.28161894863877035
  0.29557468607254755  0.30846580753763869  0.31863528921605105  0.32816303464815400
  0.33849331047759612  0.34919832164132564  0.35949168191829256  0.37052887947071900
  0.38387863188537785  0.39769169496922163  0.40977297012323893  0.41969721709367613
  0.42864578284325844  0.43882152644060812  0.45041478695420767  0.46178563576094112
  0.47485023744156990  0.48892190079823372  0.50148834823611732  0.51379451122578312
  0.52499403951661472  0.53310218819742294  0.54132985597507444  0.54905168217442180
  0.55611321317575446  0.56469964610987056  0.57423262943235520  0.58128548435711203
  0.58936190266865152  0.59930073008241513  0.60843256424620962  0.61814612791383294
  0.63295416123485337  0.64723337885803567  0.66161677302831634  0.67380065916485576
  0.68509598096081292  0.69450199917859423  0.70465239507365030  0.71239030923641933
  0.72101238420589386  0.72986270540976161  0.73755557201500366  0.74448669215155194
  0.75177082263372264  0.75985616232186814  0.76883578227926130  0.77975315224685537
  0.79138124863003745  0.80239723555897347  0.81313356463101005  0.82557900614751223
  0.84062028310250081  0.85939676905323903  0.87630425591288752  0.88910936325396306
  0.89827791260348644  0.90733513815179578  0.91534734976848520  0.92607834503968012
  0.93822795087725497  0.94748920498065903  0.95773579077329518  0.96909344848188494
  0.97795824792042829  0.98566242770337587  0.99296042955705865  1.00000000000000000
  0.00328055142011656  0.01275624732707943  0.02075766094060882  0.02905675363889278
  0.03640076770566681  0.04324132627299910  0.04945099990984318  0.05705909452918591
  0.06510236170649801  0.07519151750755246  0.08553648616848486  0.09608590382675038
  0.10552598373605319  0.11488442882392651  0.12401830632197748  0.13367053837450449
  0.14445609682548094  0.15573877609677747  0.16536550906320593  0.17439445137498644
  0.18367975151770616  0.19384455484165813  0.20626764783315754  0.22511305299060635
  0.24643315142301547  0.26278250158829430  0.27556345446938973  0.28557003806598097
  0.29497709530085814  0.30596960279484597  0.31949397485996001  0.33404559310515686
  0.34877715168358020  0.36222706710942509  0.37465397083822188  0.38698859398623109
  0.39843939347020724  0.40764962939437976  0.41601805053511803  0.42606143532059432
  0.43868212064874673  0.45167917394817653  0.46072287357543723  0.46760950006986540
  0.47574140458010328  0.48717103480488616  0.50006969858092476  0.51436250394643579
  0.53118017712961751  0.55147758547372683  0.56480935435751789  0.57454046564280836
  0.58213434446369161  0.59003171439799362  0.60073786191799439  0.61253691904168761
  0.62537053169897383  0.63806428680075156  0.64879814763577814  0.65611347548269250
  0.66216145677186178  0.66844041139129462  0.67480610878855063  0.68401810323100709
  0.69450416298603379  0.70613308790349671  0.71656801304247619  0.72379653813202616
  0.73101805617689486  0.73810015783478988  0.74773347655755207  0.75898428247697147
  0.77074515941231192  0.78501164543184243  0.80107402482010470  0.81562813768043219
  0.82752583950265135  0.83830956892483643  0.84883597255991849  0.85887288520988547
  0.86909120265569839  0.87920712148890678  0.88887353495049493  0.89941133728898148
  0.91351332568805155  0.92739771216113387  0.94033801118740956  0.95371557978616950
  0.96457198792897159  0.97133736108058566  0.97635375516770984  0.98102248860915875
  0.98485286022795104  0.98875394051189625  0.99154028826080154  1.00000000000000000
  0.00000052501373960  0.00000103524836530  0.00000145856983483  0.00000184785568079
  0.00000217367730434  0.00000246886984846  0.00000278705872222  0.00000313050812294
  0.00000349895695282  0.00000391195617816  0.00000437799975628  0.00000487974090946
  0.00000534712614718  0.00000576659907602  0.00000615442534798  0.00000651040568259
  0.00000691993092298  0.00000731130019262  0.00000768034068665  0.00000817139275565
  0.00000876607446649  0.00000933721880481  0.00000993378729563  0.00001076741203758
  0.00001162665708477  0.00001255704876112  0.00001335894902499  0.00001398527269052
  0.00001453525554948  0.00001502807384886  0.00001545113509816  0.00001585699616580
  0.00001626831024672  0.00001682899282970  0.00001753162364854  0.00001839262512068
  0.00001937713233684  0.00002025642359817  0.00002118975162582  0.00002211322119122
  0.00002316257140767  0.00002429227074710  0.00002566155588186  0.00002710142260348
  0.00002864568708000  0.00003037039113040  0.00003222781769790  0.00003413517142635
  0.00003597196729734  0.00003759346719514  0.00003934880651082  0.00004141916575762
  0.00004364951421847  0.00004591568560514  0.00004820940809253  0.00005087284414733
  0.00005321338285897  0.00005546216229968  0.00005737652139406  0.00005929547002718
  0.00006143177257708  0.00006419116951595  0.00006653365415565  0.00006828782514492
  0.00007039306886053  0.00007260585991135  0.00007511528808237  0.00007844731846682
  0.00008281195647297  0.00008786864469730  0.00009273069199321  0.00009790116518031
  0.00010341673552800  0.00011041745827104  0.00011968058757608  0.00012994743317708
  0.00013739244929632  0.00014467372219461  0.00015271167082387  0.00016408044018328
  0.00017811543379007  0.00019162234774395  0.00020656057533348  0.00022218660686607
  0.00023935825923255  0.00025912526067715  0.00028497578483662  0.00031572306763205
  0.00034987204045524  0.00039639737199357  0.00047082039938248  0.00057360664036536
  0.00074536232920955  0.00106787305325447  0.05320519049648825  1.00000000000000000
  0.00000052883583405  0.00000117705975516  0.00000169504299811  0.00000231691921172
  0.00000303493373250  0.00000364481319405  0.00000438037259359  0.00000526838144625
  0.00000609192765645  0.00000677920498445  0.00000752689668791  0.00000834446429059
  0.00000932232453110  0.00001005181435508  0.00001090941784438  0.00001173708717684
  0.00001271281380456  0.00001383882957813  0.00001494583781366  0.00001591714813301
  0.00001680821276353  0.00001772695102568  0.00001868653951082  0.00001976116678648
  0.00002084920230380  0.00002195952258055  0.00002321679878081  0.00002466412355233
  0.00002613600427754  0.00002732022584958  0.00002843910161875  0.00002932958801311
  0.00003008221779653  0.00003078480439835  0.00003167650145095  0.00003277178186912
  0.00003391140283354  0.00003497236407523  0.00003586127575880  0.00003728475911540
  0.00003893049611860  0.00004059171564894  0.00004232358207075  0.00004398434995124
  0.00004537646731141  0.00004717383680718  0.00004922284593073  0.00005133997737230
  0.00005320064884250  0.00005466204167387  0.00005606815162992  0.00005761627809359
  0.00005939096662156  0.00006151231233856  0.00006404202776751  0.00006669388400175
  0.00006943940687122  0.00007208956604698  0.00007516949455307  0.00007832787291390
  0.00008133091886535  0.00008434221686880  0.00008750120810271  0.00009105901790465
  0.00009419537871750  0.00009702227297524  0.00010040018373722  0.00010399185900596
  0.00010824584029468  0.00011434691729032  0.00012085984999390  0.00012725719596433
  0.00013348818592937  0.00014026343391518  0.00014950313559794  0.00016034926946461
  0.00017167799499710  0.00018291504822506  0.00019389460807250  0.00020553711757235
  0.00021870596493829  0.00023585942736897  0.00025736344155540  0.00028133156786283
  0.00030455350704963  0.00033210215647689  0.00036817325601943  0.00040608123100017
  0.00045230140898965  0.00051682333279507  0.00062089961212648  0.00080408822451406
  0.00121681773724513  0.00214025510897673  0.08464791911139666  1.00000000000000000
  0.00001977505214944  0.00002111916271651  0.00002200573855295  0.00002291800183684
  0.00002444572966591  0.00002579031170638  0.00002704075115715  0.00002827520482947
  0.00002953312488971  0.00003076257487361  0.00003185144807207  0.00003275040561231
  0.00003348779727121  0.00003441817396118  0.00003544575356422  0.00003640899917622
  0.00003745713445202  0.00003871108045659  0.00003994511569524  0.00004087547934621
  0.00004163626093290  0.00004228129788562  0.00004315487869410  0.00004435243070805
  0.00004579164841335  0.00004739565226516  0.00004916979546185  0.00005121732902909
  0.00005309753946371  0.00005497659574140  0.00005668685057846  0.00005831827877557
  0.00005989873185473  0.00006128294555474  0.00006291165534655  0.00006474074336098
  0.00006664591751139  0.00006858166592808  0.00007057288840926  0.00007307443957481
  0.00007562765885867  0.00007800106966483  0.00008022835685312  0.00008238735121249
  0.00008452154229502  0.00008688433298272  0.00008955784939754  0.00009234207293054
  0.00009536489725731  0.00009908809025429  0.00010258310466416  0.00010604203112005
  0.00010918472890427  0.00011230149206513  0.00011503662748083  0.00011781566299621
  0.00012067976665376  0.00012451700954156  0.00012892552614941  0.00013344913097108
  0.00013781969986787  0.00014273475602084  0.00014891706002265  0.00015647092162596
  0.00016525995550748  0.00017523423321477  0.00018658179954310  0.00019887123020478
  0.00021033848305785  0.00022195903998017  0.00023528130492590  0.00024889228467152
  0.00026328985504534  0.00027976756669870  0.00029817283452142  0.00032094348754979
  0.00034716090296980  0.00037514315937090  0.00041743112018143  0.00046258737955618
  0.00051459300852614  0.00057732383045306  0.00067610127580829  0.00082293426307156
  0.00100500102993996  0.00120838907041888  0.00139384677641966  0.00163071016027499
  0.00206822559247326  0.00286383278582132  0.00437884611793931  0.00748285923516276
  0.03375488176205355  0.12756437812044497  0.23255836917561873  1.00000000000000000
  0.00000019462941858  0.00000862608720357  0.00001326976084330  0.00001651578890296
  0.00001922651271523  0.00002157189449307  0.00002383840769247  0.00002669093446268
  0.00003017756540209  0.00003297777494255  0.00003632995774728  0.00003907940212241
  0.00004145684973380  0.00004453241953774  0.00004734174431199  0.00004957825756527
  0.00005242118080471  0.00005563879456358  0.00005892019459560  0.00006187671507343
  0.00006440851213559  0.00006737004585016  0.00007050056271189  0.00007349552702819
  0.00007662800186862  0.00008001371559531  0.00008347691289167  0.00008674631153600
  0.00008968932974869  0.00009218777874414  0.00009489335213792  0.00009824538500187
  0.00010199074395049  0.00010567531573918  0.00010958460156902  0.00011277193344509
  0.00011580877134694  0.00011890575636837  0.00012225150789024  0.00012600135597052
  0.00013004764315283  0.00013397424200924  0.00013781204820224  0.00014155229905980
  0.00014583451107236  0.00015054136511223  0.00015503968838855  0.00016006961604451
  0.00016565775367872  0.00017207552839810  0.00017872571536697  0.00018548885115868
  0.00019232630649753  0.00020001957381524  0.00020858088407988  0.00021931866668911
  0.00022981403352256  0.00023884115103806  0.00024796341266639  0.00025894097966823
  0.00027238096651803  0.00029053323338099  0.00030893929786749  0.00032832038693736
  0.00034948590692300  0.00037064680891722  0.00039071875043922  0.00041433019797295
  0.00044527424252420  0.00047803956000120  0.00051274083129212  0.00056147924975200
  0.00061478739713331  0.00067264880831615  0.00073162438517018  0.00080966175609689
  0.00089763073266765  0.00099139566363134  0.00111475437015388  0.00123701018043260
  0.00145585547546131  0.00170799313844974  0.00203377492809752  0.00242175366568272
  0.00286107489509078  0.00338916896345722  0.00389713148148288  0.00441275162300760
  0.00496708327407937  0.00557137434156455  0.00628744175765505  0.00714431071702737
  0.00759843498197095  0.00832568463518284  0.04455972037114588  1.00000000000000000
 -0.00256195866394604  0.01123638794168635  0.02317735656884943  0.03426802797945270
  0.04293592035035239  0.05396214366879051  0.06610495888923078  0.07741386443906929
  0.08826096124459454  0.09908770927297023  0.10975033782413889  0.12111686025493623
  0.13135225251286631  0.14168517064117042  0.15319018817271643  0.16565439670561391
  0.17923832729713740  0.19351348448481845  0.20764568724473759  0.22155175493738521
  0.23369595377859215  0.24430319627096803  0.25640200095280835  0.26941123877591489
  0.28250353372463471  0.29570659984616815  0.30972144462276480  0.32482738055085414
  0.34007340703282035  0.35434073049251136  0.36654933294586989  0.37606276281560286
  0.38512297898218356  0.39398225880706195  0.40286569893102747  0.41040130424796678
  0.41954467296723930  0.43078687543362432  0.44292130143529884  0.45634140437645004
  0.46956423580370804  0.48150852660425875  0.49252794260984795  0.50414474738837789
  0.51820069014082837  0.52811388031576345  0.53675006200550912  0.54576435717522354
  0.55601295755427693  0.56742985096884946  0.58033213235257997  0.58870973237581126
  0.59607530071074732  0.60298163773969615  0.61090480227216704  0.62436961765349774
  0.63529528440974958  0.64419071265922656  0.65530645519326414  0.66691642106761795
  0.67668054500104646  0.68608376618197187  0.69519238182430398  0.70368086127256813
  0.71046009857284176  0.71678096705820604  0.72367145240656472  0.73245673183365356
  0.74373816687425798  0.75585779907618078  0.76817575814308281  0.78248368376639155
  0.79650534652340066  0.80931363706076820  0.82067291459254665  0.82978171257272171
  0.83623968774222768  0.84365595356355283  0.85047246329940018  0.85660830518146713
  0.86167401507181407  0.86725843933646418  0.87474129447956772  0.88223293373909550
  0.88901179840393763  0.89451892430232327  0.89942504443714788  0.90753846092337354
  0.91813381326676546  0.92932734342191203  0.94168347121596663  0.95519876902340284
  0.96825444515800174  0.98050730582328249  0.99135082683197639  1.00000000000000000
 -0.00190498074695466  0.00684159372174362  0.01659634097036683  0.02643917799038749
  0.03706742912859108  0.04937897360281401  0.06208912509382432  0.07235613686870362
  0.08104565280960407  0.09017102723554031  0.09999528816858833  0.11016185862273382
  0.11880802457629923  0.12638469951145270  0.13440016614854253  0.14498609134484547
  0.15608112789687645  0.16617735554998558  0.17510125650633632  0.18521322699670495
  0.19708554974761161  0.20875434773138613  0.22028613628121646  0.23276909950470365
  0.24612826745321725  0.26124788618743905  0.27601146749843375  0.29147299889624462
  0.30432220034621360  0.31637449542532159  0.32893349452449627  0.34133852551682670
  0.35173930011423127  0.36118192542631011  0.37098257677716290  0.38271606992594842
  0.39568376386360032  0.40592137041966070  0.41361001862550206  0.42223966143995129
  0.43157175123899283  0.44231024086497311  0.45258535832111979  0.46284607358515695
  0.47465430339167963  0.48635831648034039  0.49555192738801890  0.50504085642796959
  0.51403972270447751  0.52130451161042501  0.52968348899989393  0.53977599511162511
  0.55077226888527719  0.56318017230557849  0.57651027739623506  0.58797148304008873
  0.59645638722897942  0.60486396577845991  0.61574838138639487  0.62682767545880969
  0.63701032830158932  0.64696795114951755  0.65951751751849341  0.67325327500822585
  0.68616828227132365  0.69760213592847087  0.70705665986870869  0.71457318964945482
  0.72289705354270617  0.73360623972251493  0.74586392279202940  0.75594789241178739
  0.76478163996458126  0.77533394939299460  0.78488095656330414  0.79450552550012576
  0.80748594154963094  0.82065627414957931  0.83016921845618463  0.83896434642732509
  0.84679213472533410  0.85503282954500959  0.86303211275232194  0.87206526163941589
  0.88352823362089983  0.89542147884997070  0.90486900805547610  0.91383625707314775
  0.92273851334219004  0.93132557308680319  0.93933183085059224  0.94967726952849896
  0.96219971311147634  0.97806531074160319  0.98800249417135289  1.00000000000000000
 -0.00573726394905514  0.02121930335261029  0.03190834275689574  0.04224930562663315
  0.05126636942422969  0.06077254190622113  0.07220403282597963  0.08502232705781219
  0.09805198422777765  0.11201775953874452  0.12470946666820711  0.13557055670003706
  0.14676232501495962  0.15826621125113283  0.16898718928705972  0.17838904403983552
  0.18800103316777181  0.19843102655664402  0.20848060692704035  0.21822386496480950
  0.22817632422973633  0.23891991913028088  0.25064372530949114  0.26294155471672059
  0.27462792625542881  0.28536609010784758  0.29280564698381889  0.30056270586204487
  0.31214460281839951  0.32301396823157530  0.33277080713984941  0.34055594246257381
  0.34612061153920143  0.35197170317266863  0.35825198843877126  0.36735967145749454
  0.37691973432216253  0.38492418019900121  0.39133969204829949  0.39764591940922328
  0.40616909944391588  0.41493928440702599  0.42441964921146019  0.43152139407155138
  0.43765146781128106  0.44399777383381178  0.45123909155833525  0.46277752929038340
  0.47691990463817879  0.49036550258370543  0.50232298027894884  0.51316215676549859
  0.52360989673774383  0.53365494984860240  0.54330670251792712  0.55290793883400291
  0.56165076103874856  0.56987197217688501  0.57819096732226383  0.58543599232902488
  0.59308405454104007  0.60114057988854308  0.60922419119480542  0.61867477860599529
  0.63123135847712830  0.64437903944429575  0.65552493850617610  0.66592135042264433
  0.67543927202458653  0.68424465068992957  0.69378426373327284  0.70501709813821578
  0.71852937511256121  0.72982378304082529  0.74080048493934814  0.75224688689387120
  0.76239386224511674  0.77112715809716503  0.78157804386580676  0.79222759594528136
  0.80373903289155768  0.81542767723130993  0.82896871897843993  0.84319471987976080
  0.85635886873470479  0.86517241779550647  0.87313802167848309  0.88118038103102836
  0.89151127655078588  0.90214069690749854  0.91134491859768696  0.92160098448777616
  0.93492501898973746  0.94940664373426298  0.96762497772689415  1.00000000000000000
 -0.00354871918268286  0.01532503380644413  0.02975134967381938  0.04169829134501764
  0.05240820167374486  0.06173883915592642  0.06934886891387347  0.07537530362166320
  0.08063389601408161  0.08572275675556468  0.09265623210797036  0.10055433607330588
  0.10790793223006685  0.11615101627602836  0.12427649063851805  0.13365673164769026
  0.14537222063814467  0.15204075999423819  0.15626417534270820  0.16072143199276651
  0.16825470415043600  0.17949452722484405  0.19173687105633164  0.20406434760284325
  0.21686427238986999  0.23127090023844565  0.24578795825473573  0.25948566469111689
  0.27135140606464858  0.28289752080753855  0.29472201785859514  0.30522429423705133
  0.31653495731631554  0.33034828132661465  0.34641498985657182  0.36155246697859150
  0.37289645176628816  0.38176743457106144  0.39040506608676717  0.39926283703247528
  0.41065306080767899  0.42083081742147482  0.42852140093115815  0.43654353567225074
  0.44428728034434495  0.45280337775481028  0.46380628745017860  0.47701010207532946
  0.49046471945886910  0.50167613574358749  0.51201237653132836  0.52346035259397983
  0.53547082545608871  0.54779726218720415  0.55978516914733834  0.57092482216301688
  0.58276620247220146  0.59597350190114795  0.61095399343857670  0.62511569740763995
  0.63727165032360955  0.64829219923260406  0.65847396441311690  0.66861777445756232
  0.67695035497795697  0.68655788442976073  0.69585605454549593  0.70529685257854180
  0.71586945344294783  0.72749082094634754  0.73725366805017079  0.74560557904518188
  0.75262277889059048  0.76022194796065157  0.76778005691913176  0.77561164965340468
  0.78520492459985303  0.79679337378859039  0.80867625822993061  0.82070764554343700
  0.83281153641137617  0.84549927946040937  0.85586436428089652  0.86484954047221552
  0.87469148250696749  0.88491358683355814  0.89532855835393987  0.90599632954865261
  0.91675222618860674  0.92730662934577857  0.93694397278182595  0.94803864003236549
  0.96049865158831271  0.97467260089616159  0.98611947716653858  1.00000000000000000
 -0.00410075852067855  0.01743073147794389  0.02903021496981831  0.03978753543547747
  0.04972612626411889  0.06077484872487357  0.07006806807918876  0.07701707033329196
  0.08566725899659708  0.09782634586713919  0.11171671346637314  0.12451806715095244
  0.13485004536066825  0.14596290709389570  0.15678668997923234  0.17165915131306592
  0.18789849016702420  0.20175363401884067  0.21325083701277653  0.22395825532873900
  0.23453513477465604  0.24571737607343178  0.25662949109168459  0.26430704919605480
  0.27092947647667209  0.28008405686012033  0.29026199154226934  0.29908088976140906
  0.30722664579166886  0.31550698782537978  0.32457803909505006  0.33316126910893118
  0.34189037014533319  0.35025550914225073  0.35915596455017007  0.36877023415074750
  0.37771806572060629  0.38584834105716587  0.39349487296132640  0.40037138059785987
  0.40643712912752483  0.41702580717070564  0.42751311000461478  0.43553699328931111
  0.44355627796271335  0.45342259880951297  0.46462000022864824  0.47528907790142394
  0.48421696744463139  0.49082957567354091  0.49710177890631058  0.50327075516436726
  0.50986599906719232  0.51872093763440374  0.52822961348920372  0.53847625664468968
  0.54982184862725780  0.56274076608815138  0.57821802501762853  0.59674644970380619
  0.60756599000575773  0.61728395430137750  0.62646754458497156  0.63513784113500638
  0.64345984878534501  0.65253146629452852  0.66122963391659373  0.67021072516848901
  0.67955562972248529  0.68930792097251559  0.69964090843056947  0.71068025191975015
  0.72118701847468691  0.72993464130125463  0.73530248972490242  0.74371616676348207
  0.75377494422546343  0.76143703747186897  0.76764225157288246  0.77725935402610946
  0.79061631411710975  0.80499841742857914  0.81845457381401820  0.83097791015999156
  0.84405265847433442  0.85566305244507390  0.86759298843103216  0.87689925502467236
  0.88492914655229149  0.89432414825674422  0.90568321978539756  0.91916538375030343
  0.93483969488597229  0.95263455893555693  0.97539401988339203  1.00000000000000000
 -0.00452939892004478  0.01664764557084704  0.03015137266074937  0.04131350151884645
  0.05363620236203528  0.06651646583554321  0.07912890033060729  0.09196121757725191
  0.10560905870748975  0.11726635174800649  0.12712397301311765  0.13613381801905713
  0.14548686558506846  0.15586874129460437  0.16607868149843852  0.17601773808684393
  0.18547997367821936  0.19339512687952773  0.19980612113213450  0.20799513243331713
  0.21918751865310190  0.23069225843822616  0.24090961788742238  0.25045013985977577
  0.26150611745449026  0.27260296175474846  0.28340475270836180  0.29449786507027409
  0.30602089198735583  0.31652487879925872  0.32499241457765776  0.33729734694542363
  0.34940717011896993  0.36009535055181874  0.37000085727028831  0.37909676898937233
  0.39072294878925246  0.40196529155080274  0.41134640756942753  0.41931537345341985
  0.42860873332974470  0.44006496345636004  0.45220858958194454  0.46335568214879108
  0.47224788778493132  0.47938513476675343  0.48530804532748906  0.49038473942150168
  0.49883407457971773  0.51003852134429017  0.51986442817475875  0.52739723291422902
  0.53647920726332088  0.55074995368019397  0.56511805964546447  0.57885707827992228
  0.59121035202796179  0.60182949009414777  0.61395226238163814  0.62677534051412875
  0.64150660455266384  0.65778126189473374  0.67158884756002180  0.68238315273605021
  0.69032266910748474  0.69910313757314635  0.70927232672039098  0.71881608120224827
  0.72760761466853952  0.73737807057096938  0.74655910870383402  0.75843145179297689
  0.77049463273730689  0.77957347872597793  0.78621881547688788  0.79204351341711499
  0.79843485640497303  0.80536529515083055  0.81416181902285667  0.82553664035254570
  0.84038144689709982  0.85545679327387647  0.86944078565952188  0.88357909574246363
  0.89685160144147857  0.90538335119217395  0.91189011842295153  0.91926731375093296
  0.92872679350381204  0.94041464990321322  0.95134889656711485  0.95888307585590238
  0.96639636711340082  0.97398094909033250  0.98623586005808450  1.00000000000000000
 -0.00335070706608107  0.01099766501547294  0.02439732032183994  0.03767769444770674
  0.05162130289141275  0.06736900446437877  0.07969585266445824  0.08860620190452471
  0.09551001124664778  0.10419690771349142  0.11567605062043645  0.12846817307506042
  0.14011555868698858  0.14871000748205365  0.15737749686545180  0.16517659821288003
  0.17279303580384903  0.17945541252264027  0.18494566864042802  0.19026076136704770
  0.19735955784720438  0.20608015276997010  0.21395482067119412  0.22355233480042269
  0.23469491483214838  0.24733243690805856  0.25948315885342788  0.27150376189159392
  0.28418507345984556  0.29668580468175743  0.30955599823518387  0.32147191824155164
  0.33408113985597421  0.34674359261734938  0.35907412011907758  0.37182877830302624
  0.38415447198954827  0.39552841404811684  0.40679103775165731  0.41917917130020721
  0.43370066549586950  0.44801131829919161  0.45968364637987463  0.46761996871965333
  0.47453125043129474  0.48014901246645042  0.48729004206780702  0.49406921731458847
  0.50053047661337824  0.50660120014517518  0.51167119117871829  0.51753401022177192
  0.52490817557487734  0.53403034920089254  0.54265179392167706  0.55716689118938223
  0.57017669027354356  0.57998067012263654  0.58768779493901613  0.59554802301902798
  0.60470064613571828  0.61601657233745699  0.63078232509030085  0.64459706813116102
  0.65737949384516425  0.67029911356765326  0.68151208512340100  0.69124553894891982
  0.70225762192846508  0.71634746252849935  0.73147339485203078  0.74419670223345191
  0.75467271822475601  0.76532809083599784  0.77581619262143264  0.78777253231557987
  0.79852570094334119  0.80893737476781025  0.82126099542442565  0.83501192358442500
  0.84726615397515437  0.85668933360576560  0.86468286625361601  0.87361248285876769
  0.88195370671254458  0.89261442685760739  0.90427073021547977  0.91573381401544596
  0.92653553750870232  0.93857878698042307  0.94946837727367861  0.96007849614026752
  0.97061770566262129  0.98066215764446918  0.99075326177507816  1.00000000000000000
  0.00004517007852348  0.00221505555551133  0.00393520746111936  0.00533840318577000
  0.00659637343701306  0.00782538955662454  0.00898780020051782  0.00998218759656617
  0.01084713629184397  0.01168292399893874  0.01247123833839148  0.01327160393166895
  0.01411257089548699  0.01496579027063553  0.01586681221740963  0.01674629779930613
  0.01762274325074341  0.01847052871630166  0.01929298637473494  0.02011823869246266
  0.02110079995440242  0.02214123726827453  0.02313004744760373  0.02409810619488698
  0.02494712678399447  0.02572937944931255  0.02647227996994369  0.02718940839354528
  0.02781373750469296  0.02838089124234319  0.02911103087072878  0.02996289509857919
  0.03085140439815839  0.03169232778897508  0.03239555395049701  0.03311509769134709
  0.03396268842802266  0.03499886868572746  0.03603700849822845  0.03726294634909926
  0.03824784269045504  0.03913756178227317  0.04000664786030136  0.04058294527736381
  0.04142256211228199  0.04228330066771585  0.04310575841153077  0.04401987899062634
  0.04517185627487445  0.04643667741302415  0.04765162931517393  0.04856049992494767
  0.04967474266376817  0.05073295942575938  0.05175786368916652  0.05294328892770003
  0.05376426341699757  0.05448986003724000  0.05514947071926166  0.05590620274508083
  0.05671445381001305  0.05767061477878703  0.05883159577002794  0.05954484800752329
  0.06027705428130097  0.06104062407411067  0.06193255941513050  0.06327279170517909
  0.06485566308371093  0.06663878204277203  0.06867578756334039  0.07100879847715423
  0.07321403950615527  0.07448685074720617  0.07546431693471678  0.07660835806516469
  0.07814281486861560  0.07923758646160002  0.08021388448987611  0.08126052073019029
  0.08200150582164652  0.08283595615367124  0.08415587380849596  0.08663725189990237
  0.09284070735653602  0.10158122965296801  0.11328860710756400  0.12545265490069082
  0.13790365084146977  0.15125507972776567  0.16517049824762339  0.17664170709946680
  0.24861170034626756  0.36394314689812218  0.63600013861756743  1.00000000000000000
 -0.00348910501502434  0.01115038933274940  0.02312203695809996  0.03552527985001427
  0.05006077039574951  0.06554285120868412  0.07607528303545662  0.08568335632982364
  0.09466039762621230  0.10430681400976002  0.11624025465110949  0.13089360285638732
  0.14644066255506610  0.15850048397340960  0.17073520276773663  0.17878539557973733
  0.18829563558321991  0.19938487798931398  0.21133506163260088  0.22388427707311809
  0.23728007942760687  0.24915337909718624  0.25964549060415776  0.27105485826603576
  0.28090904201719225  0.29031140135388800  0.29912680296481858  0.30605558939264643
  0.31336274822232874  0.32136759365087225  0.32951955732583371  0.33690538060157793
  0.34472913069574967  0.35939975154493964  0.36984772796008725  0.37918169202103269
  0.39072473082117437  0.39896788755288859  0.40666594452692373  0.41495595348477143
  0.42452499245365727  0.43517974406141141  0.44780608690473211  0.45879093586972186
  0.46748690169532064  0.47613996186056157  0.48576925886566025  0.49608000313860146
  0.50551295307200639  0.51286677239437983  0.52147943270219399  0.53298153998367692
  0.54621821113124780  0.55836993846946414  0.56910642427914571  0.57862466712405214
  0.58775026826958265  0.59759423447449822  0.60838700924435751  0.62138053591330378
  0.63385846316019567  0.64133152103954250  0.64646170924061519  0.65288206017265060
  0.66068369515665804  0.67205050993461068  0.68435637818450090  0.69582130222364380
  0.70700294301520394  0.72016298625167452  0.73411538658972486  0.74874994101363912
  0.76327671813142950  0.77518241880672722  0.78581557582395689  0.79467947684174656
  0.80202445091493990  0.80862551941629390  0.81705785840007672  0.82601069306830099
  0.83437741337499627  0.84328274140464132  0.85266118581121420  0.86308257637768027
  0.87471005878550978  0.88722945496656358  0.90024737461253923  0.91130283796707690
  0.92132632330042885  0.93148258633663339  0.94154822054921294  0.95207577142863875
  0.96296846734515484  0.97400838689297076  0.98518748547037738  1.00000000000000000
  0.00032122722036770  0.00056996941665039  0.00101528865724163  0.00136488841874353
  0.00167454158161790  0.00197388641237403  0.00228754108883530  0.00268113141809734
  0.00307519450988742  0.00346880913534972  0.00386746687952664  0.00430307191381696
  0.00473041711064687  0.00516410192118322  0.00560327352888076  0.00603209046852857
  0.00646921801706778  0.00689932854886816  0.00741475988267373  0.00797523244994167
  0.00857386094552485  0.00922362004635964  0.00996773552966536  0.01057791376841286
  0.01119123065982609  0.01181620573344096  0.01247080546899818  0.01319856388636430
  0.01404773225938219  0.01486845839646953  0.01570717821946254  0.01656118600216124
  0.01740536821097718  0.01835088117752737  0.01928613685642010  0.02057518025307825
  0.02155276618568985  0.02231242911859525  0.02312371783818047  0.02411267800972393
  0.02534279074520084  0.02604862960969506  0.02671928283441789  0.02732698663574065
  0.02796943560870709  0.02841763302402889  0.02871929666428791  0.02907675730382096
  0.02953949635530420  0.02998618339586240  0.03032819368328742  0.03079021158248500
  0.03151527996106325  0.03222527258189827  0.03284462392464164  0.03331169032948035
  0.03368701245553744  0.03426320771819163  0.03531563437722938  0.03598263448299593
  0.03680280867883915  0.03748451870508043  0.03804514694962098  0.03851287597573328
  0.03900161097917454  0.03935146763758479  0.03970486347295422  0.04025452950397380
  0.04095478666961116  0.04173745289521456  0.04321996824233455  0.04383237644154087
  0.04414873583064920  0.04467340474861955  0.04523568047470872  0.04577758321999789
  0.04636908856155762  0.04708590347398894  0.04777902112591974  0.04828071685248474
  0.04878241257904974  0.05011872871887584  0.05110607974766385  0.05211295690237168
  0.05345457478314267  0.05550578020337998  0.05716247968074471  0.05769758027201426
  0.05821122201801890  0.05870007513596254  0.05917874578169582  0.06032384666860841
  0.06216474140670562  0.06406062751227624  0.38553111631701503  1.00000000000000000
 -0.00210160869575570  0.01057239061015636  0.02615681252611014  0.04494845974824847
  0.05668797916539763  0.06352898458725832  0.07097889532789833  0.08193355054171464
  0.09640869496165248  0.10765092462257923  0.11630136581753184  0.12619002629034090
  0.13769066255661613  0.15164651650880798  0.16482402359379297  0.17601630841159649
  0.18655842585915069  0.19735178638637177  0.20827951972724684  0.21916696751299242
  0.23045597690978062  0.24140201713139306  0.25157334577810958  0.26158344952879442
  0.27255065892714053  0.28443387952951382  0.29854799515809344  0.30939552333211690
  0.32131285529540887  0.33181122905548421  0.34179988407241713  0.35394863619247402
  0.36647191698379111  0.37840374961821477  0.38760497626532930  0.39546043809478787
  0.40372357657652352  0.41187716773657379  0.41842143747740995  0.42436789881290488
  0.43204426655598605  0.44108340743467861  0.45007239916300051  0.45882978513326583
  0.46796234489278060  0.47654903669883608  0.48452724258180052  0.49162461929054435
  0.49783464199321303  0.50424671261280007  0.51114185236500043  0.52011849330413151
  0.52840431403266941  0.53619664227833952  0.54334036174653244  0.54981551445735177
  0.55565901540523976  0.56097896269969116  0.56626070476702151  0.57202717652507507
  0.57848304190170008  0.58659527691970104  0.59515951572068737  0.60412787044573857
  0.61365316131466840  0.62295937279824820  0.63243528628630630  0.64272752116498211
  0.65297537330405486  0.66277837258464833  0.67223831056646433  0.67943630030559543
  0.68650747850084204  0.69367180367333303  0.70388054091488195  0.71637147814019009
  0.72833455537331215  0.73828247689612869  0.74732776708510051  0.75660337206031303
  0.76764593492046751  0.78118469946633928  0.79201857259874731  0.80173442196599409
  0.81099255219561583  0.82062413173465520  0.83129955328085381  0.84581766371363021
  0.86289627734916396  0.88000672681275038  0.89649401430732589  0.91276953727925314
  0.93250568909207876  0.95442243549924399  0.97475560523888294  1.00000000000000000
  0.00008623444050580  0.00012367826023314  0.00017472648989125  0.00021978691110051
  0.00025762830424296  0.00029170247130329  0.00032517186888839  0.00035806791216514
  0.00039119408796491  0.00042477300714476  0.00046006138642232  0.00049712496892600
  0.00053505593584602  0.00057343436713901  0.00061047949243280  0.00064994458598603
  0.00069116393259806  0.00073373045309682  0.00077900272472036  0.00082087587111824
  0.00086205258934035  0.00090753427678135  0.00095852552506027  0.00101195439712497
  0.00107107696280456  0.00114377556163328  0.00122903665108451  0.00132615752035219
  0.00141139116137999  0.00148791227550383  0.00156705032430155  0.00165092533946087
  0.00174634299414307  0.00185612887690647  0.00197169741975982  0.00207129602473805
  0.00215387997484451  0.00223445352625092  0.00233869673063093  0.00244314301922783
  0.00251572004872188  0.00261468738166151  0.00273174314701318  0.00286888784919266
  0.00300559151033886  0.00315045024070090  0.00333907409334070  0.00356410787251418
  0.00380675549992616  0.00403223760078771  0.00425714443104243  0.00454295200374235
  0.00474782556563860  0.00499835916307339  0.00524664359294323  0.00554033321527654
  0.00597016017410935  0.00641125584157649  0.00673598119954688  0.00708881714751385
  0.00755523242521916  0.00799650857847249  0.00854398419553530  0.00919299121683107
  0.00979049018313725  0.01039619681725421  0.01103408263767330  0.01143654289779329
  0.01185263075640715  0.01237489006185755  0.01316659613172425  0.01401326213826326
  0.01454454312416041  0.01503397886236587  0.01554672627838183  0.01641659605854722
  0.01710396108685498  0.01746458417292502  0.01779348314470159  0.01839836792429935
  0.01951237098475348  0.02155598295768443  0.02325982799978423  0.02477073397389009
  0.02593496332113260  0.02695505159089142  0.02739122600912829  0.02769537028581425
  0.02799951456250022  0.02830365883918618  0.03418194937322833  0.04264924595002088
  0.05111654252681343  0.05958383910360598  0.06854615881146096  1.00000000000000000
 -0.00145301275928448  0.00724867501865449  0.01601598495694521  0.02562887169765808
  0.03424404840828356  0.04222428175744071  0.05123159232451061  0.05870268727691297
  0.06677754957826833  0.07408893799834539  0.08192239187057501  0.09191265456593445
  0.10211928566333392  0.11189185099907095  0.12253651120575902  0.13478864981703331
  0.14762295206000545  0.15910426640736980  0.16687861693905151  0.17327933480614419
  0.18017427577171025  0.18741214337530612  0.19492953265995441  0.20290716943554782
  0.21431466237210844  0.22874160062269216  0.24095818119362183  0.25055423287524048
  0.26075299460668744  0.27294460889810634  0.28765785237660607  0.29966375338717827
  0.31091844529567308  0.31872518628794705  0.32748039465652024  0.33985696682443334
  0.35248323248556557  0.36410735492700635  0.37548797513695670  0.38922758223596399
  0.40344817188654925  0.41487762597130506  0.42339358648089298  0.43155182699063760
  0.43961842846747673  0.44741445694658855  0.45624888217462828  0.46830295990370685
  0.48493924895262902  0.50392150637400701  0.52071514704030075  0.53330309644135809
  0.54526527848044071  0.55725847367795900  0.56883242672807832  0.58000012676270274
  0.59138479614664174  0.60473705816184820  0.61623034768667728  0.62878904463982499
  0.64427928629280051  0.65688648359554369  0.66674411852358961  0.67604359554979465
  0.68570966419185331  0.69727549480249207  0.71046298682142772  0.72380694083449582
  0.73676691067212152  0.75159590443637636  0.76773354378814829  0.78187221431763743
  0.79425395224591566  0.80530878604563094  0.81479620100749195  0.82453257822157500
  0.83353665565892543  0.84203531302593704  0.85300186617309681  0.86463733612465943
  0.87627812336782651  0.88765778935745032  0.89818410878663957  0.90833981711665912
  0.91754112224724305  0.92650623953207756  0.93556088231024226  0.94414124616111395
  0.95450234877592577  0.96389601532218283  0.97123775911014909  0.97713582595571813
  0.98241134667283947  0.98777835554896654  0.99373579365723774  1.00000000000000000
  0.56479734268153259  0.86554486341065195  0.90354899975048775  0.91941696690698760
  0.93132739393287989  0.93781398060749332  0.94142595633461634  0.94553798388984800
  0.94974444066332586  0.95316414462066101  0.95600010513388056  0.95886321202315483
  0.96160960243598415  0.96339626521363408  0.96456714259807885  0.96531272568320847
  0.96621351453998383  0.96724822721516157  0.96829008674456851  0.96980067285233185
  0.97124287926105946  0.97284343396426642  0.97437049308763790  0.97551595785771772
  0.97636279790597591  0.97719433420613877  0.97799591848988598  0.97873331046385703
  0.97945907889033168  0.98030437459866793  0.98122744133746309  0.98211776657103722
  0.98282931148146169  0.98341142657725111  0.98395160954162919  0.98450786964831272
  0.98512507009643435  0.98577820819461182  0.98627173018851566  0.98659952212274615
  0.98690065722766995  0.98731130011489954  0.98774256003092720  0.98812526818854529
  0.98838578008099476  0.98869448884068034  0.98906364967732407  0.98946491728869224
  0.98984874516042076  0.99018439564014338  0.99045954694081373  0.99071891205319940
  0.99095928421584523  0.99124077905375418  0.99151205437833745  0.99177064251305069
  0.99204438771270631  0.99231644081667747  0.99258122962960726  0.99284749628529156
  0.99311325093399871  0.99337009767949380  0.99363159240790144  0.99389006119105894
  0.99412997788783242  0.99434692852628248  0.99453443040634038  0.99469591449848926
  0.99485511809939253  0.99500050538666152  0.99518092858280949  0.99536615225702707
  0.99554939449299584  0.99574056865888472  0.99594324891847918  0.99616340347441557
  0.99637510890273762  0.99658426649860510  0.99678224909827473  0.99696319554450707
  0.99712636357085216  0.99728344272109748  0.99743267066182451  0.99756793939230093
  0.99768488456248450  0.99782372766732075  0.99797314971420981  0.99813412469893925
  0.99829541602853600  0.99843458344729819  0.99853600382569863  0.99862053135687634
  0.99870416061927547  0.99881943020797004  0.99923729118030169  1.00000000000000000
 -0.02808849421931380  0.12399896348845826  0.16336776449351592  0.19242173829361761
  0.21075265458743980  0.22443171537269216  0.23739575645126323  0.24778045000433124
  0.25886666194214814  0.27158830103981618  0.28222998853282161  0.29169009003480612
  0.29928693911482007  0.30690799137966734  0.31587365058318378  0.32398379461838128
  0.33054669570150103  0.33692340749940825  0.34394989075395260  0.35070393984838166
  0.35751867437852203  0.36521555388979549  0.37322221468907896  0.38129461332829256
  0.39020980213858569  0.39911032972174276  0.40759036088953027  0.41536059619251559
  0.42326011970031352  0.43155707028723461  0.43987425263889396  0.44780657127849183
  0.45499474610536422  0.46058482563834613  0.46496345966584396  0.46909885013337138
  0.47349711743439010  0.47762597407993079  0.48149964526283096  0.48522884828735974
  0.48868441038533272  0.49156824979105085  0.49573626459009679  0.50151352712945585
  0.50672395251705860  0.51181873311696613  0.51630441570658314  0.51974153693500924
  0.52279224628035359  0.52745921633094051  0.53197299178069424  0.53621530183856048
  0.54031086086243629  0.54481328721674549  0.55005406774833165  0.55530186972165063
  0.56089976288054122  0.56633490695646616  0.57179797757420470  0.57669087738470048
  0.58252823601323567  0.58804661273546688  0.59418280218158592  0.59993290838064717
  0.60491755003128744  0.60935511927655051  0.61353104271372527  0.61788239019725555
  0.62272620501210096  0.62778017876911085  0.63331063553392730  0.63868493100856827
  0.64439178460916469  0.65019746996383010  0.65742403465668497  0.66594662932878312
  0.67605050604110783  0.68672598775387672  0.69732035399938319  0.70756985291766794
  0.71704285123276501  0.72567200042509483  0.73300416590097894  0.73967558084287255
  0.74691879692090768  0.75498824290391797  0.76342117322550807  0.77231912737292063
  0.78035957483693730  0.78955933972579484  0.79820155501835699  0.81231102429026736
  0.82755274109315147  0.84696456212298088  0.87692579651548563  1.00000000000000000
   5.4715736094362199E-012  -1.0000000000000000     
 F F F F F F F F F F F F F F F F F F F F F F F F F F F F F F F F F F F F F F F F F F F F F F F F F F F F F F F F F F F F F F F F F F F F F F F F F F F F F F F F F F F F F F F F F F F F F F F F F F F F F F F F F F F F F F F F F F F F F F F F F F F F F F F F F F F F F F F F F F F F F F F F F F F F F F F F F F F F F F F F F F F F F F F F F F F F F F F F F F F F F F F F F F F F F F F F F F F F F F F F F F F F F F F F F F F F F F F F F F F F F F F F F F F F F F F F F F F F F F F F F F F F F F F F F F F F F F F F F F F F F F F F F F F F F F F F F F F F F F F F F F F F F F F F F F F F F F F F F F F F F F F F F F F F F F F F F F F F F F F F F F F F F F F F F F F F F F F F F F F F F F F F F F F F F F F F F F F F F F F F F F F F F F F F F F F F F F F F F F F F F F F F F F F F F F F F F F F F F F F F F F F F F F F F F F F F F F F F F F F F F F F F F F F F F F F F F F F F F F F F F F F F F F F F F F F F F F F F F F F F F F F F F F F F F F F F F F F F F F F F F F F F F F F F F F F F F F F F F F F F F F F F F F F F F F F F F F F F F F F F F F F F F F F F F F F F F F F F F F F F F F F F F F F F F F F F F F F F F F F F F F F F F F F F F F F F F F F F F F F F F F F F F F F F F F F F F F F F F F F F F F F F F F F F F F F F F F F F F F F F F F F F F F F F F F F F F F F F F F F F F F F F F F F F F F F F F F F F F F F F F F F F F F F F F F F F F F F F F F F F F F F F F F F F F F F F F F F F F F F F F F F F F F F F F F F F F F F F F F F F F F F F F F F F F F F F F F F F F F F F F F F F F F F F F F F F F F F F F F F F F F F F F F F F F F F F F F F F F F F F F F F F F F F F F F F F F F F F F F F F F F F F F F F F F F F F F F F F F F F F F F F F F F F F F F F F F F F F F F F F F F F F F F F F F F F F F F F F F F F F F F F F F F F F F F F F F F F F F F F F F F F F F F F F F F F F F F F F F F F F F F F F F F F F F F F F F F F F F F F F F F F F F F F F F F F F F F F F F F F F F F F F F F F F F F F F F F F F F F F F F F F F F F F F F F F F F F F F F F F F F F F F F F F F F F F F F F F F F F F F F F F F F F F F F F F F F F F F F F F F F F F F F F F F F F F F F F F F F F F F F F F F F F F F F F F F F F F F F F F F F F F F F F F F F F F F F F F F F F F F F F F F F F F F F F F F F F F F F F F F F F F F F F F F F F F F F F F F F F F F F F F F F F F F F F F F F F F F F F F F F F F F F F F F F F F F F F F F F F F F F F F F F F F F F F F F F F F F F F F F F F F F F F F F F F F F F F F F F F F F F F F F F F F F F F F F F F F F F F F F F F F F F F F F F F F F F F F F F F F F F F F F F F F F F F F F F F F F F F F F F F F F F F F F F F F F F F F F F F F F F F F F F F F F F F F F F F F F F F F F F F F F F F F F F F F F F F F F F F F F F F F F F F F F F F F F F F F F F F F F F F F F F F F F F F F F F F F F F F F F F F F F F F F F F F F F F F F F F F F F F F F F F F F F F F F F F F F F F F F F F F F F F F F F F F F F F F F F F F F F F F F F F F F F F F F F F F F F F F F F F F F F F F F F F F F F F F F F F F F F F F F F F F F F F F F F F F F F F F F F F F F F F F F F F F F F F F F F F F F F F F F F F F F F F F F F F F F F F F F F F F F F F F F F F F F F F F F F F F F F F F F F F F F F F F F F F F F F F F F F F F F F F F F F F F F F F F F F F F F F F F F F F F F F F F F F F F F F F F F F F F F F F F F F F F F F F F F F F F F F F F F F F F F F F F F F F F F F F F F F F F F F F F F F F F F F F F F F F F F F F F F F F F F F F F F F F F F F F F F F F F F F F F F F F F F F F F F F F F F F F F F F F F F F F F F F F F F F F F F F F F F F F F F F F F F F F F F F F F F F F F F F F F F F F F F F F F F F F F F F F F F F F F F F F F F F F F F F F F F F F F F F F F F F F F F F F F F F F F F F F F F F F F F F F F F F F F F F F F F F F F F F F F F F F F F F F F F F F F F F F F F F F F F F F F F F F F F F F F F F F F F F F F F F F F F F F F F F F F F F F F F F F F F F F F F F F F F F F F F F F F F F F F F F F F F F F F F F F F F F F F F F F F F F F F F F F F F F F F F F F F F F F F F F F F F F F F F F F F F F F F F F F F F F F F F F F F F F F F F F F F F F F F F F F F F F F F F F F F F F F F F F F F F F F F F F F F F F F F F F F F F F F F F F F F F F F F F F F F F F F F F F F F F F
  <DiscreteSampler_grid>
  grouped_processes
  1 # 1 for a reference and 2 for a running grid.
  10 # Attribute 'min_bin_probing_points' of the grid.
  1 # Attribute 'grid_mode' of the grid. 1=='default',2=='initialization'
  0.0000000000000000 # Attribute 'small_contrib_threshold' of the grid.
  0.5000000000000000 # Attribute 'damping_power' of the grid.
 # binID   n_entries weight   weight_sqr   abs_weight
    49   10   9.326751888415508E-008   5.960929293265450E-014   9.326751888415508E-008
    52   10   1.865350377683102E-007   2.384371717306180E-013   1.865350377683102E-007
    55   10   1.852087430679040E-007   2.353852027960559E-013   1.852087430679040E-007
    56   10   1.852087430679047E-007   2.353852027960577E-013   1.852087430679047E-007
    58   10   3.704174861358081E-007   9.415408111842235E-013   3.704174861358081E-007
    59   10   3.704174861358093E-007   9.415408111842306E-013   3.704174861358093E-007
    61   10   2.354773850021685E-007   4.573587625527217E-013   2.354773850021685E-007
    62   10   2.354773850021726E-007   4.573587625527386E-013   2.354773850021726E-007
    64   10   4.709547700043371E-007   1.829435050210887E-012   4.709547700043371E-007
    65   10   4.709547700043453E-007   1.829435050210954E-012   4.709547700043453E-007
    73   10   2.388666007289517E-007   4.661370019262534E-013   2.388666007289517E-007
    74   10   2.388666007289558E-007   4.661370019262704E-013   2.388666007289558E-007
    76   10   4.777332014579034E-007   1.864548007705014E-012   4.777332014579034E-007
    77   10   4.777332014579116E-007   1.864548007705081E-012   4.777332014579116E-007
    79   10   1.111123952031599E-007   7.244694653999623E-014   1.111123952031599E-007
    82   10   2.222247904063199E-007   2.897877861599849E-013   2.222247904063199E-007
    85   10   2.211894473799751E-007   2.864491399755290E-013   2.211894473799751E-007
    86   10   2.211894473799806E-007   2.864491399755463E-013   2.211894473799806E-007
    88   10   4.423788947599502E-007   1.145796559902116E-012   4.423788947599502E-007
    89   10   4.423788947599611E-007   1.145796559902185E-012   4.423788947599611E-007
    94   10   9.326751888415488E-008   5.960929293265415E-014   9.326751888415488E-008
    97   10   1.865350377683098E-007   2.384371717306166E-013   1.865350377683098E-007
    100   10   1.852087430679036E-007   2.353852027960545E-013   1.852087430679036E-007
    101   10   1.852087430679042E-007   2.353852027960562E-013   1.852087430679042E-007
    103   10   3.704174861358073E-007   9.415408111842181E-013   3.704174861358073E-007
    104   10   3.704174861358083E-007   9.415408111842248E-013   3.704174861358083E-007
    106   10   2.354773850021690E-007   4.573587625527235E-013   2.354773850021690E-007
    107   10   2.354773850021728E-007   4.573587625527391E-013   2.354773850021728E-007
    109   10   4.709547700043380E-007   1.829435050210894E-012   4.709547700043380E-007
    110   10   4.709547700043457E-007   1.829435050210956E-012   4.709547700043457E-007
    118   10   2.388666007289521E-007   4.661370019262552E-013   2.388666007289521E-007
    119   10   2.388666007289559E-007   4.661370019262710E-013   2.388666007289559E-007
    121   10   4.777332014579043E-007   1.864548007705021E-012   4.777332014579043E-007
    122   10   4.777332014579119E-007   1.864548007705084E-012   4.777332014579119E-007
    124   10   1.111123952031598E-007   7.244694653999594E-014   1.111123952031598E-007
    127   10   2.222247904063195E-007   2.897877861599838E-013   2.222247904063195E-007
    130   10   2.211894473799746E-007   2.864491399755276E-013   2.211894473799746E-007
    131   10   2.211894473799803E-007   2.864491399755453E-013   2.211894473799803E-007
    133   10   4.423788947599493E-007   1.145796559902111E-012   4.423788947599493E-007
    134   10   4.423788947599607E-007   1.145796559902181E-012   4.423788947599607E-007
    139   10   9.326751888415512E-008   5.960929293265450E-014   9.326751888415512E-008
    142   10   1.865350377683102E-007   2.384371717306180E-013   1.865350377683102E-007
    169   10   1.111123952031594E-007   7.244694653999536E-014   1.111123952031594E-007
    172   10   2.222247904063188E-007   2.897877861599814E-013   2.222247904063188E-007
    184   10   9.326751888415490E-008   5.960929293265415E-014   9.326751888415490E-008
    187   10   1.865350377683098E-007   2.384371717306166E-013   1.865350377683098E-007
    214   10   1.111123952031592E-007   7.244694653999502E-014   1.111123952031592E-007
    217   10   2.222247904063184E-007   2.897877861599801E-013   2.222247904063184E-007
  </DiscreteSampler_grid>
