 -0.00317715189118046  0.03910726009428112  0.05389781791108592  0.05941393222128141
  0.06493004653147692  0.06992932019879410  0.07475731989283163  0.07950872119512800
  0.08410814563442479  0.08870757007372158  0.10330701598302751  0.12129905335160156
  0.14772855906795757  0.16924880280047488  0.18924187036236173  0.20944833630940854
  0.22913236144647930  0.24800961789064527  0.26501956195658688  0.28266377528625625
  0.30301029779326910  0.32254817224430143  0.34025209546127150  0.36106909837985052
  0.38043184170101557  0.39107199148535060  0.39551320614377833  0.39941938244554126
  0.40335769563055995  0.40657543486755088  0.41209568149070114  0.42112349519456649
  0.42902222613863356  0.43524618541922117  0.44135634513191685  0.44735172997019407
  0.45419979488655071  0.46326267464209947  0.47690293402025652  0.49349341699390126
  0.50748329122879254  0.51067754638813578  0.51387180154747913  0.51693909754085887
  0.51873020580610718  0.52052131407135549  0.52231242233660380  0.52413990971907154
  0.52597369769549718  0.52780748567192293  0.53447808140289199  0.54193471264874793
  0.54816825749021636  0.55409170401640240  0.56571896449910630  0.58162116081370352
  0.59387112996944813  0.60615478714230597  0.62345092277397751  0.64352017178076126
  0.65694062579258761  0.66555947537351623  0.67759690224452507  0.68848133857418181
  0.69178309027779383  0.69437512269302437  0.69744265603012057  0.70027076595052173
  0.70237168940817984  0.70683369219942249  0.71934779562575546  0.73212643760854934
  0.74164576215001599  0.74734308636924884  0.75159066372265138  0.75608620243982927
  0.76040347448002454  0.76585191484319470  0.77306226269904454  0.79065454933768753
  0.80252508900451669  0.80766574160743143  0.81777083000674877  0.83245248783801695
  0.84660911837808206  0.86087889596399358  0.88368183435744940  0.90403261940379842
  0.92234109134030784  0.93411049427350157  0.94213829766702317  0.94915623177224795
  0.95526197189835627  0.96370793828474433  0.97698576414610983  1.00000000000000000
  0.00610843020461012  0.01226266948072948  0.01828006564780997  0.02429746181489047
  0.03006000928535597  0.03473877954986831  0.03941754981438066  0.04400539167343331
  0.04768901062039321  0.05137262956735312  0.05505624851431302  0.06021638739589091
  0.06413072404596612  0.06819365514830934  0.07109380155059987  0.07487653530443693
  0.08009166462765606  0.08774559453032808  0.09468534774169431  0.09893672104594713
  0.10434427273042696  0.11840863397507516  0.13538244256901177  0.14750443350140852
  0.15659380323769170  0.16224704831185213  0.16607645524204087  0.17059412298084287
  0.17683316593038051  0.19216971294071039  0.22051467571031186  0.24945594699239781
  0.27206100306867326  0.28541698396882598  0.29551654587796855  0.30746037931477166
  0.31962023869383849  0.33162165092788665  0.34077668860640903  0.34897363468258846
  0.35766916632904555  0.36683118268815507  0.37459480678702251  0.38115421041504655
  0.38666009812136315  0.39232832277400653  0.40089448942392092  0.41580241252467326
  0.42312264857543291  0.43112827652586999  0.43700034037314051  0.44173725090508759
  0.44602247882360302  0.45188687728397486  0.46110703112084256  0.46966186607264138
  0.47933911882928304  0.49446572793127502  0.51323352147815937  0.53628857716241762
  0.56397119186212652  0.58072412024302233  0.59173265042657996  0.60117464492009076
  0.61409908651715983  0.63075449330817035  0.64609965220090593  0.65510882299770290
  0.66468491723566470  0.67108102131125746  0.67904341662897938  0.68843319313853080
  0.70718671836599400  0.72946610321996830  0.74133411201294652  0.75231512738503126
  0.76294868358434098  0.77230971864988207  0.78167075371542305  0.78939410714069225
  0.79646941941501115  0.80439397001831570  0.81914693395895954  0.83334072020925654
  0.84757976513397648  0.86174458019140387  0.87473103432335964  0.89277016849067636
  0.90503831483374564  0.91504659003814381  0.92615759512157492  0.93738768915724058
  0.94992117133883303  0.96582773483297024  0.98057084446657883  1.00000000000000000
  0.00021196897718192  0.00021351047741274  0.00021505197764356  0.00021661910774631
  0.00021840458292036  0.00022019005809442  0.00022428088471304  0.00022714363085078
  0.00022980393675431  0.00023335064723831  0.00023789525199916  0.00024263770078391
  0.00024687875156818  0.00024903951175599  0.00025037209415761  0.00025160097757692
  0.00025306482360340  0.00025502853036542  0.00025757104728864  0.00026036605840398
  0.00026341541587118  0.00026792087163524  0.00027237568673043  0.00027582216963262
  0.00027878313625872  0.00028101240670532  0.00028324842255623  0.00028588899553116
  0.00028934773862431  0.00029262247927655  0.00029469947713291  0.00029666177709251
  0.00029845261762586  0.00030027490249985  0.00030215810377055  0.00030418805347593
  0.00030579173279740  0.00030692060533092  0.00030805863964332  0.00030918045523413
  0.00031123735266395  0.00031413277961448  0.00031774213844979  0.00031970287769345
  0.00032139206969353  0.00032315209354927  0.00032535117387861  0.00032920455279075
  0.00033398161643276  0.00033988509900137  0.00034507860996498  0.00035147150566852
  0.00035740194863251  0.00036327316462325  0.00036757119469014  0.00037109587531689
  0.00037517158769179  0.00038138568317081  0.00038779116073948  0.00039259808732557
  0.00039746441401962  0.00040466421543125  0.00041371017661302  0.00041878346437342
  0.00042339786833546  0.00042800550770147  0.00043180054503926  0.00044014026337480
  0.00044904551163724  0.00045896267533539  0.00047111778304752  0.00048378761805033
  0.00049478694641856  0.00050523909987182  0.00051733014905143  0.00052803574836435
  0.00053543211720750  0.00054235940912808  0.00055792156853761  0.00060751428139160
  0.00062852844467518  0.00064832900638297  0.00066812956809075  0.00068835857601814
  0.00070860008769210  0.00072874311240040  0.00074109228551846  0.00075344145863651
  0.00076913044859291  0.00081781837413734  0.00088294743963023  0.00105858619275929
  0.00125245936628080  0.00144192753785801  0.29898406847910419  1.00000000000000000
  0.00024013811848562  0.00032479275556207  0.00034621928997159  0.00037212574539803
  0.00039498724760951  0.00041108106131679  0.00042256279129767  0.00043487501389919
  0.00044645134133857  0.00045582035230619  0.00046605256257496  0.00047743011992086
  0.00049109876901799  0.00050419226756752  0.00051769593914724  0.00053176599448061
  0.00054362000428710  0.00055714343003588  0.00057079108383631  0.00058656615210252
  0.00060455543856962  0.00062051278442604  0.00063020235510271  0.00064048945206347
  0.00065147879190490  0.00066437751243424  0.00068029269640947  0.00069382815047365
  0.00073288959807258  0.00076822500594361  0.00079767281239391  0.00082148003120666
  0.00084051765753851  0.00085459957479942  0.00087125757497825  0.00089208510866138
  0.00091540487531035  0.00094082022703724  0.00096345957329727  0.00097828406584741
  0.00099193260248169  0.00100575982026297  0.00102081759355849  0.00103358476309112
  0.00104750884666266  0.00106381668016719  0.00107649359748395  0.00108881761500335
  0.00110379638399130  0.00112445593640198  0.00114649821109389  0.00116937053961219
  0.00119500978585447  0.00123085958935622  0.00128210816501906  0.00131549047900049
  0.00134932481183333  0.00138791631173393  0.00144043956792594  0.00151385221341822
  0.00161253154065304  0.00173531850447493  0.00181997740813834  0.00187727436741994
  0.00191466037489677  0.00193551623136741  0.00194644224861555  0.00195736826586369
  0.00198128272593304  0.00200557844759549  0.00203088016528375  0.00205690640850214
  0.00208783491758747  0.00213325147929965  0.00216922000091368  0.00221635894030293
  0.00225516458429798  0.00228998271400352  0.00233173857362988  0.00236149477722807
  0.00239125098082625  0.00244049980779265  0.00251165191882116  0.00258280402984968
  0.00265216027024678  0.00271627293270110  0.00278038559515541  0.00284952987069735
  0.00303841402471231  0.00329079809392457  0.00356115171258689  0.00384361724643883
  0.00422641158708713  0.00499419016775699  0.00677503096876055  1.00000000000000000
  0.00050379544420627  0.00093068277837939  0.00118604824528915  0.00144958742968923
  0.00179256431752433  0.00200682753794755  0.00219326166090024  0.00241734963672019
  0.00264309143640229  0.00281590439976268  0.00308923030491730  0.00341763762389219
  0.00367370218120704  0.00389563137029200  0.00408752910262841  0.00428550421299423
  0.00458699749064423  0.00507632571979349  0.00553157328104611  0.00607730029913285
  0.00675611019299054  0.00744263530103062  0.00807614654656932  0.00850238181127247
  0.00876634729000126  0.00891661833905668  0.00905882935197837  0.00923799367084127
  0.00937762490259518  0.00947264331023727  0.00956457829287367  0.00963859549156234
  0.00971173627660184  0.00979231929117181  0.00989367474998045  0.01001741470367345
  0.01012373848871340  0.01023483611443006  0.01035155053630262  0.01049065767828658
  0.01070345678911222  0.01105040841763166  0.01153953357276543  0.01217742868669147
  0.01303595397434181  0.01356950989958794  0.01410306582483408  0.01478745497691657
  0.01561722148814450  0.01644698799937243  0.01687122001834242  0.01726269545503277
  0.01765417089172312  0.01804564632841348  0.01842779158560097  0.01878006162878119
  0.01913233167196141  0.01948460171514163  0.01978847233883909  0.01999710223731426
  0.02020573213578943  0.02041436203426460  0.02078292517621033  0.02140205688002033
  0.02204147980018988  0.02309812121553149  0.02376745346437883  0.02418664292182365
  0.02470709668654808  0.02496198227667522  0.02522532500928405  0.02588204446187838
  0.02717054253331155  0.02823798648073006  0.02878819511260806  0.02909141558636070
  0.02941012547538671  0.02975631424292297  0.03007966094542091  0.03045102128296336
  0.03088447489221284  0.03114884468671390  0.03141010678959051  0.03188307089172725
  0.03237992903799410  0.03301015135323671  0.03368126729350597  0.03474206041378660
  0.03622800880943101  0.03770269792343743  0.04104021129563484  0.04478002562035395
  0.04861420829092942  0.05427953714810643  0.06368236561828174  1.00000000000000000
 -0.00624975529758984  0.05623359476424400  0.08950802848974916  0.10803108482923517
  0.12306785257470096  0.13789171789364915  0.15046979524276127  0.16236558909918292
  0.17503213656697558  0.18759166956668766  0.19634268089779139  0.20280260699030883
  0.20975771614429192  0.22044208264414125  0.23474749171879061  0.25376350975355672
  0.26905633957468100  0.28714672120199108  0.30454444419111265  0.32068346464470260
  0.32674604544996455  0.32908398772885195  0.33142193000773934  0.33346369870056458
  0.33528237929166321  0.33710105988276184  0.33897956445346733  0.34093277849471915
  0.34288599253597102  0.34717622577574825  0.35261868640639998  0.35681369054265943
  0.36157060562302329  0.36763267120730508  0.37177433226846307  0.37956743866972420
  0.38932793017025080  0.39398692483805670  0.39824879217354442  0.41016875237675682
  0.42664615947233431  0.43781602656021168  0.44546253690611542  0.45278716700235122
  0.46009459877454928  0.46965025994521709  0.48261488050913132  0.50124548921056133
  0.51556487849119759  0.52675314860214362  0.53658366682889280  0.54095684299966273
  0.54533619130106592  0.54941534124367819  0.55358175654151343  0.56831515431229085
  0.59299341328991328  0.60832661431628987  0.62055940133714560  0.62759254308392542
  0.63560104569634912  0.64906058661458210  0.66081535806418723  0.67406692944491631
  0.69325618660814048  0.70807917307841217  0.72052564412717601  0.73197915129053315
  0.74269066033663977  0.75331191565793620  0.76005252889429220  0.76308597931056976
  0.76611942972684732  0.77081490320122237  0.77636811931958027  0.78192133543793829
  0.78625926175406724  0.79052370805521799  0.79696551334270971  0.80992436709603011
  0.82459243043792696  0.84692016194257003  0.87399631934880184  0.89091650266000211
  0.89860687649631976  0.90482793557044405  0.91437759493846482  0.92017234054836938
  0.92534775848257522  0.93149703298533237  0.93918653663174068  0.94542507033123058
  0.95141462281743927  0.96481740914838077  0.98154360671121699  1.00000000000000000
  0.00000690346788813  0.00002372546726998  0.00003348122873903  0.00004137638581842
  0.00004967379396480  0.00005718454339368  0.00006403244454836  0.00007067705483855
  0.00007576357360919  0.00008069836997872  0.00008620433731539  0.00009313900832402
  0.00009911404218252  0.00010518202527551  0.00011360873129390  0.00012139961884618
  0.00012858858278108  0.00013555793034566  0.00014260423887967  0.00014754435078971
  0.00015228322630696  0.00015822454584111  0.00016586085413630  0.00017510427493663
  0.00018965796450120  0.00021164278060756  0.00022733569707066  0.00024302861353377
  0.00026265830027475  0.00028326413160381  0.00030528031640892  0.00032827027302975
  0.00035604762633987  0.00039227323674160  0.00043117298408917  0.00046779039629513
  0.00050558397957286  0.00054117187939234  0.00056264457868318  0.00057870855668106
  0.00059536326491565  0.00062918964105436  0.00065401402748771  0.00067226254073209
  0.00069358376191666  0.00072539194810967  0.00074394554340564  0.00075673038858129
  0.00076951523375693  0.00078204464113003  0.00079430074049836  0.00080655683986668
  0.00081927328217201  0.00083352069620578  0.00084776811023954  0.00086201552427331
  0.00091398379090216  0.00095042222197916  0.00098841247872363  0.00105670425093093
  0.00113610163092667  0.00121267568217009  0.00129679424916914  0.00136886712591521
  0.00151036737092751  0.00167184695726423  0.00183523955465538  0.00195066705833506
  0.00202101153078560  0.00207653166661444  0.00216864582119382  0.00227213186644353
  0.00253801994075506  0.00280359094045029  0.00294713779075547  0.00304177574191607
  0.00341159001961021  0.00383738259820709  0.00410900572761003  0.00425732408124701
  0.00437614923104897  0.00452145151777669  0.00470372360346997  0.00491363981366640
  0.00508462581401792  0.00533092077610503  0.00558679728942734  0.00584451817928605
  0.00638953465629065  0.00695129365087480  0.00974339258133473  0.01238598583495036
  0.01652325271597498  0.02919682974515687  0.19124836620375213  1.00000000000000000
 -0.00901916723114761  0.03982611900076992  0.06917752636415396  0.09402061871732152
  0.11325174015664920  0.12310862314958244  0.13372753186986430  0.14184999435706405
  0.15119989179897619  0.16050366867526505  0.17597590976684102  0.20565795558793790
  0.23878455040642363  0.24856925740005695  0.25363469721128823  0.25795294771886895
  0.27481766215754377  0.29560504234778667  0.30878857807722609  0.31484244343835688
  0.32089630879948766  0.32530520907690580  0.32966467302557412  0.33398500105540108
  0.33825152218546789  0.34251804331553470  0.35167903632115755  0.36954030462802812
  0.39555410838360955  0.41771875541743064  0.43006013880754712  0.43905408697279036
  0.44830128051943380  0.45680325812134359  0.46350719883345387  0.47091272224059516
  0.47960842236045281  0.49195533700448713  0.50936819564333602  0.52848269678580584
  0.54408088591797132  0.55624633203585117  0.56303212848379891  0.56797501477958301
  0.57511020777992350  0.58568970268340736  0.59604442971487559  0.60818979417093144
  0.61718403119638443  0.62306906713620569  0.62909740054483032  0.63347243826142585
  0.63754520066184084  0.64358198919421339  0.65474611242024772  0.67307362499231072
  0.68486968118275371  0.69553035538669994  0.70444729678669149  0.71209770206638767
  0.72150530992598760  0.73902950124483890  0.75485539004827429  0.76781854535160576
  0.78051019161324775  0.79242718270436152  0.80063494755530451  0.80704853164491175
  0.81725084010238835  0.82762831316549157  0.83298528726832721  0.83702737219209666
  0.84088843413014103  0.84516354103938929  0.84911264620262095  0.85567038905005255
  0.87008376073385774  0.88052310418151092  0.89021064484465351  0.89989818550779610
  0.90803214529739895  0.91543746773369461  0.92284279016999038  0.92866365107392457
  0.93240324169919764  0.93614283232447071  0.94028921564881374  0.94582135346795670
  0.95020151478871284  0.95422433669906370  0.95876926148954766  0.96439610190843372
  0.97063356580032223  0.97726392774714754  0.98803010297789351  1.00000000000000000
 -0.00568480429911880  0.02722159977086274  0.04807342050701078  0.06297215391336532
  0.07591957429007853  0.08508948229169705  0.09303653357100328  0.10246414288073917
  0.11416444231956104  0.12486425314037311  0.13320573203340927  0.14313655207808404
  0.15014529603430674  0.15690613181787189  0.16739672860748697  0.18087757987094649
  0.19214454975752401  0.19382554514076189  0.19550654052399979  0.19936593893685767
  0.20421257449829652  0.21182956412889137  0.21852204631776531  0.22396410873174361
  0.23415881052168341  0.25138853970074249  0.26596466154762138  0.27927606910974367
  0.30447940742387347  0.33247603374287382  0.35643325512343577  0.37053084932321723
  0.37714640082951112  0.38376195233580496  0.39020850367845389  0.39437941445862096
  0.39855032523878797  0.40272123601895499  0.40635632275342920  0.40891654366195818
  0.41147676457048715  0.41403698547901613  0.41929397642588417  0.42635710486583428
  0.43492841294138945  0.44077469540923753  0.44770379695132467  0.45529593942896324
  0.46338130714384312  0.46934188604517302  0.47268254709430763  0.47599716145389748
  0.47988020523795827  0.48329435230897022  0.48853350617156543  0.49973672745887154
  0.51517592252447675  0.53043149880394602  0.55039970055836585  0.57058825332787944
  0.59217725874016847  0.61445294453131949  0.63380152975107185  0.65026118322534499
  0.66338717801835057  0.67600931873011905  0.68947816054633015  0.70162679074820156
  0.71188358166171628  0.72233895473098186  0.73373349878960692  0.74647699741545470
  0.76043146032832720  0.77639179860696461  0.78863219508610294  0.79983031565179585
  0.81227753698657479  0.82868827148929092  0.84217875318025526  0.85407185953904141
  0.87542157517181085  0.89251213647934680  0.90389858062986972  0.90975879575225627
  0.91345891673950030  0.91703427000908888  0.92203449940743798  0.93241771164282117
  0.94559835390659486  0.95276252930498129  0.95765748473609147  0.96307404756268966
  0.96949543340920286  0.97740080016144926  0.98643821884275285  1.00000000000000000
 -0.00498517264869069  0.02024582803147649  0.03964245788142490  0.04526330163684365
  0.05020106694218284  0.05513883224752203  0.06009063296104231  0.06504543885899562
  0.07000024475694895  0.07549178041604615  0.08121737815720162  0.08694297589835709
  0.09641392041305091  0.10935416492186641  0.12301008717840094  0.13964814545749180
  0.15258261226598496  0.16514187121593540  0.18272039423269099  0.20242597379966901
  0.21545567585552217  0.22500814445849224  0.23286934776999985  0.24074247358172138
  0.25115945885737273  0.26012765591812304  0.26893396939688724  0.28347172196786735
  0.30287347383006152  0.31595285158959358  0.32893446019925421  0.34097480137421532
  0.35089620188049575  0.35612314708395931  0.35869643068240292  0.35995595249349066
  0.36290976219894483  0.36627524306891512  0.37185216664527204  0.37612039124124091
  0.37973203706023834  0.38276846763724204  0.38418091165873153  0.38559335568022107
  0.38703396858925798  0.38848307860025799  0.39198837506332451  0.40002902603229623
  0.41042911886792949  0.41906824839551626  0.43621541055751156  0.44641908295544269
  0.45599363244432339  0.46123784054403566  0.46637443807705020  0.47176282600860436
  0.47694735349541184  0.48138275654185525  0.48829030430008241  0.49816579874242339
  0.50806759304024907  0.52449311754296546  0.55268176883607423  0.57824193835071236
  0.60238122717409681  0.62157682282337234  0.63437063046866249  0.64387465360910989
  0.65397734218392389  0.66114400521158767  0.66671078240848713  0.67258782286289143
  0.67912132768645705  0.68617922690919342  0.69562723385615399  0.71009709410147559
  0.72467312658085203  0.73676963469788304  0.74410381535840553  0.74828227578307049
  0.75313208379524654  0.76399757434140414  0.78343443914388333  0.80800358934001504
  0.82865374437020922  0.84511748755451310  0.85717233685959404  0.87999879407709725
  0.90722754995156574  0.93458467676977264  0.94964121023563586  0.96007581808774511
  0.97208312477234293  0.98260228579445119  0.99090677296451146  1.00000000000000000
 -0.00519458640363574  0.01597641153647937  0.02239764769381869  0.02514104395564360
  0.03033987691167604  0.03617084519358156  0.03960575085773512  0.04396058569061988
  0.04919830704082563  0.05423235927303330  0.05629270798482043  0.05830371102175014
  0.06054521562614795  0.06320830876962073  0.06587140191309351  0.06997152408070324
  0.07464665678964119  0.08195953768892927  0.10821896806799117  0.12353581081808075
  0.12724628145765982  0.13071794514642296  0.13405368071352533  0.13603105390679426
  0.13800842710006322  0.13994636893398649  0.14173510791474425  0.14352384689550204
  0.14672263899461943  0.15495649448861981  0.16725139203473788  0.18637056652752471
  0.21395478490818018  0.24180001887319760  0.26828565811626498  0.29129861581392419
  0.30951251169464755  0.32544671068240555  0.34156930593806362  0.36011596167777454
  0.38289295924963884  0.39928005461742033  0.41024463996294014  0.42092987163675155
  0.43283079900995064  0.44372453409876356  0.45374455670110836  0.46480107963086414
  0.47400147935817744  0.48251444816702760  0.49076160356259829  0.50235633757689946
  0.51574823507857193  0.52793561189270211  0.54027230672390203  0.55185009105364358
  0.56666048209887565  0.57506257173123521  0.58459749616344625  0.59258019375891646
  0.60737216247705816  0.62883522264939529  0.64844201253122180  0.66663506342136991
  0.68109766636899283  0.69283016414549603  0.70871745255131569  0.72164395145860472
  0.73028318068418774  0.73863420114019473  0.74533165864479101  0.75533384756379918
  0.76473759088726911  0.77219568163925711  0.78052922229765609  0.79230111087430755
  0.80942285471429198  0.82849291227138711  0.84985558576552145  0.86591619879740622
  0.87371298701590350  0.88139874079119984  0.88887579928947835  0.89523858435414316
  0.90539774213443414  0.91583231439493262  0.92522091111650540  0.93457047556804640
  0.94144322310073003  0.94635779175342494  0.95408665930056114  0.96156777141508676
  0.97107485039328967  0.97904434119338446  0.98811734159791176  1.00000000000000000
 -0.00749539277254198  0.03300234396207324  0.05870877838056758  0.06544689865670553
  0.07218501893284349  0.07873592064439038  0.08182415169085508  0.08491238273731978
  0.08800061378378447  0.09036307523676231  0.09270159188805946  0.09504010853935661
  0.10389229981993992  0.11345036005561275  0.12385579663019779  0.12720832024018586
  0.13072899496418550  0.13475857289334209  0.14151980655093563  0.15119476960739373
  0.16366954425938313  0.17551959938500769  0.18556230908593604  0.19407724210577967
  0.20170856727367512  0.20825142355950671  0.21530011078620750  0.22324996671221933
  0.23177330198726204  0.24333859492507268  0.26079258745148765  0.28443301503931301
  0.30033713684992963  0.31491264186305246  0.32824455669895580  0.33791994270419040
  0.34604238200705312  0.35530459135314685  0.36719253600316171  0.38335391484400133
  0.40594223118081724  0.42324043792735827  0.43065015763514952  0.43745608434076472
  0.44475574896942593  0.45099735837308819  0.45557012083472015  0.46022580740395436
  0.46719380818355977  0.47418398394189476  0.47957037316214512  0.48706987027333720
  0.49484975382562840  0.50387935468472966  0.51258535730658716  0.52073066658515510
  0.53013700954755627  0.54358739003847611  0.56246104341292757  0.57710262962849124
  0.59148461780796369  0.61240962293268630  0.62658605652177657  0.63959592776441399
  0.65650929487194054  0.67262527174914755  0.68481805606969304  0.69882296770440666
  0.70967381280879249  0.71525481876151642  0.72042292312221912  0.72561660441626252
  0.73132261028895096  0.73673421005531170  0.74825101437036601  0.75969273509807667
  0.76868006146822665  0.77141708359665129  0.77415410572507581  0.77777305331232205
  0.78195704710695324  0.78598069303701579  0.78810417838561508  0.79022766373421449
  0.79449922145984697  0.80405514129828437  0.81381128338823694  0.82481783176691770
  0.85015935620082583  0.87972949081527430  0.90076357092242343  0.91704360144563213
  0.93056113003398488  0.94388602464390536  0.95788667464000399  1.00000000000000000
 -0.00228292788821005  0.01256744050708866  0.02325719210670851  0.03324733884089755
  0.04220294984247954  0.04876902549706157  0.05148805756179573  0.05390267803302359
  0.05861606732765326  0.06454568266124351  0.06945429340108350  0.08234599839519771
  0.10142560806748259  0.11858678338578540  0.13088382350034367  0.13882420037023527
  0.14388485804594264  0.14718904142845679  0.15133178574770062  0.15789647456762596
  0.16832660880713063  0.17820570740152739  0.18725851738579075  0.19062210772581156
  0.19398569806583241  0.19774166638575896  0.20436011428228984  0.21097856217882069
  0.21759701007535157  0.22091357966236777  0.22399233315251849  0.22707108664266917
  0.23643210336936174  0.24638537899176602  0.25468885672336722  0.26510997434200650
  0.27359267612413490  0.27788627152062029  0.28225927842614107  0.28731327694201830
  0.29418739337533256  0.31301384247537711  0.33095822109981465  0.34065624645891507
  0.34662106289320010  0.35525643886847363  0.37073551153201023  0.38255454239877540
  0.39619837280705961  0.41561595446556632  0.43115527268863546  0.43702590803794966
  0.44289654338726386  0.44891307915109563  0.45495807766479740  0.46097466526343961
  0.46693983515577236  0.47290500504810512  0.48699674911691726  0.50259139207144832
  0.51611550972153497  0.53552868389858665  0.55692013751962333  0.57512059111392311
  0.59295217854240978  0.61486132800025539  0.63692713212098484  0.65179854157827932
  0.66748506050707701  0.67940692562698912  0.68784925077255599  0.69541677364577814
  0.70243034055588371  0.70950717404376529  0.72182071674628001  0.73197047242936397
  0.73850739363059159  0.74452887908005816  0.75753431035468788  0.77219251594496641
  0.78376693368272177  0.79315226768963609  0.81065189276930416  0.82162324699960598
  0.83158854242148572  0.84183066854595268  0.85547376844219947  0.87711519959643014
  0.91572024995005186  0.94492417723908484  0.95350562569434494  0.96130552710673256
  0.96801921414305581  0.97761686208567566  0.98940001272765676  1.00000000000000000
 -0.00134037454545307  0.00599160305248709  0.00987666293256229  0.01236654626449998
  0.01450038283346673  0.02100898918732447  0.02893874234081030  0.03168121781609343
  0.03517975627314767  0.04003048136595830  0.04639630158340661  0.05184169678276016
  0.05685833826150580  0.06240132181081783  0.07087886268280481  0.08047375392981901
  0.08665841630531110  0.09127728937081549  0.09443280853068169  0.10075175185196322
  0.10764878337355928  0.11590644867880485  0.12407856025494471  0.13111674300072934
  0.13788641807228522  0.14594203480804460  0.15411119580663254  0.16424050914462190
  0.17218861096752033  0.17471565847171300  0.17724270597590566  0.17987940005497088
  0.18283584902111411  0.18579229798725735  0.18879975192020751  0.19252261095533937
  0.19624546999047124  0.19996832902560313  0.21192665846012454  0.22055289926641669
  0.22958230190874282  0.23507155365694504  0.23905952482774076  0.24249478982930042
  0.24572485312733572  0.24788955175940608  0.24945249129111174  0.25101815186551074
  0.25258808866035903  0.25422279068638259  0.25641564849648990  0.25860850630659721
  0.26678266195877143  0.27653196499411853  0.28645741252524426  0.29510552012342556
  0.30581717602496722  0.31435686410580310  0.32287498937440368  0.33175115045745279
  0.34167782105113487  0.35175145987552481  0.36040454209298195  0.37177868173452489
  0.39577396909123647  0.42125639093175721  0.43376600867429954  0.44307184482537015
  0.45252564383543775  0.46172066405175111  0.47110870899445900  0.48393974296186881
  0.50424302418474609  0.53218592894174133  0.55607995132817878  0.57947773129057067
  0.60032987453832110  0.62352835512178006  0.63966072450824940  0.65180891067172353
  0.66687288012649781  0.69595289714735287  0.72493746573160056  0.73968514028279342
  0.75495857822194135  0.77410528068647100  0.79945682474081503  0.83478139743146562
  0.86652576259078540  0.88910492701068589  0.91237546271062320  0.93403101485071072
  0.94977657647095082  0.96172779859850421  0.97685020994766258  1.00000000000000000
 -0.00066105166380380  0.00475645928248930  0.01137999012645711  0.01739367838157229
  0.02589436248423877  0.03407361611717444  0.04264696291812513  0.05556524379596570
  0.06618126324881730  0.07383570048709434  0.08200419075746281  0.09358915495341517
  0.10841539125051432  0.12161379926985159  0.13516921606042195  0.14560628759366903
  0.15094297680000315  0.15684563220781833  0.16374481017438958  0.16785872428389667
  0.17176709874853657  0.18122249112533428  0.19321657127513250  0.20156476442826132
  0.20937500405684639  0.21859799136667651  0.22277488528024159  0.23013043966287408
  0.24210653727680423  0.25790141226576385  0.27555714351230604  0.28958316998337286
  0.29908155155032651  0.31090086677911438  0.32630159858568231  0.34222253274432701
  0.35601890006957193  0.37193302609555079  0.38860271201010432  0.40423809785571735
  0.40794299590290795  0.41164789395009854  0.41535165362111803  0.41903655009322816
  0.42272144656533833  0.42640634303744845  0.43043229238379543  0.43451109962826934
  0.43858990687274330  0.45137606025015370  0.46842589171236859  0.47972879309296329
  0.49360622039336438  0.51202285883885756  0.53091274438622338  0.54740289477763115
  0.55932103613311002  0.57262485780988670  0.58323919568688509  0.59637872327675845
  0.62347669487136548  0.65516344449006070  0.69155852617628555  0.71893547474355468
  0.73421482923199954  0.74385821343791270  0.75096968190892976  0.75672684857783856
  0.76223391691281406  0.76752975389360245  0.77238888109762749  0.77759134580717104
  0.78649507294745979  0.80004278748140445  0.81405621611939771  0.82582131217637211
  0.83611387575422058  0.84114434613939104  0.84361464492925986  0.84608494371912868
  0.84875844221008911  0.85154994143080365  0.85454647077718560  0.85853968335907460
  0.86253289594096350  0.87807027152268480  0.89127187081547787  0.90534358748661292
  0.91800491090933622  0.92652396897332612  0.93435030170743283  0.94480325327405434
  0.95435782794610002  0.96316043692433218  0.97618632861690957  1.00000000000000000
 -0.01261254392779595  0.02425153875445796  0.05770081915818309  0.08493876323878503
  0.11619783927960732  0.15843869858413739  0.18499866012092861  0.20513907875132215
  0.22936818850304494  0.25753296713938695  0.28447791169308712  0.30100435968077455
  0.32516767012263481  0.35355263627273936  0.37329638903072088  0.39315137201491834
  0.41060365894772127  0.41896897107661452  0.42493674301543732  0.43090451495426019
  0.43623188331644835  0.43951288057983895  0.44279387784322954  0.44607487510662014
  0.44909246112276952  0.45187493467848544  0.45465740823420137  0.45743988178991729
  0.46422244460657092  0.47442278909347457  0.48948766594534432  0.50461253248634541
  0.51492914766067888  0.52560836540467615  0.53864492479034143  0.55305232962473705
  0.56633036972623374  0.57534687951250607  0.58375905038194220  0.59105161685946095
  0.59800634554589638  0.60600261603222949  0.60960341020671993  0.61232585486680802
  0.61487642268244669  0.61700283018565061  0.62115208818107515  0.62411624744085314
  0.62685349871299667  0.62945266037351477  0.63210483367673220  0.63663416960947017
  0.64363743202530665  0.65120817131130415  0.65774121933737606  0.66343864519660523
  0.66991831983325778  0.67745054284082562  0.69187837450009715  0.70724150454246659
  0.71575567831743137  0.71749567312983986  0.71923566794224825  0.72129400366784691
  0.72337078094958229  0.72530942845360746  0.72711381634299055  0.72923781752982009
  0.73457910785913061  0.74144449793724687  0.75106624313322257  0.76171646867284071
  0.77217794104167781  0.77765986978923018  0.78193964692491991  0.78555924822220857
  0.78914517997074385  0.79404102601129156  0.79931710615536966  0.81209399749527622
  0.83085306240292645  0.84793459695496498  0.86523287937819571  0.87761102773252286
  0.88169418662584231  0.88635350546403369  0.89548284324138627  0.90192882859727541
  0.91096009568999614  0.92219194561370643  0.92817827189030089  0.93388433064658505
  0.94420167101146857  0.96583097389012262  0.98159790072147501  1.00000000000000000
 -0.00427934817454231  0.01626955581767754  0.03651575643174219  0.05032635054303721
  0.05778970948400105  0.06231992621392153  0.06664037809675662  0.07314819467973835
  0.08568248965680821  0.10002199281602567  0.11521982267727643  0.12615145831424759
  0.13485766187031337  0.14382246503813786  0.15339558616222645  0.16296870728631505
  0.17090693115814073  0.17854162454568231  0.18959487601680913  0.20772671307113744
  0.22589534844754652  0.24010806749884248  0.25270137240612434  0.26626685658093585
  0.28196765600313389  0.30164503487768191  0.31428557540565788  0.32607576708423386
  0.33436616578763612  0.34159988370658240  0.34706117639837442  0.35216498921649037
  0.35948768020177585  0.37287376898796709  0.38535120237589393  0.39559374095906252
  0.40544352055500860  0.41546718923328602  0.42534698227241957  0.43497191161627363
  0.44742442922784337  0.46167681789103193  0.47013779153314950  0.47851667428914268
  0.48289669508103089  0.48701373694087913  0.49520434115760353  0.50538875600630495
  0.51571725088315212  0.52775299564452505  0.53788897569300576  0.54652655439751208
  0.55323860699275029  0.55873128223715474  0.56475341541170476  0.57376458493153215
  0.58632920750043382  0.59975163909673934  0.61020840325398740  0.61806413795568316
  0.62648829208488821  0.63729255098575632  0.64844673396348729  0.65617633821327237
  0.66318952062229686  0.67204794932870515  0.67856033296919371  0.68043777735854116
  0.68231522174788861  0.68423903385300922  0.68641408550375438  0.68858913715449954
  0.69076418880524482  0.69293934251974565  0.69511450948353715  0.69728967644732875
  0.70385719653645418  0.72495112466910894  0.74317952709029744  0.76070966099550608
  0.77522621487276189  0.79640039015403707  0.81778180228549358  0.83819712656087364
  0.85753860881175825  0.87907913119730730  0.89027866524920840  0.90443120663116938
  0.91927213534201635  0.93282413388798924  0.94208948972904427  0.94992622315326569
  0.96177809991307595  0.97454025152919621  0.98595890239027872  1.00000000000000000
 -0.00578697590675060  0.03113807081189122  0.04146818829364788  0.05931250043388792
  0.08586485572807832  0.11371719679343217  0.14015656117307146  0.16066272254730993
  0.17505945001855736  0.18591320081585719  0.19509733015607916  0.21745879516300604
  0.24750284794100327  0.26541189535734783  0.26951634334704333  0.27268653324394343
  0.27608815609808163  0.27974002395421488  0.28335386380167904  0.28641459519819140
  0.28947532659470382  0.29606660539349033  0.30365656198255575  0.31343883685915730
  0.33094128861176736  0.34836527086679647  0.36260480328825362  0.37163431743866715
  0.37801451938739467  0.38392266263290481  0.39056674379605993  0.39690190829153560
  0.40213814583123264  0.40734055414660270  0.41312469968396193  0.42186379378249955
  0.42837421492821287  0.44239580497367076  0.45857262650107133  0.47607726359841163
  0.50134962270800698  0.52672759878743536  0.55058554094955292  0.57079972535773216
  0.58265996971315992  0.59326986223454137  0.60325766099828482  0.61519353046931213
  0.63936375578392901  0.66500614698920157  0.67168457661681491  0.67675559212893877
  0.68231614740566671  0.68870484782186137  0.69468113717145008  0.70031250189212135
  0.71029565191464061  0.72377767737860976  0.73241918198358980  0.73835594583279007
  0.74434076281994199  0.75442094339348564  0.76561941669919586  0.77343211346158014
  0.77765043954438806  0.78150702595516852  0.78594785685147439  0.79120563859513648
  0.79563088732910048  0.80440135179090810  0.81333598888654690  0.81784482723987761
  0.82325162790420525  0.83124077446947031  0.83910436878187578  0.84489273330185877
  0.86008419133123692  0.87076578823299255  0.87497476278484665  0.87918373733670074
  0.88358250559747509  0.88895684046356538  0.89433117532965556  0.89970551019574585
  0.90512359753557770  0.91054754412586325  0.91597149071614892  0.92287447975303827
  0.93041431944470188  0.93609025085681330  0.94074962821189023  0.94643692659571399
  0.95457314979002017  0.96430641422599839  0.98026615958809404  1.00000000000000000
 -0.00179853403011807  0.01015828311203964  0.01978540052645392  0.02562613901134719
  0.02976668775079809  0.03216681159625230  0.03625435465531861  0.04445081045804859
  0.05355791813252719  0.06509447208482869  0.07182303926099855  0.07885787586062343
  0.08884876614727476  0.09762067179167458  0.10479606155537158  0.11199485072325301
  0.12438477696154421  0.13879419087480932  0.14711323696009201  0.15390609457324655
  0.15957887455421016  0.16889002789585017  0.19025512285708046  0.20699758827599563
  0.21898945825377431  0.23119770860390151  0.24143990337299329  0.25473889825965362
  0.26903706084529577  0.28174225883539233  0.29324684096279380  0.30131153342124395
  0.31287416566877962  0.32234505702856248  0.32752965420037422  0.33271425137218597
  0.33789884854399771  0.34291420116983518  0.34720316422626929  0.35149212728270340
  0.35578109033913746  0.36007005339557158  0.36351189184712263  0.36684174314883233
  0.37017159445054199  0.37350144575225164  0.38042776906889436  0.38899397287771015
  0.39517548623308685  0.40135352496958204  0.40770624871410027  0.41440539732060083
  0.42807580094533559  0.44040368379095896  0.44962080830204842  0.45905120405095040
  0.46869811770769843  0.48138572790196205  0.49508114095885786  0.51472556738482211
  0.54284947456182409  0.56197021726417806  0.57385553379339449  0.58337761147814593
  0.59162625381514777  0.59948453782317690  0.60517960098200374  0.61055762765490551
  0.62022984823212957  0.63470863721293225  0.64599429112875117  0.66204911698522872
  0.67108001863605293  0.68090152572264140  0.69036314425248635  0.69952407170241593
  0.70928680096355268  0.71732448366214763  0.72378992471373704  0.73788189977374863
  0.75229270149543548  0.76192502145857555  0.77242430414476204  0.78342115113926536
  0.79502086966177110  0.81007272390668961  0.83167705257546209  0.85612573135515690
  0.87656311024072953  0.89452233003520887  0.90952772255233383  0.92782079828355557
  0.94302827282484702  0.95866562128747257  0.97789546393911364  1.00000000000000000
 -0.00505747880216545  0.02422049752888728  0.03812130231275423  0.04681698466507681
  0.04890922321984208  0.04957321047405883  0.05023719772827558  0.05086086985416820
  0.05144191144814735  0.05202295304212649  0.05259739009777025  0.05314844457976573
  0.05369949906176121  0.05425055354375669  0.05781881986336963  0.06057374252509833
  0.06333029815711450  0.07149485770685154  0.08494353639591530  0.10969724494119282
  0.13636144574207126  0.15736679153973748  0.17990019105612554  0.20986853828393079
  0.22818496654474479  0.24176503271277636  0.25448356867108052  0.26724064988163443
  0.28185760121250064  0.29710962549581044  0.31195708019547425  0.32138628373081046
  0.32837547567638647  0.33586715104841708  0.34650164760091962  0.35806474375471542
  0.37261121684284670  0.39151428157991525  0.40167741714062194  0.40973917249811770
  0.41818684696012476  0.42717311761730020  0.43609917516309887  0.43825354331666616
  0.44040791147023350  0.44623661710285983  0.45224606610902879  0.45800369881300879
  0.46406926878007804  0.46947943089169963  0.47867450611252133  0.48993420978141961
  0.50440088428143903  0.51731206347228764  0.52994704544589621  0.54094515649762731
  0.55335290051947084  0.57117195523460185  0.59342327060492339  0.60878770889193645
  0.61789691517184242  0.62450811250948490  0.63069109198002060  0.63719319088191761
  0.64334680068875250  0.65462833544722565  0.66597386360419364  0.67600483909312115
  0.68453621826570488  0.69280469740811401  0.70093389471728140  0.70856747863368941
  0.71637387488710602  0.72769940989528004  0.74182167368184304  0.75853178926898879
  0.77413219984837289  0.79098977657722658  0.81377333952233399  0.83189931275470763
  0.84136111704991401  0.84831401460940092  0.85721227715807047  0.86940450453889340
  0.88140187006203863  0.89367097079445723  0.91267164800093548  0.92458910068901745
  0.93163468584345510  0.93697366281083128  0.94243891403014113  0.94857656627471487
  0.95519035433127386  0.96356921610469726  0.97576095064780299  1.00000000000000000
  0.59897498062986909  0.79167852326566779  0.84833954146466373  0.86542968813270438
  0.87945958138052305  0.89270565357893517  0.90330938711481445  0.91082905596967212
  0.91596668905994660  0.92051210333132782  0.92486125537787589  0.93062096311376330
  0.93537486150721449  0.93903288563119158  0.94019704491990785  0.94120084775459645
  0.94231712401406909  0.94401091552116134  0.94632245316303432  0.94983540615407436
  0.95247784051578033  0.95422551067821981  0.95522830110896606  0.95623974879362428
  0.95753040167687453  0.95910854922768862  0.96137579931172179  0.96290070062422073
  0.96392958255013095  0.96501287283031967  0.96616834931615370  0.96761102574622360
  0.96944148789520157  0.97064267723746422  0.97117062068596449  0.97173924718503957
  0.97242596409233939  0.97302384508760831  0.97329133195941631  0.97356377630135527
  0.97380935865138507  0.97412348896405188  0.97459243362120673  0.97511719424295573
  0.97576554660012826  0.97653309345247363  0.97740589673608358  0.97834758505537534
  0.97922888411720066  0.98010626549134006  0.98044515000247401  0.98069357938389290
  0.98096133545058428  0.98124184511551027  0.98135754764855432  0.98147325018159837
  0.98168928605745231  0.98191945922662138  0.98214141939124666  0.98235451762565240
  0.98258468352430217  0.98304015208486939  0.98379049053357515  0.98454855697358157
  0.98515801098789169  0.98573971135127969  0.98646763694338635  0.98710979803205590
  0.98766957767409214  0.98816759975978741  0.98866967832124197  0.98900232819494172
  0.98914391575273541  0.98928550331052911  0.98942116030924598  0.98954611950056315
  0.98967107869188042  0.98979239881966963  0.98989748795442778  0.99000257708918593
  0.99010766622394419  0.99042197698083578  0.99068005879956411  0.99097050541217746
  0.99129112146144205  0.99170434748322889  0.99218385022831634  0.99258668178698761
  0.99297409459556474  0.99342624113708944  0.99390955152328953  0.99441551989337373
  0.99505193454060192  0.99573466202835759  0.99667590204470380  1.00000000000000000
 -0.04531232225964989  0.23980974814012027  0.30104929067510250  0.34802847129464887
  0.37385588310801809  0.39473807377004627  0.41430392669315036  0.42893344134279965
  0.44144934038748679  0.45119173638391691  0.45957965452530708  0.46712028341458284
  0.47442995676825905  0.48184368087612989  0.48891780720573580  0.49565593955036247
  0.51108135402308896  0.52318760481396476  0.53122240478703242  0.53932474667387020
  0.54679097602373150  0.54861432715671232  0.55043767828969314  0.55226102942267408
  0.55379134320912904  0.55528321559560179  0.55677508798207465  0.55803858258478323
  0.55920636494922127  0.56037414731365931  0.56333165663336648  0.56785511035584069
  0.57251622793909940  0.57870967642063831  0.58583013679547236  0.59328308038538213
  0.60130280862720809  0.61189227935440860  0.61935616560668949  0.62457513106768869
  0.62836289916196308  0.63202117369469391  0.63615117285051082  0.64212599719731212
  0.65000423263423857  0.65894810298993922  0.66648721896800167  0.67243976171838482
  0.67770007743973648  0.68359302443809256  0.68993743722583856  0.69670003131680791
  0.70228550977998128  0.70677370693960839  0.71101874972298706  0.71457879154015846
  0.71791648400470154  0.72139953739659080  0.72371475831437526  0.72529519914283336
  0.72657947366093756  0.72848372906584058  0.73026334243777813  0.73129484193248906
  0.73303213237865628  0.73696653195436101  0.74146467514223158  0.74469920492175568
  0.74854820140163103  0.75365965557131742  0.75764811833274415  0.76155355056301788
  0.76546105052596425  0.76975023161824185  0.77268140276801012  0.77535291520619221
  0.77867113827140144  0.78369269934529551  0.78845165756194757  0.79388114110166508
  0.80074517720651139  0.80912489007909982  0.81607949739577401  0.82230634427230465
  0.82850728693241904  0.83440350077738801  0.84029971462235697  0.84422939746851366
  0.84691766092343046  0.85124675708103059  0.86306904343383994  0.87076785017212988
  0.88117743732517895  0.89335900956086434  0.91990766344557517  1.00000000000000000
   3.5003982902068623E-017  -1.0000000000000000     
 F F F F F F F F F F F F F F F F F F F F F F F F F F F F F F F F F F F F F F F F F F F F F F F F F F F F F F F F F F F F F F F F F F F F F F F F F F F F F F F F F F F F F F F F F F F F F F F F F F F F F F F F F F F F F F F F F F F F F F F F F F F F F F F F F F F F F F F F F F F F F F F F F F F F F F F F F F F F F F F F F F F F F F F F F F F F F F F F F F F F F F F F F F F F F F F F F F F F F F F F F F F F F F F F F F F F F F F F F F F F F F F F F F F F F F F F F F F F F F F F F F F F F F F F F F F F F F F F F F F F F F F F F F F F F F F F F F F F F F F F F F F F F F F F F F F F F F F F F F F F F F F F F F F F F F F F F F F F F F F F F F F F F F F F F F F F F F F F F F F F F F F F F F F F F F F F F F F F F F F F F F F F F F F F F F F F F F F F F F F F F F F F F F F F F F F F F F F F F F F F F F F F F F F F F F F F F F F F F F F F F F F F F F F F F F F F F F F F F F F F F F F F F F F F F F F F F F F F F F F F F F F F F F F F F F F F F F F F F F F F F F F F F F F F F F F F F F F F F F F F F F F F F F F F F F F F F F F F F F F F F F F F F F F F F F F F F F F F F F F F F F F F F F F F F F F F F F F F F F F F F F F F F F F F F F F F F F F F F F F F F F F F F F F F F F F F F F F F F F F F F F F F F F F F F F F F F F F F F F F F F F F F F F F F F F F F F F F F F F F F F F F F F F F F F F F F F F F F F F F F F F F F F F F F F F F F F F F F F F F F F F F F F F F F F F F F F F F F F F F F F F F F F F F F F F F F F F F F F F F F F F F F F F F F F F F F F F F F F F F F F F F F F F F F F F F F F F F F F F F F F F F F F F F F F F F F F F F F F F F F F F F F F F F F F F F F F F F F F F F F F F F F F F F F F F F F F F F F F F F F F F F F F F F F F F F F F F F F F F F F F F F F F F F F F F F F F F F F F F F F F F F F F F F F F F F F F F F F F F F F F F F F F F F F F F F F F F F F F F F F F F F F F F F F F F F F F F F F F F F F F F F F F F F F F F F F F F F F F F F F F F F F F F F F F F F F F F F F F F F F F F F F F F F F F F F F F F F F F F F F F F F F F F F F F F F F F F F F F F F F F F F F F F F F F F F F F F F F F F F F F F F F F F F F F F F F F F F F F F F F F F F F F F F F F F F F F F F F F F F F F F F F F F F F F F F F F F F F F F F F F F F F F F F F F F F F F F F F F F F F F F F F F F F F F F F F F F F F F F F F F F F F F F F F F F F F F F F F F F F F F F F F F F F F F F F F F F F F F F F F F F F F F F F F F F F F F F F F F F F F F F F F F F F F F F F F F F F F F F F F F F F F F F F F F F F F F F F F F F F F F F F F F F F F F F F F F F F F F F F F F F F F F F F F F F F F F F F F F F F F F F F F F F F F F F F F F F F F F F F F F F F F F F F F F F F F F F F F F F F F F F F F F F F F F F F F F F F F F F F F F F F F F F F F F F F F F F F F F F F F F F F F F F F F F F F F F F F F F F F F F F F F F F F F F F F F F F F F F F F F F F F F F F F F F F F F F F F F F F F F F F F F F F F F F F F F F F F F F F F F F F F F F F F F F F F F F F F F F F F F F F F F F F F F F F F F F F F F F F F F F F F F F F F F F F F F F F F F F F F F F F F F F F F F F F F F F F F F F F F F F F F F F F F F F F F F F F F F F F F F F F F F F F F F F F F F F F F F F F F F F F F F F F F F F F F F F F F F F F F F F F F F F F F F F F F F F F F F F F F F F F F F F F F F F F F F F F F F F F F F F F F F F F F F F F F F F F F F F F F F F F F F F F F F F F F F F F F F F F F F F F F F F F F F F F F F F F F F F F F F F F F F F F F F F F F F F F F F F F F F F F F F F F F F F F F F F F F F F F F F F F F F F F F F F F F F F F F F F F F F F F F F F F F F F F F F F F F F F F F F F F F F F F F F F F F F F F F F F F F F F F F F F F F F F F F F F F F F F F F F F F F F F F F F F F F F F F F F F F F F F F F F F F F F F F F F F F F F F F F F F F F F F F F F F F F F F F F F F F F F F F F F F F F F F F F F F F F F F F F F F F F F F F F F F F F F F F F F F F F F F F F F F F F F F F F F F F F F F F F F F F F F F F F F F F F F F F F F F F F F F F F F F F F F F F F F F F F F F F F F F F F F F F F F F F F F F F F F F F F F F F F F F F F F F F F F F F F F F F F F F F F F F F F F F F F F F F F F F F F F F F F F F F F F F F F F F F F F F F F F F F F F F F F F F F F F F F F F F F F F F F F F F F F F
  <DiscreteSampler_grid>
  grouped_processes
  1 # 1 for a reference and 2 for a running grid.
  10 # Attribute 'min_bin_probing_points' of the grid.
  1 # Attribute 'grid_mode' of the grid. 1=='default',2=='initialization'
  0.0000000000000000 # Attribute 'small_contrib_threshold' of the grid.
  0.5000000000000000 # Attribute 'damping_power' of the grid.
 # binID   n_entries weight   weight_sqr   abs_weight
    61   10   4.428051392918376E-016   1.889855312219782E-030   4.428051392918376E-016
    62   10   4.428051392918348E-016   1.889855312219758E-030   4.428051392918348E-016
    64   10   8.856102785836752E-016   7.559421248879127E-030   8.856102785836752E-016
    65   10   8.856102785836696E-016   7.559421248879032E-030   8.856102785836696E-016
    67   10   5.836444110485595E-014   3.343971238065964E-026   5.836444110485595E-014
    68   10   5.836444110485936E-014   3.343971238066359E-026   5.836444110485936E-014
    70   10   1.167288822097119E-013   1.337588495226386E-025   1.167288822097119E-013
    71   10   1.167288822097187E-013   1.337588495226543E-025   1.167288822097187E-013
    106   10   2.475923277362045E-016   3.438071631838874E-031   2.475923277362045E-016
    107   10   2.475923277361595E-016   3.438071631838226E-031   2.475923277361595E-016
    109   10   4.951846554724089E-016   1.375228652735549E-030   4.951846554724089E-016
    110   10   4.951846554723190E-016   1.375228652735291E-030   4.951846554723190E-016
    112   10   8.124697279810706E-016   2.686396201323179E-030   8.124697279810706E-016
    113   10   8.124697279809911E-016   2.686396201322978E-030   8.124697279809911E-016
    115   10   1.624939455962141E-015   1.074558480529272E-029   1.624939455962141E-015
    116   10   1.624939455961982E-015   1.074558480529191E-029   1.624939455961982E-015
    151   10   4.428051392918377E-016   1.889855312219782E-030   4.428051392918377E-016
    152   10   4.428051392918345E-016   1.889855312219756E-030   4.428051392918345E-016
    154   10   8.856102785836754E-016   7.559421248879127E-030   8.856102785836754E-016
    155   10   8.856102785836689E-016   7.559421248879025E-030   8.856102785836689E-016
    157   10   5.836444110485570E-014   3.343971238065936E-026   5.836444110485570E-014
    158   10   5.836444110485983E-014   3.343971238066415E-026   5.836444110485983E-014
    160   10   1.167288822097114E-013   1.337588495226374E-025   1.167288822097114E-013
    161   10   1.167288822097197E-013   1.337588495226566E-025   1.167288822097197E-013
    196   10   2.475923277361976E-016   3.438071631838772E-031   2.475923277361976E-016
    197   10   2.475923277361514E-016   3.438071631838079E-031   2.475923277361514E-016
    199   10   4.951846554723952E-016   1.375228652735509E-030   4.951846554723952E-016
    200   10   4.951846554723029E-016   1.375228652735232E-030   4.951846554723029E-016
    202   10   8.124697279810748E-016   2.686396201323193E-030   8.124697279810748E-016
    203   10   8.124697279809729E-016   2.686396201322932E-030   8.124697279809729E-016
    205   10   1.624939455962150E-015   1.074558480529277E-029   1.624939455962150E-015
    206   10   1.624939455961946E-015   1.074558480529173E-029   1.624939455961946E-015
  </DiscreteSampler_grid>
