  0.00387217704115191  0.00930740383352460  0.01470630414548946  0.02160591874315279
  0.02951816647355517  0.03815765517054807  0.04798412483970447  0.05865873122142422
  0.06975608687348385  0.08137712084426885  0.09321331110429673  0.10400257168864545
  0.11403735024013770  0.12452883142613966  0.13586223593795904  0.14752624868773168
  0.15898011104092657  0.17079071214510438  0.18289927683944163  0.19478133976354034
  0.20623977915084565  0.21802267309151027  0.23029790212777751  0.24221097379011339
  0.25321563970827232  0.26364006100799736  0.27418756494222507  0.28489235357783438
  0.29518454646011327  0.30544918448224145  0.31638864700967079  0.32829938952260579
  0.33945027747749240  0.34979996883387404  0.36015715183274599  0.37058164442338670
  0.38165592782036656  0.39313711559421577  0.40451854421583072  0.41582764009616718
  0.42738266401910235  0.43826013863755509  0.44921631740657941  0.46070226824896732
  0.47278374593676975  0.48498911452017668  0.49692752825794484  0.50859052509099845
  0.52018420440314650  0.53159314443485195  0.54346774127386488  0.55447068406085476
  0.56433578962838937  0.57373611124353874  0.58344674278189601  0.59410572233735948
  0.60530724983374806  0.61614663286372018  0.62665929122686170  0.63715183067135162
  0.64819088921258616  0.65988380900147936  0.67210087454476086  0.68463429061063541
  0.69724586826189883  0.71000490998766108  0.72284583679937575  0.73563161721743087
  0.74823210843619092  0.76048578336330519  0.77245739711642947  0.78381141879668015
  0.79452710301060891  0.80517886804347361  0.81606561114500842  0.82686229153792368
  0.83747393095747269  0.84829074544267546  0.85942364221445244  0.87094917028607943
  0.88261586641407863  0.89438834853490012  0.90605685543499792  0.91728649915845573
  0.92762206190340091  0.93747586536042837  0.94665716541436695  0.95487595597336106
  0.96210147630114362  0.96884497884107112  0.97488375141984074  0.98038132844102621
  0.98511996600212781  0.98907676919744825  0.99162202229726104  1.00000000000000000
  0.00431318362637804  0.00777320690131758  0.01177341569335204  0.01732429288174385
  0.02484545050219059  0.03364727690594566  0.04298079123012936  0.05312077243897972
  0.06401237837452135  0.07536980317083833  0.08701647032550056  0.09841016765824014
  0.10983168902220856  0.12120531065762324  0.13259306004167240  0.14376483948296043
  0.15499587584466329  0.16611893415361423  0.17718846453299622  0.18728811895066416
  0.19697590366735540  0.20651978865025492  0.21660321792351148  0.22729559058645982
  0.23769608780025164  0.24853114809339566  0.26022119854656162  0.27241966367742815
  0.28454757579624729  0.29653085312160238  0.30868225382644421  0.32097364078944007
  0.33345146203540421  0.34618880830879628  0.35834073384511450  0.36949508103974688
  0.38028445844576364  0.39114076834056866  0.40251871656844390  0.41425905093671145
  0.42573180021785101  0.43701388973908378  0.44892456453500651  0.46160496748749158
  0.47464953885741623  0.48730796276924199  0.49933277151840749  0.51076671702468313
  0.52214711051197327  0.53401867813304449  0.54607821957629810  0.55761133706080757
  0.56908189017277899  0.58050040033795192  0.59182228554036009  0.60378973186353790
  0.61630488955242047  0.62841897441635197  0.63965084345189371  0.65071827375474900
  0.66163144304644428  0.67281743881493938  0.68408109167195652  0.69562111363031420
  0.70745220940850884  0.71914838337756348  0.73092367639371214  0.74307028110249262
  0.75512706470163871  0.76672464974944365  0.77801874879913491  0.78941326835304237
  0.80119593319016835  0.81274659777239089  0.82419363120605960  0.83557675255263086
  0.84687347696340365  0.85802942439093988  0.86929733066940829  0.88041030745522808
  0.89116220904405585  0.90199046378269676  0.91285987869354790  0.92370607808854754
  0.93405930286137406  0.94365538730993126  0.95276686834187108  0.96118895173094854
  0.96854257690518175  0.97466048812239281  0.97990772041480578  0.98376151994121053
  0.98715308998388385  0.98979039613663733  0.99145614680667538  1.00000000000000000
  0.00883185459057868  0.01741419748930963  0.02957744583990495  0.04039438522233352
  0.05079229547490863  0.06132214258009788  0.07237395508703746  0.08397273247317183
  0.09570010805260477  0.10731355110118961  0.11794124397520880  0.12758248786343868
  0.13722879851722181  0.14764220891145335  0.15821010375995440  0.16868839036670075
  0.17975799016655378  0.19065665443407434  0.20141343162227632  0.21184390916989115
  0.22261518714524500  0.23327201234871428  0.24374903619005225  0.25374401099178023
  0.26394802389277722  0.27432679623680645  0.28416746315388453  0.29459192608961443
  0.30487657883702352  0.31532515173054232  0.32619047855360972  0.33737951050214471
  0.34860966719741759  0.35921684419673194  0.36919516230438471  0.37952218943176413
  0.39046993912280564  0.40161180551765774  0.41257440487899388  0.42325784441736181
  0.43368185164310891  0.44386254444452811  0.45407515233109369  0.46412753048925071
  0.47406032612785859  0.48404177114179042  0.49400571242862440  0.50383028341944025
  0.51392481483250496  0.52456908554370862  0.53532880412313943  0.54586035808227862
  0.55640617970131401  0.56695779649173594  0.57695772761777531  0.58681570587745313
  0.59716921919664434  0.60701975705131428  0.61740908748287049  0.62862614783538073
  0.63948590520281068  0.64974859520543993  0.66003816153820849  0.67064031396343182
  0.68201482833679949  0.69271409256890026  0.70347364185248651  0.71416093670237690
  0.72512328345642263  0.73569971014382540  0.74580566069533671  0.75639306243334448
  0.76704046246423607  0.77703084156120394  0.78629116556645240  0.79484196681460362
  0.80361072074674267  0.81208850710738545  0.82154042776405323  0.83201870878186246
  0.84317931754718056  0.85474645270070326  0.86579539645097836  0.87662417590615349
  0.88654346454462807  0.89684299020886726  0.90768586372766347  0.91945571570106388
  0.93147877465621687  0.94349012097614382  0.95400885080108677  0.96334610373779261
  0.97260527387360018  0.98339237348047670  0.99081748834108285  1.00000000000000000
  0.00000044423475689  0.00000111639026070  0.00000168187537042  0.00000220680562423
  0.00000274452810054  0.00000343236525098  0.00000417707378645  0.00000491117850150
  0.00000562635789465  0.00000633025781644  0.00000707361493495  0.00000787563149269
  0.00000872793380858  0.00000963224727135  0.00001057624648667  0.00001155502198404
  0.00001251797439559  0.00001347773435896  0.00001445948788255  0.00001547348902986
  0.00001652256568740  0.00001756240235297  0.00001863721647609  0.00001980778033919
  0.00002097748989084  0.00002220137304515  0.00002343737210143  0.00002465895865648
  0.00002583180584943  0.00002704251270907  0.00002831145910872  0.00002963819574907
  0.00003107944594638  0.00003261453890540  0.00003417822759683  0.00003569548939234
  0.00003712828641586  0.00003858339362098  0.00004008269644510  0.00004160584389979
  0.00004318256150923  0.00004476136657005  0.00004632320783120  0.00004799059476169
  0.00004982560693008  0.00005180264626719  0.00005390574951721  0.00005610686061354
  0.00005835734409667  0.00006057904054227  0.00006278250225034  0.00006505895691057
  0.00006744196795783  0.00006994631758854  0.00007260211858949  0.00007537050867750
  0.00007821832944904  0.00008117976781383  0.00008440395442603  0.00008789930122844
  0.00009156725016559  0.00009524194780217  0.00009900985382767  0.00010284245465522
  0.00010684462702231  0.00011105682751053  0.00011561586471473  0.00012061055817343
  0.00012582773053472  0.00013142627841598  0.00013761272306016  0.00014432216449698
  0.00015093085571602  0.00015749046899472  0.00016458194484232  0.00017277830861093
  0.00018171135274832  0.00019134344638999  0.00020160941042652  0.00021366091142423
  0.00022690946564034  0.00023909683484516  0.00025233531307525  0.00026753891738314
  0.00028631792008214  0.00031342768341599  0.00034281654755166  0.00037540054969435
  0.00041731800322184  0.00047457433065578  0.00055642433842241  0.00066559421832031
  0.00084240567946228  0.00157578005550752  0.25391284338361741  1.00000000000000000
  0.00000047754945345  0.00000088887723185  0.00000109825787434  0.00000137893029572
  0.00000165690670955  0.00000192530805334  0.00000219988143026  0.00000249030962487
  0.00000279485827713  0.00000313276015637  0.00000350302775146  0.00000389302384391
  0.00000428787751754  0.00000469210482028  0.00000511894403582  0.00000556832375684
  0.00000603236023046  0.00000651088885818  0.00000697922882105  0.00000750629483415
  0.00000801724951284  0.00000860033659533  0.00000917729796965  0.00000974105818808
  0.00001031238067812  0.00001091438320937  0.00001155061966936  0.00001220639014458
  0.00001286604565764  0.00001355067074262  0.00001427996982707  0.00001504533922297
  0.00001585563002589  0.00001670666224075  0.00001757788339767  0.00001847347552052
  0.00001940664173550  0.00002037997138342  0.00002139332414550  0.00002244118079903
  0.00002350595171561  0.00002458170196178  0.00002567163366968  0.00002679032871173
  0.00002798482982032  0.00002924196200916  0.00003056686231209  0.00003198874201070
  0.00003338394724481  0.00003487071195280  0.00003635198806957  0.00003783985238538
  0.00003938873637623  0.00004096223863796  0.00004272556623236  0.00004459180462259
  0.00004661454782104  0.00004889296529145  0.00005107683130829  0.00005329297863081
  0.00005552814494081  0.00005790198896035  0.00006070404393429  0.00006358602277131
  0.00006670446395547  0.00006989497739494  0.00007347486838641  0.00007748136882809
  0.00008194673007910  0.00008675622537949  0.00009175217832269  0.00009713510360941
  0.00010311402875595  0.00010953659826379  0.00011634890921921  0.00012352527198577
  0.00013120939498384  0.00014034728931124  0.00015163979134408  0.00016487663941979
  0.00017972043696885  0.00019647008750451  0.00021613945953341  0.00023913035646094
  0.00026437659575133  0.00029397091529441  0.00033000738747123  0.00037952739098434
  0.00044332735460744  0.00054105191684195  0.00069491786023085  0.00099876370673611
  0.00181920039022847  0.05050074819193003  0.20410826144673724  1.00000000000000000
  0.00000781736927120  0.00000949801665601  0.00001058564528016  0.00001181774516327
  0.00001321602420094  0.00001469718551558  0.00001621085222935  0.00001761401637634
  0.00001887720469240  0.00002001480215358  0.00002127433955365  0.00002274381451846
  0.00002421821392788  0.00002573362509479  0.00002725690383824  0.00002878990236805
  0.00003039003056712  0.00003189337633589  0.00003330683318011  0.00003464798097146
  0.00003613035375362  0.00003767011217724  0.00003918893857594  0.00004079129831202
  0.00004245972103407  0.00004408995137298  0.00004568200306691  0.00004735810188885
  0.00004924765009407  0.00005131410163068  0.00005347101279085  0.00005559865878730
  0.00005766121040207  0.00005988634419076  0.00006224100597051  0.00006466419504048
  0.00006727656990774  0.00007001422043871  0.00007287432373789  0.00007583954794026
  0.00007891689208212  0.00008213456369518  0.00008552552141691  0.00008912767926349
  0.00009287818507534  0.00009683104873190  0.00010114395621333  0.00010571575632762
  0.00011046049102184  0.00011547393781654  0.00012076138709396  0.00012654456443394
  0.00013294747504240  0.00013968517322972  0.00014681443256376  0.00015444638317843
  0.00016310890399314  0.00017227275009529  0.00018229732651149  0.00019360099553650
  0.00020674068413197  0.00022187755783468  0.00023863325654498  0.00025780288133242
  0.00028031204041426  0.00030731424127690  0.00034247604840909  0.00038493132091166
  0.00043806943229328  0.00050405747149633  0.00059762127893945  0.00073355643953465
  0.00092646947535595  0.00116448090487874  0.00144046881573483  0.00183480975627775
  0.00234215841826477  0.00292928487053924  0.00361456811097152  0.00428244480788772
  0.00490465703853252  0.00564399797820280  0.00669836473638407  0.00781540934555744
  0.00862938470153468  0.00957740892019210  0.01061240218644965  0.01203159362489928
  0.01436363374161751  0.01740111498563311  0.02019260879672084  0.02275203473585566
  0.04811223322056175  0.09020882893641098  0.73811419322122251  1.00000000000000000
 -0.00000044451847610  0.00000751203687192  0.00001101869343435  0.00001414062965505
  0.00001674682168422  0.00001926802461990  0.00002168800717075  0.00002394252800560
  0.00002627168094307  0.00002856102497902  0.00003080036553759  0.00003302784818654
  0.00003534443505612  0.00003758772882623  0.00003982055252619  0.00004230081958425
  0.00004495588542696  0.00004758513458190  0.00005017864819601  0.00005288208563264
  0.00005579668815255  0.00005884496113347  0.00006194810201246  0.00006509979789155
  0.00006826930886799  0.00007143038964115  0.00007462428048144  0.00007785047720556
  0.00008115341463603  0.00008458796726775  0.00008813160264612  0.00009181770796866
  0.00009575586169190  0.00009989211854104  0.00010415178993662  0.00010860429745921
  0.00011339064860485  0.00011851052130302  0.00012382037841534  0.00012927838025167
  0.00013503389795514  0.00014123431568265  0.00014786730996392  0.00015491234622582
  0.00016239449924812  0.00017034100630791  0.00017880823223816  0.00018781331245741
  0.00019728553451044  0.00020730844706121  0.00021850742536974  0.00023041726021979
  0.00024292264753620  0.00025643195925397  0.00027124351012461  0.00028767723920732
  0.00030629875600271  0.00032729277964712  0.00035005841046104  0.00037418773390875
  0.00039969368025218  0.00042703399260054  0.00045720499762697  0.00049148832388803
  0.00053084824950294  0.00057528016889321  0.00062525850845252  0.00068198849440580
  0.00075087528839500  0.00083074604893355  0.00091961996323044  0.00102048854330832
  0.00113847487832451  0.00128882696877875  0.00148189322455562  0.00170639958809289
  0.00195192677767348  0.00223835212497949  0.00259786210185443  0.00304951377120623
  0.00356656767033202  0.00409921912392568  0.00466428777093165  0.00530219058010141
  0.00603441755122617  0.00699287663289899  0.00821308150899910  0.00950911472022495
  0.01088306577959630  0.01226684569330515  0.01404099331252392  0.01805433797141381
  0.02493027965388766  0.05564158325954747  0.32264981528404846  1.00000000000000000
 -0.00435810982728415  0.01752729497128318  0.03572751086013221  0.05574452573812073
  0.07549677960144491  0.09376300983278892  0.11063075203025129  0.12626174903365675
  0.14046859834864636  0.15408611816622675  0.16677557811614846  0.17889723157478149
  0.19065764125853477  0.20216430400070348  0.21366277051110574  0.22535074915193676
  0.23746054741316308  0.24922428686469741  0.25995887217726965  0.27034286959501824
  0.28032628989158592  0.29055751228355320  0.30129513241405498  0.31212067589613385
  0.32282712231499483  0.33307724903824321  0.34350498730324081  0.35403879070400229
  0.36412219817351754  0.37359053857470198  0.38291948008180815  0.39265682296455701
  0.40230983940054033  0.41159969126960316  0.42087908279715575  0.43012275728831550
  0.43928196362765903  0.44813980868662523  0.45698089623257754  0.46622353740499384
  0.47579194609636172  0.48490876230077296  0.49359623422642668  0.50209854565094114
  0.51054869465346753  0.51858259368499382  0.52642643831976443  0.53407951071758231
  0.54225548735498297  0.55131119866414624  0.56074337660107132  0.57008069707820641
  0.57970541319290592  0.58957130687448833  0.59837392138417544  0.60721185694501056
  0.61654121206351054  0.62535584184989645  0.63495556887057092  0.64479692719984338
  0.65446291247473387  0.66391227310034573  0.67336314691558252  0.68265532822866792
  0.69089723366652211  0.69876950819071937  0.70684398726709430  0.71513928312992359
  0.72464993516712906  0.73400847615991294  0.74276242087820710  0.75126447431412913
  0.75967366327126506  0.76844367843023276  0.77663969994216142  0.78440092784824866
  0.79167201774557383  0.79942308736796508  0.80804681206363005  0.81728953182970765
  0.82676354376425343  0.83654210723444300  0.84663074812156669  0.85695009706916947
  0.86751865278577123  0.87826372423143173  0.88912845806201291  0.90008762506773332
  0.91120875149269587  0.92275514062693087  0.93476226063122680  0.94727285004876671
  0.95987396347408027  0.97257388628302865  0.98545178522775845  1.00000000000000000
 -0.00239809836768184  0.00930547302386643  0.02057423108817189  0.03236424634982812
  0.04399991395944029  0.05496991378911235  0.06532246804793125  0.07521007539666602
  0.08518779939749438  0.09540665202199276  0.10566859934600313  0.11609634348098548
  0.12607219225187205  0.13644310254124961  0.14689798238843518  0.15760444365460125
  0.16805600606640861  0.17830435070240508  0.18881338078917084  0.19993993860723019
  0.21109630059552903  0.22229525959083016  0.23364531021956222  0.24378166980584257
  0.25480046521491911  0.26553656454303709  0.27573208728637105  0.28559950062755496
  0.29564610784802658  0.30626892504657321  0.31740307144079538  0.32818967606807370
  0.33904708409237533  0.35003850587373853  0.36111344099122911  0.37191266130277856
  0.38249544136525104  0.39329884582310476  0.40458816668032482  0.41550759896846656
  0.42588023576634659  0.43559649402383144  0.44570470422326186  0.45621151782462710
  0.46688317941366714  0.47802021169817410  0.48904863574425494  0.49980433066984625
  0.51003493296151414  0.52042509231816680  0.53157635256147329  0.54335934389301055
  0.55538686872945198  0.56709006226226977  0.57844941033496966  0.58938190048347738
  0.59989442904445234  0.60982573383629735  0.61942117349256909  0.62912969612412495
  0.63909388522020083  0.64887224079600636  0.65853099515400382  0.66831447627675822
  0.67813167382545592  0.68781459619897445  0.69721134280258845  0.70621506936491663
  0.71603941244803082  0.72722858851353411  0.73930266308862869  0.75123952057157084
  0.76284612604638535  0.77417462371093448  0.78549355221039241  0.79687771841205202
  0.80809521379501781  0.81888776561863430  0.82868559402697051  0.83876963852939979
  0.84864687517800874  0.85874905875577279  0.86931979560942618  0.87930215208637807
  0.88888416319886243  0.89874785439134863  0.90817763115612582  0.91611105266507209
  0.92405851268706329  0.93300251459247163  0.94401110888862882  0.95567143301813162
  0.96671062083448978  0.97734429646826626  0.98834272964636982  1.00000000000000000
 -0.00415479498563990  0.01692536764411781  0.03359514210981497  0.04921669107249017
  0.06445265708068075  0.07914361043029074  0.09317933702238221  0.10743685662649533
  0.12166945240199858  0.13485315431562045  0.14699021119284716  0.15879855032265416
  0.17127727005658183  0.18374568660999047  0.19560014913479803  0.20734753849657031
  0.21897695668013589  0.23065081569463480  0.24139458776081246  0.25234409206555208
  0.26220794670730346  0.27127411531143830  0.28023677543540726  0.28962317004028149
  0.29941552674505434  0.30913789061500591  0.31942258228968723  0.32991167350885287
  0.33967070706909192  0.34939672932005272  0.35920785526904120  0.36924040175296902
  0.37944749210637357  0.38893897314577924  0.39813932487594844  0.40742902431822797
  0.41594509761871118  0.42424055102233321  0.43267396925047547  0.44176111486367664
  0.45100967440990231  0.46037276537432853  0.46888574613275641  0.47650960480433047
  0.48548599841605122  0.49509276699202537  0.50499741560581624  0.51462047370631658
  0.52430800685596879  0.53427909284639208  0.54414722803524640  0.55314139449853228
  0.56226188364231044  0.57148436299269989  0.58002554866044798  0.58879968410404260
  0.59773329154394605  0.60587510527945143  0.61531891586082899  0.62403140027368842
  0.63229001333137735  0.64037762978452439  0.64856606110249215  0.65743022589642752
  0.66714409123576401  0.67626301952709011  0.68548395290763819  0.69400144476061376
  0.70383696033898868  0.71293899827007112  0.72114232907389908  0.72936365203879461
  0.73781514447791352  0.74714907543508380  0.75693245041095492  0.76647834548277494
  0.77631593476807659  0.78692178609415264  0.79756406051482809  0.80784914996769119
  0.81780905267913218  0.82802638063302159  0.83884078443215293  0.85034714428899227
  0.86214654239366595  0.87382247005440006  0.88565238301883809  0.89693866997094174
  0.90832004588757276  0.91965029973121459  0.93188911508967398  0.94474514492874284
  0.95814079124055340  0.97177763762102654  0.98564166806118902  1.00000000000000000
 -0.00220970997733399  0.00905788291749986  0.01885098379046661  0.02917237903926649
  0.03989674057760506  0.05033237731952921  0.06206261125298906  0.07371307212767070
  0.08488585318994506  0.09527394248541518  0.10534868964071682  0.11616903657052945
  0.12763218247598510  0.13665327803610147  0.14563562639886474  0.15546348287078982
  0.16539235977988606  0.17571115579918251  0.18629321294760148  0.19680153173127191
  0.20686515795573276  0.21601506996330483  0.22473246153764276  0.23373149426134968
  0.24367004831147387  0.25287131450589606  0.26222928556853409  0.27198157105756887
  0.28266427752237960  0.29313154576181949  0.30282396203990963  0.31250384989899366
  0.32323127050523676  0.33463096049864005  0.34572338314164486  0.35619220663260209
  0.36640899953140876  0.37679046487366979  0.38764509857058610  0.39885098709080963
  0.41002768701061837  0.42104847820113989  0.43146191869460182  0.44100374130958420
  0.45082839618330173  0.46069100797589096  0.47094817088951946  0.48149858587303135
  0.49179385087362215  0.50219519763702103  0.51306203621701019  0.52439202376190142
  0.53596986970787508  0.54741433603709999  0.55854660807341616  0.56976346913182896
  0.58096529072730718  0.59186334431087262  0.60275496293037190  0.61373815215826910
  0.62476458107628985  0.63590328700235366  0.64669117131534282  0.65744371405531010
  0.66827065585167422  0.67921975899132458  0.68970173307375315  0.69948555774955656
  0.70906889260944272  0.71946800109874898  0.73107927067522238  0.74325349564336229
  0.75483598374096950  0.76588647170547663  0.77670759550575186  0.78759736324599305
  0.79848458933081790  0.80909091751556705  0.81964896489278460  0.83134885995421270
  0.84147683184309385  0.85141933404378944  0.86185894623996595  0.87261667128721476
  0.88346112337805804  0.89440801541865267  0.90561501705801650  0.91660183175371501
  0.92704297875426334  0.93740923650300567  0.94820639487983416  0.95815412318546622
  0.96873696904858719  0.97834682125312589  0.98929657204817101  1.00000000000000000
 -0.00164557454236602  0.00694321421010781  0.01648755462958439  0.02563158055311322
  0.03576580174859627  0.04587174581237472  0.05625032821593023  0.06661164089597255
  0.07665004393419857  0.08593833499981826  0.09556655270741708  0.10581586588602500
  0.11684807554745438  0.12786155200795693  0.13823822715264744  0.14759458162959077
  0.15641534169766316  0.16581466168711989  0.17619511969683524  0.18746231154015527
  0.19869273097454559  0.20984401239197809  0.22116855755314338  0.23246636894474215
  0.24339481774109015  0.25376386190215927  0.26379207947410088  0.27416663213336273
  0.28474105222396240  0.29489801394929382  0.30482962737567776  0.31475764061705397
  0.32484526081328824  0.33537690720655788  0.34590459233719534  0.35654272281108884
  0.36745939016771167  0.37859729585080965  0.38994139519287846  0.40149810372308209
  0.41286060883040365  0.42283630336420136  0.43225903000123334  0.44229003143608009
  0.45273136843562523  0.46334379844960394  0.47316535349921512  0.48136383432555702
  0.49077072520025755  0.50173186847833517  0.51332110054627833  0.52444577511296908
  0.53494770798596247  0.54514765297715817  0.55543250147817402  0.56603509793214224
  0.57706524095376621  0.58813942583557222  0.59885790449076903  0.60937724573355223
  0.61986497930921958  0.63025683942568822  0.64051249019344048  0.65103292436697879
  0.66210825821127028  0.67352122234322875  0.68489365543243275  0.69609131152896042
  0.70727659247946018  0.71860159514785837  0.73023281600366552  0.74248422255379043
  0.75469653392023150  0.76690708365205351  0.77847179298988245  0.78976749316620343
  0.80018391249662046  0.81023341259723980  0.82061804829061880  0.83114500530977931
  0.84190620017880813  0.85252190689931784  0.86324835604884209  0.87445904614835779
  0.88618013285734198  0.89694581754674307  0.90614752171439772  0.91477940439227912
  0.92425378720457885  0.93429937389175344  0.94504153832295346  0.95594561097129793
  0.96682323641409840  0.97812567312572296  0.98926991209824267  1.00000000000000000
 -0.00278090271329065  0.01057165873668693  0.02157867510734452  0.03255694456605751
  0.04346699080036152  0.05467025658196469  0.06558198374851766  0.07682954561767262
  0.08843127393774251  0.09953923101258494  0.11024279099710106  0.12091663726432977
  0.13183631130707765  0.14309097909450952  0.15440922659768166  0.16574846037209690
  0.17735112880895648  0.18911411624852184  0.20076285580600864  0.21190352362610296
  0.22242441579797534  0.23270272872539527  0.24319232773242677  0.25419957436632884
  0.26530763660671686  0.27632344864672403  0.28734083980915298  0.29828053386560122
  0.30884643500971376  0.31890026702448737  0.32892225612687204  0.33902660038809024
  0.34943193627118180  0.36018809259645229  0.37091160574459270  0.38150342707124563
  0.39231711873432301  0.40344053681088105  0.41443294745685200  0.42492930779675969
  0.43531157873602849  0.44593746241251497  0.45646476035933720  0.46630758909119402
  0.47577068308201453  0.48588570254659019  0.49616473680641010  0.50594102123571849
  0.51560194032729079  0.52501463759782718  0.53560976380956826  0.54619650422703447
  0.55651464021081631  0.56698439738417128  0.57784768555236143  0.58877473243462231
  0.59935486803094495  0.60981579613456027  0.62045436538699961  0.63197999446618869
  0.64414099695516491  0.65458613883281858  0.66428842480188011  0.67410099230954013
  0.68407404921384907  0.69378444039546860  0.70321744842037393  0.71328286774012950
  0.72353919977541492  0.73359689435041042  0.74313413134049366  0.75292568781285374
  0.76303097537204423  0.77323135284502675  0.78302417843851391  0.79318474166444797
  0.80369876507632920  0.81495107672016032  0.82606365417870276  0.83760624862381938
  0.84834185775663706  0.85897189334716273  0.86940376132522401  0.88017407952265003
  0.89149260073244962  0.90357803079447208  0.91494440792507181  0.92462732659674673
  0.93367679156203720  0.94298229398363465  0.95215084924417070  0.96049186309071166
  0.97015872792275737  0.98023624700118972  0.99033601826710549  1.00000000000000000
 -0.00228755976785163  0.00908749485456036  0.01963675215190270  0.02975697392847347
  0.04050006323127756  0.05137370682002931  0.06161070883329742  0.07190239809121342
  0.08247552204826875  0.09324355595048921  0.10384643918673293  0.11369323577062962
  0.12332026819425534  0.13293128145631222  0.14256891685313608  0.15207008718324266
  0.16193612778229313  0.17231071010041552  0.18312384912646243  0.19398426902148652
  0.20485958944837651  0.21545356064746954  0.22540752098204714  0.23522359443837543
  0.24556681688549142  0.25624948269389969  0.26696896608250875  0.27745942587358630
  0.28842287965214802  0.30003892590227332  0.30997093968151268  0.31935587666341037
  0.32899318471124228  0.33801176726221566  0.34689458029605647  0.35655568646086855
  0.36609695716693069  0.37604872096130793  0.38612689494913927  0.39608732973750987
  0.40562103438090874  0.41465093688270044  0.42409012616164005  0.43460597795573869
  0.44510895804397077  0.45512878895828895  0.46537866222058838  0.47649462885125760
  0.48823221233667813  0.50026338458125719  0.51163485085721994  0.52236825256675001
  0.53279569933338256  0.54344202848184364  0.55442602360250692  0.56558455652256578
  0.57705133942482811  0.58882521600058957  0.60065556258292596  0.61225579529210206
  0.62349914162653253  0.63458514548476763  0.64549758184607919  0.65623352881042163
  0.66710557315187535  0.67788617532216899  0.68839534285801340  0.69920942957543819
  0.70984503916896435  0.71997966502797062  0.73038541605246865  0.74125741162141345
  0.75242341586694517  0.76345380425680620  0.77424774672243302  0.78453173931307574
  0.79448600497332256  0.80428357932810224  0.81405899339876731  0.82454681875657332
  0.83570269218451210  0.84726707055878148  0.85878261187185101  0.87041045501142600
  0.88130231677057058  0.89193430625752557  0.90264339438494301  0.91362644342432531
  0.92459430014277799  0.93553160438985805  0.94625281062193611  0.95719804672120767
  0.96776339699564218  0.97853890341545935  0.98935946914749862  1.00000000000000000
 -0.00022546573617515  0.00248822920702294  0.00436301676817270  0.00581046726702370
  0.00711734828681685  0.00839447075062332  0.00964904866186688  0.01085425119262590
  0.01197018803008357  0.01302785015587466  0.01408677904337061  0.01507699731985284
  0.01622425709960953  0.01742104355503468  0.01857561668955968  0.01983470894692108
  0.02104311458121546  0.02229227216862571  0.02357010516034711  0.02484717289467837
  0.02603274646585951  0.02710781017025763  0.02813437606016032  0.02921082650554512
  0.03044769227840903  0.03181459797186423  0.03315001268024351  0.03445210229177271
  0.03582698234630888  0.03728687702197905  0.03877446862796006  0.04032127057534458
  0.04180115393407416  0.04322500096430666  0.04458563317170727  0.04591180345854167
  0.04729937682268263  0.04863616259059587  0.05010833311676731  0.05164870764070253
  0.05304592442043704  0.05443647900851368  0.05579900956242020  0.05736348692500639
  0.05891543646693686  0.06056339068598741  0.06235943753879157  0.06430278614194836
  0.06634641284426153  0.06848425908602176  0.07075862360955987  0.07328095531809324
  0.07572423380418994  0.07797440149543550  0.07998023282804227  0.08189360544440753
  0.08392134338328168  0.08634278939282830  0.08890543856554531  0.09145130975827696
  0.09391746674307055  0.09593121313966767  0.09801145981231793  0.10002119027559710
  0.10250608421416633  0.10586044441758784  0.11017951686026255  0.11463958383559379
  0.11934670124318615  0.12381034531253837  0.12724144089000747  0.12961759369860876
  0.13167077813867789  0.13384681036539020  0.13616079118442379  0.13802240403794425
  0.13984501316802872  0.14213377478807063  0.14466034395714761  0.14750610863761052
  0.15010272862391169  0.15413127451641920  0.15921960272974489  0.16444250006167865
  0.16990657333618370  0.17552236178631517  0.17981979052273364  0.18527874012459966
  0.19210310516514187  0.19988947963802894  0.21490064219948790  0.22750879581208810
  0.26893951602083072  0.32905486650313981  0.47181049716324586  1.00000000000000000
 -0.00302341863830726  0.01049186410762684  0.02195251928992395  0.03251865058267454
  0.04276351901710400  0.05304412342997672  0.06335584329102893  0.07367939284122975
  0.08396381083468174  0.09403477615739476  0.10371913227289703  0.11319068198819303
  0.12325314443789240  0.13426129353968952  0.14588495659699197  0.15706490669131695
  0.16741248730593680  0.17708962904689807  0.18641808591796435  0.19565308065068565
  0.20562762625524095  0.21677885163110094  0.22835522109764061  0.23923256808155488
  0.24901142632432260  0.25856086898419839  0.26874085258542257  0.27936097810922866
  0.29003925032061934  0.30070514685933847  0.31126233360017952  0.32186110047420169
  0.33262500067996426  0.34366837492898256  0.35493437638650716  0.36587189155034089
  0.37598449051414679  0.38539436436682978  0.39484331361155944  0.40455505512002071
  0.41574541072965482  0.42666554124476563  0.43717346035417876  0.44785251225239292
  0.45883479054978427  0.46975206557224364  0.48037740385067185  0.49128136475306455
  0.50288104513657950  0.51483439464956127  0.52636443568254987  0.53731547331126250
  0.54792271288879135  0.55827700646422096  0.56882660196953727  0.58009427940368796
  0.59199949455465894  0.60345267953368253  0.61421505389782338  0.62293967010774276
  0.63148417452425643  0.64028223206328683  0.64986912475695269  0.66143297985733918
  0.67342717826796705  0.68559354925893901  0.69781392294246192  0.70982788751605352
  0.72113626843997347  0.73262701377482653  0.74377392642272644  0.75487360443755736
  0.76591190140103804  0.77695226162831066  0.78718594752265802  0.79737832374775774
  0.80747232846332306  0.81765643517355768  0.82728528414487734  0.83733343903910296
  0.84725614451047326  0.85752428785081136  0.86840904236076688  0.87911886599991595
  0.88914557875523226  0.89844008745102233  0.90759436853375719  0.91678474004921773
  0.92656397754322628  0.93741303532131559  0.94849264507648201  0.95922753370322067
  0.96928572805335833  0.97930484078853242  0.98973385352680665  1.00000000000000000
  0.00023385340517311  0.00072594959193259  0.00136944991299337  0.00187365519150776
  0.00231650891944663  0.00276292632898658  0.00324711870934061  0.00376112036870755
  0.00429801568108669  0.00486902456725379  0.00547787064819641  0.00610575446202507
  0.00674847837289642  0.00741604527677064  0.00811197184634275  0.00884080728805382
  0.00958539804436534  0.01034183202782959  0.01111266601563854  0.01189538478039140
  0.01270331374406793  0.01348689660235304  0.01433665413018045  0.01523034823833810
  0.01617702050726985  0.01710454328125243  0.01800031850619724  0.01885598884991863
  0.01970868994533301  0.02063718785229109  0.02167420015612835  0.02279950291988741
  0.02384887125576143  0.02480046256793127  0.02571480554017329  0.02662432822606758
  0.02758366354708119  0.02858238226192938  0.02961149344344443  0.03059465426254957
  0.03159228726945642  0.03265668477149727  0.03388356707834497  0.03505122303853837
  0.03657781853677153  0.03802859929227055  0.03939050241205879  0.04049843140613538
  0.04166659565185793  0.04289571752867487  0.04421121409517592  0.04569306657837426
  0.04746897267162456  0.04946650186334417  0.05079723673604970  0.05195871695000938
  0.05284431702860076  0.05357530896509281  0.05430102004355181  0.05546521528358772
  0.05688242123625104  0.05855228643520692  0.06025047634843260  0.06226199512704145
  0.06410914817987491  0.06574752825744272  0.06751109144149794  0.06979139142044880
  0.07205862308610983  0.07407593149977978  0.07606361639961200  0.07826468203594199
  0.08063770948227900  0.08401923992835038  0.08731795034065548  0.08994381422474580
  0.09374186782430316  0.09745705135094358  0.09883696724097082  0.10016025791770886
  0.10148753701592438  0.10305530387549848  0.10474807481764901  0.10681064068962419
  0.10906516581318919  0.11019097201115742  0.11105456518236638  0.11204971504353835
  0.11530730996015583  0.11750551192354114  0.12356605721172353  0.13849100939533351
  0.17930746775952766  0.22101249872171569  0.27622406438969221  1.00000000000000000
 -0.00320863147000590  0.01306690645318364  0.02672728221320374  0.04027083133062357
  0.05458636922757045  0.06938400134337804  0.08428040647127766  0.09882416612621663
  0.11296232032748825  0.12713031692568968  0.14058162220801079  0.15364957119358411
  0.16649860131721139  0.17912102601665872  0.19097455984265421  0.20193719890285800
  0.21283820545541060  0.22402397695239989  0.23510090350316937  0.24556347012206489
  0.25572289953941918  0.26577204356990719  0.27571614020461649  0.28574740087191741
  0.29636604107734604  0.30712891593051184  0.31742234738068265  0.32718288143575097
  0.33649390448265515  0.34554483985968165  0.35468297170414376  0.36406186299811527
  0.37364950020639898  0.38287729539919801  0.39054781774787695  0.39787752277069621
  0.40506074028140399  0.41255434179207923  0.42126982685558884  0.42972501158214782
  0.43798420911434544  0.44649572299206064  0.45514168816569212  0.46348112522704582
  0.47145911121370376  0.47938454292393534  0.48714334710221496  0.49511369706304142
  0.50330973192266093  0.51188959053288685  0.52040096410461978  0.52869335029735454
  0.53669126292739644  0.54454567910157992  0.55217918399729671  0.55997037640079628
  0.56798593901008076  0.57631928280901346  0.58522312577587088  0.59446147025448715
  0.60261718275210885  0.61054608093854978  0.61821972021366312  0.62520923402346462
  0.63254844135710575  0.64108356726264326  0.65026826511704994  0.65955283343827320
  0.66912354954850872  0.67889649102567429  0.68874631400576170  0.69836834495809874
  0.70818741667026985  0.71820140523092368  0.72823029556421881  0.73804699824422126
  0.74825195453456272  0.75942299004119462  0.77149884486118070  0.78392475019905306
  0.79660036290481584  0.80958814907996968  0.82358562424364867  0.83798638923541580
  0.85163903673723496  0.86457609749902209  0.87735519059241340  0.89081233575577401
  0.90485813734111176  0.91860756965892443  0.93191759233299465  0.94541953350053232
  0.95934649656577409  0.97347162110419116  0.98612836183943708  1.00000000000000000
  0.00013813424881926  0.00024893066037226  0.00037297848337986  0.00049470048986490
  0.00061130039326450  0.00072923232071199  0.00085211673195661  0.00098050015401735
  0.00111572607606569  0.00125936612231678  0.00141068693240212  0.00157052250427100
  0.00173854503125455  0.00191345859697712  0.00209580537473359  0.00229177008072372
  0.00250206718915390  0.00272068377804343  0.00294802206383418  0.00318882840412899
  0.00344713399967031  0.00372259042394980  0.00401502250587201  0.00432864364471530
  0.00465233310768675  0.00497262318776835  0.00529116705600427  0.00562766300057596
  0.00599840207887137  0.00640050848091052  0.00682398553361444  0.00726598860451638
  0.00772555918534127  0.00818036944017684  0.00861077043343055  0.00902332014792997
  0.00942813406459806  0.00984306379483284  0.01025386029555579  0.01072227702705316
  0.01132659975590734  0.01197435164241754  0.01262671334220884  0.01318935282700501
  0.01370731885152617  0.01412394624944045  0.01453017103098497  0.01489642505738292
  0.01533997326310908  0.01596526216909966  0.01682854887266121  0.01770089109791026
  0.01845081138331136  0.01918124669598314  0.01996142566644664  0.02057804120421731
  0.02113153704857415  0.02168248350119072  0.02241672009540665  0.02331493257933002
  0.02418050977245789  0.02504244033272127  0.02574713417441705  0.02624895812205244
  0.02676190252908565  0.02728388243882730  0.02782021923460122  0.02868068764490740
  0.02967373424626167  0.03041152841477992  0.03113981571278833  0.03171426638521005
  0.03195420089457435  0.03211184552434453  0.03228520021827520  0.03251243853004775
  0.03288962896671231  0.03334914968086463  0.03399300260252702  0.03522671719406911
  0.03646775436706944  0.03774636280830206  0.03882777649723509  0.03987081098483430
  0.04098988922978218  0.04203736351887730  0.04311590505694403  0.04487748821501954
  0.04622051056330440  0.04748353185713861  0.04867551857415067  0.04969380257331450
  0.05118258094570332  0.05497670549066880  0.15421505894726054  1.00000000000000000
 -0.00169718347566696  0.00545229563010359  0.01306984923888639  0.02063620436115396
  0.02813096885874974  0.03548832340266262  0.04273157112343570  0.04993013243205420
  0.05696593707548692  0.06385315812754802  0.07076693176706492  0.07781468784514618
  0.08514317345003962  0.09282471463571690  0.10094419575777897  0.10930572398765065
  0.11752888701020210  0.12604465343721125  0.13490828541417504  0.14433819843115156
  0.15410160281809915  0.16387815233976089  0.17363615510989680  0.18310448173143976
  0.19294974187608105  0.20312707370508215  0.21347179439547878  0.22463351791812033
  0.23574428459642305  0.24716731740921732  0.25870152391168549  0.27068069977927472
  0.28254188494595511  0.29401956403737439  0.30594972747874927  0.31894021884590357
  0.33257621687993982  0.34652020269518313  0.36126647319682231  0.37696630722012481
  0.39235705009984867  0.40687334578480439  0.42161389667626875  0.43673883533248370
  0.45262704089306505  0.46950377641722940  0.48679837531303893  0.50303147277112159
  0.51926026066322650  0.53498194777021979  0.55092695419158466  0.56664840449975262
  0.58106254780425903  0.59357755042034177  0.60652815801476201  0.61969063302719363
  0.63397242681862676  0.64849243963195224  0.66316474482593446  0.67780146951180142
  0.69169898568093358  0.70491433118509328  0.71755508300163007  0.72941219018346937
  0.74074487993684934  0.75173412594172584  0.76311795935076643  0.77485284264256482
  0.78641717073923845  0.79751837315875573  0.80820105464294589  0.81848317846204066
  0.82841277558767490  0.83795825067698793  0.84689002196994034  0.85482717128965946
  0.86240276231681223  0.87008878359488639  0.87725779368592394  0.88488944366702704
  0.89424450700718927  0.90273419260654153  0.91073762236226341  0.91834160953373944
  0.92615750695684262  0.93346655067280004  0.94047419432442947  0.94708088581391547
  0.95444651082795195  0.96172199734986530  0.96811877833554216  0.97410058839875613
  0.98037494303382045  0.98670187767556505  0.99291596198038867  1.00000000000000000
  0.48975246277924811  0.86306383425175914  0.90576928727134054  0.92476118650434613
  0.93607837067135358  0.94411804733297922  0.95025006173385496  0.95488913372747419
  0.95860385406238346  0.96146485010407379  0.96406270657810467  0.96637278592170417
  0.96838076229154157  0.97019280260553875  0.97181178196258389  0.97330794448641689
  0.97467554256497380  0.97595227063315504  0.97710726873641562  0.97814159826114055
  0.97908391810574691  0.97995126467364391  0.98077056258640538  0.98149095944869813
  0.98219724399373176  0.98287684633067685  0.98351898933810356  0.98412680385793716
  0.98471289838871723  0.98523754463218727  0.98573215969585992  0.98621038793398241
  0.98665783155325026  0.98707452255771078  0.98747959971185573  0.98786516182906869
  0.98823010819873647  0.98858686660266770  0.98894417929704714  0.98929993962819840
  0.98964477721796695  0.98997751230562558  0.99029000370977693  0.99057514375658751
  0.99086216607518318  0.99113019971683480  0.99140047945226417  0.99166587870653045
  0.99191826824473539  0.99216215760635351  0.99239853167332626  0.99262805724217362
  0.99285034984478759  0.99306283141327500  0.99327200963018425  0.99348104575093654
  0.99369006544787664  0.99389985329290009  0.99410673689750795  0.99430497077983560
  0.99449382913957696  0.99467709414961381  0.99485785104722513  0.99503169550933779
  0.99519879636546627  0.99535921370592739  0.99552008667825331  0.99567930402825455
  0.99583233712324903  0.99596848559870388  0.99610165553716845  0.99623153485894977
  0.99635534453239050  0.99647543987358034  0.99659472912169600  0.99671409777168618
  0.99683286983702790  0.99694993595224157  0.99706701548793064  0.99718248968757828
  0.99729601577535654  0.99740799136688285  0.99751891293969608  0.99763496512733740
  0.99775190128957070  0.99786864938887720  0.99799176158280400  0.99811876806256739
  0.99824024668703781  0.99837721510369248  0.99853853620652044  0.99872113192761791
  0.99889821061225448  0.99912223485607488  0.99945875273835549  1.00000000000000000
 -0.02278519667700975  0.10448241606509243  0.15808468896431663  0.18588752937652217
  0.20881583471890086  0.22803788433237762  0.24363672979703477  0.25635242970914129
  0.26742880275424541  0.27799890936731064  0.28838955393493043  0.29852135096178561
  0.30766558332961863  0.31625655760289528  0.32462407362439971  0.33307786407328949
  0.34136549661317089  0.34931363104788477  0.35711724818496832  0.36476505333880604
  0.37217393915217295  0.37938903002119717  0.38630769560576100  0.39304119118128511
  0.39979472759807433  0.40635565170147242  0.41264240564019333  0.41873630433245568
  0.42470609935667947  0.43081569337615677  0.43690529747185164  0.44310625000733855
  0.44904999352337133  0.45454741806989885  0.45973146868435827  0.46499414266660954
  0.47014160942901562  0.47545089714252442  0.48112947042187043  0.48702610458375978
  0.49290385697110523  0.49863662764672206  0.50429386283965472  0.50982717356202822
  0.51526022756085998  0.52063378022356577  0.52580615557972832  0.53090942264461294
  0.53600790905213147  0.54088876198795832  0.54504392469264851  0.54978284865849048
  0.55495838718611445  0.56021268017818049  0.56510344287388048  0.57010220692554558
  0.57522988883714632  0.58049605018174033  0.58558995378907486  0.59044413877698321
  0.59537916582273087  0.60055541769820497  0.60570952127810096  0.61058113947028780
  0.61542646950725965  0.62042356004792831  0.62571694704004877  0.63132820694646530
  0.63676995451830387  0.64208181308921453  0.64754712086041366  0.65331025590404523
  0.65871685474619801  0.66405877689259707  0.66979938138559447  0.67620049242571656
  0.68284749990816207  0.68963795361757985  0.69678065095031627  0.70412312170092117
  0.71168520932873502  0.71954809941702369  0.72748258088004281  0.73559568686003507
  0.74412025782103419  0.75321869399129682  0.76271853323542638  0.77226137377470994
  0.78209825602550409  0.79283746649184117  0.80506378312905891  0.81981929540837994
  0.83752487687112631  0.85794540698156818  0.88838678125413262  1.00000000000000000
   3.7883390747072617E-013  -1.0000000000000000     
 F F F F F F F F F F F F F F F F F F F F F F F F F F F F F F F F F F F F F F F F F F F F F F F F F F F F F F F F F F F F F F F F F F F F F F F F F F F F F F F F F F F F F F F F F F F F F F F F F F F F F F F F F F F F F F F F F F F F F F F F F F F F F F F F F F F F F F F F F F F F F F F F F F F F F F F F F F F F F F F F F F F F F F F F F F F F F F F F F F F F F F F F F F F F F F F F F F F F F F F F F F F F F F F F F F F F F F F F F F F F F F F F F F F F F F F F F F F F F F F F F F F F F F F F F F F F F F F F F F F F F F F F F F F F F F F F F F F F F F F F F F F F F F F F F F F F F F F F F F F F F F F F F F F F F F F F F F F F F F F F F F F F F F F F F F F F F F F F F F F F F F F F F F F F F F F F F F F F F F F F F F F F F F F F F F F F F F F F F F F F F F F F F F F F F F F F F F F F F F F F F F F F F F F F F F F F F F F F F F F F F F F F F F F F F F F F F F F F F F F F F F F F F F F F F F F F F F F F F F F F F F F F F F F F F F F F F F F F F F F F F F F F F F F F F F F F F F F F F F F F F F F F F F F F F F F F F F F F F F F F F F F F F F F F F F F F F F F F F F F F F F F F F F F F F F F F F F F F F F F F F F F F F F F F F F F F F F F F F F F F F F F F F F F F F F F F F F F F F F F F F F F F F F F F F F F F F F F F F F F F F F F F F F F F F F F F F F F F F F F F F F F F F F F F F F F F F F F F F F F F F F F F F F F F F F F F F F F F F F F F F F F F F F F F F F F F F F F F F F F F F F F F F F F F F F F F F F F F F F F F F F F F F F F F F F F F F F F F F F F F F F F F F F F F F F F F F F F F F F F F F F F F F F F F F F F F F F F F F F F F F F F F F F F F F F F F F F F F F F F F F F F F F F F F F F F F F F F F F F F F F F F F F F F F F F F F F F F F F F F F F F F F F F F F F F F F F F F F F F F F F F F F F F F F F F F F F F F F F F F F F F F F F F F F F F F F F F F F F F F F F F F F F F F F F F F F F F F F F F F F F F F F F F F F F F F F F F F F F F F F F F F F F F F F F F F F F F F F F F F F F F F F F F F F F F F F F F F F F F F F F F F F F F F F F F F F F F F F F F F F F F F F F F F F F F F F F F F F F F F F F F F F F F F F F F F F F F F F F F F F F F F F F F F F F F F F F F F F F F F F F F F F F F F F F F F F F F F F F F F F F F F F F F F F F F F F F F F F F F F F F F F F F F F F F F F F F F F F F F F F F F F F F F F F F F F F F F F F F F F F F F F F F F F F F F F F F F F F F F F F F F F F F F F F F F F F F F F F F F F F F F F F F F F F F F F F F F F F F F F F F F F F F F F F F F F F F F F F F F F F F F F F F F F F F F F F F F F F F F F F F F F F F F F F F F F F F F F F F F F F F F F F F F F F F F F F F F F F F F F F F F F F F F F F F F F F F F F F F F F F F F F F F F F F F F F F F F F F F F F F F F F F F F F F F F F F F F F F F F F F F F F F F F F F F F F F F F F F F F F F F F F F F F F F F F F F F F F F F F F F F F F F F F F F F F F F F F F F F F F F F F F F F F F F F F F F F F F F F F F F F F F F F F F F F F F F F F F F F F F F F F F F F F F F F F F F F F F F F F F F F F F F F F F F F F F F F F F F F F F F F F F F F F F F F F F F F F F F F F F F F F F F F F F F F F F F F F F F F F F F F F F F F F F F F F F F F F F F F F F F F F F F F F F F F F F F F F F F F F F F F F F F F F F F F F F F F F F F F F F F F F F F F F F F F F F F F F F F F F F F F F F F F F F F F F F F F F F F F F F F F F F F F F F F F F F F F F F F F F F F F F F F F F F F F F F F F F F F F F F F F F F F F F F F F F F F F F F F F F F F F F F F F F F F F F F F F F F F F F F F F F F F F F F F F F F F F F F F F F F F F F F F F F F F F F F F F F F F F F F F F F F F F F F F F F F F F F F F F F F F F F F F F F F F F F F F F F F F F F F F F F F F F F F F F F F F F F F F F F F F F F F F F F F F F F F F F F F F F F F F F F F F F F F F F F F F F F F F F F F F F F F F F F F F F F F F F F F F F F F F F F F F F F F F F F F F F F F F F F F F F F F F F F F F F F F F F F F F F F F F F F F F F F F F F F F F F F F F F F F F F F F F F F F F F F F F F F F F F F F F F F F F F F F F F F F F F F F F F F F F F F F F F F F F F F F F F F F F F F F F F F F F F F F F F F F F F F F F F F F F F F F F F F F F F F F F F F F F F F F F F F F F F F F F F F F F F F F F F F F F F F F F F F F F
  <DiscreteSampler_grid>
  grouped_processes
  1 # 1 for a reference and 2 for a running grid.
  10 # Attribute 'min_bin_probing_points' of the grid.
  1 # Attribute 'grid_mode' of the grid. 1=='default',2=='initialization'
  0.0000000000000000 # Attribute 'small_contrib_threshold' of the grid.
  0.5000000000000000 # Attribute 'damping_power' of the grid.
 # binID   n_entries weight   weight_sqr   abs_weight
    49   10   6.895074223290923E-007   4.583961706239365E-012   6.895074223290923E-007
    52   10   1.379014844658185E-006   1.833584682495746E-011   1.379014844658185E-006
    55   10   1.376968253191856E-006   1.828943429230428E-011   1.376968253191856E-006
    56   10   1.376968253192420E-006   1.828943429231959E-011   1.376968253192420E-006
    58   10   2.753936506383712E-006   7.315773716921710E-011   2.753936506383712E-006
    59   10   2.753936506384839E-006   7.315773716927838E-011   2.753936506384839E-006
    61   10   1.391772234590967E-006   1.879039344813945E-011   1.391772234590967E-006
    62   10   1.391772234591541E-006   1.879039344815524E-011   1.391772234591541E-006
    64   10   2.783544469181935E-006   7.516157379255782E-011   2.783544469181935E-006
    65   10   2.783544469183082E-006   7.516157379262097E-011   2.783544469183082E-006
    73   10   1.394034145844074E-006   1.884471913523776E-011   1.394034145844074E-006
    74   10   1.394034145844650E-006   1.884471913525360E-011   1.394034145844650E-006
    76   10   2.788068291688149E-006   7.537887654095105E-011   2.788068291688149E-006
    77   10   2.788068291689299E-006   7.537887654101439E-011   2.788068291689299E-006
    79   10   1.197841544585127E-006   1.420621597376453E-011   1.197841544585127E-006
    82   10   2.395683089170253E-006   5.682486389505811E-011   2.395683089170253E-006
    85   10   2.392881618798641E-006   5.669173292351390E-011   2.392881618798641E-006
    86   10   2.392881618799608E-006   5.669173292355997E-011   2.392881618799608E-006
    88   10   4.785763237597282E-006   2.267669316940556E-010   4.785763237597282E-006
    89   10   4.785763237599216E-006   2.267669316942399E-010   4.785763237599216E-006
    94   10   6.895074223290910E-007   4.583961706239345E-012   6.895074223290910E-007
    97   10   1.379014844658182E-006   1.833584682495738E-011   1.379014844658182E-006
    100   10   1.376968253191854E-006   1.828943429230420E-011   1.376968253191854E-006
    101   10   1.376968253192419E-006   1.828943429231957E-011   1.376968253192419E-006
    103   10   2.753936506383707E-006   7.315773716921679E-011   2.753936506383707E-006
    104   10   2.753936506384838E-006   7.315773716927827E-011   2.753936506384838E-006
    106   10   1.391772234590967E-006   1.879039344813941E-011   1.391772234590967E-006
    107   10   1.391772234591541E-006   1.879039344815521E-011   1.391772234591541E-006
    109   10   2.783544469181933E-006   7.516157379255764E-011   2.783544469181933E-006
    110   10   2.783544469183081E-006   7.516157379262084E-011   2.783544469183081E-006
    118   10   1.394034145844073E-006   1.884471913523773E-011   1.394034145844073E-006
    119   10   1.394034145844647E-006   1.884471913525355E-011   1.394034145844647E-006
    121   10   2.788068291688147E-006   7.537887654095092E-011   2.788068291688147E-006
    122   10   2.788068291689295E-006   7.537887654101420E-011   2.788068291689295E-006
    124   10   1.197841544585123E-006   1.420621597376445E-011   1.197841544585123E-006
    127   10   2.395683089170246E-006   5.682486389505779E-011   2.395683089170246E-006
    130   10   2.392881618798636E-006   5.669173292351363E-011   2.392881618798636E-006
    131   10   2.392881618799611E-006   5.669173292356010E-011   2.392881618799611E-006
    133   10   4.785763237597272E-006   2.267669316940545E-010   4.785763237597272E-006
    134   10   4.785763237599222E-006   2.267669316942404E-010   4.785763237599222E-006
    139   10   6.895074223290926E-007   4.583961706239369E-012   6.895074223290926E-007
    142   10   1.379014844658185E-006   1.833584682495748E-011   1.379014844658185E-006
    169   10   1.197841544585134E-006   1.420621597376471E-011   1.197841544585134E-006
    172   10   2.395683089170269E-006   5.682486389505885E-011   2.395683089170269E-006
    184   10   6.895074223290915E-007   4.583961706239349E-012   6.895074223290915E-007
    187   10   1.379014844658183E-006   1.833584682495740E-011   1.379014844658183E-006
    214   10   1.197841544585135E-006   1.420621597376473E-011   1.197841544585135E-006
    217   10   2.395683089170271E-006   5.682486389505894E-011   2.395683089170271E-006
  </DiscreteSampler_grid>
