  0.00179812244389716  0.02063561481932278  0.04357708140925472  0.06385402940912252
  0.08089208865845712  0.09913263448987435  0.11428033087793114  0.12690110813830058
  0.13363840329422941  0.14051691786709145  0.14687832332596562  0.15275486179003961
  0.15956175398550226  0.16864017747260343  0.18135206216758509  0.19873539816896654
  0.21779809410506315  0.23264980413846978  0.24432471839546246  0.25727433142387579
  0.27014140514114082  0.27987142412794430  0.28534358214378380  0.29338193475915308
  0.30380691818466138  0.31548346927334359  0.32241210366557088  0.32784187106556301
  0.33315962668445359  0.33834295895856320  0.34250244183749423  0.34940535801572697
  0.36326951428522358  0.37495165285501869  0.38819865783186308  0.40010581006994211
  0.40493696828664955  0.40976885847760502  0.41498732140222339  0.42032768460836378
  0.42591373733842719  0.43711869276734061  0.44468623932464268  0.45421145234824201
  0.46600048732204286  0.47237985659252507  0.47715688367068892  0.48154874623410360
  0.48891531011087724  0.50160344196467477  0.51661768989401247  0.52987686852883675
  0.53671631664429198  0.54230119001086441  0.54868387041755562  0.55581187488998673
  0.56122698961995487  0.56776801163542701  0.57858808911378179  0.59309791885468433
  0.60821432001007669  0.61925327293330990  0.63082342287129989  0.64126820373005544
  0.65078637746153156  0.65852914819801656  0.66680268782652907  0.67397198636101141
  0.68044449603500878  0.68707194877344357  0.69652724779818709  0.70618994243178712
  0.71426210872874285  0.72436838026200934  0.73419482393718738  0.74116058625366776
  0.75016711985525819  0.76180372560530718  0.77247330274992920  0.78210340820399571
  0.79398086755801689  0.80893696286173378  0.82678619165330003  0.84327177976412326
  0.85648153677325278  0.86764830122640724  0.88193827230651289  0.90419323283429376
  0.92338957238519781  0.93815212654855651  0.95010751185622866  0.95990360077536419
  0.97100372217736919  0.98176928109397210  0.99256925001606933  1.00000000000000000
  0.00863915151207971  0.02094999886021716  0.03101486077400029  0.04033674528437754
  0.05369378476800793  0.06809320492882434  0.07808112213178094  0.08704820220390981
  0.09432512878352427  0.10148618746125748  0.10841698178679168  0.11498839177228674
  0.12155980175778182  0.12786562265715978  0.13412835310751753  0.14564532523840393
  0.15955144254867401  0.17469115026848295  0.19022370932788538  0.20936941781789253
  0.22786551505472089  0.24027038805194076  0.25070883775954916  0.26145951425324748
  0.27179127051403645  0.28021876169535320  0.28778074773738005  0.29556021779508074
  0.30558829562563145  0.32025450461548399  0.33063044742148134  0.34025602480584882
  0.34832272093967914  0.35619729477183287  0.36631960001342762  0.37773816823799672
  0.38821198820255209  0.39702935149227975  0.40593863809879421  0.41653647212180384
  0.42591510313491693  0.43321303877554607  0.44042745366272046  0.44867206153962808
  0.45827114229825150  0.46853681370656514  0.47919346394603834  0.49146855799967520
  0.50267194559524830  0.51212706332549152  0.51908610145646750  0.52650505823753146
  0.53912570209815858  0.54707774353413663  0.55633849438296479  0.56534593641027464
  0.57358264700265837  0.58116912073711846  0.59027988007550303  0.59638526555288118
  0.60233246826300990  0.61044243924775321  0.62097327170884697  0.63233615785854769
  0.64127553639665458  0.65033096332108808  0.65977194404749584  0.66801375388593043
  0.68118335499573845  0.69271068265267066  0.70029026111411818  0.70800359914968991
  0.71721169093977355  0.72773069143714675  0.73747766322120156  0.74818362847919140
  0.75783268911079715  0.76640189383351298  0.77605269138685007  0.78776774374016567
  0.79489130946392528  0.80226482707754487  0.81109930987780299  0.82050442682384928
  0.82993733805351366  0.84149929828570846  0.85477267818687763  0.87091759916178690
  0.88947327441965840  0.90840229215436719  0.92239811899376156  0.93508331883266849
  0.94994144723441987  0.96518504643539982  0.98259252321770008  1.00000000000000000
  0.00016533679702384  0.00020378449833666  0.00020961559892502  0.00021266685220037
  0.00021607045806465  0.00022026242976692  0.00022493805973398  0.00023116418653596
  0.00023717419030022  0.00024058040468513  0.00024259642410790  0.00024472298719088
  0.00024680907413860  0.00024897433980991  0.00025175747013392  0.00025495142681050
  0.00025736051611159  0.00025939050855846  0.00026128461009209  0.00026318434984929
  0.00026509325944420  0.00026810825867148  0.00027053181120899  0.00027293011260108
  0.00027500254378412  0.00027678173990957  0.00027850166918440  0.00027994493956140
  0.00028225814272971  0.00028539691901238  0.00028802325134954  0.00029017047114099
  0.00029150985981735  0.00029282433157571  0.00029411847391227  0.00029544977321952
  0.00029679874150127  0.00029887520432031  0.00030190410006036  0.00030517960250765
  0.00030774580478275  0.00031079277856831  0.00031328374649003  0.00031497520930800
  0.00031668382065352  0.00031829019194859  0.00032008302186549  0.00032339718385209
  0.00032716462828368  0.00033138739808956  0.00033831215703865  0.00034438748975187
  0.00034938374829231  0.00035385233097709  0.00035813052135732  0.00036271671485759
  0.00037089154833893  0.00037767798658508  0.00038575675136187  0.00039650528224783
  0.00040775347532360  0.00041750942784032  0.00042327626457593  0.00042787634612561
  0.00043204300578681  0.00043485350563942  0.00043713584959160  0.00044323147596296
  0.00044962179501198  0.00045620785334301  0.00046013909758215  0.00046322530591815
  0.00046758711240484  0.00047200802485398  0.00047664206853114  0.00048242515577158
  0.00048952892859692  0.00049712512573207  0.00050679506777466  0.00051865253706341
  0.00053142920242164  0.00054312458976198  0.00055536562159837  0.00057001318900928
  0.00058962978178592  0.00061708415595440  0.00065197438617573  0.00069091497923634
  0.00072805601502197  0.00082413170997553  0.00094652821997424  0.00107341767101999
  0.00120179105959188  0.00128679196221069  0.06016711547814940  1.00000000000000000
  0.00022140727856456  0.00029151499479586  0.00035303166668830  0.00040413423871301
  0.00044918881737945  0.00048614050945772  0.00051833039285152  0.00056716854758680
  0.00061317205555955  0.00063713262951803  0.00065669575434672  0.00067935487711528
  0.00070860759466778  0.00073840388366894  0.00077869777322370  0.00082695599966674
  0.00086670878044239  0.00090093251154496  0.00093719483645595  0.00097593712760493
  0.00101592999861381  0.00105547593979058  0.00107992138684448  0.00109904963484716
  0.00112047780158487  0.00114066153290480  0.00115703062705693  0.00117933068770765
  0.00120986576167540  0.00124202119466653  0.00126521311938125  0.00130071936543765
  0.00134452325300758  0.00138166081637348  0.00142224460020095  0.00146108512315815
  0.00149784676665276  0.00152859496869394  0.00155831792780338  0.00157648050388689
  0.00159097607397803  0.00160326556172892  0.00161602153915266  0.00162964368124744
  0.00165611418171613  0.00168207719066220  0.00170202685191044  0.00171597461589655
  0.00172964739280516  0.00175277598693982  0.00179959366461499  0.00185568258577671
  0.00191277078878520  0.00197084497538094  0.00201695169722256  0.00205473951872297
  0.00209464173295850  0.00213710645236311  0.00218227115829922  0.00224834726085048
  0.00232218754956672  0.00238587018615887  0.00246129890217138  0.00253555774494474
  0.00259565340391658  0.00266206423989944  0.00275195341163655  0.00285948759335944
  0.00296084567284376  0.00306339319401537  0.00317377786901213  0.00327852653374754
  0.00336778432735143  0.00344597967897439  0.00351356165935029  0.00361680241963417
  0.00375932586339321  0.00392318453014288  0.00408558704375433  0.00425359104838682
  0.00444884085756216  0.00463861775264998  0.00481055163315638  0.00500562566807245
  0.00525791930332798  0.00559966222046026  0.00598751929939089  0.00657123668644318
  0.00716131999695958  0.00764584393416182  0.00835417483055214  0.00951667480900143
  0.01162058759098883  0.01490528562838049  0.17570148481170084  1.00000000000000000
  0.00228274959352672  0.01531805250464735  0.02657747086721483  0.03876095048908032
  0.05367578706511507  0.07385446103927604  0.09824201483625701  0.11239942189991188
  0.12321652771347889  0.13357488522837888  0.14313677098827560  0.15303668282395372
  0.16417002622350582  0.17274471997124699  0.18512614676037192  0.19610734265059743
  0.20860373436516327  0.22239791564425945  0.23738827069728169  0.24789001310419317
  0.25481501744441326  0.26147715822614581  0.27177613130943301  0.28073896240194340
  0.28994213503228689  0.30070203074128815  0.31546698440432164  0.32660171183664688
  0.33959771971265507  0.35295490047293226  0.36466928618373157  0.37109912809431722
  0.37483791249328868  0.37852599030528861  0.38224456464107703  0.38647317978785262
  0.39157211178484125  0.39992941160038892  0.40944749849673395  0.41706971628120737
  0.42514606832174057  0.43217251277312341  0.43942466408437608  0.44981452640693548
  0.46089991651491530  0.46929364720775452  0.47724209094960596  0.48427766531160676
  0.49137102048388248  0.49934435890499107  0.50788405327685948  0.51923980080957866
  0.53423447289366643  0.54335109403952253  0.55037453601087194  0.55651691586618468
  0.56179396952963412  0.56676567366729802  0.57376445715584479  0.58298933983422063
  0.59418237978355770  0.60256220119117632  0.60899369500485134  0.61725907081770615
  0.63042405172468052  0.63986137216191874  0.64762696674048481  0.65788895746016618
  0.66565790141006098  0.67578904604531331  0.68933638365859673  0.70535694737933274
  0.71943915259618885  0.73613204897643192  0.74703936605659793  0.75546307241864497
  0.76116320699382267  0.76925717888577982  0.77966222497207371  0.78845849885234032
  0.79623412395535664  0.80353505527146007  0.80791798050871444  0.81458484082046911
  0.82649302125098401  0.83993966964430078  0.85793905488246913  0.87782839836857129
  0.90144661359706757  0.92341185159978467  0.94097462662830722  0.95470406647790140
  0.96795365654601073  0.97781372420667978  0.98782420446260888  1.00000000000000000
 -0.00000245273725591  0.00003809905597832  0.00004841262655646  0.00005525766384000
  0.00006660677161639  0.00007438603629552  0.00008000319047921  0.00008393207933006
  0.00008619545834561  0.00008831199732999  0.00009012777413669  0.00009231170802074
  0.00009647424732552  0.00010051066346568  0.00010425132544546  0.00010824887817891
  0.00011302859129308  0.00011711263045920  0.00012145133713235  0.00012497911607486
  0.00012868025399460  0.00013248662194061  0.00013653093348102  0.00014107405868509
  0.00014552636569513  0.00014987364440998  0.00015489221407409  0.00016144641800489
  0.00017263425206724  0.00018415535020038  0.00019436207331146  0.00020376763143292
  0.00021382808004096  0.00022327645969484  0.00023217393212178  0.00023976308087141
  0.00024649818844274  0.00025361883911357  0.00026167455445566  0.00027055851375907
  0.00028041764216248  0.00029067296870089  0.00030091762594922  0.00031191406753644
  0.00032324682284087  0.00033603990716422  0.00035444484871807  0.00038438997950328
  0.00041559197962401  0.00045330230484990  0.00049615804745697  0.00052960481206201
  0.00056281451366056  0.00059820105420104  0.00063571562209623  0.00067546259786222
  0.00072324182459178  0.00075118930208563  0.00078441045690243  0.00081612330793870
  0.00084293929739131  0.00087400592858351  0.00091269853980381  0.00094588623127948
  0.00097617329825275  0.00101331116246892  0.00106961871238522  0.00113767036617928
  0.00121584966676634  0.00128476632750017  0.00134432459100159  0.00140136831204913
  0.00145575254858510  0.00151363933275338  0.00161477869412811  0.00181225798905609
  0.00206618151657267  0.00231752419696280  0.00254255797152245  0.00278735810838608
  0.00311160102209721  0.00363516291651192  0.00436193137471754  0.00495916548046018
  0.00536415910501460  0.00573845714461944  0.00611606414777598  0.00650947584727900
  0.00729117137563802  0.00908441932727033  0.01029883193016273  0.01251872814443766
  0.01614041463632486  0.07965088628012414  0.64270417420213133  1.00000000000000000
 -0.00000027258980452  0.00000489585002650  0.00001030305610962  0.00001735633655737
  0.00002433132530569  0.00003156656147970  0.00004020964546403  0.00005257844614799
  0.00006358083430609  0.00007768450210903  0.00010000161756461  0.00012854422768193
  0.00015456993410658  0.00018151285329858  0.00021710892575728  0.00026524754208592
  0.00032183136612243  0.00038455174407418  0.00045933047290327  0.00054284736100541
  0.00062634288939478  0.00070071351240634  0.00076492376683153  0.00081394697073365
  0.00085925845241750  0.00090435139013756  0.00093938857873655  0.00097721338284473
  0.00101963348619569  0.00106160494225580  0.00111096401807120  0.00117236609310368
  0.00124853769111016  0.00131355654763971  0.00136561958515918  0.00140733567943939
  0.00148054295835652  0.00154132788445420  0.00159145154367995  0.00163603756381197
  0.00168182179154423  0.00171977398199290  0.00174710755124530  0.00177847500752294
  0.00181463334713747  0.00187300770050956  0.00194360013060012  0.00201968329035835
  0.00208316809967343  0.00213681778976631  0.00220548983247164  0.00226657073805307
  0.00230377983985953  0.00234653260190338  0.00240532149358319  0.00247596516965424
  0.00256826754019396  0.00266656330755157  0.00277264411290113  0.00288060331605525
  0.00298969718540540  0.00311586905829685  0.00324411399063966  0.00340631671302746
  0.00356777638148054  0.00380024352397091  0.00407432750126820  0.00435940909158691
  0.00467612646387262  0.00502717151846492  0.00540662547098451  0.00584906644735764
  0.00641959961980212  0.00690070711280952  0.00735386616466319  0.00780734993407397
  0.00845954579667160  0.00953596825573559  0.01036471758887679  0.01105781049972860
  0.01139628365566298  0.01182594078120008  0.01236294850272622  0.01304461759749340
  0.01423063649544922  0.01630612640238003  0.01773167950481824  0.02002741313811027
  0.02282752200069513  0.02416071675250605  0.02541400270991579  0.02662091470566577
  0.03268558819487028  0.03991817565072506  0.08240627431397204  1.00000000000000000
 -0.00500994282303217  0.02023517508424025  0.03906091117586317  0.05611216730698076
  0.07452601061574142  0.08605513061791287  0.09449883677691368  0.10207611132907343
  0.10910712669580057  0.11732451586725111  0.12773015975401797  0.13960362579213395
  0.15042417640784431  0.15970641926026674  0.16757213090541967  0.17929104264845960
  0.19620219944958625  0.21158470527362902  0.22792647110709990  0.24042572056898670
  0.25054988945200568  0.25919476485492376  0.26542684977487924  0.27107989602633231
  0.27893617447172797  0.28817913066112233  0.30103731464918476  0.31351131764274515
  0.32460332693671623  0.33459225985529678  0.34375665687843748  0.35401915204002837
  0.36535800780949440  0.37417980216365593  0.38242854764866530  0.39197589210260808
  0.40455233697091497  0.41945430468407641  0.43571811227921425  0.45162847308266701
  0.46318736810172262  0.47202641145544155  0.48062406886362358  0.48986722700696123
  0.49848220025210116  0.50560491619126557  0.51170121338120456  0.52059691126707985
  0.52942064714119663  0.53754088486080975  0.54455437605968604  0.55189480314180450
  0.55994767181870519  0.56728486509407250  0.57689685473854213  0.58704588561100168
  0.59617702034080267  0.60376671478890986  0.61268791772946318  0.62367829082131110
  0.63534017042629676  0.64192238392288836  0.64849270433931827  0.65508070605633806
  0.66490128762311584  0.67570181980498978  0.68749745844445787  0.69884377049063739
  0.70810442401326334  0.71618406559066206  0.72169879101908008  0.72864751229552827
  0.73252822404238294  0.73465221679917803  0.73693718461993551  0.73991887543461776
  0.74696410035599559  0.75696343236057395  0.76586382325825741  0.78200924455103027
  0.80112459622154208  0.81868579030047883  0.83390937345089156  0.84781934710756224
  0.85451268894099752  0.86118075226387303  0.86785481531757280  0.87507222425947695
  0.88273207679295129  0.89969615749653920  0.92278360253607217  0.93618222069433510
  0.94787635837963724  0.96496576276912283  0.98560959124685532  1.00000000000000000
 -0.00305406981688794  0.01436673962439435  0.02805608660171828  0.03845925272316526
  0.05038281754381573  0.06186610982073452  0.06928047768278778  0.07937527046346099
  0.09023263823327336  0.10075850356052121  0.11034516008394643  0.11932385707913443
  0.12920695631333709  0.13987735212365421  0.15061113242963711  0.15969241926842107
  0.16849481049204923  0.17814632027533861  0.19005564964996011  0.20566704785022616
  0.22239797044655812  0.23784389286370070  0.25065699251069357  0.26429806820136814
  0.27876432541733237  0.29052944219361887  0.30423620528662121  0.31665625653730445
  0.33260896027681319  0.34751000808190496  0.35799451941014326  0.36454121178276505
  0.37295968849183336  0.38622893777092937  0.40254677619965701  0.41625021161012343
  0.42535813788552856  0.43305540010923865  0.43953093590104014  0.44736613353209204
  0.45773705589358915  0.46552332560507487  0.47352701644165202  0.48332338705305272
  0.49688779544420625  0.51088075956801082  0.52451720405340274  0.53864379774612237
  0.55124813115500348  0.55740802752268270  0.56386808052060389  0.57082847712249107
  0.57633488914395170  0.58029296066404046  0.58428669432241764  0.58859575129230057
  0.59327863749947440  0.59855828249677234  0.61201837223725353  0.63289082246328165
  0.64831837922630808  0.65962625152966547  0.67097113755056281  0.68452057877789052
  0.69914353552782937  0.70831973384556246  0.71486711336439057  0.72092165020496812
  0.72542254392786842  0.72880388708857280  0.73108823262041778  0.73316387534670679
  0.73518739695547541  0.74041386460751779  0.74969061514641500  0.76034820353906618
  0.77090219140155725  0.78181542018565331  0.79344529831651123  0.80686651510017116
  0.82279047078911527  0.83771157759844916  0.85081698081122692  0.86263654863727657
  0.87172727417841089  0.88455938185817595  0.89936130452711105  0.91606778818104195
  0.93416543798409679  0.94911492977959455  0.95954311752215016  0.96685870964111231
  0.97553400789401934  0.98266233297141303  0.99067309028003814  1.00000000000000000
 -0.00239140807486389  0.01019878769876320  0.02351064538124626  0.03228759788941331
  0.04139468777758646  0.05188898725024952  0.06208744130674657  0.07163580167510142
  0.08375349689871427  0.09841150933614316  0.10978127805512257  0.11885791830810444
  0.12723309494487139  0.13357257337880477  0.13958241320592829  0.14864841300724685
  0.16455119701217166  0.18140516528854192  0.19565935867001849  0.21071000264087633
  0.22649980416530993  0.24319035440891298  0.25696799501648959  0.26935800014942535
  0.28153425132505205  0.29319340651474063  0.30519552174081099  0.31910808102263477
  0.33339600978790657  0.34711223271725455  0.35584828142945879  0.36207436712574792
  0.36812795541670162  0.37383900452228996  0.37953444339172976  0.38452020423391353
  0.38950596507609725  0.39889595146610124  0.40992946775327832  0.42080640874898595
  0.43220808391490811  0.44303653976961915  0.45592435848535884  0.47008674165916664
  0.48350138164788520  0.49458991555663112  0.50509565366074360  0.51482760689319640
  0.52548260399170987  0.54225588086812027  0.55840366982583645  0.57138740591952908
  0.58427825289910373  0.59674954045951778  0.60827045865941298  0.61763717224690062
  0.62651527240309002  0.63425785041057903  0.64249364305118972  0.65087163488979560
  0.65726020192102730  0.66562956506484994  0.67477685130935061  0.68637045729953194
  0.69716452243815974  0.70773964347420359  0.71687679987311703  0.72427528872958225
  0.73159230560445243  0.73929585593393687  0.74658338257898282  0.75633652384198025
  0.77314289832173122  0.79431268015981005  0.80868536973991445  0.81747672794894299
  0.82885140709183203  0.83812183958419839  0.84527948313549683  0.85164862199665659
  0.85876028894269996  0.86683501496970616  0.87595750958834495  0.88358449128947125
  0.88950246145936651  0.89712097546066738  0.90533584859629401  0.91124351353758759
  0.91770015450923637  0.92621261174567182  0.93545807103301748  0.94686251998738180
  0.96717993128359736  0.98307117407047562  0.99263061932444085  1.00000000000000000
 -0.00586699785986144  0.01709199226390054  0.03376303786437915  0.04835509032860928
  0.06249298266833284  0.07406831246084887  0.08586364652935456  0.09112617288544694
  0.09738301701887558  0.10809976158372503  0.12640197098153511  0.14383614988784210
  0.15850970492015318  0.16939388524559271  0.17566740212735055  0.18024847592379920
  0.18510174346397373  0.18934096334851233  0.19359666215978535  0.19968291272590191
  0.20805425062051819  0.22100049883526054  0.23475436668332439  0.24790308235672284
  0.25901488744212248  0.26742115952672640  0.27596940326105246  0.28464104804340984
  0.29432621504587636  0.30443861804178052  0.31987180646123659  0.33176185831002780
  0.34013500908494426  0.34813139627882450  0.35797786734181714  0.36781307375668076
  0.37828946335541019  0.38877396848382767  0.40318222219014149  0.41659046298977154
  0.42439905037437964  0.42980849559778989  0.43649701164934029  0.44584486121752276
  0.45652462361802132  0.46655617209323302  0.47123584692143400  0.47540131418286624
  0.47993383814345231  0.48459848790436838  0.48972174742803209  0.49712562808601124
  0.50872400517820948  0.52088806654673858  0.53161596116695298  0.54129987390922862
  0.55023965226051130  0.55670005675784417  0.56206836908653135  0.56838846503483931
  0.57538531146813088  0.58120181172524799  0.58900648369131403  0.60269042924655947
  0.61324901131778886  0.62325712244245446  0.63301929251206912  0.64298302076504454
  0.66114444572846476  0.67982485159526695  0.70201939377797307  0.72199035963461178
  0.73984066171470719  0.75513601599230273  0.76861039672803422  0.77776810533565766
  0.78506172796706741  0.79393633205739844  0.80204397590591880  0.80751549422796676
  0.81421754787930445  0.82225710505451055  0.83047530330863206  0.83924864889118400
  0.84886714359706128  0.85933959267333837  0.87437178801908644  0.89247321395065882
  0.90940369468978732  0.93205901983420292  0.95088862057278989  0.96356498746571195
  0.97212660690905295  0.98219110443272872  0.99158522863394527  1.00000000000000000
 -0.00269930369196407  0.01334672406703388  0.03044804403346024  0.05395584741447937
  0.08061293864319410  0.09602726591225369  0.10353589751458417  0.11000694500001829
  0.11659898280463159  0.12363219034849626  0.13311006512606427  0.14420802805249991
  0.15611616612421669  0.16598249187606967  0.17532917230084641  0.18410799285061000
  0.19353644571139661  0.20276580577116776  0.21198864907270515  0.21998278319991521
  0.22726209566391198  0.23301992022333892  0.23943844935127231  0.24757460786499699
  0.26092185918533356  0.27553200081338514  0.28700847625100540  0.29524076967355184
  0.30301714163012250  0.31054775793369066  0.31913787670530086  0.32967722035481978
  0.33946077433021477  0.34632713590275777  0.35298938674428842  0.36180570915243232
  0.36998170820631937  0.37734289477459171  0.38398105271792721  0.38981182641413870
  0.39500878607390805  0.40058327862209037  0.41169150778582986  0.42786460505936647
  0.44609196920368249  0.46304772513602477  0.47656466459412700  0.48823465241005304
  0.49856624245966347  0.50751616277800182  0.51666966505671508  0.53040252850093861
  0.54420276819350877  0.55674176603133074  0.56756782597998257  0.58021917743429474
  0.59339157690870492  0.60736410865252777  0.62140920858425142  0.63451402175123395
  0.64719188151947593  0.66054143342487215  0.67479845376630598  0.68835219915039170
  0.69980111502349851  0.71336052682206907  0.72270687430944569  0.73092876515526728
  0.73948774563584685  0.74699890601859087  0.75268478673281636  0.76226701441204325
  0.77855724279596306  0.79839213260683539  0.81881081006071887  0.83392669041812950
  0.84399025362631463  0.85247717048934080  0.85635044670316030  0.86103071270462417
  0.86826066544559466  0.87764551721696582  0.89025572751327364  0.90538987594485176
  0.91570826194237787  0.92283711047661476  0.92984899342822513  0.93677432906192148
  0.94589287781172515  0.95598210233780523  0.96381826257082459  0.97118088333988262
  0.97656272480442485  0.98249496301441297  0.99124748150720665  1.00000000000000000
 -0.00408108803663360  0.01786519323691722  0.02949126979459314  0.04134545879895630
  0.05181780317630304  0.06389613621562705  0.07583032099020863  0.08718439305084981
  0.09977011092143978  0.11275166665397016  0.12522344376551067  0.13825054138875001
  0.14983985664742452  0.16231576917741800  0.17735643061298048  0.19140191889972674
  0.20435684037372340  0.21289184352913582  0.21629311001676671  0.21982189516293907
  0.22392258375438415  0.22774903886224099  0.23479295080179874  0.24285539537417591
  0.24944794838472151  0.25678866997415156  0.26592179818134004  0.27483081496101958
  0.28357469594354395  0.29248764310014685  0.30169338806219392  0.31133917650156123
  0.32221727384606558  0.33409444474123740  0.34592285324712896  0.35665951404872048
  0.36637629389204862  0.37826631378990927  0.39231129301324158  0.41246475822419248
  0.43289946428804110  0.44826191855677927  0.45890182725229944  0.46935251550983820
  0.48202354462678376  0.49933503135883156  0.51243085748204797  0.52228924387291797
  0.52556063095521033  0.52926537440347587  0.53365536715037565  0.53872042700123712
  0.54438031504433382  0.55448321696557956  0.56719629305684305  0.58079192134200375
  0.59515617804459064  0.60796508364709634  0.62249692426595038  0.63592589852519810
  0.64425579877561301  0.65104219928588913  0.65741374162544985  0.66310839828581813
  0.66788187963254497  0.67215244913218886  0.67709311912366110  0.68337665719566265
  0.69396526264961922  0.71069479067658214  0.72128872484229467  0.73097261100310074
  0.74219675332743351  0.75276793867834502  0.76169147101033940  0.76766182235765701
  0.77316230251090090  0.77898962487297474  0.78614936029834093  0.79391743673231419
  0.80293469036291010  0.81583201508946479  0.83282743683047467  0.84335552620085363
  0.85137606622493223  0.85790723623584320  0.86423957697128417  0.86994608033311271
  0.87929678357130514  0.89500694996937447  0.91394876064233166  0.93481227636414654
  0.95198975707539668  0.96658103980846277  0.98332047941612255  1.00000000000000000
 -0.00827513429806872  0.02792915674378730  0.04801416893211614  0.06954456463618881
  0.09439331019937780  0.12060193496178270  0.14789612180188932  0.17462910590101421
  0.19810464503291392  0.21735296016161323  0.23371106051079640  0.24920749552428181
  0.26443235032391471  0.27948110241891466  0.29312455596526782  0.30452106212240682
  0.31501473911035321  0.32435213875071484  0.33517110866215771  0.34858964657315855
  0.36222188885304007  0.37138616774470795  0.37746773770908398  0.38175647666267498
  0.38638980930806571  0.39696151582208877  0.40753761975777220  0.41759399902677641
  0.42705548953079214  0.43447568243966894  0.44070688251573020  0.44678217929037811
  0.45371103905591353  0.46232473524764006  0.46924174396629609  0.47653156933559687
  0.48301685827952723  0.48694626538395691  0.49058123529826303  0.49540974640474195
  0.50439042369549769  0.51728973452796867  0.52879034637666955  0.53759196130384612
  0.54559675490152582  0.55438113185748172  0.56498726188067494  0.57875070819331498
  0.58975114503091908  0.59807645274262689  0.60408085575640669  0.60971112707200115
  0.61586849156040735  0.62022704162047360  0.62217197321314932  0.62427718591969483
  0.62728984359986428  0.63049542531043135  0.63356020381961631  0.63703326678764605
  0.64110756077502506  0.64630786239418003  0.65182417875383014  0.65750621379099661
  0.66698957421036364  0.68039157892291591  0.69206248348035981  0.70125167889918583
  0.70802430540111227  0.71353787783186784  0.71633414664264228  0.71941529350595768
  0.72367712768951209  0.72893600851008133  0.73611361076976478  0.74714582461969714
  0.76104858599889791  0.77495459567684077  0.78554023761264768  0.79141233263826505
  0.79579241891898012  0.79955855166148349  0.80660068935482010  0.81675818754548313
  0.82769060092550617  0.83904170054660510  0.84788580775045264  0.85471223563525323
  0.86139595670342761  0.87246758518070600  0.88553966965073549  0.89602894989190418
  0.90577674907227379  0.92817666788097297  0.95769382714913021  1.00000000000000000
 -0.00195740928681028  0.01007460350422776  0.02139986681109389  0.02906853437292404
  0.03761212189060099  0.04659632755516974  0.05523628773247705  0.06496031215695686
  0.07787572372404222  0.08832383894636101  0.09879129858425370  0.10730916189598183
  0.11475600858320212  0.12200461277910124  0.12926897476129443  0.13656206793585529
  0.14165538924481694  0.14761196525410608  0.15357794579137143  0.15931882063959205
  0.16332442804792824  0.16689730574133696  0.17432977016458134  0.18120766379526554
  0.18869337614742182  0.19961665840074469  0.21053076227670317  0.22104708818912852
  0.22946998209995995  0.23571406782272286  0.24134811224283065  0.24674433879867275
  0.25248846915695367  0.25836556859079057  0.26935913231950093  0.28349435044144661
  0.29986046694366780  0.31608872328847570  0.33002324760902801  0.34192681606796194
  0.35294405242342908  0.36425462342444470  0.37736051816456023  0.39011496894134812
  0.40294411461827184  0.41513548375474590  0.42534827794211416  0.43461945013717607
  0.44467669724786502  0.45360774915258667  0.46210954597805209  0.47072698334335605
  0.48036686829273567  0.49150413847112545  0.50149257919535306  0.51113832920229485
  0.52009455339052768  0.53409615583008763  0.55040824994831172  0.57444779600375417
  0.59450768937125131  0.61021329535411872  0.62300214170996382  0.62975437436231263
  0.63641026957445346  0.64381880625224353  0.65259102800929569  0.66882406684834916
  0.68568560494993758  0.69941207525168680  0.70965575458816488  0.71761632928748664
  0.72231950859706662  0.72692723855134755  0.73377689534759816  0.74449163758381143
  0.76164922581809291  0.77862735092438495  0.79462842362686670  0.80883791339012134
  0.82203129325690394  0.83542805388744357  0.84828266971829269  0.86093408086597334
  0.87313422875531221  0.88655372653632492  0.90104242890355724  0.91568148964067075
  0.92859035370095100  0.93825841318174330  0.94743219305698223  0.95737810853145588
  0.96515194110409164  0.97319592026196489  0.98239488999097735  1.00000000000000000
 -0.00427009882545731  0.01595909122101104  0.03201501545851294  0.05094237523273883
  0.07521506161712423  0.09751025867156295  0.11508078642384144  0.12752807495379750
  0.13950983432302688  0.14702844451188971  0.15132407540162365  0.15552074225253429
  0.15872020355831432  0.16254997629667528  0.16694130159406725  0.16967699578469314
  0.17259442974661404  0.17664436903438993  0.18124061579415846  0.18688132435325980
  0.19599019992810082  0.20746357150482203  0.22000790633970288  0.22942021492654549
  0.23788855123684824  0.24454230115867417  0.25042828486890550  0.25535150775469151
  0.26158902132795320  0.27037578075857194  0.28036950413703882  0.28730204129554232
  0.29304820934299003  0.29927085718796342  0.30592289840114045  0.31243224773013917
  0.31962178924678147  0.32788983160121116  0.33836962932762737  0.34892780287396585
  0.35835899758331635  0.36603949994976259  0.37512871332301501  0.38751694062275155
  0.39927718520230049  0.40934835952596843  0.41859627119167075  0.42787219758981876
  0.43844066335573134  0.44939492514733603  0.45991067589042450  0.47190860404925050
  0.48444021802276854  0.49636432960629151  0.50724549619736703  0.51719788842047387
  0.52681507105768666  0.53520748978409383  0.54666447020030962  0.55920602991866297
  0.57123293906743799  0.58431257584181340  0.58990532100052362  0.59537363600045035
  0.60192427439992835  0.61200095292964107  0.62104506511365865  0.62636870116890075
  0.63181988590044380  0.63753036545005681  0.64363401286714317  0.65055675791239309
  0.65947236587993818  0.66907285276733042  0.67800681101630145  0.68701476400232986
  0.69688871874791036  0.70484988207072963  0.71639968233814377  0.73292762873795847
  0.74636089245406356  0.76010151741660847  0.77447189151408780  0.78732524933292891
  0.79932504471509436  0.81460200710944386  0.82929359237412059  0.84098365116647467
  0.85364486183395194  0.87030532092326574  0.88355443710736892  0.89602376409239015
  0.91309347858151702  0.93731340639850136  0.96597426313532986  1.00000000000000000
 -0.00548812738151703  0.02184538533157725  0.03891899975769331  0.05130838975750462
  0.06162889173001032  0.07097136503871053  0.08070468080116526  0.09096129632698707
  0.10508145609248852  0.11777609517689121  0.12923763422230056  0.13962192895714073
  0.14960082467708224  0.15989612736311642  0.17167613418181066  0.18701339699785074
  0.20202837218792621  0.21482858667446703  0.22498191567756734  0.23231439112188321
  0.23954038910275205  0.24727580278477751  0.25623155180273421  0.26677372801535010
  0.28117373262542172  0.29392764939828281  0.30104722768894276  0.30789715363065190
  0.31538414035808643  0.32389379454574108  0.33384522473141343  0.34979100452444245
  0.36498641952709099  0.37385518891199976  0.38127081968057330  0.38862178391690261
  0.39369673765319940  0.40153964792478286  0.40933974129082068  0.41759941889909602
  0.42565245489668613  0.43548807784588994  0.44496070958475775  0.45189988690418215
  0.45815814496449531  0.46462112682455631  0.47115628311587260  0.47845350724901603
  0.48610764937401718  0.49846012928332156  0.50673359333913714  0.51504741420857636
  0.52521995252046860  0.53560581922802131  0.54577015217987379  0.55732907134405518
  0.56592499530553642  0.57292869550443992  0.58474750909631024  0.59430155980782284
  0.60012806256344808  0.60956154253915984  0.62094278066238096  0.63343759047596393
  0.64524853113271607  0.65711050901338453  0.66630765643324885  0.67345135292532565
  0.67948887614336806  0.68550192985762037  0.69159094651904229  0.69672236663509768
  0.70087392697223772  0.70691207380992882  0.71364156592586903  0.72307897523494602
  0.73357764519573310  0.74716368482310902  0.75887002270641557  0.77551795871973928
  0.79652808500006145  0.81343556450117716  0.82646191820015802  0.84141381739487164
  0.85688483261147297  0.87388342936100794  0.89282981614999868  0.90551446343734721
  0.91649791966130145  0.92587262173678941  0.93354118980259559  0.94344167758592579
  0.95774064988484242  0.96807611523221304  0.98069000497704639  1.00000000000000000
 -0.00389588505859603  0.01946176808449322  0.04092882206540324  0.06337131173650326
  0.08354648335998267  0.09849219100706043  0.11102086038657881  0.12115611139042429
  0.13036980114204197  0.13904762538397372  0.14911709304911994  0.15668828483013439
  0.16439810002498284  0.17137788499863232  0.17710223159653177  0.18415332679706226
  0.19460616557667060  0.20488200594090900  0.21405691908758254  0.22330429730039678
  0.23261298890978718  0.24016475688020031  0.24669887030362353  0.25287382084923760
  0.26013360178627515  0.27829986123478784  0.29838736983173703  0.31328790393324818
  0.32242409379642689  0.33550648946254685  0.35647930780102272  0.38081842226978202
  0.40401196868652717  0.42550346754668250  0.44442737492245799  0.45862032296510963
  0.47103968103436678  0.48618931885428990  0.50019932784214405  0.51553203127870939
  0.53060568220382620  0.53893907241959538  0.54368972872746246  0.54769321938920368
  0.55327739452705960  0.55834427433442424  0.56624344848243391  0.57675667788386342
  0.58262260834672852  0.58880848370034022  0.59620309496403689  0.60219213947653916
  0.60809486526712342  0.61621615952345832  0.62566762357430294  0.63520729300597711
  0.64338403858296411  0.65015708907232406  0.65623557864297166  0.66194235813952851
  0.67081459714239611  0.68044406702094873  0.69271818803611696  0.70513023739993119
  0.71745195024478359  0.72910856913718680  0.74076528082572879  0.75180132060159577
  0.76068541916012833  0.76758362982159634  0.77411246031756498  0.78076981287051062
  0.78606507422001060  0.79255311114722504  0.79904879048750421  0.80578431324316702
  0.81438128309307078  0.82543433064469407  0.83624597066377615  0.85199991793540930
  0.86385336849568384  0.87581151613069885  0.88919657581645251  0.90390564598652878
  0.92202719220178819  0.93933006310593370  0.95324463075209942  0.95651720895284054
  0.95946840629942476  0.96198396176900791  0.96460632436106097  0.96731090762542182
  0.97336244786677462  0.98036209781148331  0.98797743684144623  1.00000000000000000
 -0.00009134500980769  0.00368883477309422  0.00621677367364290  0.00796952254503784
  0.00948355075943773  0.01074555130969397  0.01177258328689185  0.01251635891688159
  0.01322010719700487  0.01400204105213362  0.01479706089659883  0.01549303099787552
  0.01629776507660086  0.01719432996340884  0.01808399342825609  0.01902012077739145
  0.01997238415819210  0.02100572893056188  0.02183045287546948  0.02258050886103232
  0.02306645117638013  0.02345510966819495  0.02389495096417922  0.02432331759626360
  0.02464017046485016  0.02494174988129716  0.02532823978148969  0.02580327083566763
  0.02630103754721414  0.02673042200788735  0.02710271012901516  0.02761314262405253
  0.02829425150544781  0.02919817915473238  0.03035787794503695  0.03169821936371995
  0.03341297513821012  0.03556993696621066  0.03741175283657912  0.03896500765327399
  0.04010022616221956  0.04109423590151672  0.04208993928426637  0.04357148657853975
  0.04533822839065220  0.04667250366484095  0.04779508728557892  0.04836503625633521
  0.04899186992153722  0.04943219849107781  0.04984702095077485  0.05029894147487957
  0.05089323160410723  0.05197666980102878  0.05334838825416812  0.05466461831643302
  0.05596917088730900  0.05706733011934255  0.05793762277278233  0.05879954114389922
  0.06003473953440792  0.06201389366893778  0.06386691945529038  0.06539004199400400
  0.06698078660709830  0.06848888846194287  0.06979443128970941  0.07167020733253050
  0.07334458134497178  0.07522321608391672  0.07650120853217536  0.07768254785058734
  0.07851952528063481  0.07910835208778190  0.07952448290099487  0.07985230674267595
  0.08023532164516345  0.08155872640936704  0.08937990285537588  0.09574662818010998
  0.09933416421938286  0.10292170025865575  0.10649255796165938  0.11002689595174880
  0.11356123394183824  0.11704411753465288  0.11988600101795689  0.12272788450126092
  0.12556976798456493  0.13699272780792057  0.14682126484426977  0.15435977170168083
  0.18455951698719678  0.22159432268298296  0.26281046246370710  1.00000000000000000
 -0.00297481120184337  0.01201996619283225  0.02034510687416576  0.02731260556064098
  0.03229640058959590  0.03647747850296935  0.04066650471706504  0.04875165643740893
  0.05777312827023772  0.06633538633157085  0.07662076737978075  0.08702043988848157
  0.09844702276942878  0.11194547620449551  0.12498700990422024  0.13534668743972142
  0.14537658384361465  0.15926286168627279  0.17224395019870295  0.18251361671064961
  0.19362393567711977  0.20374936816894701  0.20966347874893435  0.21625011608673025
  0.22350344995092700  0.23072482802935027  0.23795844062847216  0.24705452764870517
  0.25679499801490097  0.26692464780412878  0.27963186876779622  0.29438532963722125
  0.30458131878223943  0.31090739282317226  0.31533836453791736  0.31933353797958031
  0.32460084978318288  0.33130064665975567  0.34007868987587836  0.35129492408978447
  0.36354188871229143  0.37377391347022515  0.38373448066048288  0.39551562477939534
  0.40482421053043777  0.41411211609409415  0.42030043450458882  0.42653896910848199
  0.43032936279108885  0.43360285768524720  0.43879535644047496  0.44431679584166767
  0.44803581556488176  0.45225271788217908  0.46297359891877476  0.47891047646026003
  0.50208215121455391  0.52657117364874717  0.54395286624922390  0.55901740227948171
  0.57235423106297889  0.58343324347740488  0.59488388370227452  0.60764183004309680
  0.62125074440791517  0.63237873801770006  0.64374837999641810  0.65550673069061760
  0.66761641180287190  0.67992548836840361  0.69941754564060465  0.72236875853818805
  0.74292922755084523  0.75834690342148503  0.76919319976769940  0.77757803503113032
  0.78445983263630192  0.79046287412196048  0.79789032755104972  0.80672776208663366
  0.81757847899436931  0.83054696129641048  0.84209888500326713  0.85289893755083901
  0.86565033577748685  0.87533051215054447  0.88236901177059412  0.88783977036566319
  0.89633624689512981  0.90884061831632301  0.92434452885762686  0.94331018648765452
  0.96135479535021917  0.97694811090234213  0.98966488923450702  1.00000000000000000
  0.58981817969580574  0.88596546488955519  0.90854747730878394  0.92057391156729496
  0.93318566979046380  0.93997429691710932  0.94494270586453177  0.94894826099148166
  0.95185008486552536  0.95432367925045858  0.95664909795381625  0.95936636868088421
  0.96080305702896518  0.96200458403066047  0.96365779524676765  0.96542612480810730
  0.96671141469045219  0.96773774484643105  0.96887501518850272  0.96997670432099892
  0.97138343105380875  0.97215485220356390  0.97292582897333435  0.97368935605502027
  0.97443534797215114  0.97494911647581839  0.97546288497948552  0.97605052587441954
  0.97665889022965735  0.97721490462510430  0.97785021699431951  0.97862149737270665
  0.97928587627518604  0.98014071607276876  0.98100637748776820  0.98152786413351711
  0.98192174124662313  0.98231270907266288  0.98274500710867108  0.98328935254723016
  0.98400944613486108  0.98467318026847983  0.98501517724187537  0.98523290297594457
  0.98541514551775566  0.98557531304464685  0.98575256670823075  0.98595478813566328
  0.98626453026373251  0.98669400385571437  0.98703684104187239  0.98729023201548005
  0.98749603789267970  0.98767871154620579  0.98791238734914388  0.98823903277631209
  0.98859295491961208  0.98884871160565180  0.98900988702948711  0.98920094887901355
  0.98940728150918911  0.98962367300893461  0.98986048369226343  0.99026409926912551
  0.99060106039959128  0.99087197321388942  0.99113422091095604  0.99145013886868816
  0.99180169170566557  0.99208981734057167  0.99233883725096550  0.99253060312564190
  0.99268845440062636  0.99292399749328430  0.99316294857012200  0.99334902061146124
  0.99350911274316134  0.99369178438405414  0.99386265870281698  0.99405434769299006
  0.99433242242830466  0.99456186090923460  0.99480632286978554  0.99501901748332877
  0.99528973779141239  0.99567903801502466  0.99605878680877380  0.99633621413445217
  0.99655770279962475  0.99681273529707382  0.99703780163776934  0.99725780447157431
  0.99754350915096590  0.99792581606477082  0.99864960591326257  1.00000000000000000
 -0.04278529388535316  0.18453647981731894  0.22071254378100380  0.24255670277495031
  0.25753740064143271  0.26702963226530285  0.27618209363932367  0.28558685767152614
  0.29526757935282277  0.30511174177164690  0.31395518022366709  0.32434705187153140
  0.33413342238698518  0.34359263280539903  0.35193537740699765  0.36159636516418703
  0.37069759135748293  0.37970714381488285  0.38488839353988630  0.38916028900875299
  0.39367649300785074  0.39997943497099758  0.40412585433651094  0.40687541798690230
  0.41001268512750039  0.41328580040721558  0.41733096334529285  0.42175150850785575
  0.43025149234584453  0.43572527151752727  0.44137764447752192  0.44607105140373671
  0.44938295744290052  0.45238654822288377  0.45722062204432745  0.46281394779691276
  0.46898669148629513  0.47521846216553898  0.48155310829716341  0.48860697880427179
  0.49501893466598768  0.50007609188929147  0.50371016223266996  0.50678660377756701
  0.51138676286880225  0.51681340111387120  0.52327206188163378  0.52899432469878160
  0.53482685930620733  0.54149600408729126  0.54859775035240244  0.55608882799633785
  0.56343636604528669  0.57151324525497194  0.57947359025446321  0.58731547374908666
  0.59499586674214799  0.60377361363216053  0.61294771201881515  0.62146974894767093
  0.62980762491737641  0.63933967330302155  0.64841244261462194  0.65566419227064898
  0.66123429362938591  0.66626811039179268  0.67099026432949849  0.67392276746723889
  0.67679780509655485  0.67936572619795954  0.68239331864016473  0.68670519654140627
  0.69278099806581506  0.69785189506848067  0.70112491157397272  0.70409537349800422
  0.70686374399466234  0.70923499135759838  0.71146506208968308  0.71502699952283000
  0.72018260511192711  0.72775330131433535  0.73666326096513413  0.74802987380558283
  0.75688718448939329  0.76142252281044720  0.76617664426455456  0.77123167925803715
  0.77613139691722666  0.78147293720664013  0.79334098579828138  0.81118875833997095
  0.82889400353753873  0.84414725742701502  0.86435157894394687  1.00000000000000000
   6.9882676348402406E-016  -1.0000000000000000     
 F F F F F F F F F F F F F F F F F F F F F F F F F F F F F F F F F F F F F F F F F F F F F F F F F F F F F F F F F F F F F F F F F F F F F F F F F F F F F F F F F F F F F F F F F F F F F F F F F F F F F F F F F F F F F F F F F F F F F F F F F F F F F F F F F F F F F F F F F F F F F F F F F F F F F F F F F F F F F F F F F F F F F F F F F F F F F F F F F F F F F F F F F F F F F F F F F F F F F F F F F F F F F F F F F F F F F F F F F F F F F F F F F F F F F F F F F F F F F F F F F F F F F F F F F F F F F F F F F F F F F F F F F F F F F F F F F F F F F F F F F F F F F F F F F F F F F F F F F F F F F F F F F F F F F F F F F F F F F F F F F F F F F F F F F F F F F F F F F F F F F F F F F F F F F F F F F F F F F F F F F F F F F F F F F F F F F F F F F F F F F F F F F F F F F F F F F F F F F F F F F F F F F F F F F F F F F F F F F F F F F F F F F F F F F F F F F F F F F F F F F F F F F F F F F F F F F F F F F F F F F F F F F F F F F F F F F F F F F F F F F F F F F F F F F F F F F F F F F F F F F F F F F F F F F F F F F F F F F F F F F F F F F F F F F F F F F F F F F F F F F F F F F F F F F F F F F F F F F F F F F F F F F F F F F F F F F F F F F F F F F F F F F F F F F F F F F F F F F F F F F F F F F F F F F F F F F F F F F F F F F F F F F F F F F F F F F F F F F F F F F F F F F F F F F F F F F F F F F F F F F F F F F F F F F F F F F F F F F F F F F F F F F F F F F F F F F F F F F F F F F F F F F F F F F F F F F F F F F F F F F F F F F F F F F F F F F F F F F F F F F F F F F F F F F F F F F F F F F F F F F F F F F F F F F F F F F F F F F F F F F F F F F F F F F F F F F F F F F F F F F F F F F F F F F F F F F F F F F F F F F F F F F F F F F F F F F F F F F F F F F F F F F F F F F F F F F F F F F F F F F F F F F F F F F F F F F F F F F F F F F F F F F F F F F F F F F F F F F F F F F F F F F F F F F F F F F F F F F F F F F F F F F F F F F F F F F F F F F F F F F F F F F F F F F F F F F F F F F F F F F F F F F F F F F F F F F F F F F F F F F F F F F F F F F F F F F F F F F F F F F F F F F F F F F F F F F F F F F F F F F F F F F F F F F F F F F F F F F F F F F F F F F F F F F F F F F F F F F F F F F F F F F F F F F F F F F F F F F F F F F F F F F F F F F F F F F F F F F F F F F F F F F F F F F F F F F F F F F F F F F F F F F F F F F F F F F F F F F F F F F F F F F F F F F F F F F F F F F F F F F F F F F F F F F F F F F F F F F F F F F F F F F F F F F F F F F F F F F F F F F F F F F F F F F F F F F F F F F F F F F F F F F F F F F F F F F F F F F F F F F F F F F F F F F F F F F F F F F F F F F F F F F F F F F F F F F F F F F F F F F F F F F F F F F F F F F F F F F F F F F F F F F F F F F F F F F F F F F F F F F F F F F F F F F F F F F F F F F F F F F F F F F F F F F F F F F F F F F F F F F F F F F F F F F F F F F F F F F F F F F F F F F F F F F F F F F F F F F F F F F F F F F F F F F F F F F F F F F F F F F F F F F F F F F F F F F F F F F F F F F F F F F F F F F F F F F F F F F F F F F F F F F F F F F F F F F F F F F F F F F F F F F F F F F F F F F F F F F F F F F F F F F F F F F F F F F F F F F F F F F F F F F F F F F F F F F F F F F F F F F F F F F F F F F F F F F F F F F F F F F F F F F F F F F F F F F F F F F F F F F F F F F F F F F F F F F F F F F F F F F F F F F F F F F F F F F F F F F F F F F F F F F F F F F F F F F F F F F F F F F F F F F F F F F F F F F F F F F F F F F F F F F F F F F F F F F F F F F F F F F F F F F F F F F F F F F F F F F F F F F F F F F F F F F F F F F F F F F F F F F F F F F F F F F F F F F F F F F F F F F F F F F F F F F F F F F F F F F F F F F F F F F F F F F F F F F F F F F F F F F F F F F F F F F F F F F F F F F F F F F F F F F F F F F F F F F F F F F F F F F F F F F F F F F F F F F F F F F F F F F F F F F F F F F F F F F F F F F F F F F F F F F F F F F F F F F F F F F F F F F F F F F F F F F F F F F F F F F F F F F F F F F F F F F F F F F F F F F F F F F F F F F F F F F F F F F F F F F F F F F F F F F F F F F F F F F F F F F F F F F F F F F F F F F F F F F F F F F F F F F F F F F F F F F F F F F F F F F F F F F F F F F F F F F F F F F F F F F F F F F F F F F F F F F F F F F F F F F F F F F F F F F F F F
  <DiscreteSampler_grid>
  grouped_processes
  1 # 1 for a reference and 2 for a running grid.
  10 # Attribute 'min_bin_probing_points' of the grid.
  1 # Attribute 'grid_mode' of the grid. 1=='default',2=='initialization'
  0.0000000000000000 # Attribute 'small_contrib_threshold' of the grid.
  0.5000000000000000 # Attribute 'damping_power' of the grid.
 # binID   n_entries weight   weight_sqr   abs_weight
    49   10   2.943240846447925E-014   6.547305805220693E-027   2.943240846447925E-014
    52   10   5.886481692895850E-014   2.618922322088277E-026   5.886481692895850E-014
    79   10   3.623762167813177E-015   7.599700145342269E-029   3.623762167813177E-015
    82   10   7.247524335626353E-015   3.039880058136907E-028   7.247524335626353E-015
    94   10   2.943240846447971E-014   6.547305805220899E-027   2.943240846447971E-014
    97   10   5.886481692895941E-014   2.618922322088360E-026   5.886481692895941E-014
    100   10   9.261958937482407E-012   8.487151703087562E-022   9.261958937482407E-012
    101   10   9.261958937460233E-012   8.487151703046638E-022   9.261958937460233E-012
    103   10   1.852391787496481E-011   3.394860681235025E-021   1.852391787496481E-011
    104   10   1.852391787492047E-011   3.394860681218655E-021   1.852391787492047E-011
    106   10   1.300589929447434E-012   1.599795709779029E-023   1.300589929447434E-012
    107   10   1.300589929424988E-012   1.599795709722272E-023   1.300589929424988E-012
    109   10   2.601179858894869E-012   6.399182839116114E-023   2.601179858894869E-012
    110   10   2.601179858849976E-012   6.399182838889087E-023   2.601179858849976E-012
    118   10   3.190557480373337E-013   9.279784076460340E-025   3.190557480373337E-013
    119   10   3.190557480271103E-013   9.279784075838830E-025   3.190557480271103E-013
    121   10   6.381114960746675E-013   3.711913630584136E-024   6.381114960746675E-013
    122   10   6.381114960542207E-013   3.711913630335532E-024   6.381114960542207E-013
    124   10   3.623762167805349E-015   7.599700145304983E-029   3.623762167805349E-015
    127   10   7.247524335610697E-015   3.039880058121993E-028   7.247524335610697E-015
    130   10   9.345518827646874E-013   8.627644270866127E-024   9.345518827646874E-013
    131   10   9.345518827460411E-013   8.627644270519887E-024   9.345518827460411E-013
    133   10   1.869103765529375E-012   3.451057708346451E-023   1.869103765529375E-012
    134   10   1.869103765492082E-012   3.451057708207955E-023   1.869103765492082E-012
    139   10   2.943240846448318E-014   6.547305805222590E-027   2.943240846448318E-014
    142   10   5.886481692896636E-014   2.618922322089036E-026   5.886481692896636E-014
    169   10   3.623762167811388E-015   7.599700145332453E-029   3.623762167811388E-015
    172   10   7.247524335622776E-015   3.039880058132981E-028   7.247524335622776E-015
    184   10   2.943240846448322E-014   6.547305805222594E-027   2.943240846448322E-014
    187   10   5.886481692896643E-014   2.618922322089038E-026   5.886481692896643E-014
    190   10   9.261958937482294E-012   8.487151703087338E-022   9.261958937482294E-012
    191   10   9.261958937461576E-012   8.487151703049133E-022   9.261958937461576E-012
    193   10   1.852391787496459E-011   3.394860681234935E-021   1.852391787496459E-011
    194   10   1.852391787492315E-011   3.394860681219653E-021   1.852391787492315E-011
    196   10   1.300589929447380E-012   1.599795709778897E-023   1.300589929447380E-012
    197   10   1.300589929425164E-012   1.599795709722725E-023   1.300589929425164E-012
    199   10   2.601179858894761E-012   6.399182839115588E-023   2.601179858894761E-012
    200   10   2.601179858850329E-012   6.399182838890898E-023   2.601179858850329E-012
    208   10   3.190557480373120E-013   9.279784076459094E-025   3.190557480373120E-013
    209   10   3.190557480271093E-013   9.279784075838907E-025   3.190557480271093E-013
    211   10   6.381114960746239E-013   3.711913630583638E-024   6.381114960746239E-013
    212   10   6.381114960542187E-013   3.711913630335563E-024   6.381114960542187E-013
    214   10   3.623762167805021E-015   7.599700145302833E-029   3.623762167805021E-015
    217   10   7.247524335610041E-015   3.039880058121133E-028   7.247524335610041E-015
    220   10   9.345518827646363E-013   8.627644270865195E-024   9.345518827646363E-013
    221   10   9.345518827458533E-013   8.627644270516414E-024   9.345518827458533E-013
    223   10   1.869103765529273E-012   3.451057708346078E-023   1.869103765529273E-012
    224   10   1.869103765491707E-012   3.451057708206566E-023   1.869103765491707E-012
  </DiscreteSampler_grid>
