  0.00190037501487489  0.01934251408729573  0.03693298239559602  0.05216766932368923
  0.06695303194724905  0.08189275679600690  0.09267225433403997  0.09920259516798967
  0.10540572280580164  0.11323060655636025  0.12282191645569285  0.13194274271005271
  0.14106378515941115  0.15124912903333862  0.16061187466612167  0.17009242548913661
  0.17996490793791953  0.19104445456251773  0.20555466011462395  0.21738533050121334
  0.22965089310614653  0.24289573582264276  0.25872085113630916  0.27381982775716612
  0.28741989810959756  0.29930447419877515  0.31253460287343188  0.32701199678654469
  0.33763657751790688  0.34522346723357589  0.35371509495421005  0.36753218439706159
  0.37848619185611382  0.38741385471894774  0.39818673048707581  0.41147706249149379
  0.42300851380728943  0.43276073704564066  0.44276013562795369  0.45345573349955831
  0.46635291335337165  0.48196321776138068  0.49607937644404693  0.50703147810549898
  0.51768361880338487  0.52584244236372002  0.53395402687059823  0.54440824312272329
  0.55610402771797540  0.56786973764819926  0.57989847033628417  0.59178643708098733
  0.60376586675142085  0.61446184763154188  0.62353830541528688  0.63427813619591444
  0.64986121709063616  0.66569192473964944  0.67870922850591786  0.69099434441139651
  0.70155104216714970  0.71295277755868580  0.72325958601672469  0.73187611958522103
  0.73931225499126174  0.74765146462707022  0.76044333962798094  0.77487117744891776
  0.77981139676497457  0.78469421966963226  0.78990866904488355  0.79737082885278088
  0.80728760533912458  0.81768696616689573  0.83065755994016388  0.84575123944575037
  0.85685584376167601  0.86677028915805443  0.87320899281191700  0.87853323744753897
  0.88546982690954368  0.89452138848864460  0.90475188891129166  0.91624887028767887
  0.92630014618770551  0.93308310629868618  0.93832927216049467  0.94179268854505416
  0.94677246153492867  0.95283477815872386  0.96075766680272490  0.97155051802798864
  0.97979136418905233  0.98646611125234207  0.99249693122495042  1.00000000000000000
  0.00883073791085088  0.01420654281501639  0.02008392268910351  0.02673833987783323
  0.03899963574654779  0.05408063974531842  0.07060856058960015  0.08543258742613564
  0.09860709954263205  0.11197202935111961  0.12633352513204030  0.14082042849598450
  0.15539465007924969  0.17167250288160504  0.18677975229666255  0.20067073200024158
  0.21506239025043539  0.22831036810074137  0.23978227027488019  0.25140454329726647
  0.26270032626780349  0.26955036448962089  0.27498483509365251  0.28051188346094158
  0.28776797462420212  0.29555916751085914  0.30294315783199588  0.31130510625289665
  0.32004512322665940  0.32895388438515655  0.33824268976254529  0.35274915305986199
  0.36668766798076330  0.37640780491964093  0.38782353261883612  0.39771114693450893
  0.40439040732646853  0.41372654131537573  0.42304164288650231  0.43438766830061459
  0.44342227996626926  0.45273956529796050  0.45942791709280678  0.46392466249611070
  0.46955349286076370  0.47635376534009244  0.48454197345372868  0.49368761319700250
  0.50239610379144573  0.51014466994279040  0.52230709963769439  0.53741976670006486
  0.54823210264136268  0.55794584948570491  0.56858466889709147  0.58112479155006536
  0.59473397205486334  0.60821083918195784  0.62057711348194555  0.63232682488912850
  0.64505604102321801  0.65816511919741638  0.67916981037830759  0.70953636111646678
  0.73105031014269883  0.74554878490331145  0.75487431065787280  0.76214993858390800
  0.77038001227377828  0.78064658860373437  0.79230903443507739  0.80243140881599251
  0.80923108653575870  0.81770049360269326  0.82789540134376582  0.83799715484486426
  0.84927583073914081  0.86169164519199337  0.87217827077544829  0.88201280446421104
  0.88985730971902688  0.89782692059674529  0.90597213329820381  0.91233211325467645
  0.91800836980988110  0.92310409521054304  0.92729300310193619  0.93260974643639072
  0.93850142101943301  0.94729509165284342  0.95399641882329278  0.95969088750474696
  0.96614787865433427  0.97314206799604830  0.98192061009656506  1.00000000000000000
  0.00018477237485727  0.00020515643548107  0.00020735327997438  0.00020955185824115
  0.00021206514138283  0.00021633532752580  0.00022025549133527  0.00022747235472555
  0.00023029297185752  0.00023257687321009  0.00023519415797488  0.00023787061556066
  0.00024053752138701  0.00024359659581704  0.00024667327448935  0.00024971798531271
  0.00025272527780278  0.00025599651603229  0.00025897146921582  0.00026176231193093
  0.00026479139974385  0.00026867492641420  0.00027264667801242  0.00027635045146739
  0.00027931633996944  0.00028187410505973  0.00028406216738428  0.00028627892515496
  0.00028910154791474  0.00029206449411727  0.00029500737471016  0.00029839929246109
  0.00030143332986430  0.00030370118287501  0.00030633294538067  0.00030814569581782
  0.00030976963447189  0.00031118724945515  0.00031260022786414  0.00031429105876949
  0.00031687259293871  0.00032048101784806  0.00032467588539699  0.00032872169033302
  0.00033213154375191  0.00033536347905568  0.00033902908866145  0.00034292686032611
  0.00034838579638598  0.00035346905529592  0.00035734322643235  0.00036041124682130
  0.00036351167679496  0.00036648636162349  0.00037013573303428  0.00037553824896887
  0.00038095621454888  0.00038589067797187  0.00039028450901797  0.00039436467066770
  0.00039913276000404  0.00040356381188535  0.00040828931442955  0.00041366943563080
  0.00042029887298861  0.00042721463733867  0.00043495970105443  0.00044343086814713
  0.00045190048400487  0.00046138323231891  0.00046865187596869  0.00047647196771276
  0.00048532081735423  0.00049472656789406  0.00050422826717264  0.00051472195463711
  0.00052567396596807  0.00053604762300301  0.00054962116164481  0.00056338391418145
  0.00057407881712951  0.00058348515259700  0.00059741680634158  0.00061433200983202
  0.00062858913298853  0.00064702690236350  0.00066591809836797  0.00069367086886658
  0.00072168441771955  0.00077798841948898  0.00088920412842643  0.00108036668728169
  0.00133639456222082  0.00183079181938164  0.30804964507060306  1.00000000000000000
  0.00005395912902576  0.00005424538853178  0.00005461558332381  0.00005505354928887
  0.00005552940103728  0.00005600312290688  0.00005644596694442  0.00005687385754875
  0.00005728963339572  0.00005769051871976  0.00005811389382627  0.00005855864002220
  0.00005902391298628  0.00005947930975104  0.00005983866270314  0.00006029746750135
  0.00006091227716209  0.00006151865190301  0.00006220656062317  0.00006271675543306
  0.00006336484405087  0.00006391535884882  0.00006444808640680  0.00006499045828762
  0.00006567756973749  0.00006648572737198  0.00006748512414768  0.00006867350581948
  0.00006993998348499  0.00007097419877859  0.00007178043490565  0.00007251171296520
  0.00007325144516063  0.00007401026536518  0.00007483855883168  0.00007593324133897
  0.00007724754016227  0.00007855033078673  0.00007970270033774  0.00008078006737721
  0.00008188747945045  0.00008326875302723  0.00008480379784356  0.00008637934844973
  0.00008793157184720  0.00008980262382972  0.00009198901784532  0.00009439693680629
  0.00009697865749998  0.00009963513326411  0.00010222850951494  0.00010470417495597
  0.00010710493974112  0.00010947382399550  0.00011182741850481  0.00011392891867933
  0.00011544773857144  0.00011737406078838  0.00011919577429499  0.00012096585724282
  0.00012380820331428  0.00012725446535506  0.00013055470958339  0.00013373897975821
  0.00013646735601138  0.00014002709987439  0.00014392506516805  0.00014732818946355
  0.00014982477468826  0.00015280107121361  0.00015797409756317  0.00016512724801717
  0.00017131313548431  0.00017681635176313  0.00018251811088535  0.00018676775531214
  0.00019097541913791  0.00020008046302802  0.00021069363957021  0.00022115974099063
  0.00023259219335380  0.00024802242642506  0.00026667819261065  0.00028058160697229
  0.00029760877332587  0.00031494276740896  0.00034433322038588  0.00037756985014306
  0.00041487773308471  0.00047580260662756  0.00053759783661577  0.00065393142888949
  0.00090839403848030  0.00209318164018745  0.47499500897026092  1.00000000000000000
  0.00053582282815181  0.00059774269083825  0.00061443262541202  0.00062805580949683
  0.00063987706863790  0.00064811762054968  0.00065405243205400  0.00066243146639811
  0.00067149065924459  0.00068210249452868  0.00069289656716193  0.00070434272882034
  0.00071438518622774  0.00072252197990881  0.00072974075716186  0.00073681714538070
  0.00074426447497937  0.00075575550309384  0.00077216070456604  0.00078269087995662
  0.00079141023909093  0.00079930306220414  0.00080643795917484  0.00081530575416697
  0.00082594234673552  0.00083864470644774  0.00085205556688461  0.00086452191216122
  0.00087808793797407  0.00089094511141061  0.00090480003166915  0.00091990428184447
  0.00093557953554424  0.00095349459181272  0.00097111957459612  0.00098823663594985
  0.00100574200618007  0.00102137650147712  0.00103466174486029  0.00104708405448332
  0.00106142382010373  0.00107140149850672  0.00108195482030780  0.00109280244479269
  0.00110534119891171  0.00112182740856842  0.00113869608001085  0.00115323915174843
  0.00116847902259162  0.00118462427964861  0.00120225670375550  0.00122275605843005
  0.00124855822222763  0.00128898351051350  0.00132780278978812  0.00136553155644984
  0.00140053410412113  0.00142917188739213  0.00145466021324048  0.00147796610539475
  0.00150066485864611  0.00152350037956511  0.00155386395160060  0.00159312125615091
  0.00164263244748523  0.00169327707920436  0.00173387694253079  0.00176998694368194
  0.00180292687156558  0.00183912360095105  0.00188702889915989  0.00193598386129625
  0.00198870586552575  0.00202438078759018  0.00207014736801463  0.00212335426551122
  0.00217338259428994  0.00222094710290558  0.00226902812308055  0.00233050895273770
  0.00240747386466183  0.00252125181840579  0.00263049230827013  0.00276858899819988
  0.00295072770101302  0.00324464679997424  0.00363932794928020  0.00403981241615663
  0.00444389534780134  0.00516690313539181  0.00627592179851890  0.00721738290618061
  0.00949458321356289  0.01460392487607686  0.50835268704527525  1.00000000000000000
  0.00070941116198705  0.01985783847977726  0.03535051708277955  0.04702232046430294
  0.05560155996177470  0.06275391741952246  0.06856031107859877  0.07879860797641840
  0.09158782047180906  0.10828865859094630  0.12553987338472422  0.14010457458443565
  0.15047789180786897  0.15704453582663466  0.16467266416776524  0.17350822602686555
  0.18594004784650131  0.19880117573543654  0.21488557046283410  0.22663096085890533
  0.23646934365510400  0.24593267053158432  0.25814175911152981  0.26913496427215633
  0.27821583240987069  0.28786117261630062  0.29772908161150941  0.30954612417266170
  0.32044406221946869  0.33109752149691302  0.34261122226309604  0.35490170561054984
  0.36808561993769534  0.38134486672934381  0.39075509881548159  0.39858939100155966
  0.40733514824228773  0.41579154045632849  0.42148654302652877  0.42747937478792591
  0.43413959579404771  0.44114049495978924  0.44970244021611794  0.46048315615280594
  0.47539310995231493  0.49095873985402744  0.50345860295340050  0.51112080487238210
  0.52051580080379956  0.52932933173947161  0.53531027899950756  0.54158961057360799
  0.54779664245290682  0.55367969368746617  0.55898387547356931  0.56805772417337708
  0.57826417806662256  0.58622986079753592  0.59587458495391776  0.60771727293986555
  0.62130048957831974  0.63651791108198874  0.65041571456911351  0.66465067721797899
  0.67774837291162648  0.69085252196322577  0.70586179288678097  0.72106505391541698
  0.73445928171885189  0.74565879970642357  0.75440943611467626  0.76141267494413323
  0.76708705574330238  0.77247992976297664  0.77835090114684691  0.78939273109934338
  0.80400483672225287  0.81828670332485143  0.83194816743426225  0.84389034174135280
  0.85354807689711865  0.86434849840085914  0.87391066310843935  0.87778472667982199
  0.88275597023681052  0.89038423835543423  0.89682880859311920  0.90479746109536707
  0.91561601649288882  0.92750894605215661  0.94018710054955801  0.95286636541569303
  0.96475830243630822  0.97525923838856887  0.98437690420144885  1.00000000000000000
 -0.00044335955064520  0.00319470562526377  0.00724206377632646  0.01113069298867426
  0.01632507898866167  0.02375426690554660  0.03024481749126156  0.03614984175761474
  0.04276573291472918  0.05262828424802847  0.06436821328608486  0.07520042465704817
  0.08478760230754200  0.09403599232593436  0.10426042909095358  0.11509059177038558
  0.12523247232307738  0.13675759947811592  0.14799267801959687  0.15970385710397419
  0.17058910677617872  0.18114117911549854  0.19242069773382262  0.20378168210889244
  0.21585837828607898  0.22755041999653469  0.23593274008981735  0.24267362018373351
  0.24854081142343235  0.25442902522974475  0.26135179273068521  0.26796955552004903
  0.27414874347780194  0.28077214618268648  0.28697045576333924  0.29415812019277876
  0.30281522879442108  0.31175971230048272  0.32054638915470823  0.32978569573713251
  0.33950854512288459  0.35213203563817141  0.36490675728784860  0.37490971217583996
  0.38298574828373105  0.38978835647681304  0.39595513906866786  0.40234918482598991
  0.40898642092766141  0.41588141572558351  0.42394743754784364  0.43329667031266567
  0.44147916097782847  0.44913622979120227  0.45531164238189276  0.46255580151236864
  0.47313189207401807  0.48534375067993557  0.49721265038937973  0.50938126438827680
  0.52343110538720672  0.53538396981947378  0.54714878509394438  0.56018225763488794
  0.57575674508207708  0.59209830413675035  0.60360507276293018  0.61117971751026456
  0.61711216538768210  0.62292384134238765  0.63150312545622667  0.64206077914436865
  0.65373621911593915  0.66465238379994573  0.67389911093594113  0.68320252398642511
  0.69338334870749008  0.70302080494259456  0.70839827196643002  0.71656430714814212
  0.72631594636225594  0.73647141762516022  0.75141067940930073  0.77072304822921234
  0.79043708097363075  0.80711964694403771  0.82411718632371989  0.84345075230732991
  0.86377691728521222  0.88121331506050049  0.90068330319549139  0.91687698824906327
  0.93302062505876338  0.95099872379355144  0.97168954321258805  1.00000000000000000
 -0.00219115951577286  0.00925634623801543  0.01682820485415093  0.02508168750284473
  0.03319511405378137  0.04112115493901886  0.04890239267283968  0.05813413686663858
  0.06569854802589278  0.07268919250360961  0.08014981627475250  0.08865981921246567
  0.09700857469688466  0.10400858755480413  0.11063681421687495  0.11587187351121021
  0.12096855480870511  0.12625006552213397  0.13251308228134800  0.14231923066778690
  0.15479639800370054  0.16645029020611071  0.17962801348807811  0.19472108515110129
  0.20664105011785117  0.21639269375695269  0.22181169508245710  0.22711086445374382
  0.23281332875458946  0.23817001738820881  0.24827044195642231  0.26048476922641872
  0.26885657862024648  0.27926974876328869  0.29280537983328614  0.30480328301504617
  0.31630978333657012  0.32705377481759573  0.33582578833582427  0.34592383224479928
  0.35765352290012659  0.37214702983653508  0.38638447614166538  0.39666340795459659
  0.40753396420258231  0.41932621205595827  0.43306469179599988  0.44826891193419455
  0.46350436140742146  0.47506424258010538  0.48416858928393586  0.49211956002371510
  0.50084539125283112  0.51139080684797888  0.52140943578817456  0.53306400509029184
  0.54688774521878469  0.56188291843800786  0.57467458104594626  0.58440434723375800
  0.59483888345119151  0.60560288119871719  0.61720646231805265  0.62680783118152616
  0.63559769214550821  0.64473347852285223  0.65467939311342060  0.66373402752233213
  0.67250308135231152  0.68092187130705295  0.69175651885964884  0.70238744347980164
  0.71198825912620789  0.71956448471174528  0.72577227513960108  0.73385671802010555
  0.74506225584161589  0.75680670419457574  0.77012593008174524  0.78448429164143763
  0.79777614882744552  0.81130847285280061  0.82593678462808628  0.84118920870221781
  0.85641500550062499  0.87143693394836064  0.88569845823547566  0.89943550327922261
  0.91384925227525238  0.93021779233873914  0.94686639604521683  0.95985993670921343
  0.96868844957079814  0.97728083593603288  0.98806538634815999  1.00000000000000000
 -0.00560739720736959  0.01568502717080069  0.03068163850570461  0.04126055608970396
  0.04842507625543604  0.05299087831137950  0.05817673000306536  0.06256726405950455
  0.06860702152172186  0.07681487526227965  0.08609958964707379  0.09345341134687445
  0.10083546536378922  0.11495082423404168  0.13209924649714599  0.14611269109491151
  0.15410491934001719  0.16162432152165218  0.16844888167045852  0.17440473576647475
  0.18283871651869801  0.19607877606331575  0.20755128201604311  0.21791681224196963
  0.23081396692983844  0.24804892130126524  0.26869779059799587  0.28673707803849535
  0.30251526632806042  0.31473166157079580  0.32617974165752966  0.33718908039521439
  0.35299305520603935  0.36545922651046359  0.37569024769925308  0.38354586136949492
  0.39043573129467357  0.39746975427915676  0.40447067056452468  0.41476872854069224
  0.42678877251417158  0.43905613614120587  0.44977925334468877  0.45696483757933848
  0.46345386362126728  0.46978892726018029  0.47670955124446274  0.48410948870613763
  0.49083593861635300  0.49894027455982853  0.50839645004424694  0.51939678968975211
  0.53244526367455847  0.54674778938582780  0.56169786453734927  0.57548691656403339
  0.58824825347073251  0.60099558012043897  0.61336048012430855  0.62507986892666922
  0.63651864989165263  0.64795344385584441  0.65983032334523328  0.66802061516291977
  0.67666773825506232  0.68297327462493096  0.68826722711218424  0.69224799826728689
  0.69743612031066182  0.70470508996273495  0.71599394178847564  0.73130033041357156
  0.74915923402949869  0.76581910344108084  0.77650268498106256  0.78442447824954331
  0.79432900776250792  0.81342530279753078  0.82774338493305200  0.83871548443396360
  0.84912737001378513  0.85888640559473883  0.86833850591439088  0.87631077887372100
  0.89056199504580191  0.91015335490122518  0.92035686753405110  0.93009465076537812
  0.93972579073559681  0.94934013121521077  0.95925133808730412  0.96495799049177156
  0.97012364017049890  0.97663227342013104  0.98664967555802996  1.00000000000000000
 -0.00256365928349917  0.00835044669585939  0.01930743316338877  0.02840360021093350
  0.03573438710007926  0.04675603419905506  0.05606461100943520  0.06400809390544974
  0.07094619345748035  0.07780367050008993  0.08858479796865959  0.10161431038495160
  0.11636015065909862  0.12985373758940222  0.14199482482686152  0.15307793024134761
  0.16330149427873145  0.17626274638344822  0.18951278669494587  0.20128703859506172
  0.21321889807213112  0.22806623755833771  0.24409391669240429  0.25534993606394762
  0.26554000783611420  0.27300382423194269  0.28252535974662180  0.29114626863767151
  0.29836960099866744  0.30479751207395961  0.31467578453050160  0.32638919113326142
  0.34176577548873754  0.35645993256592001  0.36712462784887212  0.37511486172247099
  0.38169234012053660  0.38817005465621957  0.39599494190841245  0.40438486180186911
  0.41458538168846415  0.42501762010765176  0.43592269048243931  0.44845468523536847
  0.45920019055865308  0.47032048017707440  0.48025975747587440  0.48991149317491611
  0.50034930509223274  0.51224768674751109  0.52656160316749301  0.54202917250271465
  0.55407905020268122  0.56749984732216474  0.58295087335969675  0.59384877317056928
  0.60257792713123060  0.61103364191862009  0.62092696548823978  0.63142157084739503
  0.64276428784551742  0.65569462406904255  0.66489147407858840  0.67295587637313614
  0.67959470207886641  0.68998743440270704  0.69779821897108807  0.70380152478010705
  0.71139884624816452  0.71876541572063068  0.72428748921969710  0.73090435360415240
  0.73941091905029688  0.75169253294733218  0.76542326987650533  0.77809123094739951
  0.78958120910232454  0.80147557308832618  0.81436928632149730  0.82902165795539140
  0.84411770375193018  0.85884183032789019  0.87418331211444278  0.88794601826081065
  0.90079910116132000  0.91591119441053370  0.93032865052843972  0.94460070764963899
  0.95604856891857115  0.96258613602790921  0.96613276505290047  0.97010646743404472
  0.97540816946261555  0.98377337169949797  0.99348200967095623  1.00000000000000000
 -0.00373315291944510  0.01552980051297842  0.03150933223951118  0.04306442077312287
  0.05235134420661484  0.06096323260107803  0.06796612222199327  0.07391623996592875
  0.07913175405287072  0.08652807452783884  0.09311670876676259  0.09985255386834739
  0.11064194741505676  0.12625716146640967  0.14015426964893402  0.14816862524971849
  0.15161136227075678  0.15606852839071669  0.16086093506717278  0.16739410053387599
  0.17374877957228438  0.18157360552069260  0.19136855806884237  0.20178615247956330
  0.21696947260175378  0.23236081127997898  0.24413255166139081  0.25383906497128472
  0.26307335146754945  0.27221938666936291  0.28498844218858693  0.29923356666693895
  0.31460561771050460  0.32633077112230413  0.33481951240593560  0.34314088010147192
  0.35152915212966240  0.36426218648822567  0.37980425273623752  0.39311812690318487
  0.40039324445142421  0.40657571086213673  0.41281112880927567  0.41929742912442935
  0.42496627878778265  0.43372042583396370  0.44510894951139424  0.45613343141416418
  0.46769107901009510  0.47874644338229555  0.48840696560009517  0.49660513487625679
  0.50360196448556549  0.50977741744082472  0.51684455431152077  0.52687279241351270
  0.53979717465481269  0.55014204398094257  0.55823867325991650  0.56467880374755131
  0.57173771965445708  0.57884824237601729  0.58606162903758885  0.59417314515944730
  0.60516470268300271  0.61765593225396997  0.63077442442603349  0.64897004583441376
  0.66402575134318420  0.67574776852247764  0.68622286872917038  0.69696896457578683
  0.70723954628916985  0.71758283939933776  0.72996156738612838  0.74560047020012532
  0.76329222411313813  0.78075540972366619  0.79765272346102734  0.81234439090158783
  0.82592963563364974  0.84013356754959223  0.85606079200296648  0.87092531420188013
  0.88409103181855309  0.89438386866571351  0.90441952210307286  0.91664709718195447
  0.92819998864623210  0.93911980307166909  0.95036257477426267  0.96217284234750633
  0.96932793434949094  0.97846198145506968  0.98892484107495415  1.00000000000000000
 -0.00261970378218821  0.01116291760071382  0.01904174043761791  0.02846688528706312
  0.03807181213480525  0.04620305827129804  0.05729341026259033  0.07107716412525229
  0.08764957567325581  0.11037426470153648  0.12727552620012039  0.13822846097301553
  0.14571172976000166  0.15340941000928324  0.16264963409148731  0.17050292791571472
  0.17735828479713536  0.18610686224319745  0.19767903676729900  0.20757998492123336
  0.21505973476494442  0.22321625368096434  0.23241111218626562  0.24114661328660206
  0.25106504808242436  0.26198643782072473  0.27333775101256802  0.28505083453180213
  0.29389453206841426  0.30083910760471855  0.30791681048269526  0.31719013208382874
  0.32659317367634322  0.33469820086828617  0.34203725019758024  0.34785939332650817
  0.35719388233358107  0.36986277704013298  0.38437042076709510  0.39820067322055108
  0.40806449329133260  0.41795003169124811  0.42708045485938184  0.43745188004161334
  0.44662395349542194  0.45727263917160221  0.46618698247483342  0.47439922443272153
  0.48260324061337578  0.49003389271455716  0.49861129904905122  0.50838557768430925
  0.52013590740959237  0.53650325299263935  0.55482071041196512  0.57435916311334889
  0.58736306716099640  0.59844926973458379  0.60955872394796318  0.62068552372246200
  0.62740139697826280  0.63197515144784056  0.63721183753101363  0.64445225396476380
  0.65112508502827848  0.65771558202017844  0.66648725818380894  0.67951930737485855
  0.69120909680089682  0.70552992689256744  0.71642384016887517  0.72599628360575774
  0.73547423853088412  0.74487723281378326  0.75388248225088650  0.76306651745190046
  0.77286605972905509  0.78271115371592714  0.79300666093082950  0.80309471762625728
  0.81381634035289918  0.82748205089806182  0.84616790558786992  0.86753302583366754
  0.88299663064912115  0.89432202003988259  0.90485022000130444  0.91407557093687375
  0.92464604709255005  0.93931708946362058  0.94974391375633482  0.95977920501961878
  0.96983451042595448  0.97961835258842866  0.98936096781196003  1.00000000000000000
 -0.00648243452430575  0.01520634360176162  0.03533849480622003  0.05412326302577406
  0.07363267248678831  0.08861136107680072  0.10126948074614960  0.10997677173911993
  0.11421939994942491  0.11967065025459686  0.12459979638555191  0.12918891129579574
  0.13391872221961773  0.13944412162215628  0.14790553710001914  0.15823499251965792
  0.16930080031554257  0.18146723678710244  0.19443503898436251  0.20625458971137117
  0.21522008060239123  0.22276394741032021  0.23008407223618893  0.23787541728973563
  0.24445615150626873  0.24987072373084152  0.25621071710422511  0.26375830761660890
  0.27107487558566079  0.27981764899711675  0.28883662265049176  0.29620077030768849
  0.30394241165795460  0.31310369715661918  0.31879702024637530  0.32347142631286047
  0.33074839135848699  0.33914378343834783  0.34858498256422582  0.35726979971555928
  0.36488649155907982  0.37435175554788974  0.39344209882398373  0.40512774442212335
  0.41373742633316690  0.42131087195425276  0.42848126595480263  0.43398156451563474
  0.43998002036050360  0.44784045283133594  0.45760559750715729  0.46867744525346394
  0.48178368699009766  0.49424521983269820  0.50763268020416086  0.52115338436609826
  0.53264766039287670  0.54442434771975956  0.55504327847888690  0.56325087653024397
  0.56906046979051217  0.57454452456973515  0.58056649867026211  0.58775835889266370
  0.59597675314381005  0.60599473935767034  0.61906411674953410  0.63205841101187721
  0.64003066330293201  0.64620937801475198  0.65105828590086923  0.65574009672730382
  0.66162704276190443  0.66864152087725481  0.67703224410574125  0.68745606143905358
  0.69996468130284517  0.71260190901662923  0.72427047348059292  0.73554300303752451
  0.74761721483342625  0.75993547467545219  0.77229033586961615  0.78425240387584982
  0.79677627501662873  0.81048793294124910  0.82351935135536158  0.83664014402722575
  0.85043115509218681  0.86641631221206827  0.88021909844780832  0.89255647531688054
  0.90514688499971596  0.91991352819871874  0.95529703963445245  1.00000000000000000
 -0.00220659854021682  0.00671717761745289  0.01623711290152693  0.02611116188672649
  0.03897997414920358  0.05519554463173459  0.07051227969715945  0.08340465201060958
  0.09513459470051452  0.10839172519577539  0.12014761926057844  0.13262986944133531
  0.14579220448219113  0.15856381948520412  0.17133221341960039  0.17923519641069210
  0.18585897936354642  0.19226348249136385  0.19829624691636238  0.20759183801125941
  0.22300374305283946  0.23928278029052466  0.25314473492650380  0.26426883951934521
  0.27315165809466746  0.28148782969137787  0.29099075315603851  0.30060847587915163
  0.31155103292261116  0.32816116686298713  0.34364436827474665  0.35913651848654904
  0.37214513200835619  0.38524925098871310  0.39820737719912858  0.41104607788689818
  0.42100133734461781  0.43173204221330924  0.44329903464303855  0.45325675096293772
  0.46355757929226760  0.47402550986482156  0.48339382524144853  0.49092743138261419
  0.49820970417433375  0.50286086637653871  0.50799399400779177  0.51265900931192232
  0.52089932959523066  0.53220451880794828  0.54101582781428670  0.54752121013252419
  0.55488006405974843  0.56559294773699520  0.57857929822843857  0.58695419574056873
  0.59499495414534131  0.60387667864345385  0.61298334813509214  0.62166638256486229
  0.63146114771493966  0.64498273874665002  0.65898103713532274  0.67002508116047588
  0.67913576538797249  0.68989269360546879  0.70242607796778689  0.71421599031225580
  0.72577468852886473  0.73810304167405405  0.74892870788558508  0.75904391849606301
  0.76817960970341626  0.77703597134985436  0.78664965408273291  0.79717142744162262
  0.80885992011006724  0.82381630101148673  0.83892923055400903  0.85340801456870830
  0.86595667322894132  0.87535008160483196  0.88403463614163635  0.89251368415920684
  0.90196095481206373  0.91321395305324349  0.92415992342883369  0.93358421800665770
  0.94212231038758287  0.94990601832549892  0.95694153326663134  0.96394955408551519
  0.97293731157986452  0.98485080710233985  0.99364605490626012  1.00000000000000000
 -0.00314333419039915  0.01243670841204803  0.02710028195034726  0.03859755588365644
  0.05183772999436521  0.06465317620182195  0.08076327407301719  0.09368270212023005
  0.10379017865943319  0.11636160872330842  0.12760274792091697  0.13611268432629919
  0.14921665832724204  0.16195347519133874  0.17338451360330390  0.18930988634482065
  0.20714737452332779  0.21702118114117205  0.22413294069026476  0.23121792088187296
  0.23868469084298555  0.24706613353987972  0.25509108607752490  0.26247504155833412
  0.27155985360981888  0.28060862315553642  0.28746143707738936  0.29298524418731814
  0.29855138028229677  0.30413829542313958  0.30981528170002820  0.31695728508057647
  0.32791440497092200  0.33925093631602632  0.34935108741628079  0.35773331192557500
  0.36480423254660088  0.37038942928989416  0.37707154528868636  0.38321721217420296
  0.39237311929671614  0.39848996541972914  0.40473701166512399  0.41107826381792240
  0.41800684034443031  0.42489190105862951  0.43216804797363539  0.44013815400672313
  0.45096587202068944  0.46458923514356165  0.47971816551558299  0.49692812698256689
  0.51299056082103112  0.52807518560310807  0.54210815691975289  0.55486406090361806
  0.56560221238291131  0.57579388088309613  0.58763135326937399  0.60129351652405716
  0.61102530685801049  0.62238021187825121  0.63473448172014169  0.64638681669758624
  0.65758440735307033  0.66413013638172735  0.67389803940056092  0.68609305327990322
  0.69707473835393075  0.70535105206687432  0.71270570790790622  0.72026561027938973
  0.72977996378421817  0.73846909833166907  0.74633097188200359  0.75220020895902606
  0.76039299499704760  0.76862319715737282  0.77825308046633601  0.79014238730542885
  0.80198323528889037  0.81454817052654382  0.82836485325044862  0.84298509661897247
  0.85728813064703790  0.86890334742976250  0.87886484386687891  0.88858979216954248
  0.90063729933302761  0.91248309954817763  0.92346201086906654  0.93388018342000223
  0.94529403250934319  0.96028942015891272  0.97850354212293889  1.00000000000000000
 -0.00148738937165292  0.00749754517361874  0.01471990362529612  0.02121704333164884
  0.02931056117120875  0.04029743362084338  0.05452497646095137  0.06839358249594117
  0.07803783359262613  0.08615155465002131  0.09557194527786941  0.10520136852274388
  0.11408499211494083  0.12410447048747177  0.13438594488276007  0.14563492558363550
  0.15852024192484904  0.17162271126007156  0.18220043844988862  0.19267183300804497
  0.20452942880785704  0.21668141164412288  0.22886959146871982  0.24062914481170680
  0.25055417548632569  0.25962762013654600  0.26844978479931331  0.27879164812193274
  0.28723862979693210  0.29887535958446965  0.31134522489318300  0.32168993485063063
  0.33683217335014537  0.35037829701425460  0.36273701076540998  0.37502262318985680
  0.38899992444467701  0.40141030806698186  0.41097176151846687  0.42031662308009621
  0.43191000897453574  0.44432472824079089  0.45329402423403836  0.45979011187816604
  0.46403641902724835  0.46747542939734055  0.47184469681905200  0.47793290394234028
  0.48588161710579342  0.49712765223629546  0.51260814242620034  0.52774931378837286
  0.54233198585402176  0.55456527180969450  0.56370359906720779  0.57198254268221771
  0.58075775664432416  0.59031948644405396  0.59955020607353426  0.60737806227290803
  0.61445438951970155  0.62162839124660252  0.62886604042351335  0.63664057499218862
  0.64495304796973540  0.65184539863348934  0.65773926621979506  0.66447344949052367
  0.67330140814239836  0.68355707155825196  0.69193166789827099  0.70065670902329436
  0.71057661261865623  0.72547435565732010  0.74216200678346755  0.76038604987244918
  0.77557069196764317  0.78867536112033110  0.80147530107576292  0.81477040386229416
  0.82749045851423675  0.83692423670474181  0.84626049679291004  0.85384482728123812
  0.86120524269231025  0.87270157816064631  0.88596092779828495  0.90377740940171025
  0.92227095682342652  0.93598367447918118  0.94804882577284433  0.95794268015679507
  0.96764262694631598  0.97686467085686524  0.98509087747764668  1.00000000000000000
 -0.00072821378042240  0.00364010984169094  0.00795943178357064  0.01333439204465928
  0.01934496804211527  0.02598376928596978  0.03373841139480568  0.04255664570361581
  0.05034564907854523  0.05640669044482861  0.06101935466118736  0.06861383522992319
  0.07583139179245520  0.08437174660753548  0.09296254386157474  0.10070499187213168
  0.10851805838351714  0.11534301830895399  0.12103303428869006  0.12688756115584879
  0.13313425710883400  0.13939189420264037  0.14664801295567495  0.15454867390827529
  0.16281140092923219  0.17006254685670516  0.17666160745135545  0.18388680228677828
  0.19032542134783118  0.19506100690168854  0.20059152571230179  0.20734861822612013
  0.21347722765036384  0.21848775362317596  0.22550230917023914  0.23426778261230682
  0.24347983115893407  0.25387000039353425  0.26357166856063680  0.27496174128709105
  0.28649950687272996  0.29723614877220317  0.30622003094869404  0.31545356932435931
  0.32503916090040330  0.33292087525525621  0.33859371982878583  0.34439741338823138
  0.35008860757820992  0.35717868765740252  0.36555455356998534  0.37335929767656773
  0.38125482968258501  0.38904911465979752  0.39619877458785607  0.40392346359809261
  0.41271123742243770  0.42327132971915921  0.43427045838799505  0.44331169121832931
  0.45120676110691676  0.45956042337814251  0.46716528570841531  0.47659991908942995
  0.48438790385943559  0.49073607770077088  0.49703366283166950  0.50248135077899758
  0.50889648558778755  0.51672637013394096  0.53117675124430019  0.55268661673752228
  0.57243825726679431  0.58604719230517621  0.59810212074394353  0.60866061970551522
  0.62275504096227829  0.63937662847869625  0.66054479160162871  0.69071302183744032
  0.72161439348223000  0.74593031020159550  0.76133458453686875  0.77249614796073962
  0.78295691238230380  0.79422960368040352  0.80771258283532166  0.82595250506839379
  0.84894345902910107  0.87682137791442050  0.90618673381980885  0.93251148286305907
  0.95450458357308643  0.96709930163937952  0.98276213439066584  1.00000000000000000
 -0.00637852122201166  0.01692042945160631  0.03501202548371513  0.04967923493582208
  0.06307743237594493  0.07439191406481827  0.08471775965577434  0.09667984647381936
  0.10902265949050507  0.11994203984863896  0.12875766461748139  0.13671488199063647
  0.14291056740414559  0.14736908324047715  0.15275225995871719  0.15793141201370242
  0.16498518386836106  0.17313607984965465  0.17882861433629701  0.18413035252840970
  0.19108901022248814  0.20006356154637461  0.21229702388604152  0.22536749168396239
  0.23974679941074503  0.25847834340870723  0.27232624417543894  0.28372599013794358
  0.29396116544824463  0.30251245859551112  0.31077777447294747  0.31823223404685225
  0.32731729349984051  0.33669800870888922  0.34538430217803268  0.35200536859889631
  0.35936950297740639  0.36738428806778234  0.37792678804087909  0.39109606017550330
  0.40145818271419542  0.41120502188349467  0.42463757319141959  0.43866711915367179
  0.44966035059707171  0.45475569706965996  0.46012085970432259  0.47083518634686322
  0.48241356182765022  0.49355130928031060  0.50575631671362165  0.51931236222758748
  0.53294789072908999  0.54721897193427793  0.56088632728527654  0.57059694980358966
  0.57839543260327486  0.58732643404301743  0.59506126196531572  0.60192711104301466
  0.60940573726489145  0.61860441550056744  0.62895786066647974  0.64004104055413547
  0.65150032347014375  0.66281673806073549  0.67347155651321633  0.68168801393316358
  0.69021969960956642  0.70037347248872495  0.71145478715462462  0.72202878514689639
  0.73515600101886402  0.74773002407422917  0.75876824661723064  0.76785641034759988
  0.77800193953210028  0.78802157698321984  0.79865519577742328  0.80944913063905644
  0.82003396921042371  0.82720534176032501  0.83722769303055744  0.85438019956805122
  0.86740360808337158  0.87925769631189377  0.88960535435218335  0.90424331215984743
  0.92110329676158176  0.93322905248991550  0.94359922569406074  0.95465955606141106
  0.96577624123689643  0.97538570039517936  0.98531255956199937  1.00000000000000000
 -0.03527166733194574  0.15226543582781740  0.18214996043089982  0.20598535260992260
  0.22584543650274749  0.23730781223871192  0.24510300717240543  0.25189592166982983
  0.25943028509831473  0.26918123298356378  0.27882612401116391  0.28860920650745298
  0.29722549888053984  0.30445671738352181  0.31289216644977286  0.32202546559907808
  0.32933925914013590  0.33747718073239491  0.34622105379629542  0.35456914851887533
  0.36359922037621056  0.37258707608774910  0.38227090376590217  0.39192911492361793
  0.40110684285952575  0.41049962024829612  0.42068516516253890  0.42852457275320821
  0.43474840615078136  0.43926785762655218  0.44267919291928565  0.44592287902721622
  0.44955455008585632  0.45307796230065583  0.45634157579391804  0.45903950729007548
  0.46122024681568474  0.46353750784804904  0.46753454738625416  0.47358428806562380
  0.47978238247113614  0.48393782709318933  0.48701724165014199  0.49002100913136365
  0.49353078031976044  0.49740078782136271  0.50085776914390456  0.50567314872052616
  0.51067837903167479  0.51600412541704288  0.52025307547034738  0.52310642800854779
  0.52554932325401194  0.52769587670334417  0.52950753779093906  0.53164485143901630
  0.53395583024590310  0.53665157913596351  0.54032176619451955  0.54445978736828826
  0.55039338599293897  0.55756927857918182  0.56605569084522389  0.57287879407982401
  0.57860956321847490  0.58345482590304187  0.58760112066490466  0.59147303791293349
  0.59551893239453935  0.59882982393519624  0.60448913198141585  0.61008633391382938
  0.61523099404122217  0.62191050071310683  0.62992413520639745  0.63793564444124584
  0.64498568609330065  0.65111442640237771  0.65577205111526926  0.66165771370586735
  0.66944506526924585  0.67671867465044766  0.68440979023211834  0.69257494923479301
  0.70265119585123914  0.71269021031898994  0.72229092723992627  0.73541015424729639
  0.75084592625198288  0.76846230306352092  0.78366581440513328  0.79763968420721743
  0.81200279431870437  0.82910844160996355  0.87180947766867001  1.00000000000000000
 -0.00219207858430837  0.00674575259654691  0.01779400954842457  0.03032241329292783
  0.04573563682395751  0.06191298708898983  0.07602289436234846  0.08739875935358857
  0.09790479097080400  0.10751156363043195  0.12108774215343507  0.13463485674475428
  0.15067907810833980  0.16471607569326133  0.17523148473409694  0.18317332505640940
  0.19121272572874234  0.20190013604781556  0.21329553830030967  0.22301341165065344
  0.23331527006400146  0.24537252955806041  0.25792507139342391  0.27282968368587129
  0.28653307126363398  0.29865688888750480  0.30861949627039942  0.31930727858659064
  0.32831983214767041  0.33603131046080592  0.34621882155764006  0.36122833456105979
  0.37539822532844885  0.38728981624080094  0.39905104162101179  0.41076348103772975
  0.42456979385563581  0.43803083808243148  0.44833332008897236  0.45891434688872113
  0.46946106495186107  0.48013281631102084  0.48941947913144612  0.49710987147889646
  0.50498383150692461  0.51292159503409485  0.51896871383641063  0.52539072268124631
  0.53331226140884702  0.54562976099458227  0.55448713307723385  0.56326441872042676
  0.57136040185215564  0.57808305430253104  0.58433156096132832  0.58963623022082745
  0.59537429724914492  0.60364092881760023  0.61417780763316965  0.62745140141079070
  0.64270933258911445  0.65746730717136304  0.66676198993081615  0.67374677083689494
  0.68005965490129916  0.68587117872442960  0.69273756391117969  0.70261221050917932
  0.71642890646513679  0.73005426563248654  0.73860138008192000  0.75177319350926441
  0.76165968078203716  0.76952773233962890  0.77722636676997492  0.78368279822682807
  0.79127500716405985  0.80115504799504511  0.81291260753730643  0.82685957555658873
  0.83687123289468623  0.84362395464594075  0.84975443218646185  0.85764870359723744
  0.86991724991304253  0.88465793001252924  0.89696735761087221  0.90655314029696399
  0.91567223864427383  0.92463335219249365  0.93334125287646341  0.94346962697455106
  0.95532686845632875  0.96890249401438822  0.98445134245291477  1.00000000000000000
  0.20380921674483321  0.62388357680849960  0.67664876463698231  0.70158925484860812
  0.72506498654588758  0.74415634954735144  0.76092609306812498  0.77559707534873523
  0.78862725373818854  0.80055155863349259  0.80778553953393695  0.81409598886917633
  0.81943443255639958  0.82651214688988850  0.83477936172581046  0.84331790673865170
  0.85163299647291890  0.85896606876381520  0.86457475415382812  0.86927281042074944
  0.87430281202585303  0.87848437080487574  0.88165072939126499  0.88442839927459260
  0.88742164772449061  0.89073971105736560  0.89446031476168097  0.89700425718117738
  0.89918977735875028  0.90105366143652599  0.90274333307154497  0.90434369466264397
  0.90644365406127436  0.90859963418968881  0.91024389639444780  0.91164192028144886
  0.91260597033871338  0.91341088359857414  0.91432052277923381  0.91555091470420791
  0.91711000669536002  0.91881105565334509  0.92049932003487411  0.92234935414767960
  0.92417870047811279  0.92615052353951455  0.92807808391020463  0.92983502935378270
  0.93181319232882975  0.93381538500682471  0.93575228162249713  0.93753111773873787
  0.93910243670187155  0.94049445499441109  0.94183958773520815  0.94348396860754280
  0.94504336284583501  0.94623834966948561  0.94741782243167216  0.94859989546885037
  0.94992610423684165  0.95121234374681440  0.95240275211236813  0.95347079080579422
  0.95451824221077608  0.95549299146449040  0.95680764081976732  0.95828563108074560
  0.95976360626685386  0.96112450524126547  0.96248568926189948  0.96386642547675705
  0.96538171753720492  0.96718835183568930  0.96847621811558149  0.96962432740535764
  0.97063464614793316  0.97151560016823868  0.97257296395715065  0.97357032561918366
  0.97438144123357717  0.97542874779887634  0.97674825838255452  0.97826581014932668
  0.97985608607033248  0.98071482394779075  0.98146935771549293  0.98210202931742763
  0.98278691468587687  0.98374118378443687  0.98507230113226318  0.98687180878814373
  0.98905616995255652  0.99135950024062092  0.99376621248488761  1.00000000000000000
 -0.04181263767212447  0.18519435845540261  0.21512358329532635  0.24115702438551823
  0.26739898060313128  0.28295935731838817  0.29365692627191314  0.30664245110541727
  0.31985893411752891  0.33623637158603426  0.35576623480061914  0.36925258115347448
  0.38171121458248081  0.39174054974643513  0.39927856448509880  0.40658436797537723
  0.41435735159017467  0.42200814465526820  0.42948261457165976  0.43723701091024630
  0.44492254864863923  0.45097921578858058  0.45683084399889551  0.46501194205940288
  0.47311763823729358  0.48047915438718064  0.48503021375083544  0.48878071218599128
  0.49221775995519790  0.49752956489387379  0.50213405720110205  0.50461655045744547
  0.50683418712519634  0.50904594136407610  0.51203556597322453  0.51570799070940432
  0.52047978960030372  0.52675189821063950  0.53372073722885449  0.53979062749753048
  0.54554700031918746  0.55144724826969427  0.55768114799840718  0.56302216328605759
  0.56810715324324257  0.57390269421542828  0.57974192112097656  0.58572799289625854
  0.59249448082548861  0.59897473767241682  0.60436189724989364  0.60965785538473871
  0.61455293907630559  0.61910959407009891  0.62391670128738019  0.62887061275645695
  0.63306311701920270  0.63748312107066907  0.64236346766276986  0.64799518416782576
  0.65438707802226570  0.65975577196729429  0.66421040015574984  0.66796967066214696
  0.67120260242158647  0.67433952014428378  0.67861423892968864  0.68408462390550639
  0.68898298476977549  0.69410243100771385  0.69803145642834796  0.70160839571195188
  0.70477848109177199  0.70792046506382389  0.71115164539060294  0.71457655552771993
  0.71845975176759858  0.72258973336354326  0.72687881234330154  0.73249284805027381
  0.73963025815388506  0.74659852921661507  0.75397497828437754  0.76182680980184048
  0.77026280893624299  0.78194770382727807  0.79488058000277484  0.80604619303898417
  0.81545915734248220  0.82380342469287104  0.83303463013458956  0.84365146717455408
  0.85685418873853014  0.87361024537836562  0.90457094347135170  1.00000000000000000
   3.7761901714819565E-019  -1.0000000000000000     
 F F F F F F F F F F F F F F F F F F F F F F F F F F F F F F F F F F F F F F F F F F F F F F F F F F F F F F F F F F F F F F F F F F F F F F F F F F F F F F F F F F F F F F F F F F F F F F F F F F F F F F F F F F F F F F F F F F F F F F F F F F F F F F F F F F F F F F F F F F F F F F F F F F F F F F F F F F F F F F F F F F F F F F F F F F F F F F F F F F F F F F F F F F F F F F F F F F F F F F F F F F F F F F F F F F F F F F F F F F F F F F F F F F F F F F F F F F F F F F F F F F F F F F F F F F F F F F F F F F F F F F F F F F F F F F F F F F F F F F F F F F F F F F F F F F F F F F F F F F F F F F F F F F F F F F F F F F F F F F F F F F F F F F F F F F F F F F F F F F F F F F F F F F F F F F F F F F F F F F F F F F F F F F F F F F F F F F F F F F F F F F F F F F F F F F F F F F F F F F F F F F F F F F F F F F F F F F F F F F F F F F F F F F F F F F F F F F F F F F F F F F F F F F F F F F F F F F F F F F F F F F F F F F F F F F F F F F F F F F F F F F F F F F F F F F F F F F F F F F F F F F F F F F F F F F F F F F F F F F F F F F F F F F F F F F F F F F F F F F F F F F F F F F F F F F F F F F F F F F F F F F F F F F F F F F F F F F F F F F F F F F F F F F F F F F F F F F F F F F F F F F F F F F F F F F F F F F F F F F F F F F F F F F F F F F F F F F F F F F F F F F F F F F F F F F F F F F F F F F F F F F F F F F F F F F F F F F F F F F F F F F F F F F F F F F F F F F F F F F F F F F F F F F F F F F F F F F F F F F F F F F F F F F F F F F F F F F F F F F F F F F F F F F F F F F F F F F F F F F F F F F F F F F F F F F F F F F F F F F F F F F F F F F F F F F F F F F F F F F F F F F F F F F F F F F F F F F F F F F F F F F F F F F F F F F F F F F F F F F F F F F F F F F F F F F F F F F F F F F F F F F F F F F F F F F F F F F F F F F F F F F F F F F F F F F F F F F F F F F F F F F F F F F F F F F F F F F F F F F F F F F F F F F F F F F F F F F F F F F F F F F F F F F F F F F F F F F F F F F F F F F F F F F F F F F F F F F F F F F F F F F F F F F F F F F F F F F F F F F F F F F F F F F F F F F F F F F F F F F F F F F F F F F F F F F F F F F F F F F F F F F F F F F F F F F F F F F F F F F F F F F F F F F F F F F F F F F F F F F F F F F F F F F F F F F F F F F F F F F F F F F F F F F F F F F F F F F F F F F F F F F F F F F F F F F F F F F F F F F F F F F F F F F F F F F F F F F F F F F F F F F F F F F F F F F F F F F F F F F F F F F F F F F F F F F F F F F F F F F F F F F F F F F F F F F F F F F F F F F F F F F F F F F F F F F F F F F F F F F F F F F F F F F F F F F F F F F F F F F F F F F F F F F F F F F F F F F F F F F F F F F F F F F F F F F F F F F F F F F F F F F F F F F F F F F F F F F F F F F F F F F F F F F F F F F F F F F F F F F F F F F F F F F F F F F F F F F F F F F F F F F F F F F F F F F F F F F F F F F F F F F F F F F F F F F F F F F F F F F F F F F F F F F F F F F F F F F F F F F F F F F F F F F F F F F F F F F F F F F F F F F F F F F F F F F F F F F F F F F F F F F F F F F F F F F F F F F F F F F F F F F F F F F F F F F F F F F F F F F F F F F F F F F F F F F F F F F F F F F F F F F F F F F F F F F F F F F F F F F F F F F F F F F F F F F F F F F F F F F F F F F F F F F F F F F F F F F F F F F F F F F F F F F F F F F F F F F F F F F F F F F F F F F F F F F F F F F F F F F F F F F F F F F F F F F F F F F F F F F F F F F F F F F F F F F F F F F F F F F F F F F F F F F F F F F F F F F F F F F F F F F F F F F F F F F F F F F F F F F F F F F F F F F F F F F F F F F F F F F F F F F F F F F F F F F F F F F F F F F F F F F F F F F F F F F F F F F F F F F F F F F F F F F F F F F F F F F F F F F F F F F F F F F F F F F F F F F F F F F F F F F F F F F F F F F F F F F F F F F F F F F F F F F F F F F F F F F F F F F F F F F F F F F F F F F F F F F F F F F F F F F F F F F F F F F F F F F F F F F F F F F F F F F F F F F F F F F F F F F F F F F F F F F F F F F F F F F F F F F F F F F F F F F F F F F F F F F F F F F F F F F F F F F F F F F F F F F F F F F F F F F F F F F F F F F F F F F F F F F F F F F F F F F F F F F F F F F F F F F F F F F F F F F F F F F F F F F F F F F F F F F F F F F F F F F F F F F F F F F F F F F F F F F F F
  <DiscreteSampler_grid>
  grouped_processes
  1 # 1 for a reference and 2 for a running grid.
  10 # Attribute 'min_bin_probing_points' of the grid.
  1 # Attribute 'grid_mode' of the grid. 1=='default',2=='initialization'
  0.0000000000000000 # Attribute 'small_contrib_threshold' of the grid.
  0.5000000000000000 # Attribute 'damping_power' of the grid.
 # binID   n_entries weight   weight_sqr   abs_weight
    61   10   3.586608592605966E-018   1.275088427463589E-034   3.586608592605966E-018
    62   10   3.586608592605994E-018   1.275088427463556E-034   3.586608592605994E-018
    64   10   7.173217185211932E-018   5.100353709854355E-034   7.173217185211932E-018
    65   10   7.173217185211987E-018   5.100353709854223E-034   7.173217185211987E-018
    67   10   4.348011056794193E-017   1.884047715751503E-032   4.348011056794193E-017
    68   10   4.348011056794059E-017   1.884047715751315E-032   4.348011056794059E-017
    70   10   8.696022113588386E-017   7.536190863006013E-032   8.696022113588386E-017
    71   10   8.696022113588118E-017   7.536190863005260E-032   8.696022113588118E-017
    106   10   3.586608592605981E-018   1.275088427463600E-034   3.586608592605981E-018
    107   10   3.586608592605974E-018   1.275088427463540E-034   3.586608592605974E-018
    109   10   7.173217185211963E-018   5.100353709854399E-034   7.173217185211963E-018
    110   10   7.173217185211947E-018   5.100353709854162E-034   7.173217185211947E-018
    112   10   4.348011056794218E-017   1.884047715751524E-032   4.348011056794218E-017
    113   10   4.348011056794048E-017   1.884047715751303E-032   4.348011056794048E-017
    115   10   8.696022113588435E-017   7.536190863006094E-032   8.696022113588435E-017
    116   10   8.696022113588096E-017   7.536190863005211E-032   8.696022113588096E-017
  </DiscreteSampler_grid>
