 -0.00008815227155691  0.01935737592714838  0.03471654785591913  0.04850424825327583
  0.06437563076291952  0.07900487207227727  0.10056269590231981  0.12498852196005128
  0.14690378637382068  0.16006672295360749  0.17030382390669824  0.17972325277146783
  0.18920122877643539  0.19724838223891480  0.20367147005468003  0.21035940797412123
  0.22226056627590046  0.24572072007519233  0.27832243484125985  0.31062646419160905
  0.34024800560782820  0.36413784918540215  0.38250343254602498  0.39972624367331816
  0.41635507300130531  0.42988590110400660  0.44041220048296886  0.45154103342322505
  0.46197860254643641  0.47083831822134825  0.47825515144465680  0.48467449943929020
  0.49515197682692802  0.50571358278670231  0.51667377108237622  0.53019070059509721
  0.54091116396460814  0.54964037913563735  0.55983397983366601  0.57111304943252184
  0.58202013094761229  0.59126663518148181  0.59964600086914821  0.60428040612287004
  0.60910203558707166  0.61322466542254894  0.61770946085216405  0.62183688844610674
  0.62524433371837862  0.62812585996539194  0.63227549569832742  0.63645527553027470
  0.64054095322702165  0.64541334967590291  0.64829577321175103  0.64962396020748603
  0.65235100008799274  0.65526767742596104  0.66172537205592963  0.67107692168606770
  0.67720752158117548  0.68036919323060663  0.68135418110185486  0.68233916897310298
  0.68332415684435110  0.68469681976784058  0.68630195510901026  0.68790709045017995
  0.68976722065870977  0.69256031923199457  0.69535341780527926  0.69814651637856406
  0.71721175571986584  0.73406908590080611  0.75157506477600577  0.76655986567377943
  0.77660763571499536  0.78094441903269363  0.78463646163362999  0.78835590922744270
  0.79326376519811792  0.79760554986082233  0.80391627500360452  0.81114156541884530
  0.81927927348948504  0.83408251594492822  0.89005060466492125  0.93461732074649762
  0.95577025154504158  0.96233004589122262  0.96744899401832529  0.97189342925493294
  0.97844314970661139  0.98663209573193700  0.99171420699973900  1.00000000000000000
  0.00035508355695039  0.05376592115758454  0.08523011969006936  0.11881718962030889
  0.15051964779781099  0.18188498577942142  0.21426698826256094  0.23689496118272596
  0.25666190194095823  0.27162978279479472  0.28357548580159847  0.29174799950747615
  0.30159450611267818  0.30690814056903420  0.31140610328225676  0.31519986406817674
  0.31987360512922208  0.32878010699534954  0.33930622775719660  0.34867518917690438
  0.35754395404358486  0.36919465148564606  0.38722634560863950  0.40777581149629522
  0.42885596206388310  0.44542759947567889  0.45357960762925281  0.45793548206727014
  0.46312327069802656  0.47005055375080457  0.47521431708332740  0.48280268033511792
  0.48751408920086875  0.49345692845945305  0.50101798467202707  0.51349060020793180
  0.52952589678099005  0.54861246555208609  0.56931787252285981  0.58159448033699024
  0.58893235720465120  0.59561092178983133  0.60062594520596313  0.60773490939305963
  0.61429654826028268  0.61839620067139034  0.62447646792817035  0.63374989866710907
  0.64639815093383934  0.65870845994763572  0.66733146843510882  0.67376871926976722
  0.67914233049494288  0.68390501781948332  0.68692180797843105  0.68819780451896706
  0.68947380105950296  0.69074979760003896  0.69202446071387269  0.69329891589596360
  0.69457337107805439  0.69580536410273919  0.69690171740997464  0.69799807071720998
  0.69909442402444544  0.70264994147283322  0.70634509018625324  0.71064342242288525
  0.71450239399062954  0.71786623597673538  0.72481339009021772  0.73939667233849804
  0.75392557339673694  0.76072101036319817  0.76695511219878498  0.77314487797706910
  0.78096782806065934  0.79263802302899766  0.80686843162363209  0.82328646794636928
  0.83989205549306856  0.85342526348928593  0.86113427487394556  0.87109631547934829
  0.88198272426300262  0.89163672702693730  0.90148794191849979  0.90934697110726947
  0.91641010812932733  0.92464119710696924  0.93253829390086873  0.94075267548264319
  0.94968591035214045  0.95957035438058691  0.97583653548380156  1.00000000000000000
  0.00020884341868899  0.00021964483358251  0.00022590386885725  0.00023013935362566
  0.00023446158550145  0.00023961749151648  0.00024393951516045  0.00024792449748528
  0.00025103950796452  0.00025419808295709  0.00025763050652682  0.00026142693492883
  0.00026551266596004  0.00026990432723819  0.00027269329102433  0.00027491264320182
  0.00027687529762784  0.00027902960950635  0.00028156264701101  0.00028405541599908
  0.00028766419184192  0.00029117654209039  0.00029269129377684  0.00029373086972632
  0.00029490183395396  0.00029570823551677  0.00029662113346850  0.00029753659921439
  0.00029900814344828  0.00030055543117066  0.00030197880521243  0.00030402749401777
  0.00030573701613679  0.00030759253381972  0.00030882589093959  0.00030985250852827
  0.00031126574406898  0.00031349642964270  0.00031612156694719  0.00031754535620340
  0.00031858008785870  0.00031940268278372  0.00032020372290161  0.00032125661903678
  0.00032224458217338  0.00032320356400166  0.00032430116583134  0.00032598042865921
  0.00032756841673093  0.00033126464520693  0.00033301871475066  0.00033411328963910
  0.00033506189413914  0.00033582205241515  0.00033632295389398  0.00033686919463795
  0.00033812179902075  0.00034100682505096  0.00034542764670154  0.00034798906648662
  0.00034912080489629  0.00035032387903541  0.00035111645809051  0.00035207886444945
  0.00035322155594388  0.00035370982153756  0.00035423869839099  0.00035785101301792
  0.00036323756746214  0.00036624502819148  0.00036928746465864  0.00037369482692666
  0.00038139955303923  0.00039198804737764  0.00039738516470199  0.00039989135898007
  0.00040239755325816  0.00040490374753624  0.00040821693532072  0.00041168067608825
  0.00041514441685578  0.00041860788463857  0.00042206316637824  0.00042551844811790
  0.00042897372985757  0.00043537599243524  0.00045220229792281  0.00046836639672625
  0.00048548848220125  0.00050139324317657  0.00051935329344779  0.00053995321129130
  0.00059076692950813  0.00070818028121756  0.00097659204857864  1.00000000000000000
  0.00026470136981932  0.00031162878290463  0.00035278069012335  0.00037481197670337
  0.00039374917591039  0.00041477501573196  0.00043517881565531  0.00044833022223448
  0.00045662477059125  0.00046336920350021  0.00047486846998445  0.00048885303934324
  0.00050075959233497  0.00051619585166664  0.00053837992246021  0.00056481250698042
  0.00058809775666724  0.00060971398961389  0.00062941298513281  0.00064763483172808
  0.00067545289972976  0.00069091097377127  0.00070420780379075  0.00071270438784341
  0.00071740760633957  0.00072178715386318  0.00072722791846383  0.00073257319947301
  0.00073994213169490  0.00074875195359314  0.00075744390093397  0.00076665859915132
  0.00077735668850747  0.00079295541386375  0.00080687630624473  0.00081022307114199
  0.00081190511316588  0.00081349373633400  0.00081758256599614  0.00082126248747335
  0.00082584835416124  0.00082931369438350  0.00083022715672020  0.00083124035114086
  0.00083333495096968  0.00083649236529470  0.00084473664779468  0.00085977062016712
  0.00086717349342257  0.00087371791761769  0.00087820142099939  0.00088263280087684
  0.00088695140125754  0.00089507095149292  0.00090465914118393  0.00090836076439960
  0.00091311521175789  0.00092127084771581  0.00092900388382253  0.00093422383970964
  0.00094522599472010  0.00095385007896949  0.00096312602285182  0.00097579699986909
  0.00098480570161307  0.00099497184672381  0.00100782295411525  0.00103030267437025
  0.00106106749855732  0.00112591075345754  0.00125077111409687  0.00130156640982047
  0.00135059736125076  0.00139517867703312  0.00143831317869542  0.00147108809951313
  0.00150647871967744  0.00155968155450627  0.00161023058977729  0.00165376757465826
  0.00173340853574369  0.00188915292662179  0.00194196293505226  0.00199477294348272
  0.00204758295191318  0.00211077045183288  0.00217931377557940  0.00224785709932592
  0.00231669726599085  0.00238715038341379  0.00245760350083674  0.00252805661825969
  0.00284366474263042  0.00336345300077028  0.00483262144261361  1.00000000000000000
  0.00058494956225902  0.00087126388381747  0.00095936522550232  0.00102364701253791
  0.00109208738910785  0.00128935610184733  0.00144788884222402  0.00152148282125145
  0.00157271677621907  0.00161843890241492  0.00167486678568688  0.00173904236964718
  0.00178251908449608  0.00180401864088670  0.00181933258980463  0.00183511293134815
  0.00184885535074331  0.00187250591554237  0.00189265659399425  0.00191254670575504
  0.00194055492953537  0.00198557771551199  0.00201996034240660  0.00206450816108241
  0.00211290296074871  0.00219279096695521  0.00225175252486797  0.00230129433184449
  0.00236547492548241  0.00242752706366201  0.00251082190742707  0.00266472259253212
  0.00278061991948855  0.00284981364058055  0.00290539644913041  0.00293639280593538
  0.00297087221834289  0.00301280209330814  0.00305264559785667  0.00309119538951428
  0.00313471411993427  0.00320662066432021  0.00332511612046259  0.00341311129090428
  0.00347010065914824  0.00352126054672471  0.00357538980037966  0.00364718941182578
  0.00373580722308433  0.00386489867000094  0.00409885319848394  0.00425568732746471
  0.00437332509950317  0.00444452319244241  0.00452560584014850  0.00460836680118205
  0.00470207760487531  0.00482128264873185  0.00495622597586718  0.00507761208183799
  0.00518701594766826  0.00532090166355072  0.00548424578309392  0.00565930762809151
  0.00585413405787909  0.00604643654715082  0.00620551976754880  0.00627723350635212
  0.00634871501516688  0.00641718007200705  0.00655515764634792  0.00672039003286560
  0.00693201883863913  0.00720951195176319  0.00755514862863762  0.00799741067064592
  0.00848239250236087  0.00898856079951704  0.00930652207793536  0.00957538059997058
  0.00991870742155582  0.01033188802149422  0.01090893422456133  0.01136640701715256
  0.01160902924108153  0.01185165146501050  0.01209427368893947  0.01275324671708183
  0.01362166467954199  0.01449008264200214  0.01535850060446230  0.01696814186850927
  0.01877834423854935  0.02058854660858944  0.02239874897862953  1.00000000000000000
 -0.00062589203952105  0.02715725949645989  0.04954176132122332  0.07081156834356132
  0.09136479585387251  0.10331239346362259  0.11479158798184266  0.12489667115698076
  0.13487919765092957  0.14238631029012191  0.15084188285166236  0.15797640113832828
  0.16226191687043470  0.17170968505072665  0.18342480281850571  0.19131537057223638
  0.19920593832596703  0.20709650607969768  0.21497049700437454  0.22279419317623980
  0.23061788934810507  0.23844158551997036  0.24670013361277893  0.25562329373888465
  0.26454645386499037  0.27346961399109609  0.28115160071180656  0.28575814528558163
  0.28908226983882418  0.29210948414714621  0.29527882706285474  0.29804351039524823
  0.30265562349477126  0.30759252123153130  0.31147602365146437  0.31663383865558814
  0.32993269862220459  0.35032256466663741  0.36558819688873223  0.37579453833658238
  0.39560992876425505  0.42003676560826281  0.43462649342852322  0.44249644790161397
  0.44713011058480318  0.45180194498787418  0.45568515618052924  0.46341086273360371
  0.46856111450615368  0.47155764384881060  0.47501308729654385  0.47953650030797523
  0.48603566612080423  0.49689924172168037  0.51166110113990992  0.52732305111252586
  0.54428616434693178  0.55818757510149697  0.56899303851136052  0.57348642909466940
  0.57766422240109161  0.58143624579827868  0.58549049626136240  0.59098687150148954
  0.59659086589017252  0.60090933555543624  0.60485769379873600  0.60781665967710929
  0.61355140123775143  0.62428338109618120  0.63695018330717956  0.64940831664807097
  0.66653164878348381  0.69066504935520634  0.71611606960945628  0.73641019104510286
  0.75051881077854965  0.76088409879698393  0.76921735632880128  0.78368061488476481
  0.79333890607263069  0.80040255283076722  0.81088579634714009  0.82521201271108346
  0.84481248972845613  0.87220279944957302  0.90805890144448920  0.93512512255675118
  0.95983292954658384  0.97092417772617767  0.97754515332788983  0.98248093005429105
  0.98709572062840811  0.99072321677032771  0.99127108071704217  1.00000000000000000
 -0.00034785577143679  0.00407570151954465  0.01041835307819547  0.01295745775777120
  0.01590118897154041  0.01857129792708444  0.02505559394336527  0.02963158871316339
  0.03363309591161929  0.03724879567926421  0.04245519117117715  0.05363724104005638
  0.06291551180780784  0.06916425773115956  0.07389882924974112  0.07783785681395786
  0.08556349433183533  0.09255676832974451  0.09832429540145692  0.10460183637560796
  0.11377181992662404  0.12500549819971202  0.14320232708298120  0.16122005039178519
  0.17075708799228201  0.17792179584538498  0.18529771665704547  0.19095519965326291
  0.19430829683352932  0.19594479656491279  0.20162666005111105  0.20813964111652841
  0.21490844219423758  0.22310489637652650  0.23190820687971905  0.24586829732852733
  0.26845828949630673  0.28726522903368523  0.29573601187624454  0.30861387950039376
  0.32566898242361986  0.33912060858621740  0.34952647870602793  0.35715785254936605
  0.37233744002825098  0.39537716068482881  0.41872761640025458  0.44157141272032874
  0.46093146051762590  0.47705954125182876  0.49147290278208761  0.50667716429598131
  0.53437420004373815  0.55810251858060578  0.57669809648612114  0.59491229635492338
  0.61308230352455739  0.63369649366870395  0.65910662077816795  0.68638311292808663
  0.71282769568808579  0.74108693180700358  0.76568022900818478  0.78961950862547159
  0.81331174620759661  0.83640439069983830  0.84904244660592709  0.85360801573706768
  0.85466379576346507  0.85571957578986257  0.85677535581626008  0.85804767015787942
  0.85948962092432402  0.86093157169076862  0.86237352245721322  0.86330775812527238
  0.86411017992340200  0.86491260172153162  0.86577245552064586  0.86803125555924099
  0.86933155222833558  0.87198744976335218  0.87812526337444774  0.89000332312016983
  0.90124622674626997  0.91117216390417599  0.91955483153459217  0.92880305678197184
  0.94127233280992029  0.94834445567081060  0.95321881668521569  0.95659394145251220
  0.95961241236688588  0.96616654211724484  0.98063998117542950  1.00000000000000000
 -0.00412186430776130  0.01481231773922521  0.02198553327025818  0.02537233874781273
  0.02799581285851443  0.03005583817396558  0.03182035769042702  0.03336865442065878
  0.03477619129242131  0.03658304496747813  0.04548233055257642  0.05857726246279267
  0.06731913525329035  0.07727748027522729  0.08967372938590130  0.10697208917284461
  0.12586399379190397  0.14363905223606854  0.15780822458200644  0.16609314206314849
  0.17166590283847627  0.17583081369442816  0.18009874209952847  0.18837034511233591
  0.20098697779790620  0.21437442094592399  0.23035275145967266  0.25223660387506924
  0.28046141151938986  0.29410909433095117  0.30320242335109121  0.31129963867882438
  0.31923570983254534  0.33911458029523528  0.35644654867507286  0.37480167222428018
  0.39516364819042721  0.41711477007582232  0.44395921422117213  0.46993148001373630
  0.48769748732131363  0.49371432482770100  0.49917670957807692  0.50480745802151616
  0.51041717687863941  0.51605706729874579  0.52154869207744259  0.52517944141379014
  0.52720795049093772  0.54090418457628353  0.55153473664453367  0.55980087157039549
  0.57030572960547321  0.58250980094274052  0.59166260808496141  0.60293140084137520
  0.61465563938992562  0.62753608958749696  0.64184496890649478  0.66762738703169233
  0.68204227694758002  0.68995517877194801  0.69371575036257749  0.69783024746092270
  0.70237101209836650  0.70794243264204548  0.70970212314530934  0.71309781207594991
  0.71662664899011674  0.72054662418945381  0.72436545654883489  0.72806761249833440
  0.73418265256101212  0.74085907383080529  0.74691776660746567  0.75887946613473378
  0.77953107551113587  0.80291444376767085  0.82351929589944051  0.83597432597714327
  0.84136475275418821  0.84675517953123303  0.85214560630827796  0.85788330742327168
  0.86368754038933315  0.86949177335539474  0.87578613189020593  0.88301440179991819
  0.89024267170963034  0.89747094161934249  0.91865337252201884  0.92957523023048960
  0.93982726578826792  0.95002902221698415  0.96726611281203334  1.00000000000000000
 -0.00899049970908056  0.01536276936853428  0.03801922461886521  0.04751875616605893
  0.05870961596475311  0.07374813719703800  0.08725534934430336  0.09947309051903781
  0.10419646176157996  0.10890122524480246  0.11376447799639537  0.11892591957024674
  0.12478544079809652  0.13215196978641017  0.14149427301249765  0.15807001017366781
  0.18220645651626763  0.20910067559362419  0.23027317946361731  0.24770668457773382
  0.26460246221830797  0.28502913775374600  0.30871649163519937  0.33977155229163675
  0.36542123123755638  0.39388495267419787  0.42478791075365857  0.44187692380725718
  0.44408593399926755  0.44812523924099318  0.45591609789105547  0.46248428345848835
  0.46675070551980197  0.46925490155212479  0.47164952046920039  0.47494596469713679
  0.48036163279344674  0.49038896633175921  0.49604160705232381  0.50011602265934274
  0.50842406931765671  0.52872065677752700  0.55034779744432194  0.57007720788933980
  0.58680705291474289  0.59648483842268296  0.60159549900503917  0.60825719796340305
  0.61567993077757843  0.62790506631869270  0.64407583037088845  0.65756431754151923
  0.66766006508327957  0.67543515917820751  0.68242852977627588  0.68925896197948044
  0.69272364465442582  0.69618832732937119  0.69965301000431657  0.70384228514537628
  0.70940024275624380  0.71495820036711133  0.72051615797797885  0.72601381012068300
  0.73148385474955113  0.73695389937841926  0.74242394400728728  0.75513784111262117
  0.76654568667507228  0.77773776042140852  0.78888018021516360  0.79917907129488563
  0.81353365368958785  0.82621650175254591  0.83372441805724540  0.83747549834976354
  0.83890989300014995  0.84007378136284816  0.84188039539814008  0.84413201000418625
  0.84700684530544645  0.85083839654742899  0.85426660778532815  0.86011220322068915
  0.87873757317876433  0.89049358272165557  0.90050527324668483  0.91191022460772808
  0.92528368401008865  0.93996171883040858  0.95785948214105621  0.96989144702213836
  0.97718408845758398  0.98258140580723408  0.99012051542734258  1.00000000000000000
 -0.00474080341875447  0.00892557479624540  0.02388474450861573  0.04053113453803226
  0.05785351926359489  0.08125542970956738  0.10164764563445214  0.12032848807062262
  0.13833406078342528  0.14987540154650947  0.16037622897286516  0.16594055751076536
  0.16933006159280564  0.17246123951233358  0.17691540712100748  0.18267914714463857
  0.18728946280596992  0.19379927630041996  0.20103036143637798  0.20720907800114483
  0.21231751982161468  0.22490200128685953  0.24098442545397070  0.26162092037637757
  0.28283590419096605  0.29906642851663723  0.31336367851893504  0.32658671010331491
  0.33984537238097368  0.35246734320555556  0.36541776731477826  0.39297420424251200
  0.41166162207074103  0.42540048125810515  0.43927894982123988  0.45023041930803315
  0.46230925375706217  0.47280005195419911  0.48116660765973385  0.48906135839266479
  0.49489934755730336  0.49918151153054491  0.50254887136632576  0.50525706298911255
  0.50959307600736270  0.51984213970507387  0.52708683171099890  0.52830734031168292
  0.52936489539238385  0.53033219259105902  0.53366216405014122  0.53968432532683308
  0.55059047904681113  0.56716605809101428  0.58370092743779389  0.60664149275108570
  0.62962636114425363  0.64601220366248591  0.65444155531628911  0.65842681105913858
  0.66088777581563574  0.66342765227441558  0.67068399370561849  0.67473089129645103
  0.67617558055311688  0.67845262741801093  0.68148198986571351  0.68551539544396911
  0.69362174778920171  0.70117439261391357  0.70651795525694339  0.70999119348395445
  0.71346443171096563  0.71693766993797681  0.72249027887910622  0.72947225086903467
  0.73645422285896300  0.74343619484889145  0.75437084070168803  0.76550106937326434
  0.77663129804484066  0.79788786005964574  0.82685074204797038  0.85346225632097961
  0.86829480724614527  0.88078731902305052  0.89362895758676641  0.90137839620470228
  0.90572654436836864  0.90932837069057870  0.91343198770518963  0.91739591845625468
  0.92521702644536552  0.94017906329973311  0.96269675429245671  1.00000000000000000
 -0.00582727186852667  0.02851348668243711  0.03492936638412866  0.03956622453730453
  0.04373606488427840  0.05128103143552513  0.08081135683341639  0.11465104776063735
  0.14300509123039962  0.16644568999285800  0.18436263877919135  0.20475620205784223
  0.22940749177643463  0.25447352586544636  0.27896462929631621  0.30216699641907013
  0.32085457857959465  0.33209801299834463  0.33652086314946161  0.33879661757494006
  0.34254541384270903  0.34771708129298456  0.35210737835888600  0.35909931925789812
  0.36559412368906741  0.37057138282549740  0.37593775795816692  0.38402643680996917
  0.39467891595653343  0.40461197162623036  0.41352426200515668  0.42212171426447909
  0.43040372467730226  0.43804278392187423  0.44756867403713202  0.45622504810556458
  0.46450772270550894  0.47373419140348993  0.48067659411440972  0.48258325948793512
  0.48513082500782106  0.48796929048305071  0.49117414715114149  0.49398227592287791
  0.49525003809990831  0.49676309264583052  0.50400340800109478  0.52077544854932578
  0.53551499690041360  0.54807128318030007  0.56075997382112841  0.57003097230919941
  0.57981445957668343  0.59340750409058196  0.61340923048098550  0.63282841335057971
  0.64823838543310230  0.65803852366942905  0.66640407517001021  0.67491946922131030
  0.68204851049799664  0.68462162089328171  0.68719473128856678  0.68976784168385186
  0.69241157983767787  0.69509467242438716  0.69777776501109634  0.70046085759780563
  0.70382514287569309  0.70724584524705658  0.71066654761842007  0.71627341289040725
  0.73024606684511217  0.75586197642880504  0.78457242071466926  0.79960082551650569
  0.80901816385098080  0.81629723825806377  0.82141897145255960  0.82834755564861218
  0.83543597477561915  0.84671838010410794  0.85870907466365654  0.86643388297464774
  0.87246473398120272  0.87722685591405392  0.88180989882005800  0.88753219272284434
  0.89301435131431117  0.89857257088470310  0.90386882360905962  0.91096282111148985
  0.91961773236155120  0.93401788648449935  0.96160308881502776  1.00000000000000000
 -0.00325708369503829  0.01103628575478539  0.02555049486374311  0.03835944528482962
  0.05249346984607880  0.06758598918827592  0.09041323554913094  0.10954102207529154
  0.11511756786942220  0.11865874851035114  0.12188570745497818  0.12363576865324870
  0.12509091667281930  0.12654606469238991  0.12822202109722394  0.13050279791422051
  0.13278357473121707  0.13506435154821364  0.13741736560670287  0.13980026427512801
  0.14218316294355315  0.14536957174313503  0.15316393647276705  0.15449990187008936
  0.15604949179553929  0.15732537127191504  0.15882691646875818  0.16108981621756999
  0.16227132338637490  0.16546387755945008  0.17651283505413565  0.19356607646291740
  0.21166173206552996  0.22418600080252721  0.23312864089960197  0.24557561496368410
  0.25862831668510100  0.26949497604784450  0.27647606474451858  0.28243990632826810
  0.29005003086246783  0.29834365893421616  0.31874944825127022  0.33514221545891687
  0.35071780466391511  0.38019758203155174  0.41456633009602673  0.45263875095695733
  0.47787159286786079  0.49877682909353011  0.51436067283674913  0.52962588667494082
  0.54683835025528360  0.56543722665442175  0.57400605522996262  0.58405824037923282
  0.59509104292458315  0.60029342383247464  0.60218163692647020  0.60456240094386215
  0.60740308001587084  0.60964538253470102  0.61240391543086903  0.61648509345976621
  0.62234919808681466  0.63212408339091863  0.64132102335048979  0.65199226516690079
  0.66140256037301204  0.66693491691435802  0.67264038109807334  0.68057802555003133
  0.69371475860659049  0.71515397484339582  0.72701387545514717  0.73397069932768733
  0.74216568121179982  0.74894531952178944  0.75355116976068248  0.75752211582773976
  0.76180496619279925  0.76636655110634611  0.77075068678280378  0.77532571143699747
  0.78040939912266560  0.78665120172835568  0.79503419941205655  0.80568883131284319
  0.81951426124153526  0.83147478353153703  0.83969409227780412  0.85319183174271029
  0.89798983079328420  0.94355853379938803  0.97239098397665003  1.00000000000000000
 -0.00333950865218933  0.02043935559920153  0.03876716161605095  0.05426614522223124
  0.07260728066381048  0.10211036788003088  0.13836217717966043  0.17305623927574940
  0.19407634888951814  0.20844356874241912  0.22444600137560616  0.23712989000966958
  0.24937606894245767  0.26196579777446521  0.28238445266243012  0.31618279003830846
  0.34272085777449285  0.36322803253024311  0.37907816261227267  0.39149454168700970
  0.40077708173223475  0.40820775462325692  0.41371378802445025  0.42209873661563485
  0.43297820366464018  0.44927428948183001  0.46546393501837169  0.48148222692008574
  0.48862733898633320  0.49486104276316506  0.50387240673605849  0.51274770336745301
  0.52125987800501572  0.52979113796694211  0.53771899582648575  0.55239019158676017
  0.56773835415965868  0.58957815045799611  0.60875106938461832  0.61923774861288594
  0.62661072238179538  0.63362483214458520  0.63951196342062766  0.64404746516515687
  0.64787120185773928  0.65302892206975316  0.66108378289228320  0.67365567847246743
  0.68421845390546421  0.69221620444133791  0.69835405290083485  0.70295205153667417
  0.70823488506333743  0.71438442362766985  0.71588315919236045  0.71738189475705105
  0.71888063032174165  0.71981789201479418  0.72059589435894822  0.72137389670310226
  0.72214149731171517  0.72286912240478851  0.72359674749786185  0.72432437259093507
  0.72570160353709490  0.73367087953637844  0.75235693301139939  0.76147211096237488
  0.77327176960209476  0.77606906529191988  0.77948808595917141  0.78324807563476628
  0.78702960296500313  0.78917732927701900  0.79389928781345220  0.79956878340541004
  0.81109826618433778  0.82370278002430541  0.83173095927181862  0.83632092769503286
  0.83986216891446908  0.84375356797012135  0.85030842617592495  0.85743732035229447
  0.86085040911730071  0.86412845836396024  0.86811183371773359  0.87229365966280314
  0.87869372826355330  0.88346148680626380  0.89555832469111740  0.91064845537580419
  0.92835757371286709  0.94726158708027830  0.96899663282891280  1.00000000000000000
 -0.00827353233158853  0.04085470080239328  0.07202628545174711  0.09859445839648372
  0.12975543519699795  0.15528803558665530  0.18075166700648140  0.19451241391420054
  0.20310117560404087  0.20867095168573235  0.21647294619525825  0.22544617654052715
  0.23180757495907578  0.23822075654352781  0.24171456717352344  0.24446602607691090
  0.24721179062364332  0.25222094773750003  0.25858410085724892  0.26574704814868311
  0.27424899614760817  0.28149024296797981  0.28852644030516728  0.30264183659241783
  0.31392683399293964  0.31952121913167658  0.32399991860802108  0.32815159833287177
  0.33222429048712065  0.33613920503452921  0.33904865465193040  0.34371669649000580
  0.34869960680828538  0.35292766169797724  0.35606400732548282  0.35801399916823251
  0.36409895907340517  0.37064147625688793  0.37981332069054902  0.38923509549317192
  0.39770701136002407  0.40357709294509997  0.40804834055115169  0.41306872640678727
  0.42078928435269453  0.42427077569906962  0.42675294871762248  0.42899264982502078
  0.43368428580513113  0.44485237294867447  0.44985907819386028  0.45387539555577816
  0.45497555225840963  0.45758249411160296  0.46375990194420619  0.47048535211814757
  0.47966529556093945  0.48795820336601986  0.49475983010525126  0.50672844250586757
  0.53240319552284565  0.56628154968485267  0.59056106597821401  0.60676111360862872
  0.61838093708998965  0.62745311071904686  0.63598823143620098  0.64215366810699492
  0.64587479593151875  0.65140204658746881  0.65968561723540464  0.67172030974796049
  0.68363785859237636  0.69121392265456472  0.70183629986865859  0.73169766900834066
  0.75517456044344067  0.77714337040288817  0.80235709265434429  0.82369385852361554
  0.83237233683016565  0.83872710738942424  0.84508187794868284  0.85139050343622724
  0.85742244416864666  0.86345438490106607  0.86948632563348549  0.87649397119372885
  0.88448160164092415  0.89246923208811946  0.90045686253531476  0.92318420478951357
  0.94809298026091982  0.97022343951349266  0.98644906804081467  1.00000000000000000
 -0.00175898831618892  0.00563940886576932  0.01277673287125072  0.01840140685654181
  0.02762214920681202  0.04344115587380721  0.05782197088538225  0.07104073633816843
  0.07934152199054567  0.08941562420084251  0.10324550784438868  0.11303578566960813
  0.12346790824052742  0.14044008331488994  0.15934735293452648  0.17493803470034011
  0.18394306749603595  0.19036163697638750  0.19673224367709244  0.20307848012618829
  0.21034113931792814  0.21981828342668377  0.23571379653798091  0.26112609585639535
  0.28447765553518273  0.29620088750546364  0.30555450468651663  0.31490812186756956
  0.32431788859066923  0.33399831240562222  0.34367873622057521  0.35335916003552820
  0.36293600022747907  0.37242344506319536  0.38191088989891170  0.39139833473462798
  0.42269758086785220  0.44117822217626151  0.45241794089287940  0.45721366507405603
  0.46079983805752389  0.46647777515662514  0.47286873049226319  0.47878229273866929
  0.48423875758559781  0.49018819727169977  0.49719887051573908  0.50359490435243426
  0.50912342922489418  0.51456560417391384  0.52114619475661916  0.53524868766117295
  0.56079103784658391  0.57673049000157228  0.58786744205135588  0.60125199607596191
  0.60936558832205923  0.61524594646437181  0.62553693553808287  0.63846898465297042
  0.64894570117075789  0.65419319836760503  0.65855837669094230  0.66249134833775714
  0.66465609614028109  0.66797280011242421  0.67301520801242665  0.67884262354921199
  0.69644243684088913  0.70944984066155414  0.71423334114701142  0.72512422154524181
  0.73438750122629826  0.74133845820234057  0.74868097445390724  0.75214289879170126
  0.75455149553992273  0.75744894489659675  0.76084368129139290  0.76391911497349896
  0.76848909239709595  0.77421607929988290  0.78333268298007219  0.79295775606313756
  0.80714450794077597  0.81921457307352252  0.82937850430127835  0.83853586769082122
  0.84633326938852516  0.85300468805739416  0.85843119949434732  0.86295835365346718
  0.87294650631914428  0.89331807811953901  0.92678946182979183  1.00000000000000000
 -0.00412201764418589  0.00808359872954110  0.02074274963491170  0.03418121325752081
  0.04622965320708849  0.05983409836467544  0.07535713137456536  0.09341660147222894
  0.11639137548319409  0.13980976150216734  0.15816880200674283  0.17494986356161454
  0.19045892175533471  0.19329942902890807  0.19613993630248144  0.19898044357605479
  0.20182086630647572  0.20466119058471799  0.20750151486296026  0.21034183914120250
  0.21307057550501005  0.21578986787843263  0.21850916025185524  0.22328961962174115
  0.23474098517138331  0.24823274522335081  0.27276821881636759  0.29987275641066613
  0.32253686008611082  0.34079818034389592  0.35840017826848519  0.37180975490451279
  0.38549642760459801  0.40079923079080571  0.41592011726774886  0.43115530675134467
  0.45292729301291679  0.48006210947638694  0.50515927234488267  0.52791560931125292
  0.55147298839749104  0.56574496262305674  0.57596416839669640  0.58853887414207995
  0.60028132174151161  0.60926038234007185  0.61857316785451333  0.62642675240500267
  0.63095494578457445  0.64184355116800085  0.65440415548021380  0.67447150163458169
  0.68754794823777388  0.69281834965856137  0.69682343680658543  0.69955522380776247
  0.70335437736699613  0.70721863705656463  0.71189980691288557  0.71605627104007075
  0.72243144014119254  0.72737666239433885  0.73181545313699059  0.73705908117158858
  0.74433295089501572  0.75537484589493320  0.76784240566693640  0.78106479068198120
  0.79235591587434917  0.80064000075419506  0.81092259740636230  0.82364182166852973
  0.83395599127003717  0.84470481554460974  0.85426527559853449  0.85715679872449357
  0.86159741211547070  0.87517288991501563  0.88681881820609310  0.89050759494082510
  0.89231223532834614  0.89416318803391626  0.89623874336213061  0.90298573211485389
  0.90869485019172025  0.92532160636090521  0.94325993825018439  0.95355971235161097
  0.96276373629341916  0.97239632579403279  0.97972337142337784  0.98530723728048808
  0.98946470141097487  0.99259468954007435  0.99595199298298975  1.00000000000000000
 -0.00593259755000069  0.02638698099722153  0.03702804083319602  0.04576106195411422
  0.05224569087336182  0.05885784565750580  0.06557730377478747  0.07273466268687027
  0.08675951814739050  0.11069132428482684  0.14000188526698890  0.16367353472121104
  0.17873881630660191  0.19108083535987769  0.20214965894391482  0.21282428082453270
  0.22897300148190208  0.24602443923836534  0.26278762209199485  0.27505284462041313
  0.28865465882159275  0.30740186270390468  0.32792769335679950  0.34327215823732921
  0.35629553309556022  0.36976336495579237  0.38758144973438369  0.40323032749220744
  0.41690427151392306  0.42421414566840282  0.42982901480763264  0.43375475422600140
  0.44000199291845549  0.44872278256214443  0.47426456966813868  0.51066661777613143
  0.53671830416083710  0.55725259339761868  0.57600730536318312  0.58336835487047323
  0.58843540790237836  0.59350246093428349  0.59856951396618863  0.60389651531699362
  0.60924653317712429  0.61459655103725486  0.61997990892314425  0.62616964632258676
  0.63235938372202927  0.63854912112147177  0.64628424887811120  0.65982800344296288
  0.66921458434945558  0.67399205523909578  0.67737071090445977  0.68522450282725167
  0.69235170803720347  0.69413658989408600  0.69559620474127870  0.69741453264508690
  0.69873978408146520  0.70103272023857810  0.70702608557565794  0.71310922905738650
  0.71943103974217648  0.72614601381428889  0.73062173516496365  0.73440167479201324
  0.73760057481501851  0.74138001163992151  0.75069786211176037  0.75941165086173112
  0.76728034235841658  0.77156239633119461  0.77610158366848758  0.78080641481581492
  0.78533251816060223  0.79020756278196858  0.79668803338265204  0.80662905924160277
  0.81934436095806518  0.83072208643344836  0.83795857421144404  0.84435661418373686
  0.85044538760689103  0.85722225037428346  0.86782253103111306  0.88094822408445395
  0.88941737252887543  0.89841382546856485  0.90784161085084036  0.91768032154806822
  0.92911311691455145  0.94136777886601630  0.95994713282986621  1.00000000000000000
 -0.00507132422777527  0.01701568461397333  0.03908586208944367  0.05503251604185545
  0.07235087859480319  0.09685042348637432  0.11785485830738522  0.13442976506333223
  0.14706141237352971  0.15897994428497131  0.17029786686964948  0.18109141352959537
  0.19309794821599799  0.20664002230456846  0.22439673824042702  0.23688456609579436
  0.24682032916700572  0.25596514532402281  0.26450515771471839  0.27118682706705655
  0.27694720429799163  0.28181216040268914  0.28715195559246393  0.29180592798677046
  0.29822276933452424  0.30774566651574609  0.32852801574709367  0.35436037147811900
  0.37665998081858942  0.38786081427586910  0.39241731659270501  0.39900999649051089
  0.40954602254067907  0.42326414315448418  0.43570903221158636  0.44913291968017688
  0.46360782607446510  0.47899110876284795  0.49446424086257779  0.50667086562369634
  0.51575386545479274  0.52764671378845496  0.54870873817502563  0.57792546423886593
  0.60379162141071951  0.61121673433264467  0.61423607166747973  0.61673027066539077
  0.61734327743094675  0.61803366976650964  0.62322611437605102  0.63365900985117141
  0.64277682264726665  0.64908834831020878  0.65596026326556944  0.66095282635331842
  0.66650909200960717  0.68513319555824681  0.70571293973279947  0.71816880415631712
  0.72870803409259399  0.74183779767079261  0.75125795038667542  0.75874224287256575
  0.76554714402974255  0.77432024729343985  0.78975399877767227  0.82080504371072560
  0.84838469030207975  0.86851589141310870  0.87780796856304000  0.88501661838020673
  0.89141608019211271  0.89840210361687856  0.91149358657640744  0.91680347094332149
  0.92077377132225402  0.92474407170118644  0.92910892506993048  0.93424677363830455
  0.93938462220667851  0.94452247077505258  0.94671019072781815  0.94798539719130837
  0.94926060365479858  0.95131666718085672  0.95674617052309974  0.96277519697557179
  0.96757832432846924  0.97050954821782487  0.97323877883720988  0.97701319503132267
  0.98288896136010329  0.98936735631389694  0.99503552342046253  1.00000000000000000
 -0.03422460353820121  0.11013344406462655  0.17461528193338952  0.19964548842059276
  0.21740123963234576  0.23023583797754918  0.23732365845857292  0.24586459208863135
  0.25810621238285741  0.26644805059221321  0.26904034365094548  0.27169609322493377
  0.27644453348056774  0.28401712197554169  0.29740626724439961  0.31468950486678410
  0.33158018408931184  0.34447884430779097  0.35448037893527695  0.36317552093342387
  0.36795881945023157  0.37083587681855446  0.37367209877709506  0.37546171819652591
  0.37692927317614172  0.37852139764835130  0.38022497958428447  0.38270861343721790
  0.38539423591402472  0.38984047783151715  0.39500922543788136  0.39888946400085884
  0.40164547293988817  0.40372402499003790  0.40774843567827573  0.41577300706141856
  0.42109096231195459  0.42505726732734284  0.42882266599143504  0.43243147932889892
  0.43576049877867162  0.43911212855169013  0.44378215559142381  0.44802381410266817
  0.45233929810723750  0.45730148356459860  0.46887602869761513  0.47882500770774405
  0.48648720802947898  0.49372458283369514  0.49932516483503903  0.50488036814100057
  0.51036347810801475  0.51602947026103840  0.52173288767879056  0.52740972418547694
  0.53216030548296656  0.53675548951581731  0.54123082888247798  0.54489076823005034
  0.54832636397111834  0.55590411824601282  0.56447201770495825  0.57287635480538579
  0.57577382268912813  0.57676426841070283  0.57773339053285000  0.57929392129404944
  0.58043550914135233  0.58317556785696001  0.58649830264677116  0.59015990518857542
  0.59575510878839544  0.60665674418453464  0.61879106673757589  0.62937710814378633
  0.63881808410278373  0.64753827797630037  0.66018600929860272  0.67673425987824620
  0.69143140437703365  0.70882655487518531  0.71692935628001597  0.72243623818916314
  0.72794312009831030  0.73352892860871155  0.74005304027719010  0.74657715194566865
  0.75310126361414720  0.75940554293751394  0.76527543273702814  0.77114532253654233
  0.77701521233605642  0.79929257309651325  0.83550355042969182  1.00000000000000000
 -0.00892276746388335  0.03115711009959767  0.06333397533243136  0.07726878606250238
  0.08747420370154592  0.09255514827595716  0.09474278477549253  0.09693042127502789
  0.09911805777456326  0.10127987302789464  0.10343946274498839  0.10559905246208214
  0.10790557675778253  0.11071598135086920  0.11352638594395587  0.11633679053704252
  0.12697945141739839  0.14396072348575742  0.15843329297886477  0.17095171577469190
  0.18210697357757133  0.19228913873976666  0.20365338208023434  0.21757573931419552
  0.22571486242012379  0.23422592306158616  0.23919037251214009  0.24317878984496721
  0.24842454555914920  0.25527666266816162  0.26415600406303874  0.27602395862868584
  0.29097623962788083  0.30544064126685155  0.31629014415368378  0.32927735082606230
  0.34296647774173566  0.36188305888736866  0.40651387170131287  0.43812865094933157
  0.44743943408868470  0.45290780414928161  0.45577682966219818  0.45908743839791027
  0.46308129119119812  0.47473452154157925  0.48026251842652867  0.48402323599310121
  0.48597545105641460  0.48898395512267850  0.49307003712808206  0.49721874731676674
  0.50442588998197346  0.52041852812490819  0.53313660882131353  0.54218874680563234
  0.55295285907977887  0.56420038866152000  0.57686748212601158  0.59158597277682134
  0.61022864029500923  0.62784502597353908  0.64233775019483874  0.65517150355571396
  0.66485069740881342  0.67602106817320085  0.68498777908286579  0.69308726032858348
  0.70289925004353015  0.71479907421219591  0.72632810697573746  0.73515756418724121
  0.74183297117971347  0.74834767937195046  0.75750154450959106  0.76730105133585536
  0.77514458629240068  0.78240771930103392  0.79127521409995083  0.81482169884497291
  0.85817089843502048  0.88956544152388362  0.90762967873402001  0.91787426817966034
  0.92461953058601531  0.93164848981766224  0.93940851093936784  0.94749841958984415
  0.95469068824939007  0.96017859462171684  0.96872061838626378  0.97357563228264121
  0.97876042792383067  0.98501546663087491  0.99236368370644101  1.00000000000000000
  0.57981408197294249  0.89118723971519764  0.91660515773547269  0.93100278303382589
  0.94048243237272722  0.94691775016559410  0.94856628207292060  0.94965965084004111
  0.95083268738686721  0.95206372421469077  0.95344100917983621  0.95484887384833728
  0.95522835461413880  0.95568345972315061  0.95651546278093869  0.95753126010506528
  0.95805705144857423  0.95991408977834181  0.96152073837819285  0.96293823382525745
  0.96457137846216534  0.96645830709141678  0.96808956220029885  0.96955061878911186
  0.97095318008522924  0.97228121436821713  0.97302413104907448  0.97380935129269897
  0.97465944419687445  0.97556460658869126  0.97674899504756740  0.97752462274714447
  0.97813299067245607  0.97869058886812543  0.97923403906859663  0.97976429173516144
  0.98022375661257077  0.98065731784562227  0.98107610670685563  0.98154684203643627
  0.98193921167768583  0.98232689715117205  0.98271626045932059  0.98313500279591881
  0.98356837755769899  0.98401887978615954  0.98432023294617610  0.98457756350100833
  0.98482892111840459  0.98502284466111067  0.98527057734851675  0.98569453746664137
  0.98629249363787141  0.98699517922026059  0.98762704651146116  0.98806267986131313
  0.98827975308137017  0.98856312649908595  0.98887775442042447  0.98914103784761853
  0.98932547354646072  0.98947842268684716  0.98963756057635976  0.98983909960495631
  0.99033369990407516  0.99098454389108814  0.99124514485982951  0.99143410379208452
  0.99157839451170648  0.99169445171056758  0.99176849219505336  0.99188123296054387
  0.99200264203609201  0.99209987369179986  0.99222590156567758  0.99236170303647397
  0.99250546375363891  0.99279106533763217  0.99329736417957692  0.99388396732975692
  0.99439829209005026  0.99469764319916731  0.99491493028653721  0.99513173991561221
  0.99520270437744351  0.99527366883927471  0.99534463330110590  0.99542528696986121
  0.99550842214397806  0.99559155731809479  0.99568375776632101  0.99581820783209796
  0.99595265789787490  0.99608710796365174  0.99664980568587802  1.00000000000000000
 -0.05765285819033947  0.25019522728406729  0.28431279687244021  0.30658816131172634
  0.32869675003423060  0.35289546817766498  0.37164464225322646  0.38526434484478406
  0.39327002305924796  0.40097112940940793  0.40866127146449549  0.41648371301395609
  0.42592183197187955  0.43664422617031562  0.44648160998829634  0.45259318886986621
  0.45722385534452337  0.46178952489272240  0.46557915885227563  0.46730743561905580
  0.46903571238583591  0.47076189210385966  0.47245259726216898  0.47414330242047836
  0.47583400757878769  0.47769606160360123  0.47965834014525122  0.48162061868690126
  0.48440567246242383  0.48995591694485296  0.49220905989595909  0.49477685850893754
  0.49721648998124351  0.50168498528846495  0.51886515293314084  0.53685145923944888
  0.55147105228647519  0.56015084673914928  0.56864845085213866  0.57650156125318552
  0.58543026712357293  0.59548243196097750  0.60588539154906995  0.61287736519694558
  0.61766633618469924  0.62202652667744074  0.62695018112651779  0.63361203261063037
  0.64124270784523041  0.64354237642399581  0.64431113804198969  0.64498798066646013
  0.64544414539961303  0.64571709773198027  0.64604905276259750  0.64642612862114068
  0.64828981777501371  0.64991279887959974  0.65249912948526734  0.65707500375243244
  0.66742274709920568  0.67606358545400780  0.68512829266720632  0.68948877012398690
  0.69325512515396837  0.69411592164891223  0.69483815473626909  0.69559218517744037
  0.69727520962237732  0.69973363172794345  0.70327844349048740  0.70748785127035607
  0.71161153921900011  0.71637452392826961  0.72257160342663052  0.72785385221064591
  0.73209559790848433  0.73561763138860314  0.73825634703251586  0.74071667961451804
  0.74411067968133282  0.74939814662155479  0.76163953314702437  0.77680519568523865
  0.79354324484375904  0.80995998703129057  0.82418868302460435  0.83333133195653242
  0.83854594248947611  0.84403003955832256  0.84843836968832398  0.85324865776054371
  0.86069550235190839  0.87306301316796020  0.92589536956329255  1.00000000000000000
   1.1018262517971062E-020  -1.0000000000000000     
 F F F F F F F F F F F F F F F F F F F F F F F F F F F F F F F F F F F F F F F F F F F F F F F F F F F F F F F F F F F F F F F F F F F F F F F F F F F F F F F F F F F F F F F F F F F F F F F F F F F F F F F F F F F F F F F F F F F F F F F F F F F F F F F F F F F F F F F F F F F F F F F F F F F F F F F F F F F F F F F F F F F F F F F F F F F F F F F F F F F F F F F F F F F F F F F F F F F F F F F F F F F F F F F F F F F F F F F F F F F F F F F F F F F F F F F F F F F F F F F F F F F F F F F F F F F F F F F F F F F F F F F F F F F F F F F F F F F F F F F F F F F F F F F F F F F F F F F F F F F F F F F F F F F F F F F F F F F F F F F F F F F F F F F F F F F F F F F F F F F F F F F F F F F F F F F F F F F F F F F F F F F F F F F F F F F F F F F F F F F F F F F F F F F F F F F F F F F F F F F F F F F F F F F F F F F F F F F F F F F F F F F F F F F F F F F F F F F F F F F F F F F F F F F F F F F F F F F F F F F F F F F F F F F F F F F F F F F F F F F F F F F F F F F F F F F F F F F F F F F F F F F F F F F F F F F F F F F F F F F F F F F F F F F F F F F F F F F F F F F F F F F F F F F F F F F F F F F F F F F F F F F F F F F F F F F F F F F F F F F F F F F F F F F F F F F F F F F F F F F F F F F F F F F F F F F F F F F F F F F F F F F F F F F F F F F F F F F F F F F F F F F F F F F F F F F F F F F F F F F F F F F F F F F F F F F F F F F F F F F F F F F F F F F F F F F F F F F F F F F F F F F F F F F F F F F F F F F F F F F F F F F F F F F F F F F F F F F F F F F F F F F F F F F F F F F F F F F F F F F F F F F F F F F F F F F F F F F F F F F F F F F F F F F F F F F F F F F F F F F F F F F F F F F F F F F F F F F F F F F F F F F F F F F F F F F F F F F F F F F F F F F F F F F F F F F F F F F F F F F F F F F F F F F F F F F F F F F F F F F F F F F F F F F F F F F F F F F F F F F F F F F F F F F F F F F F F F F F F F F F F F F F F F F F F F F F F F F F F F F F F F F F F F F F F F F F F F F F F F F F F F F F F F F F F F F F F F F F F F F F F F F F F F F F F F F F F F F F F F F F F F F F F F F F F F F F F F F F F F F F F F F F F F F F F F F F F F F F F F F F F F F F F F F F F F F F F F F F F F F F F F F F F F F F F F F F F F F F F F F F F F F F F F F F F F F F F F F F F F F F F F F F F F F F F F F F F F F F F F F F F F F F F F F F F F F F F F F F F F F F F F F F F F F F F F F F F F F F F F F F F F F F F F F F F F F F F F F F F F F F F F F F F F F F F F F F F F F F F F F F F F F F F F F F F F F F F F F F F F F F F F F F F F F F F F F F F F F F F F F F F F F F F F F F F F F F F F F F F F F F F F F F F F F F F F F F F F F F F F F F F F F F F F F F F F F F F F F F F F F F F F F F F F F F F F F F F F F F F F F F F F F F F F F F F F F F F F F F F F F F F F F F F F F F F F F F F F F F F F F F F F F F F F F F F F F F F F F F F F F F F F F F F F F F F F F F F F F F F F F F F F F F F F F F F F F F F F F F F F F F F F F F F F F F F F F F F F F F F F F F F F F F F F F F F F F F F F F F F F F F F F F F F F F F F F F F F F F F F F F F F F F F F F F F F F F F F F F F F F F F F F F F F F F F F F F F F F F F F F F F F F F F F F F F F F F F F F F F F F F F F F F F F F F F F F F F F F F F F F F F F F F F F F F F F F F F F F F F F F F F F F F F F F F F F F F F F F F F F F F F F F F F F F F F F F F F F F F F F F F F F F F F F F F F F F F F F F F F F F F F F F F F F F F F F F F F F F F F F F F F F F F F F F F F F F F F F F F F F F F F F F F F F F F F F F F F F F F F F F F F F F F F F F F F F F F F F F F F F F F F F F F F F F F F F F F F F F F F F F F F F F F F F F F F F F F F F F F F F F F F F F F F F F F F F F F F F F F F F F F F F F F F F F F F F F F F F F F F F F F F F F F F F F F F F F F F F F F F F F F F F F F F F F F F F F F F F F F F F F F F F F F F F F F F F F F F F F F F F F F F F F F F F F F F F F F F F F F F F F F F F F F F F F F F F F F F F F F F F F F F F F F F F F F F F F F F F F F F F F F F F F F F F F F F F F F F F F F F F F F F F F F F F F F F F F F F F F F F F F F F F F F F F F F F F F F F F F F F F F F F F F F F F F F F F F F F F F F F F F F F F F F F F F F F F F F F F F F F F F F F F F F F F F F F F F F F F F F F F F F F F F F F F F F F
  <DiscreteSampler_grid>
  grouped_processes
  1 # 1 for a reference and 2 for a running grid.
  10 # Attribute 'min_bin_probing_points' of the grid.
  1 # Attribute 'grid_mode' of the grid. 1=='default',2=='initialization'
  0.0000000000000000 # Attribute 'small_contrib_threshold' of the grid.
  0.5000000000000000 # Attribute 'damping_power' of the grid.
 # binID   n_entries weight   weight_sqr   abs_weight
    61   10   2.914018697264262E-022   3.739185459908816E-043   2.914018697264262E-022
    62   10   2.914018697262144E-022   3.739185459904169E-043   2.914018697262144E-022
    64   10   5.828037394528525E-022   1.495674183963527E-042   5.828037394528525E-022
    65   10   5.828037394524287E-022   1.495674183961668E-042   5.828037394524287E-022
    67   10   3.313120229506887E-022   5.125189099088316E-043   3.313120229506887E-022
    68   10   3.313120229504045E-022   5.125189099080388E-043   3.313120229504045E-022
    70   10   6.626240459013773E-022   2.050075639635327E-042   6.626240459013773E-022
    71   10   6.626240459008090E-022   2.050075639632155E-042   6.626240459008090E-022
    106   10   2.580803235169615E-022   3.218521235021609E-043   2.580803235169615E-022
    107   10   2.580803235172160E-022   3.218521235028096E-043   2.580803235172160E-022
    109   10   5.161606470339230E-022   1.287408494008644E-042   5.161606470339230E-022
    110   10   5.161606470344320E-022   1.287408494011239E-042   5.161606470344320E-022
    112   10   2.925710608030650E-022   4.165308652628799E-043   2.925710608030650E-022
    113   10   2.925710608033037E-022   4.165308652634496E-043   2.925710608033037E-022
    115   10   5.851421216061300E-022   1.666123461051520E-042   5.851421216061300E-022
    116   10   5.851421216066075E-022   1.666123461053799E-042   5.851421216066075E-022
    151   10   2.914018697264192E-022   3.739185459908658E-043   2.914018697264192E-022
    152   10   2.914018697262129E-022   3.739185459904184E-043   2.914018697262129E-022
    154   10   5.828037394528384E-022   1.495674183963463E-042   5.828037394528384E-022
    155   10   5.828037394524258E-022   1.495674183961673E-042   5.828037394524258E-022
    157   10   3.313120229506833E-022   5.125189099088068E-043   3.313120229506833E-022
    158   10   3.313120229504048E-022   5.125189099080504E-043   3.313120229504048E-022
    160   10   6.626240459013665E-022   2.050075639635227E-042   6.626240459013665E-022
    161   10   6.626240459008096E-022   2.050075639632202E-042   6.626240459008096E-022
    196   10   2.580803235169551E-022   3.218521235021386E-043   2.580803235169551E-022
    197   10   2.580803235172402E-022   3.218521235028775E-043   2.580803235172402E-022
    199   10   5.161606470339102E-022   1.287408494008555E-042   5.161606470339102E-022
    200   10   5.161606470344805E-022   1.287408494011510E-042   5.161606470344805E-022
    202   10   2.925710608030518E-022   4.165308652628412E-043   2.925710608030518E-022
    203   10   2.925710608033245E-022   4.165308652635012E-043   2.925710608033245E-022
    205   10   5.851421216061036E-022   1.666123461051365E-042   5.851421216061036E-022
    206   10   5.851421216066490E-022   1.666123461054005E-042   5.851421216066490E-022
  </DiscreteSampler_grid>
