  0.00037850829617573  0.02363624679855302  0.03785533275025263  0.04627387364670154
  0.05332704700280688  0.06145205226927251  0.06981364561688500  0.07782687017872793
  0.08876579091534093  0.09971916361709943  0.10929855755375165  0.12157579199786087
  0.13794315699550838  0.15231475769004563  0.16883233753306917  0.18428576567467081
  0.19578344781496537  0.20488335281441228  0.21354626312139166  0.22201761589890381
  0.23099066635051754  0.24000824463952208  0.24782916815852377  0.25724450858059800
  0.26767655109042898  0.27944878900235687  0.29147588757043641  0.30352900764114882
  0.31534797616132931  0.32734134246325758  0.34073141685463060  0.35557498455857273
  0.36853875111329482  0.37969423196086993  0.38893251659858696  0.39605423368194531
  0.40287792005498585  0.41094915403271315  0.42136409141830500  0.43410640359528396
  0.44592995263865959  0.45889340003470291  0.47055097365054321  0.48152608954949411
  0.49080896572478300  0.50085051262983316  0.51274109755692121  0.52536663615176526
  0.53854272385105983  0.55174434734898292  0.56283009616602431  0.57389907604100632
  0.58305712597559733  0.59426767154668048  0.61037899131266293  0.63086461565590357
  0.64453016719656930  0.65788191042795419  0.67084604398934589  0.68283364645401046
  0.69464098267161845  0.70632414637422725  0.71789590658772273  0.72497921389529341
  0.72851763012417614  0.73205604635305888  0.73563001770903247  0.73930763210759332
  0.74298524650615405  0.74666286090471490  0.75067396790018148  0.75470244593823943
  0.75873092397629727  0.77157046275971042  0.78498752580895703  0.79710079120567234
  0.80955443698989304  0.81825699236365490  0.83174070660823674  0.84459878194078719
  0.85542966741561854  0.86456772838745732  0.87328478283760980  0.88386700502249160
  0.89621989104670030  0.90656591676523290  0.91612682498176323  0.92478080479501623
  0.93314207772825808  0.94137801286458289  0.95156414335368988  0.95967798833537687
  0.96500893119168552  0.97339378956316691  0.98246471836127480  1.00000000000000000
  0.00005292337605724  0.00005369078223360  0.00005432697536381  0.00005486130695448
  0.00005534010635594  0.00005585234159561  0.00005642528392404  0.00005724276172914
  0.00005793767277855  0.00005867285251635  0.00005953043950307  0.00006038591071864
  0.00006111130370275  0.00006166940794233  0.00006239469545961  0.00006306179238068
  0.00006358563539931  0.00006411717699810  0.00006467430162007  0.00006529473578465
  0.00006603578216730  0.00006668111002840  0.00006727853352703  0.00006795867733730
  0.00006860359840756  0.00006924103900288  0.00007018192640810  0.00007114744555196
  0.00007198420548535  0.00007257476212133  0.00007372555124485  0.00007504049395054
  0.00007634082761788  0.00007757484305989  0.00007876931916595  0.00008002072080538
  0.00008141468697785  0.00008296199618807  0.00008458686816688  0.00008611656468948
  0.00008755765766512  0.00008894131750828  0.00009032402015418  0.00009168486326248
  0.00009294496442567  0.00009429620919743  0.00009564944430649  0.00009731100904824
  0.00009894487171787  0.00010090026703691  0.00010321024655616  0.00010529830429250
  0.00010752787580174  0.00010996655819319  0.00011270163479579  0.00011587322245471
  0.00011949011483879  0.00012331220594114  0.00012757467544786  0.00013224517142564
  0.00013725722240081  0.00014267294014003  0.00014919443597885  0.00015651701522573
  0.00016353768988446  0.00017027202466846  0.00017616835242787  0.00018124683358726
  0.00018545729028476  0.00018989970986426  0.00019431870883734  0.00019961651496243
  0.00020522914535783  0.00021095066566095  0.00021776017595090  0.00022529798378197
  0.00023413407181572  0.00024616729113260  0.00025659618665501  0.00027184146815641
  0.00027717149932995  0.00028250153050349  0.00028783156167703  0.00029295605722343
  0.00029803429165588  0.00030311252608834  0.00030830285827579  0.00031358470741236
  0.00031886655654893  0.00033419555547599  0.00038557219607005  0.00045822077990665
  0.00061503576573394  0.00119225529163547  0.47138419920385860  1.00000000000000000
  0.99576621948901056  0.99735642266490443  0.99740038755564964  0.99743308071737247
  0.99747607740453514  0.99751331351851691  0.99755652010843976  0.99760620557502810
  0.99764237519972121  0.99766859174331779  0.99769179918973150  0.99772435833068784
  0.99777109229631145  0.99781029249887321  0.99784162405190280  0.99786474942747505
  0.99788783085337052  0.99791200240759537  0.99794446150517480  0.99797619881170985
  0.99800791634061203  0.99803995365758580  0.99807409274513548  0.99811165364141974
  0.99815433906088658  0.99820035324862522  0.99824433618762587  0.99827797772968074
  0.99830805945402801  0.99833921430518802  0.99837287135790576  0.99841314271603099
  0.99845540906838970  0.99850062666135853  0.99854888249858731  0.99858763888243862
  0.99862134932613278  0.99865266890944415  0.99869233290929993  0.99872750176423308
  0.99875027280675888  0.99877221644390157  0.99879751936311323  0.99882957197861788
  0.99887019429571589  0.99889902302157185  0.99892167222744310  0.99894620869987416
  0.99896945474721055  0.99899399716987414  0.99902093769600375  0.99904596597578599
  0.99908836255767020  0.99912913648031954  0.99916182000005915  0.99919172858261118
  0.99922281890438369  0.99925563255075889  0.99928918094344688  0.99932303084984841
  0.99935610641265749  0.99938960185724368  0.99942469327388150  0.99945592692718843
  0.99948603098924738  0.99951476313655807  0.99954409457355975  0.99957406216839051
  0.99960226626723803  0.99962799709047190  0.99965264063238102  0.99967508807227490
  0.99969763594049599  0.99971660702045129  0.99973490458689818  0.99975423365910310
  0.99977745881538049  0.99979546277347975  0.99980270501371982  0.99980969531749153
  0.99981668562126325  0.99982429481396473  0.99983199104705245  0.99983968728014028
  0.99984744179441065  0.99985521247864850  0.99986298316288624  0.99987783883529813
  0.99989286454384363  0.99990618043882940  0.99991880064555971  0.99993121205119662
  0.99994640606031349  0.99996434753275543  0.99998245237068539  1.00000000000000000
  0.00179227369309553  0.02026700116476936  0.03435683033382442  0.04329634908009332
  0.05162511543443608  0.05945348710682493  0.07011996213113059  0.08271119953332962
  0.09521218590495935  0.10736394792009087  0.11959397498120630  0.13250215675678276
  0.14534058742818529  0.16243741541138235  0.18059854330469211  0.19644995862533171
  0.20795382765906131  0.21748718002712428  0.22606757515205145  0.23565941342653005
  0.24880388626156730  0.25937389019328888  0.26684643477603948  0.27705880663937549
  0.28573733582321181  0.28869836409097638  0.29031853129814045  0.29193869850530446
  0.29358872490383225  0.29527016407387680  0.29695160324392134  0.29860474085598282
  0.30013971463927702  0.30167468842257122  0.30320966220586543  0.30906403091622020
  0.31615683939040146  0.32949190812920875  0.34118168377695907  0.35019163373239121
  0.35766609768085939  0.36475087035209708  0.37273743707589818  0.38792735681169582
  0.40610968089122179  0.41904574194417493  0.43320884795920378  0.44903287627140964
  0.46573322508025539  0.47841931365168483  0.48915145545774213  0.49903596057888638
  0.50769767153221157  0.51660035320822795  0.52965675970083592  0.54385853643159732
  0.55616233270830084  0.56681516799177456  0.57737076855648106  0.58843906852105377
  0.60082151660590266  0.61104797620578433  0.61983938709610709  0.62799754036695310
  0.63631829596203304  0.64544747687852333  0.65570987108252043  0.66587927050768170
  0.67962265258098942  0.69483128416167128  0.71349468089216050  0.72623438397264994
  0.73837770889461618  0.74657131879781202  0.75311242496864406  0.76117152758505524
  0.77217446120750954  0.78057496850958952  0.78880782867722044  0.79800311954848513
  0.81022389438977049  0.82168451226963313  0.83347034483774074  0.84498006000128889
  0.85708913491472905  0.87283787943522140  0.88999754379289575  0.89982510373583913
  0.90720186061120456  0.91588671776175179  0.92603990357458499  0.93860339772913470
  0.95142353282167680  0.96487005341353238  0.97846773090039396  1.00000000000000000
  0.00878927091485308  0.01917958548812231  0.02998529961345408  0.04169613541939247
  0.05213014243237561  0.06378056562057922  0.07805087198185763  0.09148164639219748
  0.10534882336365682  0.12579194064027754  0.14096718640436423  0.15272449946407426
  0.16266926363535883  0.17225980382731546  0.18165918060407926  0.19187799678412404
  0.20290770800390079  0.21010546002735983  0.21642491432065994  0.22210322423878659
  0.22833903156839544  0.23446646609418051  0.24252577528574051  0.25310162356170912
  0.26555354944799031  0.28134603830790800  0.30215029001195792  0.31981689559227849
  0.33365154496013028  0.34464050373093497  0.35414890605063687  0.36344697367356460
  0.37148570259284636  0.37885737248176415  0.39400361205144485  0.41137862133657732
  0.43036440957751654  0.44061453696546199  0.44754924102765009  0.45448394508983814
  0.46096854212786770  0.46678562615289071  0.47260271017791367  0.47837820030702555
  0.48296026186150265  0.48754232341597975  0.49212438497045685  0.49856193999808068
  0.50766882423105486  0.51616890682486438  0.52632846926386179  0.53702259340392910
  0.54572029523590271  0.55573920731126303  0.56862566122711344  0.58441743072610575
  0.59780098450903330  0.60838925021345691  0.61787247470675200  0.62795312792609193
  0.63861990660592305  0.65054156089258142  0.66371857285021529  0.67567101839277999
  0.68458796404245648  0.69110814153261935  0.69820046101975319  0.70636533987559214
  0.71980317326790644  0.72973573856642160  0.73551298384907682  0.74308903552353900
  0.75184236533039817  0.76235544822839896  0.77797700691696003  0.79234149221827088
  0.80916251293468910  0.82414836676526559  0.83738445085726476  0.85092781583558463
  0.86365310006850893  0.87376325570942359  0.88196298059587797  0.89059833472039684
  0.89733997310225977  0.90216009401755337  0.90775016429789557  0.91465529809052915
  0.92112422099137869  0.92865858367581933  0.93642247975505177  0.94544738831708686
  0.95728589606102010  0.96937924813376997  0.98276397327195475  1.00000000000000000
  0.00016164989863020  0.00019405585560101  0.00024425261332832  0.00025732734531082
  0.00026549125878109  0.00027322210886714  0.00028115488827631  0.00029044031100503
  0.00029967483885307  0.00030830471593283  0.00031756982921830  0.00032674437716547
  0.00033432799291769  0.00034126304559771  0.00034893249568046  0.00035555673146969
  0.00036006458073026  0.00036485249777028  0.00036961330468008  0.00037714870798915
  0.00038631044199940  0.00039656722666610  0.00040585001698061  0.00041299716069989
  0.00041809733891330  0.00042344513793024  0.00042906114224513  0.00043578123083736
  0.00044395278753036  0.00045399829274869  0.00046636034645536  0.00048129253438314
  0.00049560990442085  0.00050788461406610  0.00051961373857002  0.00053155414378610
  0.00054507723837193  0.00056448633556028  0.00059424721538047  0.00062643089311337
  0.00065058646481102  0.00067273437587022  0.00069559898433184  0.00071591924922717
  0.00073921929046338  0.00076936724387436  0.00080899105667690  0.00085503542300344
  0.00089663992229778  0.00093161561851861  0.00096393509468680  0.00099367569980590
  0.00101947185687155  0.00104472485687801  0.00105260634771552  0.00106048783855304
  0.00106836932939056  0.00107720517693003  0.00108621417847954  0.00109522318002906
  0.00110878201555403  0.00112773335277077  0.00114668468998751  0.00117183700841306
  0.00127741904652456  0.00134922265372643  0.00140672016891926  0.00146104536123963
  0.00155495941728287  0.00169414214604418  0.00180511781731834  0.00187619898218849
  0.00193407534153364  0.00199960552244760  0.00208918203191349  0.00224575551806411
  0.00243944339123555  0.00272379041001644  0.00296669652007763  0.00316706592066473
  0.00335171743308616  0.00353770731067459  0.00370553059852756  0.00403638782152679
  0.00444164124550929  0.00499065286593578  0.00593022690100999  0.00819996307155252
  0.01068050518596820  0.01228970152348183  0.01360536623784897  0.14373058181173551
  0.29461984561848625  0.44703034796570296  0.59944085031291527  1.00000000000000000
  0.00001399993014105  0.00004360134323025  0.00005913022824217  0.00007567411468619
  0.00008831824573298  0.00009775763898922  0.00010787787691871  0.00011419786993877
  0.00011972897787303  0.00012445553963453  0.00013588454349797  0.00015261700842471
  0.00016668276812896  0.00017785868252921  0.00018861437186662  0.00020120559567323
  0.00021626435639052  0.00023086103546362  0.00024328084895478  0.00025334783171141
  0.00026356773575690  0.00027468592613433  0.00028820634011586  0.00030457402138525
  0.00032070545399746  0.00033772381217156  0.00035592749932626  0.00037994559608838
  0.00040814843356730  0.00043971359326933  0.00047213859832680  0.00050581486767562
  0.00054024872880103  0.00057753543139808  0.00062077458995164  0.00065961848006579
  0.00069693094320887  0.00073777290986283  0.00077703722630155  0.00081697793886865
  0.00086088729702002  0.00089817454539577  0.00093021448458621  0.00095639850308891
  0.00098511383533533  0.00101066993148900  0.00103668624080183  0.00106443698322220
  0.00109566911446693  0.00112961877940573  0.00117238126465506  0.00123325152024033
  0.00129770999950058  0.00134293270711003  0.00145028149390386  0.00156659658045045
  0.00168308188178109  0.00179892935304611  0.00190839025093007  0.00201202566457669
  0.00212358161312529  0.00225900729876474  0.00245192301646665  0.00273096708873701
  0.00302998596579879  0.00331755619646594  0.00367308781717482  0.00396875501706603
  0.00437832121661700  0.00461882492094782  0.00488218643796422  0.00513292987343189
  0.00554765931917551  0.00610962164661950  0.00674420963988592  0.00717403664356147
  0.00735960439848573  0.00754517215340999  0.00773073990833424  0.00791630766325850
  0.00810187541818276  0.00909960779394239  0.01081903558282665  0.01253846337171090
  0.01425789116059516  0.01597731894947942  0.01769674673836368  0.02923931772864127
  0.04669300726872598  0.06414669680881066  0.08160038634889535  0.09905407588898005
  0.11650776542906474  0.13396145496914943  0.15001255628618129  1.00000000000000000
 -0.00503818560706576  0.03353831857618339  0.06258172199425688  0.08854411721394861
  0.10637167990394585  0.11957993487219651  0.13076452413947579  0.14327212300363087
  0.15649187898495265  0.16998172042490173  0.18345393386924380  0.19905534281510689
  0.21453149349915332  0.23226733810898650  0.24723731471058824  0.26107528310607819
  0.27308121026693560  0.28481639614008925  0.29604894359611805  0.30689664553325563
  0.31744709090494005  0.32640283329987790  0.33504190454143196  0.34523183043178057
  0.35857340460256776  0.36787816985331895  0.37313311598053001  0.37943863824375895
  0.38832041040559928  0.39651013496829085  0.40395158277827020  0.41245735929037625
  0.42205694431594787  0.43267334486987391  0.44473527650108652  0.45827619770750366
  0.46985635761488664  0.47749569753806698  0.48526159998090029  0.49395837088741995
  0.50380644772613858  0.51562980980461948  0.52650369261614582  0.53610027537470373
  0.54451717559839763  0.55307157118835204  0.56150993256631609  0.57060350635392443
  0.58098207081694742  0.59447047640527895  0.61186649048401376  0.62513219685583665
  0.63564488657638440  0.64294312841310186  0.65011270040185298  0.65786083884101576
  0.66631602314151783  0.67642973887204128  0.68806320803422438  0.70160984052200570
  0.71367752433080067  0.72632742192692534  0.73682728040029688  0.74414368053423918
  0.75127607374370919  0.75906590169344745  0.76579176178989539  0.77713186633720299
  0.78878349965060124  0.79406047542638214  0.79917095955035822  0.80428144367433418
  0.80768474422795700  0.81085015021264650  0.81401555619733590  0.81671984668491981
  0.81929630823029265  0.82187276977566548  0.82837975116363882  0.83533077950995704
  0.84448323581449691  0.85219059018010490  0.86185674193061435  0.87095710962729744
  0.87799862090269809  0.88638582730289506  0.89476533334365604  0.90239956302411806
  0.90992948517584760  0.91783003575715616  0.92751228371373395  0.93712947295404869
  0.94833991161959164  0.96308446947856263  0.98072712782185945  1.00000000000000000
 -0.00431730611661304  0.01670959212241603  0.03116458253705222  0.04384367618829473
  0.05368053933726715  0.06469227520769277  0.07612065160932252  0.08754981401058820
  0.09864276619054903  0.11005779120304213  0.12089014218491359  0.13569820209976080
  0.15719198110550128  0.17093546566941659  0.17887981468356928  0.18585732117036416
  0.19419899872179988  0.20556648085105794  0.22239189178779281  0.24178998702571530
  0.25905797823359905  0.27346873041488545  0.28352748370851510  0.28895898560264704
  0.29443892764325391  0.30045397886036324  0.30833294375818437  0.31824800278030130
  0.33294084712882172  0.35120250334462916  0.36835389200373847  0.38588568645018578
  0.40526509458104065  0.42076249467782550  0.43478803438611885  0.44585681727849685
  0.45858520832944533  0.47272372431360443  0.48686869375909569  0.50040545748721010
  0.51262395233071101  0.52476830068946667  0.53496116108233172  0.54434547181461213
  0.55498503632327811  0.56431342853152988  0.57299991737722233  0.58130638838613924
  0.59007336934711063  0.60154747420077492  0.61193349260896712  0.62221504402467365
  0.63524706890494986  0.64807077143384084  0.65868682626898323  0.66918797173134403
  0.68109833214491877  0.69566187156908643  0.71179482004632277  0.72859133344582061
  0.74013704550013226  0.74979481787606128  0.75960654547915130  0.76865736789493311
  0.77861042571670669  0.79034524289668950  0.80350177491214636  0.81370431054503400
  0.82412263927109597  0.83476159884566759  0.85032122120021181  0.86770797244488740
  0.87682384432464489  0.88071687983798985  0.88460991535133471  0.88810384953454347
  0.89077638579003871  0.89344892204553394  0.89600744580072200  0.89791334017973046
  0.89981923455873891  0.90172512893774726  0.90798339213051327  0.91447285489999897
  0.92162245775404217  0.92725866302862126  0.93205147613061590  0.93732244433803480
  0.94406972911250786  0.94871415787844038  0.95126949481639611  0.95463642930328541
  0.96216086966370062  0.97346710254313040  0.98705808126694694  1.00000000000000000
 -0.00366764982391184  0.01700856797109325  0.03677131462372513  0.05185336741661641
  0.06333240292376213  0.07797591524355205  0.09333062758493388  0.11038521862494134
  0.12788736649931112  0.13888078817376165  0.14958135135630296  0.16041352725794938
  0.16973394605242348  0.17783588400840294  0.18582205379338995  0.19478323227115266
  0.21356829591066176  0.23140338398859703  0.24804573784843598  0.26048264310565172
  0.26947095022302570  0.27804254957656871  0.28919495230490955  0.30179134467067459
  0.31096323490159328  0.31837836926835394  0.32729211765381394  0.33800559114628681
  0.35026806019056833  0.36180469911812352  0.37446107626339192  0.38568993285435738
  0.39716692727131497  0.41212912482658753  0.42313432354303493  0.43561535262668116
  0.44857131001061062  0.46091418842160431  0.47373406570529691  0.49012591459829014
  0.50700874792693618  0.52626077971992202  0.54148642061389496  0.55772449833831816
  0.57338871737693042  0.58449796707286761  0.59236967250158434  0.59866741330001083
  0.60429402844650726  0.61057189089328867  0.61643114386567088  0.62203786426122665
  0.62742567242457647  0.63497366835043612  0.64651804656240408  0.66063004427371430
  0.67688877746222464  0.69597113655649145  0.71384812022250699  0.72687168395439494
  0.73747960305319171  0.74912510041699876  0.75904726357574948  0.76582995269374432
  0.77250643987936340  0.77976838741998722  0.78663859308722173  0.79502676171302067
  0.80366450904068132  0.81593186772682469  0.83131707977792646  0.84124715715576448
  0.85129225644154949  0.86039737268494842  0.87141948700051797  0.88474602056801277
  0.89725045581511609  0.90682189935278246  0.91482744924610193  0.91906327736255589
  0.92475542766744934  0.93103170093764809  0.93815332099812043  0.94612317888355391
  0.95610319047849246  0.96206754245145398  0.96476167144127556  0.96745580043109725
  0.97020645066305511  0.97318276731846098  0.97615908397386675  0.97913090072973652
  0.98204926514705604  0.98496762956437567  0.98788599398169519  1.00000000000000000
 -0.00206564389847601  0.00741049156713001  0.01804562736116259  0.02765381025648612
  0.03754085138189725  0.04593912671361286  0.05404743353627642  0.06340418013623021
  0.07124557151253726  0.07855017228674681  0.08613649156598512  0.09314092027900989
  0.10050108557324275  0.10950294635670120  0.12217708003993270  0.13890068776412620
  0.15739660217068291  0.17673647714443771  0.19431941120148724  0.21082632889744499
  0.22573813152101163  0.23890987714660528  0.25219827999849098  0.26354413731234494
  0.27575325439814519  0.28902007295222792  0.30249819403771910  0.31663819838399426
  0.33130233253516272  0.34770275695529718  0.36220210031257760  0.37462972607320821
  0.38707803004992758  0.39899624027244512  0.41117548965430656  0.42016885064816106
  0.42773952385025482  0.43568621057726731  0.44623383090419422  0.46104339930715627
  0.47492943352493144  0.48550353653143558  0.49314775513825782  0.49932140351654064
  0.50675245745279540  0.51521754768458328  0.52791227099798432  0.54176010411974962
  0.55027793049405116  0.55854166006829076  0.56597292935670518  0.57384635373945247
  0.58371317573799286  0.59250875683672499  0.60052577829044240  0.61116466681121107
  0.62423842390399686  0.63897914648609933  0.65226494917453093  0.66128446645394956
  0.66775165579682627  0.67445187477255097  0.67989926409535240  0.68591685037290218
  0.68808741998382139  0.69025798959474061  0.69242855920565971  0.69577219951173175
  0.69968974356097102  0.70360728761021041  0.70807543532458372  0.71373462698201495
  0.71939381863944618  0.72505301029687752  0.73711683020185104  0.74821037067782303
  0.75791638734647115  0.76783704355714300  0.77756170635585042  0.78537533776464041
  0.80000621509335135  0.81116270124117329  0.82492774774889566  0.84462056773723215
  0.86294465502521300  0.87729223725976146  0.88929630313168528  0.90377552111233517
  0.92066234268059832  0.93394142750121512  0.94518362877641804  0.95638785909351509
  0.96793995307320779  0.97849804043913524  0.98933558133563304  1.00000000000000000
 -0.00303749613201449  0.01798965888475725  0.03779111244546927  0.05197266539183520
  0.06501130370199668  0.07458874752763933  0.08375835049019645  0.09647241247171642
  0.11093101899596811  0.12602696694894236  0.13629610371190995  0.14918909661263366
  0.15721330877009815  0.16045323719381141  0.16369316561752467  0.16757507638128621
  0.17243513757557041  0.17729519876985461  0.18194503163071710  0.18589261984118430
  0.18984020805165150  0.19432668058659031  0.20806978752370203  0.22240796916207697
  0.23365134132843293  0.24503471902137730  0.25969126327002456  0.27470297042050373
  0.28768003311486295  0.29852199742246227  0.30984210124969430  0.32456603336629786
  0.34265706668575491  0.35667407130936379  0.36723802267534317  0.37681513522635235
  0.38668741947546925  0.39601926626951084  0.40691936534666062  0.41633090579671106
  0.42524371125866500  0.43512217026581440  0.44401216320206344  0.45159162629165006
  0.45957686773507311  0.46970879093787954  0.47847412398976708  0.48693495959335653
  0.49383121300814620  0.50185633473823987  0.50983771317177073  0.51939767329223130
  0.52982397394028147  0.53787689275285822  0.54528714606302775  0.55319028642388957
  0.55988640898101993  0.56627989879450602  0.57417812336977281  0.58392156575928900
  0.59569412628624441  0.61097495837825777  0.62262604306525171  0.63380218768487406
  0.64478638568646163  0.65529230714057785  0.66503200733650214  0.67349064389181679
  0.68457868783756204  0.69660721955449645  0.70943653958072916  0.72117328228434685
  0.73169429183234314  0.74251568280745783  0.75492808243757081  0.76858004151640691
  0.78060555990609060  0.79202905155959558  0.80451679797891984  0.82017655327191219
  0.83707086370938200  0.85760862223527234  0.87782080608731827  0.89321137690432861
  0.90920764509964658  0.92499132838941445  0.93871512675650004  0.94648176334711498
  0.95257820514391989  0.95725799799252020  0.96114070406209151  0.96760824950530655
  0.97469999861359991  0.98245928391546966  0.99126192622514742  1.00000000000000000
 -0.00109354440257582  0.00482778980426331  0.00957795991606542  0.01581054573297955
  0.02377694903660748  0.03552488019747577  0.04525528595828707  0.05712689757919440
  0.06835905984766853  0.08102301395870488  0.09361731642821267  0.10314164364874283
  0.11092573984230343  0.11993119678090092  0.13371530543238180  0.15058697270084878
  0.16514733371531817  0.17586063104457070  0.18816295253439980  0.20296935731340007
  0.21783767721345165  0.23019984313514433  0.24211523490970252  0.25383599419655573
  0.26719435185486939  0.27967756794069842  0.29573747577866483  0.31167087806477989
  0.32576455937755361  0.33728041441503681  0.34744803799343355  0.35739213789198082
  0.36760713551858099  0.37773546841646616  0.38943337150924506  0.40089505258687957
  0.41500700131337137  0.42775446191160960  0.43869938349915377  0.44962759684196929
  0.45868496829382011  0.46671664467523316  0.47373187737314876  0.48254969180428803
  0.49273725120519885  0.50244616770559924  0.51217862550736537  0.52462898694819671
  0.54288494101577511  0.55872231971205466  0.57116620763927517  0.58264245243432145
  0.59310989479552623  0.60221305755090504  0.61184891707239630  0.62333747590824362
  0.63573727009223657  0.64707964233838933  0.65766722073111417  0.66904463326416064
  0.68153951287395709  0.69462174992127423  0.70561335804050684  0.71800886241146378
  0.72747243735402922  0.73629950063007221  0.74514555120862069  0.75430377339502663
  0.76583105530469575  0.77603951276969008  0.78464586396022273  0.79166128102759392
  0.80038278981014732  0.81208236102100961  0.83077200989805389  0.84713562773175000
  0.85939610029949765  0.87003302278851913  0.88121217034777199  0.89090234042443472
  0.89934053622396126  0.90875628523322971  0.91999454543573467  0.93478511321586655
  0.94715661155915676  0.95494805749957978  0.95943894953498876  0.96392984157039774
  0.96845303843846420  0.97307078801542868  0.97768853759239305  0.98230628716935753
  0.98673648071624587  0.99115765381083054  0.99557882690541522  1.00000000000000000
 -0.01077944349096759  0.03809046160718481  0.06565011464601020  0.08187112997161219
  0.09443921030477113  0.10773081499860547  0.12168038526084782  0.14278268967024715
  0.16104831169760517  0.18154713946854445  0.19799263685088553  0.21202224688667076
  0.22687042776094976  0.24436896621926940  0.26005047636156658  0.26993636495375423
  0.27772303160940781  0.28558027039926831  0.29550616095111193  0.30885577122552094
  0.32315057108349227  0.33954003592199700  0.35432947718518770  0.36573585307845746
  0.37785345593791708  0.39341802729118502  0.41011222917477974  0.42447344584597257
  0.43612375822161792  0.44586045216829284  0.45448698928594827  0.46408195835392568
  0.47359931654247045  0.48429528911108255  0.49785262810620756  0.51355427935059084
  0.52895418518037240  0.53995618846067761  0.54720076376471360  0.54918284868620637
  0.55116493360769914  0.55314701852919190  0.55509476321410012  0.55703964701102593
  0.55898453080795163  0.56090694134224839  0.56282310371816169  0.56473926609407499
  0.57067317316894828  0.57887788877511637  0.58570857447632807  0.59120185213662557
  0.59652517947598793  0.60271852699470641  0.60799442194210829  0.61415130510906046
  0.62059927298372475  0.62747637619043406  0.63720091886106400  0.64816421171948591
  0.66225740481009321  0.67577730512582213  0.68602028022715500  0.69377220421724617
  0.69956861047272567  0.70444267143208716  0.70980812658194159  0.71547588155505659
  0.72128827827497288  0.72813015681917204  0.73453601413877512  0.73954711618408897
  0.74513405233590413  0.75488441000840367  0.76812319266115325  0.78258320721287755
  0.79878270761544135  0.81647284720239455  0.83295870460578725  0.84704919106534304
  0.85910992580779777  0.86983360200217097  0.87868211570727128  0.88795483418238652
  0.89565414759977846  0.90547354189245544  0.91509677269489809  0.92249557812473459
  0.93072431461437288  0.94125159402789538  0.95495570134606200  0.96717054764923971
  0.97698498452985405  0.98523784323431740  0.99274403259605126  1.00000000000000000
 -0.00237693708186975  0.00021995334242560  0.00281684376672095  0.00541373419101631
  0.00804729718761732  0.01150689858222131  0.01496649997682531  0.01842610137142931
  0.02173095322720188  0.02500381614612026  0.02827667906503864  0.03621665602321630
  0.05031187911954528  0.06487373031791370  0.07785010546682808  0.08845778344027470
  0.09824773317640589  0.10745839140533971  0.11875394065778186  0.13108331602620119
  0.14456279930067600  0.16088560247014128  0.17942489162206973  0.19631077537147407
  0.20977160275406997  0.22197453365793135  0.23512454446288736  0.24695195803194347
  0.26155362002184807  0.27690528221364108  0.29069173430141559  0.30423043495666291
  0.31646867190638023  0.32568978395815407  0.33484612479278419  0.34211002393162265
  0.34873336742314387  0.35622037955265262  0.36485690445520275  0.38043910509910578
  0.39540452617509425  0.40765418210622939  0.41691168536234813  0.42506429578824878
  0.43217850527983825  0.43588110448405343  0.43933219720564787  0.44364681043971932
  0.45126287873412058  0.45830320303872391  0.46959848770282070  0.48360188625186984
  0.49905433828124474  0.51231569353220807  0.52540865503686063  0.53727475208548159
  0.54846773802677573  0.56184480855400609  0.57743666482040990  0.59374665281312222
  0.60513483827412207  0.61327794903169774  0.62005415125733976  0.62671637360834498
  0.63554132858759815  0.64691431625770279  0.65655991159151061  0.66481983124646149
  0.67532052492566885  0.68922776285684029  0.70307164953005952  0.71704958169349342
  0.73128923518741884  0.74645099862215669  0.76160266792169384  0.77302905715899051
  0.78405327116495871  0.79399515058439329  0.80267789442239068  0.81270490533950634
  0.82212449725977532  0.83264316369518543  0.84423571843561940  0.85456996488847292
  0.86317046365939476  0.87355189671690714  0.88872161249307380  0.90290446473100217
  0.91502659428850963  0.92840690810079551  0.94007110356191703  0.95080307108050077
  0.96349638512890412  0.97728924994043009  0.98871114046923259  1.00000000000000000
 -0.00122203144819229  0.00035574847880808  0.00193352840580844  0.00351130833280881
  0.00535702507763723  0.00827808805278249  0.01119915102792775  0.01416611952010089
  0.01746691411401469  0.02076770870792850  0.02448981386378019  0.03748904676178208
  0.05249461866987533  0.06722056956432518  0.07846337007203658  0.08955905363067862
  0.10137399057155826  0.11097448087284999  0.12164372519218776  0.13199510455425745
  0.14406975659053847  0.15626390526613027  0.16939373501204702  0.18460282562385555
  0.19949458392570921  0.21168966539498665  0.22551509489818508  0.24048028199375179
  0.25044418871720764  0.25726941442070289  0.26313782786082762  0.27097951736509851
  0.27771724744423670  0.28476921167649949  0.29314523007747390  0.30593046505569643
  0.31974841291817074  0.33203321549258308  0.34349042658903978  0.35583871716199056
  0.37258190905245364  0.38865770620329526  0.40266229268086923  0.41410615622882962
  0.42298471085554767  0.42961083941232864  0.43658678194825534  0.44549785691590660
  0.45787352156101191  0.47298507180626076  0.48753964309709152  0.49954920361178756
  0.50703512213298696  0.51435467743548202  0.52076004315368607  0.52848571817774059
  0.53736385678168552  0.54409904796066411  0.55123493782634669  0.55792010876213716
  0.56969790728740755  0.58209415785443719  0.59157179838445295  0.60104756169078921
  0.61317677437683926  0.63556064134305268  0.65750375413938289  0.67549777855970006
  0.68962197408222692  0.70191093803073301  0.71338221834308524  0.72491951411538880
  0.73547998200823106  0.74668668862451704  0.75825277546637626  0.77016226201246540
  0.78296946095647224  0.79642450918382857  0.80687613394393787  0.81402959941674990
  0.82227670514577789  0.83079484541774806  0.83902682706380027  0.84765440689050853
  0.85652487744847183  0.86496429282475829  0.87461499176971114  0.88465402808673388
  0.89392639776484695  0.90456809749824862  0.91804338532029328  0.93543748748078459
  0.95252879157836212  0.97195005796684042  0.98562276733167586  1.00000000000000000
 -0.00464187132440555  0.02109062251093047  0.03719566882840000  0.04861075182612808
  0.05842920783824242  0.06481449602311577  0.06990658811065831  0.07522953020761705
  0.08034477260997262  0.08770147645011651  0.09655437196817608  0.10653486656408540
  0.11849624509931074  0.13303149409180584  0.15030996988077677  0.16434572356309207
  0.17667065285113617  0.18846228911156873  0.20148153629068760  0.21439448847794348
  0.22719557108252728  0.23833938408405911  0.24937154778709866  0.26130857080373970
  0.27293724107389350  0.28550287248541723  0.30007409744850910  0.31385237797924131
  0.32598595253259793  0.33655572754304652  0.34815888606773077  0.35608705467365642
  0.36499914826027979  0.37512951554932505  0.38700476919481275  0.39705221571225185
  0.40680722528660151  0.41693322635996355  0.42766767115797566  0.43936343994979432
  0.45129485495098570  0.46326940149541351  0.47611515788633330  0.48980206731790443
  0.50251215911900982  0.51390273197506930  0.52560649326146447  0.53573715895579022
  0.54606689468928049  0.55882043743183263  0.57158347400163534  0.58221126521900279
  0.59061589129901815  0.59888362601923617  0.60710896961203054  0.61765225594212048
  0.63182697168036139  0.64913486608482607  0.66344092878014138  0.67090132181044471
  0.67488139504039213  0.67886146827033966  0.68274710843545716  0.68641723899542573
  0.69008736955539418  0.69375750011536264  0.69761342465758336  0.70147693537059685
  0.70534044608361024  0.71514766330878177  0.72649173475597228  0.73429323344789266
  0.74410627062960155  0.75254477126491415  0.76063361327605716  0.77115422597185357
  0.77871851689527194  0.78443039358295796  0.79022646479402581  0.80082516894717248
  0.81857564547397188  0.83617387441481827  0.85452212737749178  0.87245473621926384
  0.89263287141857395  0.91128640679690731  0.92881668977596421  0.94349530809697979
  0.95551115641140982  0.96685282079305657  0.97523046562880278  0.98019763259363535
  0.98455943423064862  0.98895115389339983  0.99409837367259590  1.00000000000000000
 -0.00413100746250701  0.01830935158067147  0.03283584209706426  0.04435620481178391
  0.05923488503432046  0.07185637659504614  0.08181024180161778  0.09088928706882395
  0.10031138332859968  0.10875022585291169  0.11879432015647705  0.12937725320906571
  0.14007324302504306  0.15068267236187302  0.15873807268439602  0.16663013376451058
  0.17407889580886529  0.18200674731603161  0.19385525355973843  0.20787720672963844
  0.21900571798095822  0.22791762856994915  0.23351919024109857  0.23878260753827496
  0.24585699519360374  0.25422984288727468  0.26488374174859330  0.27278036673316219
  0.28266371018575381  0.29114378267652424  0.29974269071562437  0.30813397621519290
  0.31661930162591673  0.32654336595181643  0.33627351055841254  0.34595796824301661
  0.35502221094127639  0.35805526198891541  0.36033468194315554  0.36261410189739562
  0.36467739771078578  0.36665881492162938  0.36864023213247293  0.37078168863332239
  0.37305007884664326  0.37531846905996419  0.37980184345329415  0.38940871628503204
  0.40167565395513882  0.41331187458530116  0.42721278014956393  0.43861476394722693
  0.44918660550176243  0.45736714017815611  0.46423051865059950  0.47073891046396982
  0.47639968907125435  0.48267192921058477  0.49189027214624081  0.50233547150451618
  0.51491645098923988  0.52740424619501958  0.53791316223518737  0.54922610134303362
  0.56084446842490188  0.56888472670176937  0.57771286806808952  0.58791259935103768
  0.60052219842567711  0.61207250162812032  0.62278433653320919  0.63447005931711398
  0.64737357855050426  0.65945634187865365  0.66974477396225163  0.68039183037619788
  0.69162063423422337  0.70163283274415311  0.71573841438948393  0.73361918393818826
  0.75244782625132411  0.77240674537719489  0.79150659658327083  0.80674704204906766
  0.81794891627489874  0.83028755850755309  0.84140716027143614  0.85434118965092076
  0.86631423524078943  0.87932991020305695  0.89467366860351105  0.91321984222834407
  0.93703215206092860  0.96035051342608235  0.97960162362652248  1.00000000000000000
 -0.00382482982016130  0.01517922501403544  0.02443283065188234  0.03205992653161866
  0.04197691924926176  0.05201026879423656  0.05836279040481806  0.06397540174727724
  0.07047709854579731  0.07769765198442692  0.08679658002617449  0.10109674754075992
  0.11610180745552665  0.13012450474891268  0.14318479629089056  0.15392973340593985
  0.16501856176242080  0.18144164107254748  0.19381568447375702  0.20363950280796644
  0.21172049359041004  0.21976084134385149  0.22669356881408673  0.23022692393893845
  0.23198370230638413  0.23374048067382977  0.23562153259060742  0.23772403568557779
  0.23982653878054816  0.24195175173936903  0.24423610113426114  0.24652045052915322
  0.24880479992404533  0.25776205054513407  0.27401790758949790  0.28841943187603475
  0.29607617283937021  0.30271413002823283  0.31037590108180890  0.32131319810959297
  0.33576705293362880  0.35170102938227787  0.36742673053694846  0.38587062252021981
  0.40336826401823783  0.42025857464950400  0.43544224765661521  0.45118290704941100
  0.46991197929750089  0.48592303278756988  0.49894908434817842  0.51081670414420011
  0.52409172575290019  0.53934061514937992  0.55896189426439902  0.57679978539016863
  0.59161173054172500  0.60531175875137078  0.61358731425914437  0.62400833519828469
  0.63501219122974217  0.64564625366142825  0.65690363246566852  0.66942521439771685
  0.68313075729902661  0.69260185440654365  0.69817901548425831  0.70282526832226466
  0.70928873019184269  0.71989162660257378  0.73425132074006927  0.74791485684219128
  0.76043131933230734  0.77221893383388651  0.78276054050139898  0.79376227313921399
  0.80714800498443284  0.82161374019778555  0.83548494849747701  0.84972055356676357
  0.86361769200211647  0.87656487558670615  0.88647077672602403  0.89658878951885512
  0.90879139033604917  0.91611287354514315  0.92361094954512213  0.93147066713132265
  0.93961816300987688  0.94843002977575863  0.95816923235209361  0.96816021991329759
  0.97791580553834900  0.98676339707994543  0.99316125440092917  1.00000000000000000
 -0.00375122519507855  0.01551737751147541  0.02919099201842561  0.04592125641787251
  0.06269907337925426  0.07688571350245149  0.08983663309554239  0.10161760900106813
  0.11005181792901178  0.11749444065473286  0.12530463076227555  0.13464353842546969
  0.14800375897004200  0.15921091919949115  0.17096160367314234  0.18206478842540175
  0.19637262761556362  0.21122493126125974  0.22259503541774550  0.23346558957793082
  0.24452514498907468  0.25393059198576068  0.26442128340832144  0.27391686122331377
  0.28103606585039859  0.28694079664392469  0.29422327420613986  0.30239120179554974
  0.31254315616612133  0.32463912968764230  0.33772931742436785  0.35242445859516797
  0.36577652167485775  0.38177504267364659  0.39454077519897840  0.40603200758785163
  0.41849309912249022  0.43493351819895804  0.45506734699215540  0.47596267761551281
  0.49099549322690389  0.50498336003851407  0.52028574478573941  0.53778889844549183
  0.55134135222267877  0.55900011828463869  0.56769602408020514  0.58069803468692271
  0.59415925292643634  0.60280452488703762  0.60851692158325765  0.61348559135060687
  0.62036468943908973  0.62932856708448837  0.63813131571154946  0.64413597330609740
  0.64920210742492224  0.65888149450240296  0.66938497345678616  0.68043029565875390
  0.68960834340247290  0.69666831835903420  0.70422489206816530  0.71081493292181930
  0.71804020999933493  0.72810689399023210  0.74104366308658554  0.74568816821537875
  0.75024444366009790  0.75480071910481716  0.75914448585691741  0.76331666929605957
  0.76748885273520162  0.77160518721376981  0.77538454254737954  0.77916389788098928
  0.78294325321459890  0.79252786033442990  0.80483938539806599  0.81838389321594618
  0.83124463452038977  0.83934077441731492  0.84618930884658283  0.85416261419997785
  0.86363347744244012  0.87709829892328295  0.89259064975556357  0.90752403764370138
  0.92571394485489789  0.94378413845143261  0.95833758930061252  0.96816985948796930
  0.97555922122971894  0.98292406573405322  0.99129036988283037  1.00000000000000000
  0.66554014777520498  0.71409337901667047  0.72999418292382923  0.74124072297169574
  0.75330993659524381  0.76946990143271898  0.77900473811651127  0.78632955886211675
  0.79328922578932448  0.80186951441941023  0.80897417990262444  0.81501064133032741
  0.82027213188788073  0.82478982131263667  0.82949209788226974  0.83377988846933204
  0.83689141168888070  0.84045099507572008  0.84424492252099459  0.84890035580619738
  0.85352081057870810  0.85748046753140061  0.86122617012143265  0.86467228886089731
  0.86886836016395963  0.87324785425204954  0.87701899816453877  0.88058014735409285
  0.88387126685523631  0.88739116705997678  0.89086302869200473  0.89401196786410952
  0.89677960985745775  0.89922113613722920  0.90171538728763012  0.90374857477835902
  0.90588296077059371  0.90824578775175646  0.91092613110732812  0.91391990454686522
  0.91672413667434816  0.91903739132121565  0.92139355252649424  0.92335409667939372
  0.92525222838350696  0.92706043958439344  0.92896636261587306  0.93107781142424728
  0.93301597616445675  0.93482460274638080  0.93656128475520739  0.93822040163142006
  0.93996912034508406  0.94147170812419589  0.94265276676208820  0.94375647214720237
  0.94482897141186439  0.94631281678590329  0.94830997770111458  0.95002100266292300
  0.95151664483752363  0.95303229596528660  0.95443674015892233  0.95638215807237814
  0.95828067754773327  0.95976031997105082  0.96115974262546933  0.96246582614258369
  0.96371211286909841  0.96502426410499254  0.96658997972662564  0.96782665065708851
  0.96904888172921155  0.97013673415297486  0.97133296310766126  0.97241177977316096
  0.97368615290903315  0.97503610981637390  0.97652394659254038  0.97799349121138102
  0.97922773822823650  0.98029166918240562  0.98130379801341339  0.98231896691267040
  0.98355053711605056  0.98543213153252773  0.98710419365204749  0.98814671375446816
  0.98918923385688884  0.99043433698671013  0.99188804152273891  0.99334174605876768
  0.99493017029252939  0.99662011352835300  0.99831005676417650  1.00000000000000000
 -0.04180748789082975  0.13587873623031571  0.21071472860960289  0.24575334412517794
  0.26706778275005832  0.28669704873430490  0.30796468852822934  0.32845035099214626
  0.34594467734925799  0.36062041065662243  0.37340475877236379  0.38524692642247826
  0.39868560155664701  0.41076921623662743  0.42191719297674590  0.43068550286743801
  0.44279289100630254  0.45287855242912733  0.46142022426634643  0.46957337286120471
  0.47774792586480935  0.48184217137240792  0.48373695166494179  0.48563173195747567
  0.48758946185484919  0.48964122454199904  0.49169298722914884  0.49383286509288016
  0.49647170029453125  0.49911053549618234  0.50174937069783343  0.51199074238598141
  0.52369722342309943  0.52906252586606339  0.53274426151968446  0.53664732609050692
  0.53998071592247288  0.54933064756838657  0.55951881021383931  0.56774152527255739
  0.57448999921540478  0.57895613849198524  0.58210962697637203  0.58550537084234844
  0.59045287750737496  0.59560131675755701  0.59999940018142484  0.60404825157378816
  0.60832009480419402  0.61370127408000064  0.61917115276576740  0.62455744966979432
  0.62982065015073452  0.63586933740321461  0.64257372574850313  0.64763510101914701
  0.65230564200806296  0.65582059309460183  0.66118076392931291  0.66704746429657680
  0.67331334413505739  0.67999920394347113  0.68691240195606973  0.69410173104096684
  0.70065266451496466  0.70550850109447982  0.71087898276923212  0.71646779766191349
  0.72243972426869363  0.72993261503074502  0.73649375490486269  0.74179702548914916
  0.74608004510025949  0.75097037144504286  0.75657752129492561  0.76309509583316615
  0.76838885875622365  0.77411760500564919  0.77992708381249343  0.78641574918187307
  0.79205285470720321  0.79871688892922998  0.80554424482852749  0.81360934318691558
  0.82345611636500726  0.83399098292839502  0.84409698892132567  0.85481672669575959
  0.86506944465335589  0.87490563309712688  0.88214309510269828  0.88995554667699561
  0.89913374371810095  0.91039284111411034  0.92572022392152609  1.00000000000000000
   3.3418191550336545E-015  -1.0000000000000000     
 F F F F F F F F F F F F F F F F F F F F F F F F F F F F F F F F F F F F F F F F F F F F F F F F F F F F F F F F F F F F F F F F F F F F F F F F F F F F F F F F F F F F F F F F F F F F F F F F F F F F F F F F F F F F F F F F F F F F F F F F F F F F F F F F F F F F F F F F F F F F F F F F F F F F F F F F F F F F F F F F F F F F F F F F F F F F F F F F F F F F F F F F F F F F F F F F F F F F F F F F F F F F F F F F F F F F F F F F F F F F F F F F F F F F F F F F F F F F F F F F F F F F F F F F F F F F F F F F F F F F F F F F F F F F F F F F F F F F F F F F F F F F F F F F F F F F F F F F F F F F F F F F F F F F F F F F F F F F F F F F F F F F F F F F F F F F F F F F F F F F F F F F F F F F F F F F F F F F F F F F F F F F F F F F F F F F F F F F F F F F F F F F F F F F F F F F F F F F F F F F F F F F F F F F F F F F F F F F F F F F F F F F F F F F F F F F F F F F F F F F F F F F F F F F F F F F F F F F F F F F F F F F F F F F F F F F F F F F F F F F F F F F F F F F F F F F F F F F F F F F F F F F F F F F F F F F F F F F F F F F F F F F F F F F F F F F F F F F F F F F F F F F F F F F F F F F F F F F F F F F F F F F F F F F F F F F F F F F F F F F F F F F F F F F F F F F F F F F F F F F F F F F F F F F F F F F F F F F F F F F F F F F F F F F F F F F F F F F F F F F F F F F F F F F F F F F F F F F F F F F F F F F F F F F F F F F F F F F F F F F F F F F F F F F F F F F F F F F F F F F F F F F F F F F F F F F F F F F F F F F F F F F F F F F F F F F F F F F F F F F F F F F F F F F F F F F F F F F F F F F F F F F F F F F F F F F F F F F F F F F F F F F F F F F F F F F F F F F F F F F F F F F F F F F F F F F F F F F F F F F F F F F F F F F F F F F F F F F F F F F F F F F F F F F F F F F F F F F F F F F F F F F F F F F F F F F F F F F F F F F F F F F F F F F F F F F F F F F F F F F F F F F F F F F F F F F F F F F F F F F F F F F F F F F F F F F F F F F F F F F F F F F F F F F F F F F F F F F F F F F F F F F F F F F F F F F F F F F F F F F F F F F F F F F F F F F F F F F F F F F F F F F F F F F F F F F F F F F F F F F F F F F F F F F F F F F F F F F F F F F F F F F F F F F F F F F F F F F F F F F F F F F F F F F F F F F F F F F F F F F F F F F F F F F F F F F F F F F F F F F F F F F F F F F F F F F F F F F F F F F F F F F F F F F F F F F F F F F F F F F F F F F F F F F F F F F F F F F F F F F F F F F F F F F F F F F F F F F F F F F F F F F F F F F F F F F F F F F F F F F F F F F F F F F F F F F F F F F F F F F F F F F F F F F F F F F F F F F F F F F F F F F F F F F F F F F F F F F F F F F F F F F F F F F F F F F F F F F F F F F F F F F F F F F F F F F F F F F F F F F F F F F F F F F F F F F F F F F F F F F F F F F F F F F F F F F F F F F F F F F F F F F F F F F F F F F F F F F F F F F F F F F F F F F F F F F F F F F F F F F F F F F F F F F F F F F F F F F F F F F F F F F F F F F F F F F F F F F F F F F F F F F F F F F F F F F F F F F F F F F F F F F F F F F F F F F F F F F F F F F F F F F F F F F F F F F F F F F F F F F F F F F F F F F F F F F F F F F F F F F F F F F F F F F F F F F F F F F F F F F F F F F F F F F F F F F F F F F F F F F F F F F F F F F F F F F F F F F F F F F F F F F F F F F F F F F F F F F F F F F F F F F F F F F F F F F F F F F F F F F F F F F F F F F F F F F F F F F F F F F F F F F F F F F F F F F F F F F F F F F F F F F F F F F F F F F F F F F F F F F F F F F F F F F F F F F F F F F F F F F F F F F F F F F F F F F F F F F F F F F F F F F F F F F F F F F F F F F F F F F F F F F F F F F F F F F F F F F F F F F F F F F F F F F F F F F F F F F F F F F F F F F F F F F F F F F F F F F F F F F F F F F F F F F F F F F F F F F F F F F F F F F F F F F F F F F F F F F F F F F F F F F F F F F F F F F F F F F F F F F F F F F F F F F F F F F F F F F F F F F F F F F F F F F F F F F F F F F F F F F F F F F F F F F F F F F F F F F F F F F F F F F F F F F F F F F F F F F F F F F F F F F F F F F F F F F F F F F F F F F F F F F F F F F F F F F F F F F F F F F F F F F F F F F F F F F F F F F F F F F F F F F F F F F F F F F F F F F F F F F F F F F F F F F F F F F F F F F F F F F F F F F F F F F F F F F F F F F F F F F F F F F F F F F
  <DiscreteSampler_grid>
  grouped_processes
  1 # 1 for a reference and 2 for a running grid.
  10 # Attribute 'min_bin_probing_points' of the grid.
  1 # Attribute 'grid_mode' of the grid. 1=='default',2=='initialization'
  0.0000000000000000 # Attribute 'small_contrib_threshold' of the grid.
  0.5000000000000000 # Attribute 'damping_power' of the grid.
 # binID   n_entries weight   weight_sqr   abs_weight
    61   10   1.465720764278811E-013   1.769484321350893E-025   1.465720764278811E-013
    62   10   1.465720764278670E-013   1.769484321350514E-025   1.465720764278670E-013
    64   10   2.931441528557622E-013   7.077937285403571E-025   2.931441528557622E-013
    65   10   2.931441528557339E-013   7.077937285402055E-025   2.931441528557339E-013
    67   10   1.702225024112757E-013   1.797278113455647E-025   1.702225024112757E-013
    68   10   1.702225024112581E-013   1.797278113455178E-025   1.702225024112581E-013
    70   10   3.404450048225514E-013   7.189112453822587E-025   3.404450048225514E-013
    71   10   3.404450048225162E-013   7.189112453820714E-025   3.404450048225162E-013
    106   10   1.465720764278795E-013   1.769484321350849E-025   1.465720764278795E-013
    107   10   1.465720764278659E-013   1.769484321350486E-025   1.465720764278659E-013
    109   10   2.931441528557589E-013   7.077937285403396E-025   2.931441528557589E-013
    110   10   2.931441528557319E-013   7.077937285401945E-025   2.931441528557319E-013
    112   10   1.702225024112748E-013   1.797278113455625E-025   1.702225024112748E-013
    113   10   1.702225024112565E-013   1.797278113455136E-025   1.702225024112565E-013
    115   10   3.404450048225497E-013   7.189112453822499E-025   3.404450048225497E-013
    116   10   3.404450048225131E-013   7.189112453820545E-025   3.404450048225131E-013
    151   10   3.632725036391244E-014   1.181575961398035E-026   3.632725036391244E-014
    152   10   3.632725036391537E-014   1.181575961398042E-026   3.632725036391537E-014
    154   10   7.265450072782488E-014   4.726303845592139E-026   7.265450072782488E-014
    155   10   7.265450072783073E-014   4.726303845592169E-026   7.265450072783073E-014
    157   10   7.963864832689281E-013   5.113316417195200E-024   7.963864832689281E-013
    158   10   7.963864832686938E-013   5.113316417191892E-024   7.963864832686938E-013
    160   10   1.592772966537856E-012   2.045326566878080E-023   1.592772966537856E-012
    161   10   1.592772966537388E-012   2.045326566876757E-023   1.592772966537388E-012
    196   10   3.632725036391202E-014   1.181575961398031E-026   3.632725036391202E-014
    197   10   3.632725036391535E-014   1.181575961398044E-026   3.632725036391535E-014
    199   10   7.265450072782403E-014   4.726303845592126E-026   7.265450072782403E-014
    200   10   7.265450072783070E-014   4.726303845592176E-026   7.265450072783070E-014
    202   10   7.963864832689340E-013   5.113316417195283E-024   7.963864832689340E-013
    203   10   7.963864832687116E-013   5.113316417192143E-024   7.963864832687116E-013
    205   10   1.592772966537868E-012   2.045326566878113E-023   1.592772966537868E-012
    206   10   1.592772966537423E-012   2.045326566876857E-023   1.592772966537423E-012
  </DiscreteSampler_grid>
