  0.00158910067369994  0.01636031099725487  0.02845527046977940  0.03991730601753369
  0.05123714198405576  0.06270144431883998  0.07438661036947716  0.08304359278269073
  0.09211409473231272  0.10066837519845492  0.10791541214340469  0.11540318859318169
  0.12356943709230682  0.13122666669518218  0.14237767064198983  0.15291342805561986
  0.16189189165276915  0.16955740170104316  0.17869130278357948  0.18503041062360151
  0.19343147012290826  0.20203665479253080  0.20935623338239395  0.21806517255602914
  0.22508568997892772  0.23261391458488562  0.24118873419166109  0.24937103911220207
  0.25993658119518015  0.27218619145071654  0.28482048013421607  0.29919986354931155
  0.31234757434947780  0.31998371408006271  0.32741050786408887  0.33632546176048023
  0.34823126556507983  0.36066947638270458  0.37575333947925543  0.38661654993172967
  0.39680571742903353  0.40693673027776051  0.41749690603275669  0.43008872490934485
  0.44536128765053895  0.45806450194525128  0.46447157453504379  0.46944202094330362
  0.47540421499269159  0.48227751191251328  0.48974619399337987  0.49933433929411536
  0.51318871184818260  0.52630284250627180  0.53912313809895729  0.55201961095782504
  0.56390359866147810  0.57786735576746318  0.59354135424936727  0.60903048425389483
  0.62615563360894511  0.64451304709775925  0.66359238149316790  0.68217336896556813
  0.69909791100787633  0.71367179798670910  0.72584904699389186  0.73664456768061526
  0.74627938582020514  0.75605174068171965  0.76687970789650817  0.77860893279279952
  0.79000507615173476  0.80134685478907364  0.81291577465057507  0.82367181259174749
  0.83413356808951766  0.84789170219251830  0.86470096756067194  0.87904569622059381
  0.89245902623293294  0.90597958828083425  0.91924728183562365  0.93272420582485860
  0.94623814880923329  0.95828703308858076  0.96659112466391650  0.97097831093075071
  0.97508678604979315  0.97762843919689157  0.97989765860151379  0.98225830516538104
  0.98493846037756616  0.98893663332765613  0.99128486074978028  1.00000000000000000
  0.00843028882079877  0.01793718620184078  0.03009656272064281  0.04485753085542848
  0.06059225889919633  0.07367457696647375  0.08394085600035971  0.09312566059425371
  0.10215533963394839  0.11232231781908109  0.12373542313842786  0.13351030472691003
  0.14044709969390692  0.14732233754740970  0.15411688475286617  0.16063787108537067
  0.16898412807676710  0.17884646240007193  0.18734574650454477  0.19668944994421850
  0.20530368308444794  0.21303224617466796  0.22127138559324838  0.23018584327581160
  0.24052300500218518  0.25003690864258205  0.25849027375948636  0.26777333465516667
  0.28084644062236291  0.29603672478409093  0.31228361610424404  0.32733483447192951
  0.33770715681425811  0.34768932991112583  0.35802742212420596  0.36899822008574662
  0.37922963844771962  0.38548617678825603  0.39297440116279619  0.39986161494195377
  0.40545651734897403  0.41331084741678664  0.42432536544717447  0.43396963077200518
  0.44093479317368789  0.45124648548960206  0.46258674891888252  0.47334387471107586
  0.48456641275195855  0.49567734585411294  0.50704671501798904  0.51835183052580502
  0.53153710353646610  0.54620326849464373  0.55913518831367837  0.56757196183307845
  0.57588266076243455  0.58350524115906499  0.58966210167495137  0.59689141862718598
  0.60737384256434290  0.62052654757501058  0.63776238153650822  0.65313542749909448
  0.66623767919567300  0.67874543601848580  0.69101139626910046  0.70317403888326235
  0.71594834699884635  0.72768672073193819  0.73894542691545706  0.75103621774229090
  0.76341114406871735  0.77614303091969961  0.79046085151205714  0.80594669155701903
  0.82030379062066860  0.83211245858017779  0.84234938685706107  0.85398168498816363
  0.86797929699069432  0.88422151690053452  0.90071458118014947  0.91058003200656523
  0.91785761529803533  0.92407885100107079  0.93159999466953913  0.93902633034112593
  0.94866339997240312  0.95368766026462959  0.95756922976324532  0.96072562226443281
  0.96469224279411414  0.97393215428146596  0.99120905475517873  1.00000000000000000
  0.00021334904001675  0.00022004465773545  0.00022531209982104  0.00022832979240561
  0.00023064842822163  0.00023296529450884  0.00023571316389156  0.00023845303008069
  0.00024135949109768  0.00024438950519562  0.00024771161338654  0.00025130397974483
  0.00025432752276505  0.00025738505603510  0.00026025949095329  0.00026299674198874
  0.00026567321946112  0.00026810579054549  0.00027085716169024  0.00027415051988412
  0.00027741882073660  0.00028047363802494  0.00028371716519075  0.00028730444927111
  0.00029105491172330  0.00029468392568940  0.00029848421740335  0.00030250268439336
  0.00030660912615178  0.00031020224913656  0.00031289629362001  0.00031554208946114
  0.00031836415027519  0.00032146330348600  0.00032547746626627  0.00033061048233663
  0.00033561834264923  0.00033972500568432  0.00034294649942460  0.00034633133886839
  0.00035008452494225  0.00035373781167774  0.00035943223874461  0.00036198517213020
  0.00036364559703832  0.00036525716407952  0.00036743129807891  0.00036960909101254
  0.00037239959776962  0.00037480293061961  0.00037665815099087  0.00037903509763196
  0.00038287061344218  0.00038675004305251  0.00039097670923932  0.00039661363945432
  0.00040232465646049  0.00040742345505124  0.00041172808201751  0.00041822468512734
  0.00042543057600769  0.00043225925146726  0.00043865232079437  0.00044522245965146
  0.00045215324002649  0.00045916652152280  0.00046594348888347  0.00047296693283934
  0.00048066510681358  0.00048919852121740  0.00049641394815000  0.00050205750741617
  0.00050932161798905  0.00051916580139704  0.00052774783585899  0.00053775021173402
  0.00055077262308853  0.00056672576351242  0.00058520905785254  0.00060112129820535
  0.00062016637226539  0.00063792116335125  0.00065260776049879  0.00067280047548242
  0.00069424680570627  0.00072672210945580  0.00077388469155877  0.00083199715016658
  0.00089962949551519  0.00098065104041722  0.00108073155222657  0.00118167758763623
  0.00131592183211858  0.00153938414076461  0.01940694706363790  1.00000000000000000
  0.00021772524751298  0.00036163058207207  0.00041933784291471  0.00045882437270985
  0.00048380763290407  0.00050679159848604  0.00053788413743181  0.00057351312668320
  0.00059990224699072  0.00062153529637343  0.00064298703918383  0.00066415248456229
  0.00068708696974853  0.00072174035329029  0.00076240414655920  0.00080688794107542
  0.00085272340653528  0.00090067274033796  0.00095653579730252  0.00100042459651087
  0.00104553418091949  0.00108150741864285  0.00111692636363706  0.00115556175974003
  0.00120018533279609  0.00125895320535396  0.00133030158355844  0.00139701039026624
  0.00144980974437522  0.00149671239185425  0.00155052136254110  0.00160001959852604
  0.00164021523165165  0.00167159811360383  0.00169892692516725  0.00172447400732888
  0.00175234527677555  0.00178437137731902  0.00181511117711254  0.00184361783719341
  0.00186676352910974  0.00189027601277751  0.00191370379575294  0.00193107424736583
  0.00194993028826209  0.00197357707493982  0.00200709332831669  0.00205896272615667
  0.00210840119821345  0.00216266101583776  0.00222839452036724  0.00230670350618236
  0.00237846272577487  0.00244622867196616  0.00251460896637570  0.00258444956334250
  0.00266189151197664  0.00271384930419756  0.00277473720380300  0.00283323526226458
  0.00289693723655138  0.00296424667747238  0.00305854805660289  0.00316992757294318
  0.00328966634084216  0.00339026867131949  0.00348850124416550  0.00360763697331461
  0.00373005848042054  0.00386394423715682  0.00401474497927289  0.00416041150752772
  0.00430795910422099  0.00445234455780797  0.00458099273014929  0.00471095930772626
  0.00479860416132432  0.00486038695902781  0.00493511477032406  0.00504257469434205
  0.00521527395812291  0.00538204287425788  0.00559124758525983  0.00588093721199759
  0.00624724947580258  0.00670263353883409  0.00723279942570861  0.00772860753607969
  0.00837456240394641  0.00928122212303900  0.01061399081759308  0.01233096779357827
  0.01483420315559321  0.01957981014272512  0.05242762435734027  1.00000000000000000
  0.00385562879407133  0.00836773470843950  0.01373866248289672  0.02085915312073986
  0.03013483870263023  0.03901158970778661  0.04560925370460808  0.05140014136884421
  0.05762567226696876  0.06390487867649240  0.06908280482183060  0.07427971455054862
  0.08000894927289968  0.08676075342952816  0.09142910616568353  0.09645344640665185
  0.10333353953499566  0.11346720222703144  0.12039699253614886  0.12663349712337990
  0.13252852382941635  0.13966049121393440  0.14806603168230303  0.15814683142955180
  0.17221379439343526  0.18872170537495281  0.20243192675478291  0.21507154567421410
  0.22881639221102987  0.24376704725590279  0.25840088530624100  0.27524787404911627
  0.29070452635399041  0.30616960956091305  0.32072867226602403  0.33402660433957215
  0.34705016145410572  0.35995068665822771  0.37322932570506601  0.38827467666720461
  0.39810109511405034  0.40731460489806998  0.41770421954368225  0.42742292023609502
  0.43595800497070142  0.44301393161772612  0.45287855087569112  0.46405845954281283
  0.47704583268251349  0.49393702619320290  0.51426620397410761  0.53516157581274237
  0.55335471943229197  0.56815887133415910  0.57863499091936565  0.59053030363032588
  0.59799303461216236  0.60445547306798275  0.61323481222354359  0.62340002113995452
  0.63979482214470451  0.64963185635611553  0.66006485383208457  0.66925619768697264
  0.68042593045307664  0.69589687777146447  0.71641399551315477  0.73591016529032716
  0.74605271827038033  0.75567942136193389  0.77170894468928530  0.78923228555489933
  0.80609136509479351  0.82011464615662000  0.83517778982896274  0.85226251383484775
  0.87020177682746691  0.88812781773785354  0.89650135701878753  0.90227732209979272
  0.90759112791740693  0.91470391042321286  0.92332255093311266  0.93147405753389056
  0.93836322525751870  0.94541528823408394  0.95327820399433316  0.96078994805989149
  0.96655101207325100  0.97178213359637122  0.97643585199791605  0.98070231005779618
  0.98466387812362477  0.98842487485888508  0.99204012662662955  1.00000000000000000
 -0.00000095181060700  0.00002056096295128  0.00003432374086480  0.00004798791271812
  0.00005966631118225  0.00007134470964638  0.00008412902148178  0.00009655686850782
  0.00010623600500107  0.00011343026754626  0.00011973164181059  0.00012561084476305
  0.00013040522256825  0.00013317455983417  0.00013550958570165  0.00013857094188525
  0.00014339870968693  0.00014838643538901  0.00015426668108749  0.00016265269164188
  0.00017380848219163  0.00018673770919202  0.00019942642224006  0.00021187533797894
  0.00022226235702620  0.00023000263618945  0.00023819634992066  0.00024923780382763
  0.00026096699720957  0.00027233212477645  0.00029269960944591  0.00030389151623598
  0.00030902313784687  0.00031453819159256  0.00032136599160039  0.00032844445102875
  0.00033823195694699  0.00035471979322322  0.00037218240635682  0.00038968055878004
  0.00040632165169560  0.00042699694208317  0.00044989800937198  0.00047920933284588
  0.00051092303466947  0.00053372725324695  0.00054660218340718  0.00055931886639046
  0.00057474777723898  0.00059013825071355  0.00060418279904432  0.00061832945945085
  0.00063536886348639  0.00066078055259719  0.00070997835675375  0.00079923735364533
  0.00087424695051268  0.00093374201194436  0.00100831697771891  0.00109282745128499
  0.00119696291287117  0.00128587773737371  0.00137067745288215  0.00146219226188268
  0.00155631143663760  0.00164831018047790  0.00175385397797923  0.00188222802183080
  0.00205678792869580  0.00223505138209485  0.00244534190596340  0.00271186287956817
  0.00304750766906015  0.00341118572272484  0.00374494427152456  0.00403906906878830
  0.00429330394619294  0.00450621222019112  0.00479671466056330  0.00517802650427469
  0.00553737677506912  0.00592369636846845  0.00629432969616218  0.00665560240155164
  0.00721676337522016  0.00807784598824803  0.00900090047645464  0.00964913075282995
  0.01058768980784613  0.01271938909297421  0.01541700809095122  0.02095242349406667
  0.03828635508020425  0.21375724096632742  0.53111558094347455  1.00000000000000000
  0.00000036172218231  0.00000168721595092  0.00000219188680067  0.00000279596382005
  0.00000402471704886  0.00000569656597797  0.00000667322801695  0.00000735764095689
  0.00000816441155286  0.00000900676495050  0.00000958218318798  0.00001021343694107
  0.00001086508497935  0.00001134401000478  0.00001190729476744  0.00001244605371215
  0.00001380148059992  0.00001601552311976  0.00001801251343544  0.00001981012063726
  0.00002152594452381  0.00002323617276623  0.00002561279265207  0.00002792962063482
  0.00003036352528396  0.00003288156840292  0.00003534822287367  0.00003799435712941
  0.00004135227465435  0.00004560034907767  0.00005026742708699  0.00005472539491197
  0.00005817431081709  0.00006199199268306  0.00006646208568410  0.00007089936945532
  0.00007487728044324  0.00007962112651975  0.00008443426113492  0.00008938567737900
  0.00009656622821164  0.00010478197054947  0.00011214854426508  0.00012103796713760
  0.00013064499777696  0.00014149848020899  0.00015366268382443  0.00016399670401111
  0.00017300575453565  0.00018182622863062  0.00019279406667695  0.00020377443682303
  0.00021540940427340  0.00022691785191530  0.00023728393939894  0.00025064431948921
  0.00027031234223354  0.00029373111550693  0.00032389840592744  0.00035329342576381
  0.00038033964759546  0.00040107700733476  0.00042368498983549  0.00045288344704224
  0.00048464647095346  0.00050292481351467  0.00052042320924639  0.00054179040960679
  0.00057283298348550  0.00062045565099515  0.00068803480003988  0.00078778481697881
  0.00086846171866040  0.00095102018232452  0.00102794022630709  0.00109816146280333
  0.00118358488127314  0.00129142261983329  0.00141757605488383  0.00155889423243430
  0.00172277246513060  0.00190049590392553  0.00206364088191944  0.00231515452534737
  0.00257367605176254  0.00278345768145420  0.00301608839724532  0.00332087403565261
  0.00374417759119833  0.00444834841040957  0.00558509532073484  0.00744751399942635
  0.00947771286565918  0.03145357485817131  0.15175709908159821  1.00000000000000000
 -0.00673123279140926  0.01984937775092204  0.04148021045474069  0.06037807776032705
  0.07774932865338594  0.09441371501373209  0.11102224487578602  0.12696888307028262
  0.14193764065956729  0.15404401883372068  0.16339387234511746  0.17020756511095328
  0.17611984011613022  0.18199660856525718  0.18759600042977898  0.19355310597563655
  0.20013597528166496  0.20614183246641124  0.21303472669686863  0.22377155309904831
  0.23767549401668100  0.24839620780688082  0.25647676720560258  0.26378511937872112
  0.26949018522122187  0.27606642036243767  0.28284835998915542  0.29068865746846168
  0.30073163821779481  0.31127059718660866  0.32050332302609591  0.32842304128996741
  0.33542978911533367  0.34287280692117994  0.34970130529926297  0.35555085736333236
  0.36204016384591625  0.36741550275711882  0.37269421361042809  0.37809823340617565
  0.38481337920451569  0.39358413973680950  0.40346233617322469  0.41355052123597313
  0.42322813239870233  0.43177916721846793  0.44252691219051177  0.45424700768821075
  0.46534789440641255  0.47416072709585411  0.48196934759714527  0.49058560474433721
  0.50061360921524567  0.51000521217128536  0.51849083308474675  0.52530014447982754
  0.53137579634077214  0.53997829610955073  0.54829523690493354  0.55560036441993732
  0.56480475381942052  0.57526068768420080  0.58558524848210891  0.59311506994645291
  0.60054586307925084  0.60876155735825188  0.61834468598317638  0.62488797800167495
  0.63217275569565634  0.64071241182354444  0.64845634206029190  0.65588720734439210
  0.66398159122379652  0.67279338348446927  0.68461296279278028  0.69764688902351291
  0.71006396994840737  0.71942793469390764  0.72530852061058348  0.73175157371010480
  0.74024150744841488  0.75267236989810982  0.77215390591120725  0.79057560757909917
  0.80923618865496239  0.82560361489336098  0.84083869388944799  0.85943282555523803
  0.87485198964061706  0.88914514658218169  0.90216232256014650  0.91289191338167908
  0.92714074642481348  0.94513060743389721  0.96801703273240236  1.00000000000000000
 -0.00381315563442204  0.01060471584776074  0.02094068490601086  0.03025962399580332
  0.04193892585358620  0.05559357217310380  0.07309724516219412  0.09005879055525801
  0.10571573170258547  0.11974235022536781  0.13103896627044578  0.13972242384968445
  0.14799143907113410  0.15551636074627437  0.16151895199792360  0.16695749558038553
  0.17197712490219111  0.17675737439384687  0.18439520150874344  0.19390378770309000
  0.20137730411887739  0.20927563486941697  0.21628321454302585  0.22411872970845328
  0.23455901952128483  0.24791523941318877  0.26065378504807435  0.27076030050900773
  0.28123684953544020  0.29176931952728313  0.30231936990215391  0.31525681911711306
  0.32719356069544392  0.33854500136385729  0.34926638707666463  0.35740679401226999
  0.36540737263789935  0.37618711980807545  0.39134195315180448  0.40960506688933196
  0.42750755231920590  0.44370884624348744  0.45771127093775499  0.46996850164634468
  0.48076528772295712  0.49118042036876353  0.50225933432191205  0.51391392945339576
  0.52850717840693018  0.54396888245610708  0.55875060491283723  0.57178207132492975
  0.58432725068692315  0.59514208036757099  0.60508981322112598  0.61236573496748492
  0.61898653797154379  0.62659503195750832  0.63590668900990455  0.64039025395737215
  0.64390268239510917  0.64789636802041894  0.65296889549640780  0.65902130212896481
  0.66337529082282043  0.66744047644236937  0.67415718869228192  0.68349947130307998
  0.69264775833987824  0.70191766175396353  0.71284584829262287  0.72547374178630819
  0.73912412161230845  0.75338994766862655  0.76620296349008399  0.77894675078026510
  0.78837222825619746  0.79595775898896515  0.80292110307386666  0.81017411991533905
  0.81977874796164707  0.83051306679197101  0.84277494075054737  0.85625741003299694
  0.87210178620668766  0.88751280796395637  0.89905612996647555  0.90873140403097985
  0.91752757325572487  0.92665903520515192  0.93588296439374596  0.94575346101872837
  0.95699882273708214  0.96990868879568992  0.98478884367694441  1.00000000000000000
 -0.00561548952076811  0.01916022353357093  0.03173014971908952  0.04449273206349863
  0.05319446608245151  0.06183544773962001  0.07054779542647904  0.07970492477861782
  0.09026872922718583  0.09426724171829960  0.09772708770074467  0.10013374529113220
  0.10421082011936239  0.11041035516326482  0.11625275938538131  0.12229015062067308
  0.13002393668675755  0.13768461088139503  0.14515328031969549  0.15192715918937408
  0.15793754022802550  0.16573984679162485  0.17507888951376671  0.18368405278651967
  0.19139875679793708  0.19918988239195914  0.20909127607752223  0.22446654389834916
  0.24156370800664073  0.25593648715133410  0.26444579142200131  0.27323792628194155
  0.28129483002585814  0.29009482302514361  0.29961836451458868  0.31056781381586301
  0.32390392662560757  0.33965995411301841  0.35174888011110528  0.36262502091390930
  0.37106540317331760  0.37710210876084782  0.38496995820643892  0.39334784303292991
  0.40400564722979498  0.41683203536930330  0.43100149348144368  0.44553785494396292
  0.45983758090096677  0.46968593865523278  0.47914325919869721  0.48811739336624799
  0.49842569297854616  0.50852873371086116  0.51935448334625234  0.53449988582991592
  0.54759630151413841  0.55987797373118764  0.57163928007467901  0.58448012816972350
  0.59737396005047050  0.60912391988339409  0.62329071609666975  0.63642204598765661
  0.64679036282448954  0.65548364420339722  0.66495181863131236  0.67747746806394937
  0.69089175050094720  0.70401526299406025  0.71645345817426309  0.72710057128917571
  0.73624276413425704  0.74503891240511189  0.75536597261555227  0.76604230285741881
  0.77558465041588753  0.78252647246433482  0.78765620133503988  0.79362521769307548
  0.79943193289333703  0.80823011576231152  0.82252900768998771  0.83704524669704539
  0.85031135352243670  0.86463852092903248  0.88237091811537560  0.89660440603517211
  0.90748175165717415  0.91735205792437380  0.92805208663162997  0.93842744973744607
  0.95127360096319746  0.96507710142273695  0.98092982427996123  1.00000000000000000
 -0.00121186675960612  0.00659067826271542  0.01396364823621748  0.02099077758848793
  0.02967379588392610  0.04019723485799466  0.05287741608784734  0.06972438896609133
  0.08941481880000839  0.10254755139762273  0.11382872989267415  0.12478952931859583
  0.13741783071941407  0.15192039216146239  0.16686993739696293  0.18065484973462603
  0.19361068012060342  0.20732618373265851  0.22404716587094020  0.24141842222746515
  0.25284430073268632  0.26023069808486482  0.26733839642923013  0.27693112406766340
  0.28635659158254773  0.29618254246905679  0.30585070895768823  0.31670782429383676
  0.32564489258849771  0.33136824223073691  0.33512301306412656  0.33909777720207390
  0.34388664336604596  0.34837981444782257  0.35385521276721316  0.35881665367517962
  0.37120986383884014  0.38967587375458523  0.40806667770574356  0.42396305621822183
  0.43911244735853472  0.45010164654195239  0.45778207802078780  0.46332403303350755
  0.46913356513548432  0.47716291499966912  0.48672984765000304  0.49557846997301108
  0.50745807880345684  0.52060095724288946  0.53453675955916513  0.54721187236553193
  0.55951625027215079  0.57332363711051981  0.58936562201208231  0.60574151771963602
  0.62057815139674255  0.63348478192879487  0.64439923284276357  0.65387435832595231
  0.66465103345089915  0.67243946983350122  0.67871288906474780  0.68385549888785280
  0.68798712345129964  0.69227641076248536  0.69691548554801863  0.70350617212332867
  0.70940501546784029  0.71845403493014803  0.73000606876583052  0.74341609491910010
  0.75907217941623029  0.77818072129659066  0.79510129906408988  0.80816485490053058
  0.82055524732886409  0.83376807588822199  0.84769281560099641  0.85789947083905582
  0.86588772600937458  0.87227474716245679  0.87901858201670613  0.88825720486099058
  0.89889440102717311  0.91047696329907557  0.91985822423007679  0.92767478219563126
  0.93551908362584835  0.94478489247011521  0.95672454483146985  0.96727781327012952
  0.97453930866046146  0.98210156429142659  0.99118262380437028  1.00000000000000000
 -0.00532735419568015  0.01976156884802254  0.03858991879980142  0.05287412583493185
  0.06769487963047956  0.08195197664864431  0.09475944413416017  0.10786743500326196
  0.12179672480346317  0.13587171956022256  0.15205521595483087  0.16963672737219537
  0.18699077166707725  0.20187490431231528  0.21064703193323520  0.21720087290931753
  0.22407599012532892  0.23142163358356016  0.24025887481430344  0.25308368589039199
  0.26922483931948915  0.28433043484786696  0.29911598454148047  0.31406100631396838
  0.32608143619121144  0.33565827589275143  0.34663993816303479  0.35740285149173789
  0.36788910922608331  0.37981793987876811  0.39167707685497372  0.40236342003368980
  0.40972891981747966  0.41329373520441615  0.41978415247913575  0.42964466460296236
  0.43920313780847609  0.44989222608198953  0.45932492361805388  0.47124925965450409
  0.48781788841235141  0.50211903596754059  0.51517038263388948  0.52586458244869905
  0.53593292510871338  0.54548265642745430  0.55209286006624836  0.56060234363324046
  0.56983150140581362  0.58093336764923165  0.59356563710651356  0.60791169912110876
  0.62062057270654758  0.63329977426540529  0.64499107569699221  0.65566747735513065
  0.66609089805013655  0.67664695447052248  0.68805994000988979  0.70016886834472858
  0.71156163932508543  0.72185452694767016  0.73070915743439879  0.73850004597735708
  0.74598501290136243  0.75598259897626174  0.76768723853159804  0.78046215545861586
  0.79321127394655599  0.80627767244531612  0.81985590734438807  0.83073106679538189
  0.83853491616949072  0.84711566310460529  0.85577273610427340  0.86344056795980961
  0.87092082561460771  0.87836418987736098  0.88429509504677695  0.88737285494263041
  0.89098384124199204  0.89608259334392981  0.90177397569900364  0.90771526879872466
  0.91235364659399709  0.91935194999594372  0.93167393260969578  0.93818021799272588
  0.94213075682667657  0.94683214447550446  0.95127222895493524  0.95832610738999935
  0.96654471503742756  0.97604166663707381  0.98748904066271048  1.00000000000000000
 -0.00279679387553882  0.01210364858555259  0.01954465223612197  0.02704205369083914
  0.03573669058203635  0.04744487940387799  0.06100089090016087  0.07471214844097596
  0.08848789783843754  0.09700885669764907  0.10558809491582753  0.11619022386126099
  0.12519340995370490  0.13642696319836853  0.15052661160545636  0.16961108803385230
  0.18741984135217510  0.19823614464419373  0.20792927174048723  0.21575149243255071
  0.22051303488716645  0.22597611748007082  0.23017873035848116  0.23535736956013592
  0.24118400750472907  0.24703694504179108  0.25094808941267516  0.25561781228786318
  0.26366547245983002  0.27342033908674684  0.28349163716096704  0.29561030618726125
  0.31068167636650185  0.32174725683772720  0.33254519119477327  0.34412245695690569
  0.35286179444931276  0.35973685267440314  0.36470217224759682  0.37033187248163763
  0.38103344313576004  0.39677577781742018  0.41332969691847349  0.42800843324437077
  0.44149297999420289  0.45571482870908220  0.47031916296691889  0.47825105143826846
  0.48471845276858383  0.49031524600287812  0.49563651511799472  0.50167323365575278
  0.50877982338784378  0.51675954248376588  0.52605748771448269  0.53795384296760063
  0.54878818084228909  0.55822893870801737  0.56799280805277175  0.57879267119326483
  0.59199431740068764  0.60538987447799986  0.61863836116228621  0.63248682205685891
  0.64735460536181177  0.66177958089272004  0.67315194624838348  0.68081456806718033
  0.68734805470502514  0.69490954748843337  0.70436569757933631  0.71638776964474327
  0.72782538509899275  0.74297279518488180  0.76049213114831415  0.77802575057157575
  0.79427613402343333  0.80775894524139102  0.82001142553109918  0.82726410869104716
  0.83453116780651004  0.84305832898119148  0.85396389743130219  0.86651680608185977
  0.87892126963149608  0.89461856953438867  0.91435678498058659  0.92988537101284041
  0.94210044427348938  0.95152340060056417  0.95817835356346526  0.96681847102593699
  0.97609057253790710  0.98391570590436672  0.99187627857632854  1.00000000000000000
 -0.01677941894402160  0.05945408086049197  0.11314343477787260  0.14586366263292053
  0.17576624657231882  0.20090497633230214  0.22098872025867941  0.24387506798934952
  0.27183817068162425  0.29487793563301201  0.31324285382004813  0.33121137510580023
  0.35112413844541551  0.37279619942107367  0.39622720214693397  0.41362030915644576
  0.42220731015049645  0.42971595534056772  0.43937255995745600  0.45031253017234413
  0.45998026486769172  0.46933535106118990  0.47969227804649378  0.49073634869871591
  0.49919965998481530  0.50273867611254586  0.50777477880537103  0.51297288103712257
  0.51812224443928401  0.52318562159747140  0.52789129063070173  0.53756392371086881
  0.54756950084041356  0.55532353863036410  0.56238075399671827  0.56846242113330503
  0.57424011927946439  0.57858647217926895  0.58270640543873087  0.58669961143960447
  0.59037221985297017  0.59469804246519808  0.59846398581951255  0.60373739617164457
  0.60923146552168073  0.61394735404851775  0.61854630557006829  0.62390079850649016
  0.62987856990090241  0.63673630599760866  0.64486457063264069  0.65003063995599242
  0.65420487719775300  0.65805339245856675  0.66209707495888614  0.66700967577456238
  0.67414543129275684  0.67951245905287461  0.68473873631834115  0.69041645032400023
  0.69633349376014742  0.70285996788920058  0.71147957599677636  0.72165460837821327
  0.73029054823491502  0.73814467779535475  0.74498517090985039  0.75037359360877354
  0.75498774375599620  0.76004447612635395  0.76609408313631067  0.77216193304587899
  0.77735961411224952  0.78276874194455526  0.78869953696069262  0.79775651373009071
  0.80811534854786204  0.81700831675441177  0.82350470182705315  0.82931938809392713
  0.83491000395898163  0.84015198134193336  0.84449145704958206  0.84840016075373292
  0.85370190741581875  0.86002914518113549  0.86661407284254499  0.87173833867037953
  0.87710796726374052  0.88380515030470730  0.89559951103157309  0.91380968347930991
  0.93526473801838095  0.95490112742948097  0.97657932391150948  1.00000000000000000
 -0.00383933422446336  0.00920166088118615  0.02429824485243525  0.04091406488337020
  0.05608838494673625  0.06821496952774289  0.07816826627664614  0.08681591575514612
  0.09555638063769087  0.10571074375239677  0.11829577916362606  0.13520684825617912
  0.15367747947422350  0.17021383852958594  0.18509515457549164  0.19726976178208169
  0.20890841815608102  0.22082105803586785  0.23293153218337456  0.24323492905735933
  0.25077116016525058  0.25937498894194411  0.26789315413696041  0.27697724225854942
  0.28542940108033416  0.29413014348185162  0.30360279876909413  0.31515499720227230
  0.32952796381575838  0.34354789456011336  0.35571857491772430  0.36902674184967116
  0.38184349721483685  0.39255089091271711  0.40930941694670098  0.42323098009598914
  0.43590172227257540  0.44708975525298505  0.45561946158490274  0.46332480454676828
  0.47309809158791177  0.48287471734706633  0.49435394939299165  0.50331557440997410
  0.50961803381861348  0.51509306901427632  0.52142182370642876  0.52942861500113991
  0.53754725750251342  0.54587583251830918  0.55527641304509634  0.56427861578303840
  0.57338106822399038  0.58407335427838070  0.59740161941868375  0.61362392290040668
  0.62955026836212546  0.64560892762404132  0.66024044087607237  0.67175982038742754
  0.68018612018535551  0.68868112023864703  0.69821314983652960  0.70967189372640671
  0.71854279178169200  0.72712883375540271  0.73615777082011435  0.74771566222695185
  0.76149165852158573  0.77340945256084082  0.78454935863400987  0.79589733401698304
  0.80839503335999607  0.82412976226915202  0.83644968815041498  0.84638794046449106
  0.85552682283397052  0.86287413681089153  0.86987441429439905  0.87577728829379031
  0.88189526447380229  0.88955875191811462  0.89779044241477579  0.90555834362108345
  0.91398585838516178  0.92392390640820321  0.93608074595631008  0.94901075480506192
  0.95711360070359164  0.96302552935445340  0.96966626538678868  0.97599614231747223
  0.98115353400937866  0.98658754707976115  0.99234001282575179  1.00000000000000000
 -0.00364246989243679  0.01175942013977172  0.02726187603145821  0.03939291524604017
  0.05378578365447771  0.06593670793931826  0.07752073323286598  0.08744669943911838
  0.09797001266870720  0.11014487385549761  0.12385448918496356  0.13808556245866005
  0.15086585175018516  0.16251183526966623  0.17328127170788046  0.18487038950086748
  0.19495686938085749  0.20476934328960258  0.21469228842020938  0.22506599062676810
  0.23713047667896264  0.24910293160092725  0.26016013258598297  0.26971511287159694
  0.27820171407355415  0.28527066653809241  0.29200309108532230  0.29937137368159378
  0.30797244750984437  0.31544497749047329  0.32544136390320849  0.33464105842754044
  0.34283315255451863  0.35011520060813350  0.35729555700851173  0.36718614673483335
  0.38059603184872476  0.39750475778448024  0.41131483690521758  0.42379805296817913
  0.43485474008165242  0.44503475355218419  0.45333925808430864  0.45943489495386702
  0.46575066990000741  0.47253592720870996  0.48178929211442478  0.49267103505959187
  0.50465428631862075  0.51990217142232098  0.53320247668402132  0.54631715035932427
  0.56145723668608305  0.58005264416665880  0.59990095261683263  0.61718762862824905
  0.63030022826757770  0.63847761374485612  0.64476208950521996  0.65115203838911750
  0.65814199796991224  0.66477998223079615  0.67271424957261061  0.68165502065078265
  0.69105104237534010  0.69890383521433008  0.70480005139456547  0.70908708344633453
  0.71323021622041016  0.71823301098387782  0.72315572993774224  0.72736381361217017
  0.72998287704401688  0.73253673211147674  0.73788589181203590  0.74569263411247688
  0.75391582242047639  0.76191636911633320  0.77007273390306674  0.78027451370428902
  0.79278810982319847  0.80699103128607530  0.82544615890874662  0.84104285420930669
  0.85177576345309836  0.86218694511438132  0.87040007191639335  0.87828236734737986
  0.88706112396080128  0.89626337660276489  0.90669247716564039  0.91912938301290148
  0.93518883072011383  0.95452564433958631  0.97613656328737686  1.00000000000000000
 -0.00227810291557566  0.00842871826104343  0.01922165293588439  0.03185247484310490
  0.04598079899382884  0.05783079316796694  0.06782872617442186  0.07694931166626365
  0.08636336103090358  0.09692403879378514  0.10822567496632736  0.11840929189346468
  0.12702158591918819  0.13462198007607235  0.14269222729610487  0.15277005730748497
  0.16509396786388186  0.17852416377459845  0.19283208107849936  0.20680641847146841
  0.22188132930908866  0.23531592682045271  0.24708946813412672  0.25963810928709963
  0.27315885400731404  0.28686091646505857  0.30020842117081592  0.31426264884336247
  0.32845004619504009  0.34299826452106191  0.35908260475060566  0.37512854692693609
  0.39207956793424320  0.40777582891359959  0.42317634772550494  0.43517385383128349
  0.44865911992215379  0.46435701901184928  0.47747488369947805  0.48694559525526337
  0.49575281815211641  0.50372097039830799  0.51156103331672076  0.52120535698431003
  0.53341731278678373  0.54715336738650122  0.55992836736422191  0.57100012669698519
  0.58200969050668505  0.59340894364788144  0.60533944818270780  0.62016737307127356
  0.63225365507938724  0.63887166447752364  0.64079201833964772  0.64392827956463661
  0.64688169201393608  0.65055563824531226  0.65390928212929844  0.65943048612824318
  0.66647501288789368  0.67431522634455510  0.68019349975464916  0.68677126673361344
  0.69576052247348552  0.70494255248113380  0.71320475885868717  0.72034080894089547
  0.72762063513015729  0.73435678850415076  0.74274470225555134  0.75251411379319000
  0.76258466201750041  0.77391623468112247  0.78469371349401040  0.79767704372836512
  0.81106578784636096  0.82530275067654457  0.83689158353366300  0.84471998311423457
  0.85186085037123582  0.85911148449227359  0.86811452921038235  0.88066290688762017
  0.89626903923701151  0.90956667003151659  0.92230720215059558  0.93280684162501271
  0.93864755369737696  0.94238411073241390  0.94695925515944701  0.95285290097244890
  0.96062311943323908  0.96798543526046010  0.97964773089993662  1.00000000000000000
 -0.00135946000708761  0.00714096671200458  0.01559408464976420  0.02183061111822323
  0.02852149397082724  0.03720303784788721  0.04893338120835615  0.06464935186075689
  0.07931258633763827  0.09168791262608504  0.10125620104501437  0.11069261700463388
  0.12374113891114449  0.13977957505214633  0.15667731470328045  0.17292755793884376
  0.18578781446108081  0.19883523833108047  0.20907406885670748  0.21806319132884588
  0.22747173366570195  0.23790564129205383  0.25075351838743493  0.26510054087777563
  0.27864087006481442  0.29006442757574158  0.29948031653259671  0.30555958961658175
  0.31049659039369826  0.31774115195045632  0.32553060014780461  0.33278175539285687
  0.34250529747765485  0.35217645052669638  0.36466709942935704  0.37745400966694165
  0.39004660135472646  0.40312907328617653  0.41465315677947545  0.42719655153052732
  0.44143501659796691  0.45674533890981139  0.47108384855474189  0.48277651985584535
  0.49331003392497386  0.50384289958141393  0.51377031034002463  0.52434544865709021
  0.53432254738025797  0.54436485463700934  0.55474156746963832  0.56540343265204585
  0.57552805640634441  0.58508203062628994  0.59425102216068504  0.60204814306557564
  0.60979009597026168  0.61966339374097035  0.62958788485970307  0.64155228641994810
  0.65497950033673780  0.67204064289819965  0.69132437371252842  0.70962176608446947
  0.72531574904858509  0.73710056200411544  0.74792160060403567  0.75580053335857511
  0.76388224229178014  0.77180118987164403  0.77957020584662995  0.78680799709221738
  0.79523706721698362  0.80635415801336086  0.82000466191891075  0.83676762970304186
  0.85190444714716262  0.86671389217784478  0.88172158003612089  0.89368595025930342
  0.90302393376589407  0.91253371354302892  0.92142313301918555  0.92779941581608116
  0.93359009999204845  0.94157086531956657  0.95048258316062040  0.95679321490033431
  0.96194355080303673  0.96762392379935069  0.97416321538351847  0.97809604806993378
  0.98198351584376020  0.98711110876396535  0.99286066160730568  1.00000000000000000
 -0.00001472849530159  0.00011924930449720  0.00026676782725572  0.00041669495876610
  0.00056433739683557  0.00070622240413223  0.00083291031533084  0.00095075033851161
  0.00106555369758195  0.00118669616272903  0.00131644233719666  0.00143788569735905
  0.00156339907196658  0.00168235159604698  0.00180631136481759  0.00193941325336932
  0.00207658127218938  0.00219250607401536  0.00227050591123004  0.00236201985409004
  0.00245009814876831  0.00253862839899454  0.00262723240740262  0.00271236438232625
  0.00278972209564642  0.00286976327835273  0.00293566283421103  0.00300399430795835
  0.00308377391427002  0.00322127501721220  0.00340682314584518  0.00354407348533241
  0.00368140167916004  0.00382751118907521  0.00397409823265834  0.00410991230470838
  0.00424278840163813  0.00443087943449109  0.00462585307781432  0.00478822203302206
  0.00496519479617915  0.00509962463290677  0.00520688408207106  0.00530673578975493
  0.00547223247791140  0.00565029362598464  0.00584085583589777  0.00603785035228344
  0.00623147124598937  0.00638045723923582  0.00657004728003916  0.00676520094444126
  0.00699023691879934  0.00733910558710695  0.00778114019293053  0.00829720695676962
  0.00877008222724168  0.00923754895327115  0.00977021363750463  0.01027693470071193
  0.01077060422371292  0.01127637147912131  0.01187884191096867  0.01257405178104946
  0.01322106201569955  0.01386193892694963  0.01458597677057714  0.01542448232817245
  0.01615658297138284  0.01673702789377425  0.01725360103990406  0.01770832706544295
  0.01797787385121652  0.01832832945045529  0.01888404083229482  0.01965038857624903
  0.02063310284964667  0.02141044578329971  0.02217864253625582  0.02307349596954662
  0.02362785585209563  0.02418558403138268  0.02523249441731609  0.02689451277733784
  0.02861560461339706  0.03028211487374781  0.03250135061949648  0.03529421766908900
  0.03981309183669018  0.04402423922643761  0.04846229669619631  0.05263848064701514
  0.05858507465482791  0.06709667956063217  0.44757001817809250  1.00000000000000000
 -0.00657215447398837  0.01895309224496103  0.03879807479888998  0.05673992772756076
  0.07396873665614379  0.09009969054125563  0.10764560132026868  0.13005390022648966
  0.15775339047701456  0.18514819399932073  0.20606992493632451  0.22051579313183289
  0.23678671905085699  0.25188970825053347  0.26296643493210814  0.27112963823893776
  0.28026453073035190  0.28918494713760834  0.29746916768736492  0.30490328526921878
  0.31231808278553902  0.32110616983001522  0.33107316061684777  0.34299253623251241
  0.35779656411069560  0.36876744042274268  0.37718826087629093  0.38513860684006707
  0.39118441444254831  0.39598535925398815  0.40200680355337798  0.40807271862770683
  0.41600640454811416  0.42539909977038493  0.43436638123753857  0.44243325188519278
  0.45377134707453920  0.46095910222947367  0.46660293429587396  0.47583577271041266
  0.49204408896299545  0.50582979920817339  0.51531078815018483  0.52282433054564481
  0.52846282567328129  0.53451166441242293  0.53992097352405122  0.54573164683690734
  0.55405239582898658  0.56123164335043407  0.56709253530589665  0.57242290166418131
  0.57766878629215146  0.58365705944479240  0.59029278911009275  0.59694718839103489
  0.60319074018916197  0.60956876738617627  0.61626393705461768  0.62333207428814641
  0.62812346440619371  0.63577896851030768  0.64389510237886716  0.65327959902466015
  0.66230299416177751  0.67147868051920312  0.68065136418847705  0.69004710153691606
  0.69946102158218304  0.70797184093931032  0.71688303578679691  0.72703394710868174
  0.73788766036860676  0.74869784799350114  0.75939044147693358  0.77007580795028685
  0.77667868031574372  0.78308627207430359  0.78837122669261073  0.79159050169777090
  0.79570257498904429  0.80326911603726958  0.80918194778754338  0.82017468445677766
  0.83451778539790589  0.84936639290631888  0.86461214199507486  0.87713094884305731
  0.88868224329984991  0.89934560580128309  0.90960952381656901  0.92781165698577961
  0.94417577430364474  0.95996691591799022  0.97833413397415203  1.00000000000000000
  0.62899664263190425  0.87828452901455933  0.90728525410673211  0.92076431561563254
  0.93162761286288343  0.94215851848120957  0.94942405848880052  0.95399607717431267
  0.95719531972704508  0.96085788725978549  0.96319935608681195  0.96450460483536737
  0.96589229995050507  0.96696564336188540  0.96799271409245347  0.96928875216637644
  0.97102590841063097  0.97269144185212031  0.97403300789859082  0.97504424082603425
  0.97578869421458181  0.97626261852448137  0.97675328385196558  0.97725884910133876
  0.97762123725139760  0.97799639061876342  0.97851336181318938  0.97914532533477161
  0.97975512699021705  0.98041595693641448  0.98115752300625514  0.98196541714651187
  0.98279557854212507  0.98338246050428402  0.98386087136432276  0.98430035356094969
  0.98481818113759068  0.98542465317436001  0.98608105853478800  0.98676060414055877
  0.98737175034359870  0.98778815758789029  0.98800138094578782  0.98817440799657441
  0.98837713585992037  0.98856214575418788  0.98872462001424011  0.98888361967852112
  0.98902047294598050  0.98911649404943558  0.98922505764855295  0.98951283011790159
  0.98982247460830619  0.99011426357846066  0.99040267050007924  0.99071357670299176
  0.99099786748719909  0.99123502291126786  0.99142452331173259  0.99158588096594358
  0.99172821222393071  0.99187862451630415  0.99205398448607685  0.99225100688132239
  0.99245962482035455  0.99264554697466401  0.99278106276379186  0.99293235022791770
  0.99308955170958857  0.99324259829582195  0.99345365156112742  0.99370492403713784
  0.99394447208762227  0.99415921014232567  0.99437216792642946  0.99461059152416986
  0.99483225956525523  0.99507917693985592  0.99529263902738863  0.99547593595019634
  0.99564288727668915  0.99580792282715624  0.99597800892541166  0.99615964583915695
  0.99635291161038397  0.99653685726012586  0.99672339443909086  0.99692216067659345
  0.99713148457077294  0.99730249945547478  0.99748417762824981  0.99769321550717205
  0.99793721337807306  0.99835765017372780  0.99902741863099731  1.00000000000000000
 -0.02848530678199101  0.12838231320919571  0.16226383029828884  0.19236915011013636
  0.21881640673807498  0.24034556828683221  0.25691629490630813  0.27240159267096914
  0.29165917359259563  0.30389332685361448  0.31480996495949409  0.32520693729596056
  0.33459716121317179  0.34276423459488153  0.35104059035251634  0.36138702689387359
  0.37162782721873033  0.37907482712767954  0.38545655690335773  0.39324398607562189
  0.39989201480159720  0.40543691501485113  0.40987686749140456  0.41104031597346680
  0.41385577377914196  0.41663062758933972  0.41895175258990608  0.42088291365201785
  0.42251243219769841  0.42439443306347624  0.42636167252708607  0.42915117846219764
  0.43360860569350435  0.43871780122904525  0.44364925531855692  0.44800454064309109
  0.45250967619110888  0.45742338513580127  0.46296213761093136  0.46868486303642637
  0.47360064070690955  0.47853259353420124  0.48344010943006099  0.48755266183867535
  0.49189447517453200  0.49710682276727736  0.50186546893330597  0.50645376172466450
  0.51084190757218784  0.51545888495983039  0.52044290720134845  0.52584321505844134
  0.53181289734732873  0.53668051453791354  0.54066765967412622  0.54486997012603855
  0.54898558319127699  0.55365849826187330  0.55968388324705520  0.56545597303575057
  0.56997907353249522  0.57345038910789770  0.57684165103275586  0.58086345530855543
  0.58595912066715783  0.59198180217413232  0.59788200611558406  0.60387659733377297
  0.60969583295919882  0.61526671994193183  0.62175236616441054  0.62978752040727382
  0.63840234587485889  0.64549631916669736  0.65212105740831472  0.65820068919832531
  0.66322027759922397  0.66923149778614222  0.67575148879439595  0.68339237467886194
  0.69239115941080576  0.70192015668947849  0.71002465355025812  0.71757076598411340
  0.72541837433511458  0.73454487983099304  0.74489766575227201  0.75488927215291002
  0.76559870246498318  0.77903459374937656  0.79229694020031860  0.80531122025235269
  0.82088672781767791  0.83786690636157157  0.87152630115355545  1.00000000000000000
   3.1341181817439873E-016  -1.0000000000000000     
 F F F F F F F F F F F F F F F F F F F F F F F F F F F F F F F F F F F F F F F F F F F F F F F F F F F F F F F F F F F F F F F F F F F F F F F F F F F F F F F F F F F F F F F F F F F F F F F F F F F F F F F F F F F F F F F F F F F F F F F F F F F F F F F F F F F F F F F F F F F F F F F F F F F F F F F F F F F F F F F F F F F F F F F F F F F F F F F F F F F F F F F F F F F F F F F F F F F F F F F F F F F F F F F F F F F F F F F F F F F F F F F F F F F F F F F F F F F F F F F F F F F F F F F F F F F F F F F F F F F F F F F F F F F F F F F F F F F F F F F F F F F F F F F F F F F F F F F F F F F F F F F F F F F F F F F F F F F F F F F F F F F F F F F F F F F F F F F F F F F F F F F F F F F F F F F F F F F F F F F F F F F F F F F F F F F F F F F F F F F F F F F F F F F F F F F F F F F F F F F F F F F F F F F F F F F F F F F F F F F F F F F F F F F F F F F F F F F F F F F F F F F F F F F F F F F F F F F F F F F F F F F F F F F F F F F F F F F F F F F F F F F F F F F F F F F F F F F F F F F F F F F F F F F F F F F F F F F F F F F F F F F F F F F F F F F F F F F F F F F F F F F F F F F F F F F F F F F F F F F F F F F F F F F F F F F F F F F F F F F F F F F F F F F F F F F F F F F F F F F F F F F F F F F F F F F F F F F F F F F F F F F F F F F F F F F F F F F F F F F F F F F F F F F F F F F F F F F F F F F F F F F F F F F F F F F F F F F F F F F F F F F F F F F F F F F F F F F F F F F F F F F F F F F F F F F F F F F F F F F F F F F F F F F F F F F F F F F F F F F F F F F F F F F F F F F F F F F F F F F F F F F F F F F F F F F F F F F F F F F F F F F F F F F F F F F F F F F F F F F F F F F F F F F F F F F F F F F F F F F F F F F F F F F F F F F F F F F F F F F F F F F F F F F F F F F F F F F F F F F F F F F F F F F F F F F F F F F F F F F F F F F F F F F F F F F F F F F F F F F F F F F F F F F F F F F F F F F F F F F F F F F F F F F F F F F F F F F F F F F F F F F F F F F F F F F F F F F F F F F F F F F F F F F F F F F F F F F F F F F F F F F F F F F F F F F F F F F F F F F F F F F F F F F F F F F F F F F F F F F F F F F F F F F F F F F F F F F F F F F F F F F F F F F F F F F F F F F F F F F F F F F F F F F F F F F F F F F F F F F F F F F F F F F F F F F F F F F F F F F F F F F F F F F F F F F F F F F F F F F F F F F F F F F F F F F F F F F F F F F F F F F F F F F F F F F F F F F F F F F F F F F F F F F F F F F F F F F F F F F F F F F F F F F F F F F F F F F F F F F F F F F F F F F F F F F F F F F F F F F F F F F F F F F F F F F F F F F F F F F F F F F F F F F F F F F F F F F F F F F F F F F F F F F F F F F F F F F F F F F F F F F F F F F F F F F F F F F F F F F F F F F F F F F F F F F F F F F F F F F F F F F F F F F F F F F F F F F F F F F F F F F F F F F F F F F F F F F F F F F F F F F F F F F F F F F F F F F F F F F F F F F F F F F F F F F F F F F F F F F F F F F F F F F F F F F F F F F F F F F F F F F F F F F F F F F F F F F F F F F F F F F F F F F F F F F F F F F F F F F F F F F F F F F F F F F F F F F F F F F F F F F F F F F F F F F F F F F F F F F F F F F F F F F F F F F F F F F F F F F F F F F F F F F F F F F F F F F F F F F F F F F F F F F F F F F F F F F F F F F F F F F F F F F F F F F F F F F F F F F F F F F F F F F F F F F F F F F F F F F F F F F F F F F F F F F F F F F F F F F F F F F F F F F F F F F F F F F F F F F F F F F F F F F F F F F F F F F F F F F F F F F F F F F F F F F F F F F F F F F F F F F F F F F F F F F F F F F F F F F F F F F F F F F F F F F F F F F F F F F F F F F F F F F F F F F F F F F F F F F F F F F F F F F F F F F F F F F F F F F F F F F F F F F F F F F F F F F F F F F F F F F F F F F F F F F F F F F F F F F F F F F F F F F F F F F F F F F F F F F F F F F F F F F F F F F F F F F F F F F F F F F F F F F F F F F F F F F F F F F F F F F F F F F F F F F F F F F F F F F F F F F F F F F F F F F F F F F F F F F F F F F F F F F F F F F F F F F F F F F F F F F F F F F F F F F F F F F F F F F F F F F F F F F F F F F F F F F F F F F F F F F F F F F F F F F F F F F F F F F F F F F F F F F F F F F F F F F F F F F F F F F F F F F F F F F F F F F F F F F F F F F F F F F F F F F F F F F F F F F F F F F F F F F F
  <DiscreteSampler_grid>
  grouped_processes
  1 # 1 for a reference and 2 for a running grid.
  10 # Attribute 'min_bin_probing_points' of the grid.
  1 # Attribute 'grid_mode' of the grid. 1=='default',2=='initialization'
  0.0000000000000000 # Attribute 'small_contrib_threshold' of the grid.
  0.5000000000000000 # Attribute 'damping_power' of the grid.
 # binID   n_entries weight   weight_sqr   abs_weight
    49   10   4.134511507630791E-013   8.653495808101827E-025   4.134511507630791E-013
    52   10   8.269023015261582E-013   3.461398323240731E-024   8.269023015261582E-013
    79   10   2.821650897325074E-013   3.870503571294823E-025   2.821650897325074E-013
    82   10   5.643301794650148E-013   1.548201428517929E-024   5.643301794650148E-013
    94   10   4.134511507630702E-013   8.653495808101621E-025   4.134511507630702E-013
    97   10   8.269023015261404E-013   3.461398323240648E-024   8.269023015261404E-013
    124   10   2.821650897325070E-013   3.870503571294787E-025   2.821650897325070E-013
    127   10   5.643301794650140E-013   1.548201428517915E-024   5.643301794650140E-013
    139   10   4.134511507630708E-013   8.653495808101377E-025   4.134511507630708E-013
    142   10   8.269023015261415E-013   3.461398323240551E-024   8.269023015261415E-013
    145   10   8.095985546191319E-013   3.381057875626666E-024   8.095985546191319E-013
    146   10   8.095985546191194E-013   3.381057875626799E-024   8.095985546191194E-013
    148   10   1.619197109238264E-012   1.352423150250666E-023   1.619197109238264E-012
    149   10   1.619197109238239E-012   1.352423150250720E-023   1.619197109238239E-012
    151   10   6.459989475612352E-013   2.222740955034755E-024   6.459989475612352E-013
    152   10   6.459989475612358E-013   2.222740955034828E-024   6.459989475612358E-013
    154   10   1.291997895122470E-012   8.890963820139019E-024   1.291997895122470E-012
    155   10   1.291997895122472E-012   8.890963820139312E-024   1.291997895122472E-012
    163   10   7.588675312877548E-013   2.608384867540619E-024   7.588675312877548E-013
    164   10   7.588675312877604E-013   2.608384867540710E-024   7.588675312877604E-013
    166   10   1.517735062575510E-012   1.043353947016248E-023   1.517735062575510E-012
    167   10   1.517735062575521E-012   1.043353947016284E-023   1.517735062575521E-012
    169   10   2.821650897324963E-013   3.870503571294721E-025   2.821650897324963E-013
    172   10   5.643301794649927E-013   1.548201428517888E-024   5.643301794649927E-013
    175   10   5.601757674295925E-013   1.527024506515377E-024   5.601757674295925E-013
    176   10   5.601757674296181E-013   1.527024506515370E-024   5.601757674296181E-013
    178   10   1.120351534859185E-012   6.108098026061506E-024   1.120351534859185E-012
    179   10   1.120351534859236E-012   6.108098026061479E-024   1.120351534859236E-012
    184   10   4.134511507630626E-013   8.653495808101193E-025   4.134511507630626E-013
    187   10   8.269023015261252E-013   3.461398323240477E-024   8.269023015261252E-013
    190   10   8.095985546191161E-013   3.381057875626597E-024   8.095985546191161E-013
    191   10   8.095985546191247E-013   3.381057875626835E-024   8.095985546191247E-013
    193   10   1.619197109238232E-012   1.352423150250639E-023   1.619197109238232E-012
    194   10   1.619197109238249E-012   1.352423150250734E-023   1.619197109238249E-012
    196   10   6.459989475612349E-013   2.222740955034760E-024   6.459989475612349E-013
    197   10   6.459989475612345E-013   2.222740955034813E-024   6.459989475612345E-013
    199   10   1.291997895122470E-012   8.890963820139038E-024   1.291997895122470E-012
    200   10   1.291997895122469E-012   8.890963820139250E-024   1.291997895122469E-012
    208   10   7.588675312877580E-013   2.608384867540629E-024   7.588675312877580E-013
    209   10   7.588675312877626E-013   2.608384867540698E-024   7.588675312877626E-013
    211   10   1.517735062575516E-012   1.043353947016252E-023   1.517735062575516E-012
    212   10   1.517735062575525E-012   1.043353947016279E-023   1.517735062575525E-012
    214   10   2.821650897324942E-013   3.870503571294685E-025   2.821650897324942E-013
    217   10   5.643301794649883E-013   1.548201428517874E-024   5.643301794649883E-013
    220   10   5.601757674295876E-013   1.527024506515360E-024   5.601757674295876E-013
    221   10   5.601757674296124E-013   1.527024506515371E-024   5.601757674296124E-013
    223   10   1.120351534859175E-012   6.108098026061439E-024   1.120351534859175E-012
    224   10   1.120351534859225E-012   6.108098026061486E-024   1.120351534859225E-012
  </DiscreteSampler_grid>
