  0.00187432394653186  0.01763909299560019  0.03130820771504418  0.04714986173748127
  0.06497934320060256  0.08697427913814620  0.10476725861121526  0.11676357112937100
  0.12709536959706066  0.13835286967926572  0.15362965225612513  0.17062396300699917
  0.18801652842384262  0.20406729089790954  0.21730823398523860  0.23017638159154780
  0.24196048791618108  0.25476400337056837  0.27078447392625943  0.28393672820581511
  0.28833283277806654  0.29165393534961870  0.29697592160786646  0.30528785398324709
  0.31859606368670806  0.33578518317879102  0.35430938378093185  0.37379412441311344
  0.38532561939994853  0.39514577124130185  0.40549020622074755  0.41566692972480268
  0.42160050539615218  0.42753408106750168  0.43369453970259375  0.44005935779947170
  0.44846223325990564  0.46125720565300432  0.47662584116115519  0.49412172356692041
  0.51505652899514742  0.53459163975764279  0.54643693641154478  0.55398508108529176
  0.56119815717846588  0.56752872542960020  0.57448774523221813  0.58561654021812626
  0.60178531412034131  0.61469670939089560  0.62222700874907044  0.62832916996637078
  0.63196054122901701  0.63511982546850665  0.64623292682239009  0.65697815062563325
  0.66549453076296505  0.67459752476148638  0.68481134593666848  0.69468289796953364
  0.70471371852430120  0.71527021634729870  0.72510115960321719  0.73408874612556529
  0.74246866510754173  0.74927307001951804  0.75244983283674238  0.75554185454702660
  0.75924275122760998  0.76298823068436428  0.76676357616942703  0.77636929153839429
  0.78728363288206882  0.80312368877269114  0.81487831274860545  0.82366052583331084
  0.83070595148294546  0.83906588916960367  0.84869703118622830  0.86071409144784417
  0.87390523693191091  0.88231524602858380  0.89053500292678156  0.89928386659193438
  0.90600280152442281  0.91482803036080707  0.92430458398564252  0.93310504415029216
  0.94183862470198965  0.95202525958239836  0.96041320007200581  0.97051255209741916
  0.97854349676881947  0.98700122445711025  0.99200374569784788  1.00000000000000000
  0.00368203368133135  0.01333437281818926  0.02394779149720597  0.03557387372328864
  0.04916605296840679  0.06421071996799280  0.07866807423378838  0.09041187120854621
  0.10204805517176299  0.11432706233893140  0.12935148092143500  0.14899245085861715
  0.16292085876444445  0.17498859254454763  0.18595262620487729  0.19615917194869759
  0.20609331433826225  0.21547736343011953  0.22411419336200505  0.22986363740018068
  0.23627218417419754  0.24093390257681574  0.24492539669727717  0.25068527102840887
  0.25564944042799376  0.25793301022298692  0.26224658690210323  0.26916980877955182
  0.27505358236354871  0.28121244145155810  0.28960994974755877  0.29659597499447032
  0.30341879925558590  0.31264497245790712  0.32575209809682487  0.33834438166070679
  0.34743178384680490  0.35564862254238716  0.36324702616749360  0.37221742363339039
  0.38190248065540805  0.39373724011868988  0.40754437905654028  0.41705442155488398
  0.42660775836796150  0.43621481748642948  0.44543548103783553  0.45446863141402355
  0.47267645422018889  0.49270133090665552  0.51249996098080786  0.52713252759587870
  0.53968068284367676  0.55112529340325156  0.56271858207650038  0.57835206805689099
  0.59309986499444289  0.59989164049573340  0.60714503281944943  0.61555040561262120
  0.62386188966175815  0.63075126558720451  0.63995952813600387  0.65263337371017760
  0.66310200394628371  0.67221318241216621  0.68116741342266229  0.68949674004561112
  0.69988331329052400  0.71087402151424461  0.72447534271613789  0.73919417893938699
  0.75362344057258801  0.76729744635133035  0.77895991864618164  0.78911242118909342
  0.79892951899585363  0.81001540496015456  0.82204998385882910  0.83223982498920990
  0.83917491254367405  0.84518313122947331  0.84896148136061411  0.85353004294831492
  0.85784783716327584  0.86240572729598941  0.86872827291681143  0.87816211084036677
  0.88968921637395115  0.90198687763550445  0.91846086128107141  0.93730838367163594
  0.95776070599204877  0.97102707429489088  0.98121202986556921  1.00000000000000000
  0.00905910090475606  0.02121445134321794  0.03079850460079366  0.03648413079470532
  0.04034495847208856  0.04430630457120238  0.04873424445189008  0.05838027706247455
  0.07554257547698412  0.09252653229563133  0.10606453307767273  0.11758756807722794
  0.13218211244656350  0.14313442858463712  0.15333878141329377  0.16298962858765187
  0.17307242483275306  0.18350654851792908  0.19600704149071910  0.20878242335201527
  0.21762806344563262  0.22445253173373061  0.23227232639218354  0.24033308932946346
  0.24749126310709482  0.25424232017889525  0.26116562558275652  0.26919464144674699
  0.28566342203052958  0.30704877175016193  0.32601160031490400  0.33938974252549270
  0.35155416256432881  0.36230635119403198  0.37037853505904617  0.37893931025554695
  0.38798044753478661  0.39783585256768156  0.40893844783520578  0.42052953578749491
  0.42931927788527946  0.43544102982776078  0.44034439523359825  0.44541172849767441
  0.45122235108168490  0.45701312512735343  0.46365775139551035  0.47781319304576853
  0.48723439861743795  0.49708795625193869  0.50852357099016965  0.51840193882808838
  0.53138549096002996  0.54501439057721091  0.55906493672872615  0.57264182288995813
  0.58240059608592110  0.59251874335051469  0.60324239802872526  0.61449934655625982
  0.62599196026535786  0.64496919724576984  0.66142175721445984  0.67480377971516992
  0.68553545331376842  0.69535597397575000  0.70460750016973250  0.71417510503033965
  0.72319500957118399  0.73060349149444814  0.73736548693955462  0.74733672898438575
  0.76081670054092732  0.77293459403873477  0.78367019547846872  0.79693738469852771
  0.81152668054535615  0.82109549307795127  0.83203984856252411  0.84484643403995607
  0.85652697507420583  0.86502830612376214  0.87309886431733497  0.88206144784201901
  0.88947970120014530  0.89524288147286935  0.90118597421425717  0.91033820255979581
  0.92408881697633116  0.93754651186829097  0.94706893336701536  0.95608308863513503
  0.96834751655528839  0.98078452303195585  0.99136295625112791  1.00000000000000000
  0.00016863578946640  0.00020886103470600  0.00022726478805354  0.00023151169019033
  0.00023463965198578  0.00023726365402222  0.00023965669420688  0.00024169649824402
  0.00024346661259028  0.00024555783514640  0.00024863213527550  0.00025117587398775
  0.00025324467108503  0.00025513637162297  0.00025702583217119  0.00025987968775889
  0.00026364386085093  0.00026798627183511  0.00027216474757469  0.00027611331675006
  0.00028031813285769  0.00028565076937742  0.00029002962002688  0.00029355258287802
  0.00029687194038030  0.00030012977249112  0.00030313679884217  0.00030658678849280
  0.00031076338356206  0.00031396904383929  0.00031642822399697  0.00031902433853127
  0.00032229434816526  0.00032595442525158  0.00032984760842130  0.00033453326609337
  0.00033926894587458  0.00034217252485030  0.00034498637291892  0.00034770211888411
  0.00035000935094247  0.00035218903039842  0.00035477982669382  0.00035773095221990
  0.00036078406839201  0.00036387328487354  0.00036918574315966  0.00037624114127311
  0.00038286947094106  0.00038889859364580  0.00039360720660137  0.00039928940767408
  0.00040506565176636  0.00041175724139775  0.00041875982984925  0.00042585464768462
  0.00043398424065952  0.00044117684265178  0.00044781384070692  0.00045387605411858
  0.00046218778342989  0.00046879473753211  0.00047634745719690  0.00048550921783428
  0.00049325534732949  0.00049988496744900  0.00051381524492777  0.00053086039856289
  0.00054698073966681  0.00057009358991123  0.00059766005828402  0.00061810610213365
  0.00062659219705027  0.00063564829537009  0.00064574590605399  0.00065838428605218
  0.00068195359241814  0.00070928077965111  0.00072629031695287  0.00074224306950560
  0.00076068077832294  0.00078824944716265  0.00082995065355524  0.00087757047322367
  0.00092299093180569  0.00097193961512593  0.00104534491922033  0.00113339721635285
  0.00121887123302652  0.00131490150041238  0.00143504514360602  0.00161182651156249
  0.00186667986944058  0.00247415599606225  0.23350072512310660  1.00000000000000000
  0.00000824826696604  0.00001167243556111  0.00001409450459168  0.00001702899634277
  0.00002091580723470  0.00002283613388874  0.00002493323634149  0.00002693541296703
  0.00003074881902301  0.00003384948117728  0.00003681169721879  0.00003973420635176
  0.00004267054662077  0.00004599821505411  0.00004902517436919  0.00005131976441158
  0.00005291886779848  0.00005453232751550  0.00005643632252291  0.00005853381287106
  0.00006023689698593  0.00006208940379023  0.00006411089198580  0.00006693197139648
  0.00007004756874536  0.00007320931672906  0.00007583557003259  0.00007699795068712
  0.00007789679233247  0.00007895568052119  0.00008049316394892  0.00008209993171375
  0.00008383122118415  0.00008608591999628  0.00008794196937498  0.00008970091024909
  0.00009169844752330  0.00009389336368960  0.00009553987577612  0.00009842703753953
  0.00010192291168239  0.00010541655119547  0.00010897313873074  0.00011277975433406
  0.00011691435977081  0.00012407065203475  0.00013039285042850  0.00013594608761860
  0.00014123916613106  0.00014677349849703  0.00015343211954868  0.00016197795905372
  0.00016914477662857  0.00017482514823780  0.00018086052842809  0.00018634666985581
  0.00019113015064570  0.00019693515214737  0.00020414923769755  0.00021215432339810
  0.00021983360027754  0.00022629659044164  0.00023271510742515  0.00024012372057152
  0.00024773060633144  0.00025698558020412  0.00026995691030854  0.00028823993058256
  0.00031295252117990  0.00033548571491282  0.00035212009340642  0.00036568018528096
  0.00037576035739936  0.00039307612009211  0.00041233655398644  0.00043645547662662
  0.00046341995611185  0.00048733542451751  0.00051436198281141  0.00054128970059961
  0.00056581945574088  0.00058233749904967  0.00060244632556778  0.00063155175819417
  0.00067261482551025  0.00073814405431207  0.00084006060400717  0.00091085534131317
  0.00098885251873031  0.00108537968949044  0.00132098488220705  0.00179077458889678
  0.00254962110667617  0.01780778090439560  0.15006187740377538  1.00000000000000000
  0.00001360606638671  0.00002051836259586  0.00002645397334785  0.00003227716932551
  0.00003683453174996  0.00004121151371279  0.00004501483451059  0.00004874958515501
  0.00005230708300606  0.00005576648085396  0.00005978293817529  0.00006132688671047
  0.00006296885218533  0.00006562864160850  0.00007067416372368  0.00007528330955287
  0.00007766023716505  0.00007972244968417  0.00008164967960739  0.00008335920461467
  0.00008468636122201  0.00008670097981467  0.00008918876597599  0.00009154083722621
  0.00009398633260695  0.00009682824854593  0.00009953612507830  0.00010264428188598
  0.00010708308878458  0.00011113955547796  0.00011295317609312  0.00011445802555122
  0.00011737114425044  0.00012038925963145  0.00012240678494002  0.00012412786049424
  0.00012605172811194  0.00012998704793899  0.00013531740242253  0.00014211137775459
  0.00015061955439838  0.00016218991542498  0.00017645922477419  0.00018988069413966
  0.00020231327541764  0.00021318692767346  0.00022276751929196  0.00023200979365532
  0.00024111532250331  0.00025037145604630  0.00026218287372055  0.00027689971672956
  0.00029441205832539  0.00031387616750117  0.00033298030265910  0.00034933704420023
  0.00036976061127583  0.00038942897420909  0.00041033714079066  0.00045126482885729
  0.00048655481461899  0.00051707634202464  0.00054593947399658  0.00057516865224293
  0.00060434420434093  0.00064167194206512  0.00067978810955337  0.00073736989020125
  0.00079182107670663  0.00082783352356915  0.00085539368006053  0.00088189222026341
  0.00091488693520638  0.00094815665881226  0.00098408453777159  0.00103156132654144
  0.00109326425064789  0.00118311161060139  0.00129181851730663  0.00140683240640798
  0.00151926344288209  0.00161638993412588  0.00171503370266326  0.00181886833523515
  0.00194496224633104  0.00208882692881260  0.00241771081667754  0.00289274015553207
  0.00329091630372742  0.00356203233127651  0.00386293995226322  0.00422120840141454
  0.00479562755717972  0.00649019521247083  0.17622461911307180  1.00000000000000000
 -0.00000189197695651  0.00001760836461451  0.00002381178738557  0.00002774246977226
  0.00003152740886633  0.00003341715370983  0.00003755171550606  0.00004532574786029
  0.00005521621473230  0.00006114241473529  0.00006691229330391  0.00007159852060802
  0.00007591477750713  0.00008033654955440  0.00008595763595285  0.00009278414030425
  0.00009868742093804  0.00010254420778056  0.00010631846836052  0.00010902735721205
  0.00011270654517879  0.00012052909706392  0.00012838431870562  0.00013716620157457
  0.00014889808968502  0.00016117747503357  0.00017318673938542  0.00018359323410012
  0.00019557466848223  0.00020915224895477  0.00022474826442186  0.00024132501853300
  0.00025747853470739  0.00027417744783942  0.00029133137198608  0.00030572945060093
  0.00032059571095282  0.00033637704015863  0.00035329330078094  0.00037114666937113
  0.00039040720264195  0.00041118128530923  0.00043710833160239  0.00046747329113768
  0.00050517972247102  0.00054723855287675  0.00058827807569404  0.00063081140986099
  0.00067765180211072  0.00073506052989941  0.00079774792420104  0.00084787194245680
  0.00087846712024918  0.00090922107909272  0.00094135400759043  0.00095616473471787
  0.00097136262836908  0.00098726519701444  0.00100555623180190  0.00103009135787580
  0.00107203585572777  0.00111751193024773  0.00115968458150744  0.00121156784442574
  0.00127298208502853  0.00132560366648600  0.00137131045323941  0.00141100323127755
  0.00144405302122799  0.00146886435401001  0.00151441414999595  0.00156353274098522
  0.00161451925037810  0.00166583340679781  0.00174054681282417  0.00182216623033778
  0.00192919530685512  0.00207294487346691  0.00220437256051736  0.00230919161889924
  0.00242387603575194  0.00254362767250742  0.00264876661284043  0.00274510176799733
  0.00287570815817812  0.00303676842487015  0.00323678938168667  0.00353767648832702
  0.00389435685996414  0.00428282968440169  0.00468213111466800  0.00515843982525467
  0.00576709140915556  0.00699816593977017  0.09279549986792734  1.00000000000000000
 -0.00378375611333078  0.00915361949467694  0.02205412231891983  0.03310832698007211
  0.04190016865112763  0.05040197269455990  0.05932205038707240  0.06939356979460240
  0.08245041689304190  0.09185058081579014  0.09919583888270657  0.10499064673657921
  0.11061457647680556  0.11441899785301538  0.12026084550617716  0.12862687132660908
  0.13647089464858916  0.14355534753468407  0.14750941738136897  0.15112177362755488
  0.15522611510725745  0.16047477310494074  0.17343718783143375  0.19035676543389823
  0.20541777405335229  0.21907521305308786  0.23204525176572585  0.24323771333122673
  0.25069845644850097  0.25831552785351453  0.26597555612962687  0.27354357580030197
  0.28228228799889354  0.29448139211432323  0.30870860951220003  0.32132453327692245
  0.33402056604570179  0.34905958994808312  0.36420860704903701  0.37830777729222570
  0.39126275286533380  0.40086677572189328  0.41072796423946906  0.42052554425760841
  0.42757356877861791  0.43302872704675976  0.43725294782331448  0.44355691969869349
  0.45230587578214548  0.45979877396922536  0.46705087920656768  0.47500994566346155
  0.48299214295988396  0.49098739461661389  0.49976746433628122  0.50899242851666116
  0.51520340051441926  0.52374746634154568  0.53061754644638370  0.53437233236662085
  0.54027297106231731  0.54699364353824542  0.55813983726000693  0.56895638470186993
  0.58027650346813842  0.59099702486022898  0.60167402385646751  0.61645097787845515
  0.63710361829348383  0.65377037231744661  0.66341931851943536  0.67011320535195917
  0.67606176334403967  0.68430313070983972  0.69857307990648465  0.71052280044417249
  0.71976061162174876  0.73259149198839824  0.74648877791873325  0.75321243833043461
  0.75961431957001102  0.76707870886647711  0.77248927080015994  0.78293365238361401
  0.79573788046826532  0.80963111343600702  0.82506239773018153  0.84356222605812026
  0.86116722372438204  0.87711554194423824  0.89082286134424982  0.90114907806790623
  0.91700146450475972  0.93612818242569917  0.95945215628534930  1.00000000000000000
 -0.00446482677535872  0.01610716551255199  0.03468376861899698  0.05079720065202700
  0.05880323300103955  0.06257925023964148  0.06519308245885481  0.06986950685384628
  0.07777913870302007  0.08613087828843903  0.09774587181597337  0.11273545673692394
  0.12859749086801872  0.14575551224350958  0.16301553781353428  0.18122982569046425
  0.19716135253455291  0.21142842278145166  0.22103388131671983  0.22777719037853153
  0.23023555348382155  0.23266085043392029  0.23505487183096760  0.23757817094397371
  0.24270009249836241  0.25285642415008563  0.26353155856120153  0.27845591309231749
  0.29000124590440102  0.30782775478057978  0.31722684115953681  0.32465955370383914
  0.33063165133793176  0.33501405573354237  0.33978304804714293  0.34602337312038217
  0.35398787815408184  0.36253325661923852  0.37404172722793183  0.38681079648796263
  0.40086493323596462  0.41620611980609656  0.43293026820771968  0.44908438508725129
  0.46346274084343336  0.47416895641086432  0.48479215251936097  0.49312830891743437
  0.50218450314579399  0.50966338543180911  0.51560860958836618  0.52156604170195731
  0.52752583988392299  0.53404145338547337  0.54123022374721741  0.55432766383019261
  0.56727399412485480  0.58065554721184809  0.59469857295094852  0.60660867524897166
  0.61527549259875780  0.62329769990994921  0.63078690073315713  0.64038453670137496
  0.65734594064496077  0.67085600284278224  0.67806337304664543  0.68516985591130697
  0.69395222412620394  0.70308245790781876  0.71076273151910407  0.72008799929053502
  0.72919688047711806  0.74241797544641597  0.75913489481343266  0.77322819128349674
  0.78419372509300878  0.79367388578536702  0.80032361884502001  0.80684738041823467
  0.81466257276816645  0.82278326166529447  0.83426502892720222  0.84745474805424381
  0.85965768272063681  0.86991835637748693  0.87871308309111973  0.88844139973119862
  0.89877705922759732  0.91024037541329161  0.92357864415857982  0.93823417053086000
  0.95254611176124981  0.96617831154544864  0.98286236428520757  1.00000000000000000
 -0.00597010581404979  0.01862091975720861  0.04207585586772041  0.06200679774760431
  0.07809620051655232  0.09206842745303123  0.10238194246851270  0.11478125107623402
  0.12791029667546441  0.13838855226154925  0.14693816268406390  0.15454796989732358
  0.16437405107334382  0.17402701416046490  0.18422497730174639  0.19131937957198550
  0.19630821755182915  0.19863087567493065  0.20004651866779338  0.20144170164603459
  0.20403165746645502  0.20742970308987052  0.21224007093263855  0.21902263043990194
  0.22661053002481363  0.23461509383147031  0.24140139422562326  0.25456107521351234
  0.27153617470594354  0.28885638926196017  0.30393564338691842  0.31498629633535580
  0.32645190508168354  0.34185937638715025  0.35617743296776627  0.36589868462214870
  0.37129218074422687  0.37513377838116030  0.37769177856262892  0.38190007483553906
  0.38812851087776179  0.39521298574613928  0.40392515824625225  0.41395087828344329
  0.42154922245555271  0.42944158731219700  0.44044954638138623  0.45289196464835479
  0.46753936982606836  0.48116188052041525  0.48973197201591417  0.49457419917197076
  0.49816638099343630  0.50257978922159297  0.50959800501790220  0.51826155312356403
  0.52736496381422937  0.53719014754113414  0.55481201131515756  0.57268367777364160
  0.58281831028548647  0.58782229487744997  0.59527323112842578  0.60298655757157660
  0.60775565598550163  0.61279325875577517  0.61794379310402969  0.62494028328086348
  0.63267446549363138  0.64680609865698813  0.65927098599683498  0.67217102907807946
  0.68585079766673229  0.70385928232732475  0.72432245282366226  0.73980634934518463
  0.75124097316061145  0.75994146244972627  0.76824876267352005  0.77640462775673169
  0.78569942488941091  0.79515287119188527  0.80383846835986861  0.81374294061411612
  0.82589086819533308  0.83605856384885002  0.84459355812343673  0.85378111691651548
  0.86330135812705222  0.87336883093055706  0.88520885088769119  0.89731439449363048
  0.91121085298154569  0.92527921099587529  0.95046790068670350  1.00000000000000000
 -0.00164841042418304  0.00957606461791018  0.02175915686328385  0.03392290735748919
  0.04449853898934874  0.05436623278042439  0.06470526725108963  0.07677722744675546
  0.08945521564255850  0.10188392391523456  0.11252571970039286  0.12254004418191013
  0.13491966529473332  0.15099225885069206  0.16665834256750009  0.18270176620725220
  0.19957119864841552  0.21772379483346349  0.23241314051860859  0.24254798487706897
  0.25043799266684352  0.26152741639771521  0.27714945545863651  0.29408827660881548
  0.30867923260807578  0.31792045506806593  0.32512746756130345  0.33238645766743685
  0.34132396384220748  0.34783165037638958  0.35281963052565635  0.36131268851380871
  0.37279110430990137  0.38386399120350267  0.39107831690542466  0.39592215208776521
  0.40233722538747335  0.41067297404940545  0.41951946576572374  0.42417440241485688
  0.42850545166693571  0.43270993081250037  0.43914670683453372  0.44678528710859194
  0.46005737753552678  0.47090375595517109  0.48293992424279081  0.49209226642489057
  0.50128909517013054  0.51217736706075845  0.52177388959425175  0.52907319389311924
  0.53446825049087499  0.53930161402716259  0.54150466731373526  0.54506551877559029
  0.55183539906654722  0.55713076990364963  0.56391095185680085  0.57033002588451787
  0.57609512520174511  0.58261978340461684  0.58931761608599054  0.59735182419747068
  0.60796192122759651  0.62350920573841617  0.64207913104888470  0.66037002453219662
  0.67969734938047488  0.70086816761947879  0.72269053553127582  0.73883016629036247
  0.75387298568453875  0.76664921348108073  0.77423607408831219  0.78217938158476330
  0.79278956578339055  0.80185271917811152  0.80858612769619953  0.81494273476266732
  0.82090613721265948  0.82684542797630345  0.83502093396515331  0.85075870880897497
  0.86256372254982450  0.87464409497379991  0.88679687262973195  0.89742899940632770
  0.90908802808964984  0.92219894482169495  0.93457804132229971  0.94795822069197999
  0.96076663587763567  0.97290427165365156  0.98614532875611960  1.00000000000000000
 -0.00163859385398715  0.00646843142428818  0.01369177472585198  0.02385925551777631
  0.03605968039917996  0.04811621382471057  0.06135278677830396  0.07697645522784453
  0.08535604707703626  0.09273241070946642  0.10067805093156521  0.10891445087461131
  0.12015412002003328  0.13449442120750138  0.14887974223336026  0.16584994865121272
  0.18592275982072745  0.20645579481155765  0.22325997019959137  0.23725765674526761
  0.24718462206982478  0.25610987436257854  0.26880647299072880  0.28235860837089594
  0.29305513848900866  0.30905380241026514  0.32921203853703224  0.33947347130809635
  0.34407760771323165  0.34844463699598288  0.35226723029031354  0.35612090975240090
  0.36016972355265314  0.36421853735290544  0.37287368508104235  0.38092177931491872
  0.39234430546375482  0.40274520276123460  0.41444264097059802  0.42452512655747549
  0.43740137603777629  0.44655507694849556  0.45513736490337298  0.46315563618295097
  0.47431428393280195  0.48917769591476479  0.50620180699542328  0.52172223262873541
  0.53362367765237750  0.54293134604929172  0.55462981442519810  0.56894797943857955
  0.58422162977174508  0.59866490353687629  0.61008479953558359  0.62103334498146834
  0.63266127834517305  0.64198645756668649  0.65158439648530109  0.66571474241375395
  0.67652527631564618  0.68458852008849036  0.68876817410216895  0.69328522343708265
  0.70019233747940224  0.71017868634899839  0.71972213583540834  0.73025650298299594
  0.74311040878065238  0.75824793144178426  0.77087785780362739  0.77899002401743001
  0.78601879150945131  0.79518372127981918  0.80728652290740543  0.82373922509194208
  0.83795408504389302  0.85202681177466366  0.86441250281309590  0.87173760870936190
  0.87810860564165794  0.88490836565800723  0.89041086585783646  0.89485368428373369
  0.89921365294436006  0.90414959782144999  0.91036490335280229  0.91615746477024196
  0.92201242289415164  0.93092282801122628  0.94245384412267363  0.95257018808133864
  0.96382399713927502  0.97570044191361627  0.98812781734292798  1.00000000000000000
 -0.00198543949863521  0.00356207944723091  0.00900002818657557  0.01439900199889219
  0.01902253464819058  0.02354719533399991  0.02830251253033708  0.03322447862376789
  0.03841521822215282  0.04398918390182732  0.05175148896284872  0.06141151347918641
  0.07185144489084189  0.08038933436430937  0.08863590901507208  0.09770884445407123
  0.10923021808535748  0.12156544898182971  0.13456331363144927  0.14893452290617626
  0.16608233781495191  0.17949995350117406  0.19174574529381017  0.20179789362609224
  0.21152576620996597  0.22285503400845280  0.23924811939902690  0.25444093725384276
  0.26775257512613404  0.28174905689923285  0.29727529243029488  0.31166947325419492
  0.32550619994770863  0.33811767496752021  0.34860620392151354  0.35907657958620515
  0.37009893369943575  0.37967394552943745  0.39253497603293108  0.40869149039090319
  0.41849770494155830  0.42654781261585756  0.43207719902653230  0.43761359114304360
  0.44524232993380181  0.45661200987630773  0.47182348316656153  0.48893597799880756
  0.50507051425889105  0.51544563698246271  0.52237753209661919  0.53251886596060594
  0.54735666730074262  0.56131903684126627  0.57370655624093769  0.58585531289494608
  0.59822397293411300  0.60807084461872485  0.61455725957292351  0.61941666084983926
  0.62618325269373776  0.63612044747837204  0.64813542674275093  0.65583842576579487
  0.66280097082689371  0.67247211169212950  0.68257399539659924  0.69735435027952908
  0.71194137682053760  0.72020862000713137  0.72736070543687359  0.73379166257205386
  0.73975278245063714  0.74729223765504160  0.75628389959087750  0.77196124448576153
  0.79133849814627710  0.81111167370714721  0.83295163881506962  0.84584813663101910
  0.85740373385391955  0.86783627703465682  0.87545786064042652  0.88185650720362385
  0.89223310225075980  0.90125687118212883  0.90907941128770364  0.91495051239292990
  0.91949825527507811  0.92506420582586724  0.93188773399560076  0.93973110372007251
  0.94789944318609320  0.95842306823745249  0.97172855480957099  1.00000000000000000
 -0.00162714797210269  0.00760679353269188  0.01935575982057948  0.03502837389808380
  0.05354294396460934  0.06891160692404429  0.08155330526919605  0.09341504313562125
  0.10296229353024727  0.11122078941588875  0.11936372030841848  0.12884687966172234
  0.13865026946973483  0.14986120324914959  0.16226333756734207  0.17350909935886724
  0.18403088139286136  0.19285975444219322  0.20302891804620635  0.21202435117663276
  0.22021704578598261  0.22878091315490831  0.23721167055150524  0.24464299302829987
  0.25232408051716471  0.26060582066416554  0.26896056241880911  0.27978391321976287
  0.29132039398559750  0.30208683496778138  0.31353887116548751  0.32470226044252815
  0.33397683377522996  0.34404206744463983  0.35484411704070035  0.36533929861399234
  0.37750596333752290  0.38843054940351518  0.39953932641984630  0.40745699289673104
  0.41468535358310055  0.42265649206368278  0.42952550284088364  0.44058737758287153
  0.44850220208635583  0.45806474380155504  0.46821873401538910  0.47709916053056617
  0.48481141123094379  0.49145198326428929  0.49841449935315779  0.50635228810590194
  0.51613808362674940  0.52680807656664630  0.53868561444750807  0.55341585759513967
  0.57095763170879954  0.58738228963575467  0.60373019369012038  0.62061318390363451
  0.63513342732894573  0.64553028368244769  0.65295250254242387  0.65974217918343947
  0.66600494531668519  0.67102828016165694  0.67550519708250378  0.68336347634620431
  0.69070140425923543  0.69983395179813268  0.70726070892119919  0.71043893588717644
  0.71601374827294995  0.72297005100902922  0.73157524623115688  0.74053159293248860
  0.74963640588826286  0.76015493480145246  0.77216263450226541  0.78711196224240010
  0.80117318709639018  0.81663735800862725  0.82391842583645902  0.82903019903052999
  0.83571284655918654  0.84876574734851684  0.85973874481835266  0.86903314417030664
  0.87755853857676369  0.88506370125593603  0.89786548949267297  0.90961851923489045
  0.92858201131364182  0.95025869821224707  0.97340023464838088  1.00000000000000000
 -0.00126119492403865  0.00690463459243432  0.01345112665811819  0.02023798904289087
  0.02827244442587024  0.03476897959217581  0.04134002763985413  0.04935467257227021
  0.05946107582967933  0.07699018853669760  0.09780168489297776  0.11583522336527205
  0.13094515306722360  0.14809170199904917  0.16782505307728207  0.18510857815773582
  0.19813302398682453  0.20687607122957261  0.21518720945319136  0.22225831037848082
  0.22709378894409385  0.23264985623919568  0.23624736447807859  0.23990121148254834
  0.24402949221111842  0.24971969747806827  0.25626769867941751  0.27038956998562580
  0.28627274310652984  0.29791176488136001  0.30789511135258163  0.31678872139510528
  0.32405326039342669  0.33238636232247909  0.34552440950954583  0.36010715437174917
  0.37091529202275247  0.38071792487521761  0.38810951973001351  0.39617526024006855
  0.40265436687946571  0.40926642906629196  0.41688308536753516  0.42370475505820282
  0.42934197484873504  0.43721848598701324  0.44793368511971104  0.45590431540702248
  0.46345254070268443  0.47052375561202436  0.47555271861533560  0.48255768152991602
  0.49192344407119237  0.50463502934954552  0.51971756168405892  0.53914395672015314
  0.55606378105710508  0.57099919659187526  0.58515519629230728  0.59459982016314994
  0.59946827687303439  0.60399171289966824  0.60859955980653690  0.61365461457270520
  0.62014970055672869  0.62984006347199417  0.63725017530836814  0.64915277195564636
  0.66913847015184391  0.68811020996545913  0.70075094663117521  0.71159790223238795
  0.72206994538238123  0.72964410246603462  0.73834819680936969  0.74744674972503988
  0.75555771396039140  0.76515786945329500  0.77406909509843047  0.78440367283794321
  0.79484512015975228  0.80433178511751691  0.81395589131148460  0.82546237849469195
  0.84155830773089657  0.86132698319600531  0.87976412948066762  0.89518960218081256
  0.91044250965277707  0.92449511544566587  0.93847987181417725  0.95341126811574151
  0.96527185704631946  0.97630455265066707  0.98803385586292403  1.00000000000000000
 -0.00290084512344797  0.00337423692005736  0.01150086524273400  0.02176848130299357
  0.03263360490425838  0.04000580504836606  0.04721587663724093  0.05816719658557973
  0.07135991766374164  0.08443299781489173  0.09273685728750652  0.10248365392337855
  0.11150615254259842  0.11923199953781077  0.12713893748301924  0.13697997884853097
  0.14526287655998241  0.15533597006322789  0.16806910584714527  0.17799359765101086
  0.18537761061225935  0.19486864980291571  0.20556169006594879  0.21568484517802214
  0.22614691602154435  0.23781336419414939  0.24588507980585844  0.25434808938233666
  0.26759516752467311  0.28247333056356771  0.29951032620972640  0.31506472834973109
  0.32728239653335994  0.34128510021115521  0.35346096476717398  0.36461357783414977
  0.37514318379645223  0.38509161308108747  0.39506625388339223  0.40594861071475979
  0.41715200725879037  0.42579719306595704  0.43538815128069730  0.44792806941039798
  0.45871287714809844  0.46760094223078486  0.47601267702249311  0.48606197375184246
  0.49821052722420928  0.51135862073050253  0.52415121765739459  0.53468949169732527
  0.54337676039654248  0.55691451164214245  0.57243221290250668  0.58880082930670563
  0.60270808120961339  0.61630591758216535  0.62674311105204172  0.63456030750031334
  0.64036580751640648  0.64305334485145094  0.64680830746591411  0.65104920225497742
  0.65750112683336226  0.67210944108423842  0.68907614486847246  0.70034112448296593
  0.70756095822033827  0.71683913015460365  0.72939873887916984  0.74505151137438552
  0.77029937071432919  0.78324326322525928  0.79477367145431477  0.80431763115540189
  0.81286013598733320  0.82075171040753436  0.83290913893250662  0.84181301145864174
  0.85245044964606909  0.86587196882410200  0.88055066435565488  0.89093614546865141
  0.89875084460401844  0.90637713257570240  0.91494650809591072  0.92360606362003528
  0.93415396800487971  0.94546007228609974  0.95828008064498804  0.96796450827234004
  0.97802156867809142  0.98524186557799498  0.99056947285754371  1.00000000000000000
 -0.00026205680830311  0.00401309888827606  0.00588869611410116  0.00690640424964567
  0.00746758828281733  0.00798886659783824  0.00845589583824701  0.00883586074793520
  0.00924954096976886  0.00985671323391369  0.01064006933876404  0.01178175923844273
  0.01259066780464401  0.01322619782250140  0.01362959358286229  0.01402766227447571
  0.01442095722241554  0.01480564134536576  0.01525756613443051  0.01580003784700259
  0.01644361657570482  0.01719696305051594  0.01804812718187042  0.01875095684324298
  0.01936924155487709  0.01990738667491439  0.02041795597350159  0.02082387105956416
  0.02120969455597726  0.02163239374744459  0.02219992917347032  0.02293132636608381
  0.02367233506904605  0.02428203281590658  0.02464820688390711  0.02486731911845682
  0.02506008247106427  0.02524761261842331  0.02543462627815039  0.02561006458276086
  0.02578997555476022  0.02632319393459558  0.02688027002584148  0.02744047308202038
  0.02792958785255567  0.02847783707748559  0.02899491753691839  0.02959442210100777
  0.03000250331948388  0.03042190443746750  0.03090342634401124  0.03129995790280991
  0.03184038343560882  0.03266016322650322  0.03370556771753628  0.03468048874114995
  0.03532852367064312  0.03562608591291838  0.03585422543359216  0.03619310700163891
  0.03661754818657599  0.03710116119477204  0.03766145672781423  0.03814104078839821
  0.03876892057864020  0.03937012498424145  0.04020737730987288  0.04090344131460428
  0.04123431391192175  0.04158711158667888  0.04196236790656856  0.04233160798133059
  0.04265979697299921  0.04290197487166808  0.04308322372818538  0.04351347130120931
  0.04467613190269504  0.04576896711196906  0.04659411753715714  0.04729139548614475
  0.04784330922592109  0.04841647456263599  0.04902676055740481  0.05009540627014533
  0.05226100362751495  0.05387270157974190  0.05523211392112484  0.05768985684108845
  0.06011304980234730  0.06354241969146260  0.06739320873340085  0.07672993242802535
  0.12322607457750778  0.49063554875613080  0.85804502293477070  1.00000000000000000
 -0.00208823245734310  0.00991208032296631  0.02177495414794008  0.03323481498678622
  0.04655864187991233  0.05912151851712208  0.06954853218399709  0.07840738390663601
  0.08539708621752873  0.09158796489230969  0.10007417815219105  0.10841265363346513
  0.11675838698020137  0.12595677321074955  0.13412297096143119  0.13902024339337640
  0.14374000769383918  0.14853256877166326  0.15335912167541219  0.16137679000113189
  0.17129993595101847  0.17839314270529152  0.18440881076595397  0.19257900025062177
  0.20387065372161700  0.21232983219007215  0.21905420065680886  0.23626462213566030
  0.25458096358775784  0.26135342338049067  0.26835948526857262  0.27604970998986861
  0.28271751540167889  0.29027359572896577  0.29991773505840125  0.30957780028032333
  0.32345982743932195  0.33660742459596754  0.34798975269749527  0.35736165612676674
  0.36753275650598827  0.38108706168002432  0.39618390196558517  0.40976499735771055
  0.42075753468849703  0.43031605890016489  0.44169532635424552  0.45395846535394474
  0.46383545994235603  0.47446657524450042  0.48464073288892362  0.49576171215161896
  0.50879500902218100  0.52228702524247550  0.53444191630387694  0.54715193550020380
  0.55802666137291523  0.56870247991730782  0.57502227213865409  0.58283277400678790
  0.59137335635486066  0.60395970778024899  0.62180952414155422  0.64245237770086938
  0.65261943558162494  0.66247843320456890  0.67197230995868140  0.68163977865981396
  0.69143345790059907  0.70411652153939508  0.71823067549954744  0.72987575273890604
  0.73673567126952166  0.74564810200750431  0.75608259377159237  0.76459741070161003
  0.77233571831089531  0.78301993393356273  0.79713648282370286  0.80897937067375314
  0.81985619310907498  0.82933018427932126  0.83692742067379711  0.84353721238132795
  0.85009574055447523  0.85888895743001570  0.87161460307872374  0.88773311232526175
  0.90670518988077620  0.92644935761770797  0.94013005934399152  0.95016388228118243
  0.95816758172366012  0.96589742496818454  0.97624853222909302  1.00000000000000000
 -0.00010405204064136  0.00068755674714981  0.00108558953471895  0.00140245558246620
  0.00167688288866736  0.00195424952377524  0.00226719424540237  0.00264621466031341
  0.00300827882079938  0.00337892481742844  0.00366965962271690  0.00391944259803029
  0.00412135197198482  0.00432553137888199  0.00450527949924685  0.00473591644821247
  0.00496445893711432  0.00522837073615682  0.00539897424045306  0.00555311945165131
  0.00570300592976037  0.00590154840750884  0.00613812549783630  0.00642757185209206
  0.00665817228952503  0.00683442974586901  0.00701381860556402  0.00728457528115516
  0.00769044384043270  0.00805671070329586  0.00843117479996042  0.00867184738543967
  0.00884854453517476  0.00904570034516780  0.00922652665333927  0.00938074409832584
  0.00956887655858103  0.00982303458871536  0.01004312168613100  0.01026002904049939
  0.01047733997621493  0.01075517612373841  0.01114341591080544  0.01159692762007751
  0.01203490435401470  0.01243334335051603  0.01298994693641389  0.01356159927154154
  0.01415641727235094  0.01463254310779757  0.01473161264454057  0.01482669896445687
  0.01492777466098572  0.01508318545401325  0.01530773729795459  0.01553570907477028
  0.01581858239672117  0.01592825899640611  0.01600860413574596  0.01610155803679256
  0.01622699146264885  0.01635242488850513  0.01648357717068368  0.01661735287649144
  0.01678956850620074  0.01742639950327256  0.01819984714829037  0.01924291832993400
  0.02020584472997423  0.02086157039104926  0.02130703915345401  0.02174485286106415
  0.02220010304292039  0.02287703591911084  0.02368189935316966  0.02444799848097698
  0.02501062482192351  0.02592228106007393  0.02661981331536243  0.02701443304293059
  0.02741395693931407  0.02771809627069225  0.02798256946024034  0.02827410666075968
  0.02858772808930513  0.02891165044062551  0.02923932790134002  0.02995490515334599
  0.03075191085394257  0.03159415033132273  0.03210376025611644  0.03251576763526790
  0.04396421931301686  0.11584714802136906  0.18406638181268326  1.00000000000000000
 -0.00292635764095712  0.00871390670116210  0.02213716038607470  0.03813832893095122
  0.05317237122626818  0.06378168965078294  0.07415325758543063  0.08671538777446648
  0.10128106356423633  0.11375643793821694  0.12387119171336283  0.13294832006165111
  0.14351920948264052  0.15862658207019709  0.17428166498138078  0.18928501719161153
  0.20327590973441662  0.21436377229590667  0.22185023507937693  0.22745483554203444
  0.23190836703939488  0.23629475085104637  0.24119459933671933  0.24948635825743884
  0.25953177397466659  0.26938700045562280  0.27599200996339046  0.28049187137528925
  0.28547685783920529  0.29192013174382420  0.29911500481715630  0.30612884281057501
  0.31213414633209358  0.31987328104986917  0.32868276961512177  0.33648837407038051
  0.34396096895703532  0.35165687499282777  0.36147555455219571  0.37541634155156345
  0.39273816665300987  0.41004500822919127  0.42572170181953639  0.43445165130223767
  0.44147562219233139  0.44872979915033329  0.45721764443931989  0.46705840859032177
  0.49358250341121218  0.51347722144463492  0.53194135198264103  0.54964393539730427
  0.55710539565222306  0.56273268671752463  0.56749368723594673  0.57208882914445436
  0.57826914343361602  0.58642228366505544  0.59252669159894455  0.59778399236767210
  0.60349014937842760  0.61029108595952786  0.61717847159873795  0.62647034026307813
  0.63691743480865093  0.64808633829112894  0.66046949491874041  0.67587934011576656
  0.69586588414591943  0.71891443216125439  0.73764548488980664  0.75378578305275945
  0.76833938684648684  0.77825503694272957  0.78394122968601876  0.78908013969804636
  0.79393437457914096  0.79918886276779966  0.80475753364381875  0.81564301391907934
  0.82941460133491063  0.84468313815184315  0.86366771308889601  0.88312861908232565
  0.89797709601829123  0.90827281151724082  0.92023810609058598  0.93393787802824357
  0.94504021673021021  0.95501885832048194  0.96373492750648471  0.97245125247536968
  0.97950756259966087  0.98547367707840494  0.99111879563578342  1.00000000000000000
  0.59074382920838908  0.83011171840081477  0.87196436113241560  0.89788229240262951
  0.91272955789303500  0.92037169664038743  0.92463692043129575  0.92917284493254260
  0.93575764617361901  0.94215156105933739  0.94620113405484141  0.94897306609085152
  0.95179356356664591  0.95447971642438512  0.95668813495760152  0.95851266673843383
  0.96039786820993556  0.96254474600736073  0.96437117492786950  0.96557093379192904
  0.96646793981722889  0.96782622364224091  0.96894957168770379  0.96968112046322563
  0.97041155839374138  0.97098031349217773  0.97146259332581508  0.97195165313143916
  0.97245659768787029  0.97318563154264204  0.97395715615362322  0.97460891013142426
  0.97534799294583585  0.97622902561795899  0.97696451596502376  0.97758193145307104
  0.97808812143226453  0.97845207634139797  0.97902622936526551  0.97986219486847081
  0.98057688170637058  0.98126650218282085  0.98181508161014508  0.98233176780377418
  0.98283871555999014  0.98332205046820320  0.98374084491961489  0.98418457054094766
  0.98468254251101384  0.98524277569129792  0.98559324505199830  0.98591008765072896
  0.98620317690427717  0.98649121178780241  0.98667435512262713  0.98679451434473708
  0.98688774436658755  0.98699639719132792  0.98713769661692785  0.98731289297034652
  0.98752608731096181  0.98776641122750053  0.98800258727401313  0.98821224957928988
  0.98839753672814179  0.98855789385968862  0.98868703764440735  0.98881211786470768
  0.98908913837222812  0.98939253679324757  0.98979330554523093  0.99008086335207646
  0.99028257108948137  0.99047528621231173  0.99068463716843702  0.99087284265955000
  0.99110389939543531  0.99139579579557791  0.99173106686023493  0.99213982213164820
  0.99262691164208727  0.99291079783559655  0.99307746107725436  0.99324825799184224
  0.99339748467298927  0.99356219504372700  0.99372536210744356  0.99386248685499601
  0.99400425279965221  0.99419638444463532  0.99444781724671050  0.99474132970869245
  0.99503467575604032  0.99557407000526477  0.99670877641843547  1.00000000000000000
 -0.03829478192458138  0.15861630791606152  0.24218418008333606  0.27960174320984604
  0.29837087300954063  0.30971364304661680  0.31983321753726524  0.32683100758670985
  0.33316310596367610  0.33963417145632652  0.34637918813574137  0.35431387239237022
  0.36359034263445256  0.37414506982659984  0.38219749325436880  0.38812285823756554
  0.39427680454103520  0.40033054769467452  0.40541353595511093  0.40969366496702048
  0.41388497345074987  0.41803774460557924  0.42206919233306622  0.42636765039321778
  0.43285676746177271  0.43834760375083942  0.44477082638544602  0.44876903027282189
  0.45259254266161081  0.45552514281199907  0.45920218589116657  0.46348027456510121
  0.46861126808948766  0.47473801379718861  0.48163920681837974  0.48953199606603542
  0.49566072754073787  0.50032592654913999  0.50328074461469585  0.50552191695514592
  0.50760599402554152  0.50960733830036964  0.51213044637645566  0.51655546633408633
  0.52162910153084674  0.52646174136029922  0.53151637850089506  0.53641014108665797
  0.54047923558647593  0.54532825247613792  0.55043472559702267  0.55633063714623887
  0.56345370949239437  0.57198549218840256  0.58017803827780079  0.58756157431249501
  0.59441699743740894  0.60241155293242266  0.60921505588029046  0.61350392337575999
  0.61632193701617521  0.61844457008844078  0.62051393486080053  0.62337059676393425
  0.62867830250610057  0.63581399590371657  0.64247230178091874  0.64853829794566631
  0.65344119111611165  0.65807814476869586  0.66485759138552236  0.67222490079388553
  0.67797112096411638  0.68305054064166382  0.68917937295767262  0.69602388758511191
  0.70141555460485572  0.70578402750593061  0.70979590092670763  0.71531330889353417
  0.72160271418856559  0.72622822248265961  0.73080095318468152  0.73667264546751721
  0.74396513918019158  0.75192095943330395  0.76039822294851300  0.77163071216045942
  0.78261364803770073  0.79454474683011989  0.80541491453584435  0.81634115553338404
  0.82777417888690741  0.84668900044189210  0.86844019049531540  1.00000000000000000
   1.0589182900173669E-015  -1.0000000000000000     
 F F F F F F F F F F F F F F F F F F F F F F F F F F F F F F F F F F F F F F F F F F F F F F F F F F F F F F F F F F F F F F F F F F F F F F F F F F F F F F F F F F F F F F F F F F F F F F F F F F F F F F F F F F F F F F F F F F F F F F F F F F F F F F F F F F F F F F F F F F F F F F F F F F F F F F F F F F F F F F F F F F F F F F F F F F F F F F F F F F F F F F F F F F F F F F F F F F F F F F F F F F F F F F F F F F F F F F F F F F F F F F F F F F F F F F F F F F F F F F F F F F F F F F F F F F F F F F F F F F F F F F F F F F F F F F F F F F F F F F F F F F F F F F F F F F F F F F F F F F F F F F F F F F F F F F F F F F F F F F F F F F F F F F F F F F F F F F F F F F F F F F F F F F F F F F F F F F F F F F F F F F F F F F F F F F F F F F F F F F F F F F F F F F F F F F F F F F F F F F F F F F F F F F F F F F F F F F F F F F F F F F F F F F F F F F F F F F F F F F F F F F F F F F F F F F F F F F F F F F F F F F F F F F F F F F F F F F F F F F F F F F F F F F F F F F F F F F F F F F F F F F F F F F F F F F F F F F F F F F F F F F F F F F F F F F F F F F F F F F F F F F F F F F F F F F F F F F F F F F F F F F F F F F F F F F F F F F F F F F F F F F F F F F F F F F F F F F F F F F F F F F F F F F F F F F F F F F F F F F F F F F F F F F F F F F F F F F F F F F F F F F F F F F F F F F F F F F F F F F F F F F F F F F F F F F F F F F F F F F F F F F F F F F F F F F F F F F F F F F F F F F F F F F F F F F F F F F F F F F F F F F F F F F F F F F F F F F F F F F F F F F F F F F F F F F F F F F F F F F F F F F F F F F F F F F F F F F F F F F F F F F F F F F F F F F F F F F F F F F F F F F F F F F F F F F F F F F F F F F F F F F F F F F F F F F F F F F F F F F F F F F F F F F F F F F F F F F F F F F F F F F F F F F F F F F F F F F F F F F F F F F F F F F F F F F F F F F F F F F F F F F F F F F F F F F F F F F F F F F F F F F F F F F F F F F F F F F F F F F F F F F F F F F F F F F F F F F F F F F F F F F F F F F F F F F F F F F F F F F F F F F F F F F F F F F F F F F F F F F F F F F F F F F F F F F F F F F F F F F F F F F F F F F F F F F F F F F F F F F F F F F F F F F F F F F F F F F F F F F F F F F F F F F F F F F F F F F F F F F F F F F F F F F F F F F F F F F F F F F F F F F F F F F F F F F F F F F F F F F F F F F F F F F F F F F F F F F F F F F F F F F F F F F F F F F F F F F F F F F F F F F F F F F F F F F F F F F F F F F F F F F F F F F F F F F F F F F F F F F F F F F F F F F F F F F F F F F F F F F F F F F F F F F F F F F F F F F F F F F F F F F F F F F F F F F F F F F F F F F F F F F F F F F F F F F F F F F F F F F F F F F F F F F F F F F F F F F F F F F F F F F F F F F F F F F F F F F F F F F F F F F F F F F F F F F F F F F F F F F F F F F F F F F F F F F F F F F F F F F F F F F F F F F F F F F F F F F F F F F F F F F F F F F F F F F F F F F F F F F F F F F F F F F F F F F F F F F F F F F F F F F F F F F F F F F F F F F F F F F F F F F F F F F F F F F F F F F F F F F F F F F F F F F F F F F F F F F F F F F F F F F F F F F F F F F F F F F F F F F F F F F F F F F F F F F F F F F F F F F F F F F F F F F F F F F F F F F F F F F F F F F F F F F F F F F F F F F F F F F F F F F F F F F F F F F F F F F F F F F F F F F F F F F F F F F F F F F F F F F F F F F F F F F F F F F F F F F F F F F F F F F F F F F F F F F F F F F F F F F F F F F F F F F F F F F F F F F F F F F F F F F F F F F F F F F F F F F F F F F F F F F F F F F F F F F F F F F F F F F F F F F F F F F F F F F F F F F F F F F F F F F F F F F F F F F F F F F F F F F F F F F F F F F F F F F F F F F F F F F F F F F F F F F F F F F F F F F F F F F F F F F F F F F F F F F F F F F F F F F F F F F F F F F F F F F F F F F F F F F F F F F F F F F F F F F F F F F F F F F F F F F F F F F F F F F F F F F F F F F F F F F F F F F F F F F F F F F F F F F F F F F F F F F F F F F F F F F F F F F F F F F F F F F F F F F F F F F F F F F F F F F F F F F F F F F F F F F F F F F F F F F F F F F F F F F F F F F F F F F F F F F F F F F F F F F F F F F F F F F F F F F F F F F F F F F F F F F F F F F F F F F F F F F F F F F F F F F F F F F F F F F F F F F F F F F F F F F F F F F F F F F F F F F F F
  <DiscreteSampler_grid>
  grouped_processes
  1 # 1 for a reference and 2 for a running grid.
  10 # Attribute 'min_bin_probing_points' of the grid.
  1 # Attribute 'grid_mode' of the grid. 1=='default',2=='initialization'
  0.0000000000000000 # Attribute 'small_contrib_threshold' of the grid.
  0.5000000000000000 # Attribute 'damping_power' of the grid.
 # binID   n_entries weight   weight_sqr   abs_weight
    49   10   1.391632100393218E-016   1.309799335519571E-031   1.391632100393218E-016
    52   10   2.783264200786435E-016   5.239197342078283E-031   2.783264200786435E-016
    55   10   8.666299556428306E-016   4.509768038009456E-030   8.666299556428306E-016
    56   10   8.666299556428394E-016   4.509768038009568E-030   8.666299556428394E-016
    58   10   1.733259911285661E-015   1.803907215203782E-029   1.733259911285661E-015
    59   10   1.733259911285679E-015   1.803907215203827E-029   1.733259911285679E-015
    61   10   4.154104028790844E-014   1.712462054794905E-026   4.154104028790844E-014
    62   10   4.154104028790839E-014   1.712462054794901E-026   4.154104028790839E-014
    64   10   8.308208057581688E-014   6.849848219179620E-026   8.308208057581688E-014
    65   10   8.308208057581679E-014   6.849848219179604E-026   8.308208057581679E-014
    73   10   1.134661730708847E-014   1.250823527261068E-027   1.134661730708847E-014
    74   10   1.134661730708841E-014   1.250823527261053E-027   1.134661730708841E-014
    76   10   2.269323461417694E-014   5.003294109044273E-027   2.269323461417694E-014
    77   10   2.269323461417681E-014   5.003294109044212E-027   2.269323461417681E-014
    79   10   4.136593708537022E-016   1.530514558262676E-030   4.136593708537022E-016
    82   10   8.273187417074044E-016   6.122058233050703E-030   8.273187417074044E-016
    85   10   3.553752998242595E-016   9.713479242756203E-031   3.553752998242595E-016
    86   10   3.553752998242494E-016   9.713479242755607E-031   3.553752998242494E-016
    88   10   7.107505996485189E-016   3.885391697102481E-030   7.107505996485189E-016
    89   10   7.107505996484987E-016   3.885391697102243E-030   7.107505996484987E-016
    94   10   1.391632100393221E-016   1.309799335519579E-031   1.391632100393221E-016
    97   10   2.783264200786442E-016   5.239197342078315E-031   2.783264200786442E-016
    124   10   4.136593708536989E-016   1.530514558262666E-030   4.136593708536989E-016
    127   10   8.273187417073979E-016   6.122058233050663E-030   8.273187417073979E-016
    139   10   1.391632100393221E-016   1.309799335519584E-031   1.391632100393221E-016
    142   10   2.783264200786442E-016   5.239197342078335E-031   2.783264200786442E-016
    145   10   8.666299556428240E-016   4.509768038009362E-030   8.666299556428240E-016
    146   10   8.666299556428335E-016   4.509768038009505E-030   8.666299556428335E-016
    148   10   1.733259911285648E-015   1.803907215203745E-029   1.733259911285648E-015
    149   10   1.733259911285667E-015   1.803907215203802E-029   1.733259911285667E-015
    151   10   4.154104028790848E-014   1.712462054794908E-026   4.154104028790848E-014
    152   10   4.154104028790840E-014   1.712462054794902E-026   4.154104028790840E-014
    154   10   8.308208057581697E-014   6.849848219179634E-026   8.308208057581697E-014
    155   10   8.308208057581680E-014   6.849848219179606E-026   8.308208057581680E-014
    163   10   1.134661730708847E-014   1.250823527261067E-027   1.134661730708847E-014
    164   10   1.134661730708845E-014   1.250823527261064E-027   1.134661730708845E-014
    166   10   2.269323461417694E-014   5.003294109044269E-027   2.269323461417694E-014
    167   10   2.269323461417690E-014   5.003294109044255E-027   2.269323461417690E-014
    169   10   4.136593708536971E-016   1.530514558262633E-030   4.136593708536971E-016
    172   10   8.273187417073941E-016   6.122058233050533E-030   8.273187417073941E-016
    175   10   3.553752998242558E-016   9.713479242755933E-031   3.553752998242558E-016
    176   10   3.553752998242512E-016   9.713479242755776E-031   3.553752998242512E-016
    178   10   7.107505996485115E-016   3.885391697102373E-030   7.107505996485115E-016
    179   10   7.107505996485024E-016   3.885391697102310E-030   7.107505996485024E-016
    184   10   1.391632100393219E-016   1.309799335519579E-031   1.391632100393219E-016
    187   10   2.783264200786438E-016   5.239197342078317E-031   2.783264200786438E-016
    214   10   4.136593708536985E-016   1.530514558262660E-030   4.136593708536985E-016
    217   10   8.273187417073970E-016   6.122058233050639E-030   8.273187417073970E-016
  </DiscreteSampler_grid>
