  0.00081476833689827  0.01536279606173431  0.02729262099090603  0.03544803118080746
  0.04550596164402364  0.05606683809164030  0.06581664964765035  0.07614167621754665
  0.08618895300990655  0.09796339679282602  0.11121445228373679  0.12132337445507227
  0.13173944256570538  0.14354413252341319  0.15981482817490764  0.17395094786249451
  0.18104042671165757  0.18633189525185540  0.19218538342225136  0.19938302126954338
  0.20820433491693899  0.21783432046713189  0.23057069203971692  0.24228614574232882
  0.25233398176438210  0.26255698665091676  0.27228598756642020  0.28105832675704612
  0.28910132161512142  0.29552856398038962  0.30252568028607363  0.31173528291931935
  0.32336380991862607  0.33456807514412518  0.34239749609902720  0.35037749502615234
  0.36317503269047463  0.37443283497934826  0.38490691485991502  0.39516386888727473
  0.40558354273813130  0.42051953572373557  0.43665467992631141  0.45682246377604263
  0.46905385651140996  0.47894478771145554  0.48756412093652302  0.49707374687863132
  0.50666985928121722  0.51492205423069903  0.52379668841936478  0.53177968583158652
  0.53935471440042426  0.54622764699245607  0.55192208464126502  0.55870374475946560
  0.56677943967125333  0.57673964953105117  0.58889125059859881  0.60490461299599629
  0.61319758210574504  0.62249705404977107  0.63077203422634842  0.63697813738093700
  0.64341238311341731  0.65181461539978636  0.65964202029035668  0.66758138634511699
  0.68394226490522392  0.69900407281909638  0.70844941343077883  0.71726267817006173
  0.72666037969892194  0.73722879124753649  0.75014176034780267  0.75998954387635553
  0.77011078352050444  0.77952155617599317  0.78741898587818038  0.79818213677487770
  0.81112030640877475  0.82452686940526432  0.84018284040703173  0.85498447675096612
  0.87202796997782861  0.88640278328970157  0.89833273559328619  0.90907557579761267
  0.91836093837229094  0.92774587095406003  0.93697525236741774  0.94586409840861008
  0.95509260314468036  0.96667970980749951  0.98063118639856994  1.00000000000000000
  0.01010170359125392  0.01504561632838380  0.01978706234298502  0.02469715738743845
  0.03132273958972230  0.04217908205083214  0.06112647726380235  0.07145436573808422
  0.07839550384824857  0.08509166667223840  0.09173403122726176  0.09756606259746445
  0.10148450902289349  0.10654485915973663  0.11327815269729322  0.12341036752563644
  0.14035752255172870  0.15538500478924519  0.16907928624878918  0.17876463998978803
  0.18628597885380246  0.19400461540048405  0.20388448837151965  0.21334557470502896
  0.22204545412689142  0.23144741112215667  0.24431409543959756  0.25699413506920349
  0.26598779206639955  0.27281304277891671  0.27871431297274124  0.28598477930038141
  0.29437925307799567  0.30191875166706439  0.30989256486283728  0.31961434273274048
  0.32830225211369629  0.33679679480183899  0.34675668289611261  0.35856850296676318
  0.37340519140549849  0.39118224341900337  0.40889337333900672  0.42417063198870825
  0.43884143413913373  0.45266000596279526  0.46314497431143498  0.47189301086103291
  0.48108479455477760  0.49113213524869159  0.50148275555109700  0.51517043708896060
  0.53104652928626228  0.54450627340434354  0.55294959486927164  0.56293901025402815
  0.57358843041008811  0.58506377094243878  0.59870777890855398  0.61261896882607203
  0.62556407919978163  0.63454984509228551  0.64086485536093984  0.64923720179869426
  0.65756937016596217  0.67051596514717504  0.68865219412536660  0.70533025436449048
  0.71357621923363090  0.72404519991994842  0.73386230171296851  0.74211858486557558
  0.74890513796476788  0.75608103988180475  0.76324212555845916  0.77201271564696106
  0.78296190145786193  0.79522327398453707  0.80749679977438837  0.82017288927961318
  0.83177879897653551  0.84374716022674234  0.85522033418051691  0.86599530462058805
  0.87638964990804968  0.88584882520358388  0.89478255806282714  0.90236287950439664
  0.91017849476424295  0.92092713380814917  0.93936389987857372  0.95589392312660559
  0.96875935197422036  0.98043449060037502  0.99022582791739699  1.00000000000000000
  0.00019663852761392  0.00021002024447255  0.00021543899471390  0.00022112239520194
  0.00022703561698379  0.00023155307430331  0.00023699664289175  0.00024426273640561
  0.00025094279337522  0.00025725130121921  0.00026498038017150  0.00027296194151142
  0.00028098247066988  0.00028885213875807  0.00029646799473403  0.00030339657126722
  0.00030969176654785  0.00031750925849955  0.00032494205432121  0.00033434134655386
  0.00034526961806330  0.00035527030111442  0.00036518281261302  0.00037514199718769
  0.00038437042532976  0.00039250685174186  0.00040074805683022  0.00040922787326282
  0.00041792271646377  0.00043041393512781  0.00044382039343578  0.00045863055402825
  0.00046843384853531  0.00047741790410153  0.00048494734376524  0.00049196172820437
  0.00050086824502147  0.00051174946873779  0.00052058834435069  0.00053026467272118
  0.00054479128141055  0.00056001782423304  0.00058114501004073  0.00060907910598116
  0.00063279520730805  0.00065607216301147  0.00067806926872832  0.00069881006418747
  0.00071956358575630  0.00074248550757464  0.00076617068783072  0.00078787963391355
  0.00080880028142215  0.00082271412587975  0.00084129546844926  0.00086370995657192
  0.00089081936063478  0.00092332148189043  0.00096625633128710  0.00101916266638407
  0.00107936342640971  0.00114959143893180  0.00121736866105326  0.00128232017220758
  0.00135884687575004  0.00144337951868355  0.00152697073171071  0.00160217290687918
  0.00165152383909684  0.00173479170751654  0.00180668797802055  0.00187231973796951
  0.00196667157237267  0.00206590537052888  0.00216795808084435  0.00229311500557049
  0.00240248044139561  0.00252012055554887  0.00265445850445247  0.00282871812765487
  0.00296556350778720  0.00308328704488132  0.00329614109946091  0.00357175777660316
  0.00401492653538471  0.00458219423364796  0.00534748937875799  0.00634803538872663
  0.00752495566707719  0.00874079010194209  0.00984814673026983  0.01117399050484971
  0.01307964204465766  0.01671725098838269  0.44005366733966700  1.00000000000000000
  0.00005401518728605  0.00005432037015732  0.00005466405174884  0.00005489833538910
  0.00005510363012051  0.00005533890185100  0.00005561766238714  0.00005591422222062
  0.00005614748795713  0.00005638036889120  0.00005661783371882  0.00005685584485855
  0.00005709544443218  0.00005733546455308  0.00005761200659767  0.00005790904586874
  0.00005823505432695  0.00005857924964869  0.00005898411985157  0.00005930849566736
  0.00005964893353644  0.00005998441141254  0.00006026546733590  0.00006060337798451
  0.00006101188262161  0.00006142411383627  0.00006180857273219  0.00006217310808929
  0.00006260021464963  0.00006303567785396  0.00006349574346655  0.00006399604981302
  0.00006455941334964  0.00006518015836976  0.00006574113204177  0.00006629835719846
  0.00006674209919221  0.00006707103149220  0.00006753054563454  0.00006802053252810
  0.00006845988746294  0.00006889642885286  0.00006936113410907  0.00006987951469596
  0.00007070069821167  0.00007155813527620  0.00007246561301161  0.00007335551622847
  0.00007422117850406  0.00007504319324271  0.00007591945705177  0.00007690270533154
  0.00007793193713370  0.00007895728311745  0.00007997707762465  0.00008098926762915
  0.00008221315160304  0.00008376552002236  0.00008581443671917  0.00008832065643960
  0.00009097113129751  0.00009342612281145  0.00009551486590682  0.00009762386399428
  0.00010001821076280  0.00010236455920618  0.00010495546899159  0.00010853818539365
  0.00011322478067012  0.00011929538481124  0.00012627721381778  0.00013252728985632
  0.00013720017913046  0.00014166192971150  0.00014630212557732  0.00015350680923524
  0.00016200118640693  0.00017163972662783  0.00018258245455278  0.00019601989286249
  0.00020943814765235  0.00022354850890815  0.00024895654860435  0.00028490270251030
  0.00031760864781272  0.00035230539507526  0.00039325410657690  0.00044155659218142
  0.00050511942554629  0.00059387057207473  0.00070201739242502  0.00089070126943966
  0.00142455872363481  0.00239702089554597  0.26526701329156405  1.00000000000000000
  0.00092506135565334  0.02483665168228811  0.04556588680842141  0.05975567781252389
  0.07409645862315953  0.08625945769216944  0.09505493304215012  0.10760365714615362
  0.12192526842320929  0.13709047702935351  0.15354154884083152  0.16901629137616414
  0.18303246214986726  0.19356209858131265  0.20018126064938702  0.20647658955683637
  0.21279414345389183  0.21924143271680074  0.22760055532542525  0.23790709287729364
  0.24911824872598951  0.26045855574880300  0.27419825578982154  0.28811429766655161
  0.30047539445343968  0.30943962728818902  0.31915980771301994  0.32901901570460801
  0.33804482372378075  0.35173913233594428  0.36311907427192053  0.37295415305218982
  0.38106337185073541  0.38874553572213061  0.39862757679043598  0.41087575828799106
  0.42212486899075513  0.43214590402193104  0.44046418351866862  0.45079218527694337
  0.46119494810143846  0.47182687193686518  0.48257246280216504  0.49571475356008193
  0.50549986443831529  0.51547686984838625  0.52517791012546644  0.53545454700783945
  0.54766594833112625  0.56280256117907079  0.57711021199329671  0.58815890966129791
  0.59724203857189362  0.60516204731711865  0.61225724186571284  0.61913116737161500
  0.62475461914642227  0.63104732470790581  0.63797220274053257  0.65097243157062823
  0.67026037713916542  0.68581852604042537  0.69459740148584570  0.70240797251263065
  0.71017381291029624  0.71702438970351590  0.72426813908324805  0.73237716773438888
  0.73998969300855344  0.74706296930368610  0.75381352197586493  0.76100707110659593
  0.77025797574074428  0.78300494862785674  0.79899055000998720  0.81557652507667211
  0.82964237678203401  0.84043564146975969  0.85217175276166313  0.86366593787970469
  0.87428953274660925  0.88384402609976331  0.89152300009902019  0.90141685969961072
  0.91357327287179979  0.92661274748400746  0.93911363794148495  0.94883187011571790
  0.95357490688229818  0.95876958761020803  0.96493067262215770  0.97297486518488485
  0.98207296916067410  0.98800634256768460  0.99207287614978790  1.00000000000000000
  0.00011483825625793  0.00019077623415612  0.00020374852811897  0.00021434320465633
  0.00022467239391215  0.00023495876684072  0.00024214365232306  0.00024676247101780
  0.00025216728218275  0.00025783566778798  0.00026208383917025  0.00026609713595186
  0.00027001147977302  0.00027517563362508  0.00028284897595800  0.00029021364059570
  0.00029748734848199  0.00030467183640940  0.00031211643476703  0.00031991499731774
  0.00032787255316398  0.00033577157901775  0.00034366743748416  0.00035287499944613
  0.00036308898159255  0.00037250867545912  0.00038054713486638  0.00038732003953053
  0.00039316917167742  0.00039993706900981  0.00040690447416002  0.00041630958048704
  0.00042808055597972  0.00044089779092758  0.00045402719585082  0.00046534485555454
  0.00047553920325726  0.00048626104726903  0.00049534588214051  0.00050512758926525
  0.00051416374388184  0.00052190265122639  0.00053591272310216  0.00055170412776601
  0.00056728511856417  0.00058466391220664  0.00060092552450982  0.00061817776352942
  0.00063615229312780  0.00065794010521605  0.00067832905373128  0.00070040828297746
  0.00072194668117531  0.00074481314687140  0.00077185069960260  0.00080502159167798
  0.00084345503789372  0.00088116732061726  0.00092162749709955  0.00097023699739474
  0.00103561265152943  0.00110566849275244  0.00118450541146844  0.00126030227365640
  0.00132211395391738  0.00137031164663199  0.00142283426884423  0.00148223000341050
  0.00154187917467597  0.00160186118982777  0.00167785272403346  0.00178278527163830
  0.00192673516983985  0.00209465195403521  0.00220435194384187  0.00230452430366303
  0.00242598915201849  0.00255546247710410  0.00271377541491219  0.00284618490139044
  0.00298109565033675  0.00313203760916786  0.00329465728808343  0.00350735401178652
  0.00395472942478070  0.00475349705409838  0.00573313746228620  0.00643932969728258
  0.00735024218043556  0.00872161941582361  0.01041992028386995  0.01255306624840197
  0.01573852023117356  0.02587849733171353  0.27208280097057347  1.00000000000000000
  0.00005604594952734  0.00006210730748322  0.00006760819347414  0.00007484125375641
  0.00007803852301532  0.00008140733584045  0.00008471724817729  0.00008999416877879
  0.00009969460009999  0.00010970688793737  0.00011658940246899  0.00012184097196428
  0.00012594581050681  0.00012951679177651  0.00013541489173107  0.00014248521956456
  0.00014912862739126  0.00015440600613289  0.00015856472208527  0.00016350173997493
  0.00016940167532731  0.00017686405913735  0.00018531171433805  0.00019472120833685
  0.00020470879467477  0.00021416314564742  0.00022577839841701  0.00023749943925905
  0.00024586563542359  0.00025317462111147  0.00026021354179602  0.00026632804202179
  0.00027266217893217  0.00027998353516416  0.00029485433567874  0.00031009257962683
  0.00032760506606721  0.00034739399161676  0.00036754711268913  0.00038998618581302
  0.00041507529213430  0.00044207241579448  0.00047035797801307  0.00050015363101032
  0.00053888069081918  0.00058649079314368  0.00063324593077558  0.00066770678316108
  0.00069556182394270  0.00072218275025556  0.00075112315333260  0.00079117295253356
  0.00083336263843444  0.00086855316757428  0.00089664644242581  0.00092607973884405
  0.00096487507507165  0.00102451330536709  0.00107739631326229  0.00113156481976352
  0.00118441187239730  0.00122954737816853  0.00127878424493590  0.00133153693155764
  0.00138947833667439  0.00145834655220488  0.00153192657587497  0.00163171223435436
  0.00170027556445374  0.00175862516374673  0.00181932903605555  0.00187423234360154
  0.00193015161057985  0.00199812183176946  0.00206639891608049  0.00215427410890486
  0.00222803682127923  0.00236745167981610  0.00254789910070576  0.00272144528296510
  0.00290210036011997  0.00312217019687001  0.00339427789377671  0.00372513015865982
  0.00409483309999652  0.00449073760817304  0.00493388525857408  0.00536554504594065
  0.00576226670519367  0.00608304275869334  0.00647248326275250  0.00691214889132981
  0.00764453229060838  0.00951150509665927  0.13533232438070744  1.00000000000000000
 -0.00258020123820216  0.00664629158173617  0.01585610546548293  0.02520410055559221
  0.03634965998841331  0.04563274879088235  0.05454767423548746  0.06241572902694507
  0.06998997914162222  0.07687979492661025  0.08825870751446672  0.09924880178629625
  0.10733052006330651  0.11453055995122995  0.12224483645179202  0.13191124248960800
  0.14620056788232311  0.15873408414303208  0.17099790851220875  0.18166442418795617
  0.19101870247258568  0.19944645548371234  0.20849343519365607  0.21913157166889438
  0.22897609533094496  0.23712551854138494  0.24357696965711362  0.25050527354068014
  0.25893435337141896  0.26884927074376036  0.27817840255488596  0.28652277958108996
  0.29462285375450925  0.30425389119716373  0.31495945747561688  0.32163195823829194
  0.32834993088735437  0.33377107062135530  0.34047215156756921  0.34521399533714703
  0.35035030171404308  0.35720154564876616  0.36595850699006460  0.37392384236325465
  0.38057434791592304  0.38697448584161342  0.39549174243377705  0.40628998525945526
  0.42543987665592747  0.44209832626113438  0.45423490559725727  0.46824333223279496
  0.48230883327834229  0.49218911788276076  0.50077018097189663  0.50594299486405936
  0.51519918975908363  0.52473408692463552  0.53247679325869812  0.53931540265299094
  0.54657271196400736  0.55493708669508202  0.56227022521165404  0.57071584287153732
  0.58042596415943670  0.58837272046484945  0.59563843562819785  0.60256620920752890
  0.61186254882620439  0.62630284833520200  0.64038772612913097  0.65450548797872365
  0.66398750818817787  0.67254883072015337  0.68119494197498265  0.69074308357289738
  0.70391142777202742  0.71697105463866939  0.72951447439259587  0.74219478082206836
  0.75618865965605175  0.77614217891357440  0.79116427671999845  0.79720569058756596
  0.80375143538460381  0.81012290272030152  0.81569983048287398  0.82089303420934001
  0.82983051221667326  0.84233305460389230  0.86249265570994027  0.88762260856341602
  0.91504839380884229  0.95453640979891330  0.97908757145105785  1.00000000000000000
 -0.00304576894018203  0.01323700156789653  0.02481723441935655  0.03712538270098808
  0.04601320431763088  0.05254716499109023  0.05821634020928487  0.06407370618976170
  0.07233535426586379  0.08147007069691288  0.09220180470456604  0.10266201433271117
  0.11174147686839639  0.11849888452414252  0.12332849531054840  0.12761313751610409
  0.13151585756899092  0.13576434195989542  0.14047180285428992  0.14570343395262580
  0.15183167855626942  0.15944337749031781  0.16657653697503055  0.17315458807671455
  0.18126527809386550  0.19141077668867920  0.20445247568399300  0.21880969707801218
  0.23556297356606143  0.25192164284822038  0.26052286829985027  0.26750582020677660
  0.27491166784397536  0.28184931758892867  0.29283809056932708  0.30414006608101640
  0.31496651308630175  0.32529717415820925  0.33514538139092892  0.34473252115287811
  0.35352797079054632  0.36159404657324146  0.36849604004364028  0.37924024653235250
  0.39574912262977285  0.41120347787081063  0.42456342036595540  0.43602104516442031
  0.44488141723769348  0.45556929513470501  0.46819694341103929  0.48200990037197927
  0.49718625737786248  0.51434303993112640  0.52846769608092203  0.53622746459854953
  0.54421496402124858  0.55298321700652442  0.56333031810336831  0.57174365756682011
  0.57852707039065443  0.58744936219347632  0.60058148095623787  0.61640431600003920
  0.63221329904901802  0.64901694469109905  0.66700553180997124  0.68490550346742651
  0.70242444062858156  0.72242968563825449  0.73714395646841169  0.74548741653564965
  0.75299371803198134  0.76030404657405293  0.76813520560359205  0.77888222886375380
  0.79164419619065984  0.80058873117204699  0.81198448354792208  0.82543185298648114
  0.83791768057184157  0.84479569147316602  0.85105233488915621  0.85747044943049178
  0.86410823317336571  0.87344856995341535  0.88815980909146441  0.90705662753079397
  0.92463419005024516  0.93873265507730563  0.95052874991380898  0.96139971715305428
  0.97110380495281323  0.97932236018765706  0.98934210113767695  1.00000000000000000
 -0.00295748034852980  0.00970976238255783  0.02239761343495960  0.03495708387781847
  0.04864368627492054  0.06119444787296886  0.07084866648735240  0.07931158080793957
  0.08896448259755207  0.09816594025848631  0.10667139934122376  0.11439903145747025
  0.12101059777196665  0.12762385133520809  0.13457053490120230  0.14214398210535412
  0.14803711484298454  0.15457347578809177  0.16353372462433408  0.17493112702289004
  0.19142342346268720  0.21092508927214429  0.23260610769568385  0.24727775408314359
  0.26054408233235871  0.27204510638076540  0.28175414890512723  0.29181906042358152
  0.30527907265372561  0.32213624980757527  0.33721521546587685  0.34633080472693306
  0.35447483763151966  0.36322110998850210  0.37274417917969671  0.38718123229964224
  0.40436774910029089  0.42147793029281627  0.43495498622943268  0.44549585884968462
  0.45546414718533024  0.46660637176892106  0.47753555362017897  0.48904457741466795
  0.50260737069973782  0.51785106717904716  0.53023388982998265  0.53911089215369301
  0.54801261917762134  0.55621457054619960  0.56580118438789428  0.57997716957609735
  0.60019418192915064  0.61098228670403110  0.61805761796077285  0.62588205057990076
  0.63357901327012267  0.64088705142715563  0.64791173296573346  0.65624861193878814
  0.66172761155276427  0.66885597586322432  0.67747994021356861  0.68745129802179861
  0.70021869913205492  0.70928694454434438  0.71805088861600930  0.72649757547992655
  0.73506705763439595  0.74564362008428331  0.75368668549074980  0.76210346812063279
  0.77229697916191942  0.78314831114134775  0.79479411138290912  0.80694465704192853
  0.81666358503207270  0.82246210131668940  0.82707215607296791  0.83157084391646074
  0.83912978476155275  0.84808815983675845  0.85692460035296381  0.86672244159715783
  0.87847368854832608  0.89445991312634643  0.90996028840580845  0.92146744090877519
  0.93006698395991327  0.93818317331110257  0.94550516872757473  0.95147571132068387
  0.95939432718847273  0.96879399042894265  0.97970797299433987  1.00000000000000000
 -0.00483292669245188  0.01798914279515107  0.03492356580554947  0.04727655087627460
  0.05280988696236241  0.05854612538614326  0.06545754250946717  0.07344636639510169
  0.08114125347197419  0.08952898419802974  0.10154376184576326  0.11554263685379845
  0.13149675718509382  0.14790542402466844  0.16179668478086379  0.17434908587378756
  0.18637948071703356  0.19894100559987968  0.20823812558166638  0.21620159542948522
  0.22660319268159165  0.23414828148108799  0.24090275372599143  0.24989792298716276
  0.25950764962600431  0.27155795806356264  0.28258135279692048  0.29335429332770674
  0.30641366526308123  0.31533888178908376  0.32147590670431914  0.32575370742464582
  0.33132598769677468  0.33907425720605078  0.34885819817389868  0.36170648455187804
  0.37564817249184634  0.39019334528287031  0.40292590524503008  0.41168569504576813
  0.41847100117036484  0.42559486681438757  0.43207958414613440  0.44032841056550787
  0.45010522173698636  0.45889439460410836  0.46482005474332777  0.47096770568661123
  0.47771598961632128  0.48655558969883450  0.49702882248703767  0.51103932880191838
  0.52608834240548352  0.53818787078526098  0.54842314082375521  0.56194967091538361
  0.57630748476516525  0.59007411318766834  0.60236158161977382  0.61459451561835543
  0.62558590224802257  0.63996261159800349  0.65361095512939549  0.66612748857498383
  0.67770711841475006  0.68687462901276575  0.69593572598139397  0.70648821441303833
  0.72014636165468104  0.73245821008937584  0.74509556856454195  0.75697728497350680
  0.77014929414200151  0.78055556528759207  0.79157234827426026  0.79844139751342580
  0.80770188024556677  0.81401875736605134  0.81983131253800923  0.82512612113560069
  0.83059521372882228  0.83753535515241095  0.84569228444859057  0.85684758238885372
  0.86915957130597854  0.88341704387722297  0.89977766129745440  0.91645042429122092
  0.93213294893821497  0.94801258416910150  0.96341295442073915  0.97549985187545318
  0.98226152535224609  0.98866805762521470  0.99458019824889310  1.00000000000000000
 -0.00282542700055273  0.01979324027417109  0.03844877791066808  0.05051267310505526
  0.05963254766098255  0.07355274658523549  0.08872452045430834  0.10567879224941955
  0.12346155690964916  0.13575415717990708  0.14757773959105433  0.15960702191890527
  0.17212766219850334  0.19172948011237295  0.21143324520278270  0.22787065710862175
  0.23970606708942824  0.24899920261857053  0.25849818321928775  0.26787620985033589
  0.27720395634343109  0.28660607947504768  0.29485298514295200  0.30233065344147037
  0.31024041911970135  0.31861264427500469  0.32733295329354650  0.33665354020628507
  0.34665456164858649  0.35777794369493676  0.37008854548169251  0.38064369789714059
  0.39014873454249033  0.40075150193125092  0.40911499093448761  0.41654674447527656
  0.42426071217717271  0.43337593486676479  0.44237963604058822  0.45100189446777483
  0.45963804751227372  0.46888777356970451  0.48133998819399226  0.49128932587671836
  0.50307578766333461  0.51377805240493379  0.52189342028055241  0.52945976098759429
  0.53759097545178225  0.54671403701518051  0.55599274575534874  0.56438992957065148
  0.57597798989018589  0.58620866582690334  0.59336238566168265  0.59909082753693976
  0.60532825564872039  0.61135662810281033  0.61719254212646668  0.62227173941385983
  0.62678328014588558  0.63162182604646455  0.63717816793365711  0.64255618649058177
  0.64698320417229638  0.65431454241904308  0.66179590755380491  0.67030530014202627
  0.68015452105394669  0.69086239170353381  0.70338674201000873  0.71709722627354644
  0.73348204037064446  0.75116352408296305  0.76990609232142415  0.78555715387545566
  0.79708946179251072  0.80885903008883309  0.81970413890113170  0.82979221459915986
  0.83913879485898812  0.84937839528625048  0.86245269421317228  0.87682926934203154
  0.88682798549050401  0.89402927575407887  0.90193939829494374  0.91101470991179556
  0.92103069054272035  0.93575325420206923  0.94966728748463269  0.96505552983770981
  0.97847438972113487  0.98612802194602756  0.99317294091272390  1.00000000000000000
 -0.00123875402638824  0.00511970350869586  0.01173414841226671  0.01689106758093700
  0.02196328133179678  0.02726695924231683  0.03427687957447025  0.03986985601961653
  0.04664672469015122  0.05569552296947587  0.06619034486050966  0.07845825593304220
  0.09315724339446842  0.10873716702574879  0.12246225017150814  0.13472362774101687
  0.14407822542371268  0.15318571472473769  0.16390826810204870  0.17527734158916020
  0.18770393277618694  0.20238224684746262  0.21920754383895105  0.23769910553419901
  0.25636654480755833  0.27363127267336979  0.29093769824113314  0.31000445653500669
  0.32817588691656652  0.34193264091722264  0.35330271184146433  0.36346313339942038
  0.37232994394216767  0.37830049716781794  0.38315397209924096  0.38880180913264212
  0.39612365570747560  0.40216602244247407  0.40659756119401080  0.41024903668919077
  0.41394669342286733  0.41769023271733385  0.42281527293228743  0.43137897293823996
  0.43986807531960687  0.44696361686107633  0.45280089617152874  0.45929321837800002
  0.47277707195529767  0.48954882251932702  0.50398863475473588  0.51764912804486829
  0.52979702018156982  0.54157844185153059  0.55424532511254176  0.56611042392770827
  0.57739334814867860  0.58901946892890533  0.60010333684622508  0.61017228862205175
  0.61924513660697200  0.62882815648883328  0.63871552438646695  0.64823981168472355
  0.65946898868695036  0.67330505048114009  0.68856146617476988  0.70244315449863914
  0.71308783950145138  0.72203095612311774  0.72840715511966847  0.73612996390658025
  0.74588646720214613  0.75360820404794737  0.76226888688950067  0.77235562902851773
  0.78600280633642339  0.80429897115852755  0.81915844906623125  0.82936476831339467
  0.83741771900557005  0.84477083342889192  0.85160142501166403  0.85875561692253555
  0.86608313351838229  0.87419370490320036  0.88611240468878594  0.89930150928453012
  0.91170308983102777  0.92250228098728915  0.93412460164038158  0.94675181094837180
  0.96063804142480191  0.97373852174949149  0.98693693580418207  1.00000000000000000
 -0.00539439925897389  0.01106134651853351  0.02583915099727395  0.03748656042027210
  0.04575904905010953  0.05490203805152191  0.06668701197336074  0.07221911900873274
  0.07757249497529178  0.08317957962101602  0.08980929750007800  0.09794875017247534
  0.10604267597275144  0.11522667249740237  0.12477429991014768  0.13696440076769775
  0.15078020225939356  0.16457851775943791  0.17841056073379299  0.19080618676048225
  0.20105938809315008  0.21015571141340994  0.21985184162727098  0.23155847728083473
  0.24544153723470000  0.25937067060476399  0.27385761644374906  0.28695046537932239
  0.29682797748831580  0.30491148478775870  0.31450134398044538  0.32466250925251888
  0.33379231100069817  0.34065705389338241  0.34621539340526081  0.35285632373865983
  0.36425533030251983  0.37769867893443432  0.39144040461447027  0.39928285911764289
  0.40861969535129644  0.41881737651899381  0.42844888685889387  0.43783980220453106
  0.44622291077008214  0.45073920558835112  0.45486475708239082  0.45895368846597528
  0.46362256326611129  0.46874850720850714  0.47545213515652540  0.48693855104034478
  0.49870477006348751  0.51085633566067667  0.52316099239017178  0.53540477812430143
  0.54587292018562861  0.55726611273978055  0.57094329969547375  0.58401532325861716
  0.59535322378510969  0.60633142245158500  0.61686791753380632  0.62763786612460670
  0.63720905572805853  0.64673208815302752  0.65713916675581940  0.66714445565177227
  0.67447671568256462  0.67997638779804093  0.68522903676170366  0.69235677898883419
  0.70165736931017131  0.71306624521116257  0.72451937769270247  0.73782650360894375
  0.75087122342457546  0.76371747213120611  0.77617452902129624  0.78942902075752563
  0.79830563704873225  0.80666444400900505  0.81521751037016532  0.82281814589354374
  0.83227612321351596  0.84221056759013457  0.85207918143757522  0.86475416104957292
  0.88267320310208774  0.89651265170407202  0.90657137261241016  0.91736607068463405
  0.93188903686084112  0.94933924423375848  0.97140788393784627  1.00000000000000000
 -0.00243427926138286  0.01230099218125541  0.02306003898280970  0.03196694967857031
  0.04289141496054358  0.05522820084075489  0.06927607136792058  0.08577750697661729
  0.09967432895116989  0.11350352834285576  0.12577459974994076  0.13663489051785135
  0.14700264657793050  0.15594479111069950  0.16538205001841802  0.17562255357629439
  0.18656985044452506  0.19966301576302403  0.21413082072813733  0.23022276374024037
  0.24353061987018043  0.25818987531145721  0.27086788800987016  0.28086710836631917
  0.29296410190750588  0.30636472579388530  0.32200252871819973  0.33330238764933562
  0.34319729837430074  0.35585828422499965  0.37236363513097986  0.38654769051237198
  0.39886844386030318  0.41048895106706768  0.42014791807955965  0.42825740212305918
  0.43954975897859117  0.45047654629281597  0.46187927234253157  0.47008156066826756
  0.47544712210477036  0.48048750873804680  0.48687229114180158  0.49421656685192983
  0.50360817770277866  0.51192072058972093  0.52018047164472370  0.52859422247535681
  0.53926346786664048  0.54742300551790890  0.55276571031020616  0.55908704232338913
  0.56327662369620402  0.56935446716575688  0.57559407163038878  0.58349019701898053
  0.59023687256639645  0.59692753402605470  0.60635326799220157  0.62064288486217045
  0.63940363701628522  0.65648521600543353  0.67089039086447866  0.68052886142535840
  0.69235813721118633  0.70373570918798378  0.71425410210911844  0.72406863116135944
  0.73580666459488231  0.75038441330056671  0.76150525708796790  0.76802464628270284
  0.77461974707665948  0.78142292178362427  0.78879538776461600  0.80322680821481662
  0.81845578618713222  0.83166577055116031  0.84374044239158397  0.85408945521117274
  0.86315557692455747  0.87269051546804943  0.88151287670710710  0.88959876520415970
  0.89788949190765543  0.90571532542117017  0.91440885154592533  0.92503104459012642
  0.93499889085498666  0.94489084370835696  0.95386241087126111  0.96230046807443115
  0.97048983088613094  0.97746798225006026  0.98754245115935912  1.00000000000000000
 -0.00173540668359634  0.00521475784424451  0.01197522798597381  0.01919864595165712
  0.02754167308166664  0.03768491265509277  0.04655516788795799  0.05674880748371751
  0.07264812504421238  0.08522009051785184  0.09289549067685081  0.10048000299369959
  0.10898906369689197  0.11777309593527203  0.12618370333925122  0.13424881858710980
  0.14098708931482160  0.14558894755717697  0.15147992476537064  0.15868013142098053
  0.16727554805072958  0.17892307003394009  0.18956075084885890  0.20091628758559865
  0.21082285967252953  0.22288340881593560  0.23271360453251491  0.23916683793067514
  0.24488746801301459  0.25035644970631271  0.25498364566927501  0.26069945695503299
  0.26919537305131297  0.27888038818134447  0.28973336273718725  0.30106392512675834
  0.30954100125002015  0.31924201247869038  0.33131146071346845  0.34146370203187287
  0.35085583305555323  0.35885524256780155  0.36759601895328409  0.37654638848046951
  0.38612172846689868  0.39693333841546741  0.40848848064423865  0.42031496158985931
  0.43094241924289389  0.44030226117384524  0.45018932795013922  0.45922996959663998
  0.46476309595059839  0.47020108672975341  0.47605567578182650  0.48190304944278872
  0.48692719248683741  0.49043248430877961  0.49372889370184941  0.49806523032411953
  0.50527350024270201  0.51638961607032319  0.53132831423595073  0.54756357711405079
  0.56506017925596030  0.58067569790093010  0.59646510035949429  0.61064545138045911
  0.62178297063222943  0.63445814910338716  0.64766035926111432  0.66290625081896404
  0.67701149701863672  0.68676787897424441  0.69418567096258887  0.70092726377501002
  0.70753029570240988  0.71535713468190831  0.72530488995589915  0.73555404166731198
  0.74491210668237440  0.75449937371317688  0.76933901050876163  0.79060674414786181
  0.80832070357011865  0.82334892858823450  0.83790904637539665  0.85208707808345885
  0.86370791651600987  0.87671322418191611  0.89437608124996082  0.92184743202994845
  0.94579216816905431  0.96693652834445643  0.98523294321608901  1.00000000000000000
 -0.00408527571051824  0.01513750826931159  0.03007089275913925  0.04455974600739606
  0.06007269884589366  0.07977309889179071  0.09626669453197198  0.10997293838310361
  0.12118730065282332  0.13100440901407570  0.14322099043944031  0.15570947419911912
  0.16794669044489810  0.17969305015677051  0.19071582261714273  0.20315017169272195
  0.21543090115523805  0.23171307702754379  0.24846466903663048  0.26119260410815348
  0.27091646533186448  0.28071548694414805  0.29038983896174597  0.30187500798116557
  0.31753717517448427  0.33362513351986584  0.34872394521354955  0.36059659359769008
  0.37273048507557444  0.38549773145053090  0.39924164436743498  0.41309090985453728
  0.42573569035992326  0.43700740455555676  0.44549358639050823  0.45493949613044532
  0.46880279596428703  0.48572680909340005  0.49692442659720115  0.50567378839075938
  0.51561214409577349  0.52555683870271597  0.53604125097612731  0.54858653949582614
  0.56000542020961086  0.57093124676119089  0.58234799693293582  0.58943822628568343
  0.59557315558943569  0.60090133406776058  0.60691594658604475  0.61627513188262828
  0.62878259904041622  0.63713630038079649  0.64420143075776004  0.65456514244407837
  0.66821569177020645  0.68270358092540406  0.69250166344011033  0.70018308606575652
  0.70933270962743189  0.72076651825599813  0.72829264448095465  0.73198233074859509
  0.73565363960704011  0.73950235429777189  0.74314212227234566  0.74726063923400199
  0.75637598303073927  0.76642172482315085  0.77680354195037626  0.78692009835155297
  0.79609969669531888  0.80553782393727658  0.81692514990769471  0.82740321828030161
  0.83724942384096812  0.84554438209297555  0.85288450023942286  0.85959362728117661
  0.86619434480121782  0.87497939107769240  0.88167360864545885  0.88807731528700851
  0.89504340468134469  0.90250815977903975  0.90886717742689405  0.91887446089516855
  0.92874774189366249  0.93799721908586375  0.94702297171171412  0.95379550791223711
  0.96194851147052296  0.97080528733304861  0.98269533228777872  1.00000000000000000
 -0.00311435618398339  0.01844892297480879  0.02857028635634699  0.03651248847722005
  0.04607504598601894  0.05397871062032811  0.06135205485868665  0.06731157303578961
  0.07401749630536923  0.08212390043396919  0.09121705577398176  0.09965711161992047
  0.10799896540797488  0.11659913306942120  0.12635978057722588  0.13868994963851808
  0.15029705926494816  0.15829050455346053  0.16733204336643770  0.17651577984040040
  0.18689999526168138  0.19809948842946987  0.21151273574893728  0.21894683917541219
  0.22330944221805119  0.22724192094346821  0.23126106042645764  0.23823368672266118
  0.24422809773879686  0.25100715630693965  0.25894431948159896  0.26849284308678051
  0.27883714587520209  0.28818753279882314  0.29573510548764775  0.30358162884138290
  0.31044556396149703  0.31584803914683601  0.32129678345392937  0.32654766695023479
  0.33133019124483237  0.33773370827729615  0.34520938482569558  0.35411415447176087
  0.36592060161198492  0.37771326216880713  0.38771959694670227  0.39561476576256438
  0.40230776860672796  0.40688344372226698  0.41192978225602428  0.41893754034166220
  0.42718053246284832  0.43574399440845246  0.44368340620336344  0.45085610244386654
  0.45813553434475557  0.46669850225960213  0.47684215255909673  0.48967457212679172
  0.50477152989203355  0.51846692659276472  0.52891431753707097  0.53847214728480941
  0.54690920116568087  0.55685465146320345  0.57034028348695731  0.58622035844919951
  0.60133365591605192  0.61353860554496997  0.62350066967294904  0.63250557607053370
  0.64225972546891585  0.65336925327563733  0.66368707925509229  0.67629362763717593
  0.69029526777982642  0.70738971712328602  0.72782636704460324  0.75132641254201282
  0.76402056632602156  0.77589429442238345  0.78633998315789555  0.79559178464120639
  0.80468614719787024  0.81186070633781204  0.81634516678395364  0.82478138767398335
  0.83346678172966304  0.84144945427179429  0.84996822530683958  0.86348032627691329
  0.89300209166561506  0.91906797531407414  0.95724237775861476  1.00000000000000000
 -0.00276741040815315  0.00982317731819961  0.02090191861596144  0.03087543840847230
  0.03975298784385049  0.04563858467217638  0.05198085510348868  0.05897074530307464
  0.06659628891956879  0.07562448005322618  0.08368200141783876  0.09506746729087574
  0.10905746902528708  0.12663734990341308  0.14068507304010805  0.15049758617899545
  0.15787869514717590  0.16524264943353495  0.17293880459490424  0.18146566200699357
  0.19997849955299707  0.21851619644918910  0.23706285976977132  0.25138252858676741
  0.25989545497549132  0.26782084238529197  0.27346088151251213  0.27792657858693720
  0.28287500089652184  0.28869460110355988  0.29281471759797062  0.29607082371553023
  0.29935744194613295  0.30346745458235380  0.30988075190908998  0.31785235111869031
  0.33996754552037561  0.35350657008819780  0.36640680677635351  0.37848215243192967
  0.39004251783967153  0.40756057850876271  0.41833703723214338  0.42962184730354391
  0.44202383378227383  0.45583200010824249  0.46948544824923982  0.48213112585099460
  0.49236504932086922  0.50021404479378451  0.50638693638317289  0.51138727634278902
  0.51595001137354379  0.52121773259308624  0.52688328628656622  0.53356530302549121
  0.54217602650116969  0.55079628874653652  0.55879799400854147  0.57010456729298054
  0.58376496604701666  0.59516179651289691  0.60570574883342643  0.61586302087706868
  0.62610021330590948  0.63644345118385293  0.64721367169885613  0.65881364207108517
  0.67036704919338486  0.67968793414580908  0.68935343699472862  0.69909366163666009
  0.71121085250060900  0.72267706262813303  0.73322975944978164  0.74330368851348660
  0.75416842658786643  0.76624933685854735  0.77857920347078602  0.79223490830016907
  0.80454986105170012  0.81747829136805172  0.83188491695240030  0.84343882052390440
  0.85114278530832399  0.85884886850489894  0.86730360575244758  0.87540053419192332
  0.88725783226127264  0.90099588571458478  0.91390798693696818  0.92487186429579571
  0.93623981375789489  0.95105349586352461  0.97265557581672579  1.00000000000000000
 -0.00243997716155601  0.01343639469711271  0.02683239212327715  0.04288822436123768
  0.05741074159220734  0.06602238689060802  0.07282214318097129  0.07979463321305726
  0.08888238330252655  0.10004920314873492  0.10880928645919249  0.11455768410056127
  0.12044846076306109  0.12756464306849605  0.13811608464287406  0.14953839435298930
  0.16047113189398290  0.17365435167346743  0.18548126206513760  0.19510554357840235
  0.20266489966856144  0.20988291222235239  0.21613724109463209  0.22271208009375806
  0.23070336689701001  0.24069855980633850  0.24630240347664120  0.25012340417670154
  0.25731744157991793  0.26209773622797394  0.26630855042670054  0.27020716257732358
  0.27381974326149894  0.27777038465001824  0.28535329071009491  0.29366607153191560
  0.30249304364626906  0.31226552839210142  0.32228075834785441  0.33342518034283491
  0.34625696241781767  0.35856861690112618  0.37147083857172275  0.38412315179565359
  0.40053001535071220  0.42101454648002468  0.43572576529702145  0.44792363999840507
  0.46023209046551755  0.47255118509641919  0.48596565332945307  0.50127971839633179
  0.51739843847004718  0.53389843265444825  0.54786027554563976  0.56138903693499020
  0.57240815980369431  0.58111017613735427  0.58750222342096481  0.59469691560350901
  0.60336701682840310  0.61373830994159040  0.62342119910553939  0.63291062496848349
  0.64234009732422093  0.65093999144954462  0.66227504713900054  0.67619138538700752
  0.69189650815455550  0.70527115625577597  0.71607675796941850  0.72833865112421714
  0.73989593401971754  0.75548232499620038  0.77144045473679290  0.78173166041108222
  0.79395557354549118  0.80694980790456106  0.82015791510206681  0.83776961711184905
  0.85669292859622648  0.87254684500233737  0.88471992274386302  0.89329721165304243
  0.90168537611001842  0.90993495106688715  0.91820041990816592  0.92761953109343565
  0.94182192014826671  0.95736232709456293  0.96838445964205866  0.97551698988823576
  0.98030509386627540  0.98643080648520598  0.99305397685295005  1.00000000000000000
  0.25246378133694247  0.39525657447859169  0.44188190268739430  0.47387747087566173
  0.49962407564460604  0.51456696170984628  0.52233812206537777  0.52985076796698272
  0.54056902010054808  0.55241323873135639  0.56437724741550033  0.57293102988872258
  0.58075837324424640  0.58756946687003875  0.59424901138631936  0.60103093671231433
  0.61199957802443361  0.62049090360052817  0.62738222696450607  0.63378442734938756
  0.64184202830454617  0.65254204297579232  0.66134844324240605  0.66831768296164740
  0.67583426569976923  0.68510399079860540  0.69552332005777984  0.70445899524261935
  0.71175630072008600  0.71514387174213134  0.71827405994053262  0.72187047967814499
  0.72548048141709010  0.72930509864969228  0.73691765875472492  0.74405774385498646
  0.75162739629037545  0.76008097365047544  0.76822785851810949  0.77501060551277923
  0.78036209546371826  0.78590316132175930  0.79117142734581769  0.79551867600781789
  0.79921680919183669  0.80232514821093259  0.80538300381535943  0.80930218354705841
  0.81329443779895871  0.81751280807006410  0.82164908560963734  0.82670901566030397
  0.83318940224703797  0.83986653805826472  0.84662383227425730  0.85276156715835560
  0.85697832863656143  0.86068438858538143  0.86434233247189041  0.86699811737668153
  0.87021455040675721  0.87392421826742983  0.87765746696235047  0.88193165379519167
  0.88632532403728259  0.89088787851244211  0.89548222141255451  0.89788360546207746
  0.90015125347809233  0.90233780839841549  0.90453739244977582  0.90674463992855081
  0.91000328130692298  0.91307804740848630  0.91584201435160328  0.91832339136809749
  0.92064871481793609  0.92281716127024105  0.92484445736037568  0.92738651127585714
  0.93099675810723292  0.93463930627079095  0.93816053438581315  0.94184614069947736
  0.94547318622201360  0.94974853951697114  0.95423320938271239  0.95823378064766951
  0.96248855939369404  0.96620961370884917  0.96940994818753401  0.97248490557580847
  0.97557261101627291  0.97962938826641988  0.98634469913718359  1.00000000000000000
 -0.02074598873894272  0.14288448513718649  0.19653357293442131  0.22652123813203554
  0.24488867702807765  0.26110675109912168  0.27912843858987935  0.29601683267936441
  0.31275117444582617  0.32727115375876792  0.33931273246447918  0.34946778355075664
  0.35714106387233846  0.36199476789414392  0.36826968336142102  0.37611044105532848
  0.38611875532865103  0.39473540647245059  0.40274911140939429  0.41221214728066313
  0.42284407206687452  0.43418649872347426  0.44407145093473960  0.45203255918395369
  0.45890668943486435  0.46513389295572644  0.47072275756783510  0.47604075152340330
  0.48090508021576672  0.48568078580946650  0.49067178080154500  0.49850227254100576
  0.51255474975453441  0.52713691209321689  0.53454275992565070  0.53877903158384233
  0.54277567645968461  0.54674034848628950  0.55115974068085261  0.55425917862001106
  0.55743929519991986  0.56056339903601771  0.56848911275289737  0.57523198697126543
  0.58237914419206294  0.58980303310771354  0.59690587595000000  0.60333818174121256
  0.60904040925852876  0.61448933392706617  0.61966142837451310  0.62557449204766813
  0.63094386986154516  0.63566677249362324  0.63990017663812659  0.64414211533317178
  0.64892948514219861  0.65410957675540327  0.65939875211624310  0.66605490183387395
  0.67646374301955359  0.68330007074506949  0.68996637826665363  0.69565536467681688
  0.69973514527435898  0.70402068949756280  0.70828924059267095  0.71248223342573036
  0.71730719970114976  0.72349825423068514  0.73048488569688674  0.73517343930849977
  0.73970412785198847  0.74414168422819971  0.74812819883496351  0.75233666730787552
  0.75632924151836178  0.76011953582446301  0.76318841091182787  0.76713984456797879
  0.77164989008207352  0.77604560127904298  0.78199835620989355  0.78872585350075342
  0.79595363584312895  0.80586934154984213  0.81707206679535471  0.82809759521666271
  0.84122381418050007  0.84983834761196908  0.85893538842651640  0.86905418924960554
  0.88265395896659760  0.90556608074508027  0.92838377651280690  1.00000000000000000
   4.0660682186539419E-015  -1.0000000000000000     
 F F F F F F F F F F F F F F F F F F F F F F F F F F F F F F F F F F F F F F F F F F F F F F F F F F F F F F F F F F F F F F F F F F F F F F F F F F F F F F F F F F F F F F F F F F F F F F F F F F F F F F F F F F F F F F F F F F F F F F F F F F F F F F F F F F F F F F F F F F F F F F F F F F F F F F F F F F F F F F F F F F F F F F F F F F F F F F F F F F F F F F F F F F F F F F F F F F F F F F F F F F F F F F F F F F F F F F F F F F F F F F F F F F F F F F F F F F F F F F F F F F F F F F F F F F F F F F F F F F F F F F F F F F F F F F F F F F F F F F F F F F F F F F F F F F F F F F F F F F F F F F F F F F F F F F F F F F F F F F F F F F F F F F F F F F F F F F F F F F F F F F F F F F F F F F F F F F F F F F F F F F F F F F F F F F F F F F F F F F F F F F F F F F F F F F F F F F F F F F F F F F F F F F F F F F F F F F F F F F F F F F F F F F F F F F F F F F F F F F F F F F F F F F F F F F F F F F F F F F F F F F F F F F F F F F F F F F F F F F F F F F F F F F F F F F F F F F F F F F F F F F F F F F F F F F F F F F F F F F F F F F F F F F F F F F F F F F F F F F F F F F F F F F F F F F F F F F F F F F F F F F F F F F F F F F F F F F F F F F F F F F F F F F F F F F F F F F F F F F F F F F F F F F F F F F F F F F F F F F F F F F F F F F F F F F F F F F F F F F F F F F F F F F F F F F F F F F F F F F F F F F F F F F F F F F F F F F F F F F F F F F F F F F F F F F F F F F F F F F F F F F F F F F F F F F F F F F F F F F F F F F F F F F F F F F F F F F F F F F F F F F F F F F F F F F F F F F F F F F F F F F F F F F F F F F F F F F F F F F F F F F F F F F F F F F F F F F F F F F F F F F F F F F F F F F F F F F F F F F F F F F F F F F F F F F F F F F F F F F F F F F F F F F F F F F F F F F F F F F F F F F F F F F F F F F F F F F F F F F F F F F F F F F F F F F F F F F F F F F F F F F F F F F F F F F F F F F F F F F F F F F F F F F F F F F F F F F F F F F F F F F F F F F F F F F F F F F F F F F F F F F F F F F F F F F F F F F F F F F F F F F F F F F F F F F F F F F F F F F F F F F F F F F F F F F F F F F F F F F F F F F F F F F F F F F F F F F F F F F F F F F F F F F F F F F F F F F F F F F F F F F F F F F F F F F F F F F F F F F F F F F F F F F F F F F F F F F F F F F F F F F F F F F F F F F F F F F F F F F F F F F F F F F F F F F F F F F F F F F F F F F F F F F F F F F F F F F F F F F F F F F F F F F F F F F F F F F F F F F F F F F F F F F F F F F F F F F F F F F F F F F F F F F F F F F F F F F F F F F F F F F F F F F F F F F F F F F F F F F F F F F F F F F F F F F F F F F F F F F F F F F F F F F F F F F F F F F F F F F F F F F F F F F F F F F F F F F F F F F F F F F F F F F F F F F F F F F F F F F F F F F F F F F F F F F F F F F F F F F F F F F F F F F F F F F F F F F F F F F F F F F F F F F F F F F F F F F F F F F F F F F F F F F F F F F F F F F F F F F F F F F F F F F F F F F F F F F F F F F F F F F F F F F F F F F F F F F F F F F F F F F F F F F F F F F F F F F F F F F F F F F F F F F F F F F F F F F F F F F F F F F F F F F F F F F F F F F F F F F F F F F F F F F F F F F F F F F F F F F F F F F F F F F F F F F F F F F F F F F F F F F F F F F F F F F F F F F F F F F F F F F F F F F F F F F F F F F F F F F F F F F F F F F F F F F F F F F F F F F F F F F F F F F F F F F F F F F F F F F F F F F F F F F F F F F F F F F F F F F F F F F F F F F F F F F F F F F F F F F F F F F F F F F F F F F F F F F F F F F F F F F F F F F F F F F F F F F F F F F F F F F F F F F F F F F F F F F F F F F F F F F F F F F F F F F F F F F F F F F F F F F F F F F F F F F F F F F F F F F F F F F F F F F F F F F F F F F F F F F F F F F F F F F F F F F F F F F F F F F F F F F F F F F F F F F F F F F F F F F F F F F F F F F F F F F F F F F F F F F F F F F F F F F F F F F F F F F F F F F F F F F F F F F F F F F F F F F F F F F F F F F F F F F F F F F F F F F F F F F F F F F F F F F F F F F F F F F F F F F F F F F F F F F F F F F F F F F F F F F F F F F F F F F F F F F F F F F F F F F F F F F F F F F F F F F F F F F F F F F F F F F F F F F F F F F F F F F F F F F F F F F F F F F F F F F F F F F F F F F F F F F F F F F F F F F F F F F F F F F F F F F F F F F F F
  <DiscreteSampler_grid>
  grouped_processes
  1 # 1 for a reference and 2 for a running grid.
  10 # Attribute 'min_bin_probing_points' of the grid.
  1 # Attribute 'grid_mode' of the grid. 1=='default',2=='initialization'
  0.0000000000000000 # Attribute 'small_contrib_threshold' of the grid.
  0.5000000000000000 # Attribute 'damping_power' of the grid.
 # binID   n_entries weight   weight_sqr   abs_weight
    61   10   1.460991484401280E-011   1.933627803305629E-021   1.460991484401280E-011
    62   10   1.460991484401299E-011   1.933627803305683E-021   1.460991484401299E-011
    64   10   2.921982968802561E-011   7.734511213222515E-021   2.921982968802561E-011
    65   10   2.921982968802598E-011   7.734511213222733E-021   2.921982968802598E-011
    67   10   3.404334117651992E-011   7.325465989444324E-021   3.404334117651992E-011
    68   10   3.404334117652043E-011   7.325465989444582E-021   3.404334117652043E-011
    70   10   6.808668235303984E-011   2.930186395777729E-020   6.808668235303984E-011
    71   10   6.808668235304086E-011   2.930186395777833E-020   6.808668235304086E-011
    106   10   1.460991484401284E-011   1.933627803305640E-021   1.460991484401284E-011
    107   10   1.460991484401294E-011   1.933627803305668E-021   1.460991484401294E-011
    109   10   2.921982968802569E-011   7.734511213222560E-021   2.921982968802569E-011
    110   10   2.921982968802587E-011   7.734511213222673E-021   2.921982968802587E-011
    112   10   3.404334117652002E-011   7.325465989444373E-021   3.404334117652002E-011
    113   10   3.404334117652033E-011   7.325465989444534E-021   3.404334117652033E-011
    115   10   6.808668235304004E-011   2.930186395777749E-020   6.808668235304004E-011
    116   10   6.808668235304066E-011   2.930186395777814E-020   6.808668235304066E-011
  </DiscreteSampler_grid>
