  0.00071853318357182  0.02101788421736207  0.03561089665930264  0.04610971077898954
  0.05422233673956187  0.06013800943900707  0.06874755326409834  0.07767541770320197
  0.08526801212132996  0.09507957172477849  0.10701281333212645  0.11591214341129881
  0.12412128823111666  0.13323567624872831  0.14137096833599086  0.14827954527330148
  0.15398535628779048  0.15968283716846501  0.16992966932773232  0.18134091814520747
  0.19166325674061094  0.20552198900176702  0.21715193306368646  0.22867535500222691
  0.24169428064862500  0.25844858502381085  0.27585183045066447  0.29017511427346826
  0.30258584545359801  0.31453629139299621  0.32413215200781137  0.33167957716623880
  0.33876975581807939  0.34711772288233311  0.35446479499709982  0.36130640295751232
  0.37041040693797883  0.38141256800561557  0.39019979990041237  0.39614938561088459
  0.40135178134327454  0.40614980788495292  0.41123228345755553  0.41885719231990365
  0.42815616678900131  0.43807077609727035  0.45136289613828628  0.46390995304271698
  0.47556205171697258  0.48404082217664601  0.49091876048940419  0.49803617108950587
  0.50667555582233448  0.51510263499217901  0.52385474876601479  0.53374046723386259
  0.54283724287393542  0.55371660319381555  0.56561316881992951  0.57690373907861170
  0.59061613738084762  0.60486299925559261  0.61954422991682234  0.63607932534662770
  0.65522671839427160  0.67271186646883696  0.68668330019645774  0.69852585099558018
  0.70845066519078459  0.71664081011639902  0.72631766267668652  0.74071368751576028
  0.75475099244191846  0.76244333711625023  0.77019370208383120  0.78040864831775514
  0.79303448509467622  0.81208762156842940  0.82818146076096422  0.84081700884491561
  0.85222349409451514  0.86293497508048689  0.87297846449483463  0.88299188024317454
  0.89347525014495865  0.90434812036544887  0.91667916924094761  0.92896242740354840
  0.94188219702398202  0.95023531207208634  0.95907494500670198  0.96610039508129453
  0.97326251703243361  0.98092523861959624  0.99247427382076714  1.00000000000000000
  0.00443678023129125  0.02814173591559315  0.04572370436060823  0.06008637909076419
  0.07010362635503130  0.07995912486615479  0.08986284025206706  0.10216736625146473
  0.11572120311496728  0.12716103442632751  0.13564792728196484  0.14185074758069471
  0.14930045162277691  0.15902936874343904  0.16767233537560600  0.17660814477068126
  0.18816328705295660  0.20565230027280085  0.22204358605515306  0.23761764204301936
  0.25278798678477199  0.26614062296378721  0.27771952672145322  0.28988763182194971
  0.30231114602340137  0.31224554942664867  0.32032521829491273  0.32801282965089645
  0.33615438951461374  0.34494643385397222  0.35388138113085343  0.36092923457883708
  0.36703889094842856  0.37305286378627284  0.37947708533217683  0.38921582098284191
  0.39779249206009198  0.40571753658131077  0.41326438847127539  0.42049484353204775
  0.42743867559546084  0.43466824340113452  0.44240604648798532  0.45213713302125164
  0.46425550845852026  0.47776113269697462  0.48826422774602585  0.49493619468846600
  0.50013187502348566  0.50735157219930072  0.51637425554054628  0.53074207827260433
  0.54104514245707080  0.55094655551756144  0.56297824233122706  0.57731062672580657
  0.58868392389024071  0.60361669182414757  0.61839153482992959  0.63116548521716009
  0.64304703877773572  0.65376818052370533  0.66298453275489166  0.67077361205741848
  0.67828751064954795  0.68683879911818146  0.69698527585557779  0.70906398365592682
  0.72016227349338846  0.73077599840671958  0.74067146779716886  0.75207496052095579
  0.76433710312510084  0.77736789704044051  0.79017747021543105  0.80264544218254452
  0.81437279223240500  0.82611692675558346  0.83665212892953156  0.84621003904682801
  0.85792019153099142  0.86628168079371004  0.87211620098980724  0.87885307448150463
  0.88525927023120166  0.89066410485526182  0.89685635361741389  0.90486844893986007
  0.91805588843274388  0.93223591779537374  0.94565116578071318  0.95725652357397317
  0.96569008278228519  0.97362763700915500  0.98174398214171521  1.00000000000000000
  0.00017734738007060  0.00021196147282827  0.00021403149555738  0.00021582514884617
  0.00021734512452744  0.00022049951356769  0.00022407908017866  0.00022668782069245
  0.00022940080000737  0.00023205880944104  0.00023447399670498  0.00023625532198805
  0.00023838509175691  0.00024089937907545  0.00024364361326807  0.00024664026661709
  0.00024933121921764  0.00025180769163586  0.00025403181602602  0.00025608367932484
  0.00025821710785331  0.00026076454506205  0.00026378966264468  0.00026651938574041
  0.00026875044293374  0.00027083949707452  0.00027314798028519  0.00027579608054104
  0.00027882502004033  0.00028201667579757  0.00028513425838108  0.00028815844120570
  0.00029151159396485  0.00029526919868610  0.00029926633573184  0.00030328845574598
  0.00030764518446165  0.00031264229169438  0.00031824077257615  0.00032306427831864
  0.00032771000514230  0.00033226869133716  0.00033709961655442  0.00034264182546593
  0.00034882765538653  0.00035341875499037  0.00035783872693162  0.00036199232066373
  0.00036523903796092  0.00036954198514678  0.00037447245954818  0.00037952928844136
  0.00038488496991776  0.00039030337375631  0.00039430175981612  0.00039838515947698
  0.00040246592876492  0.00040769363444516  0.00041244393489211  0.00041823357031505
  0.00042447769569591  0.00043398821490826  0.00044350265541421  0.00045077116778655
  0.00045814897939572  0.00046595055444236  0.00047367077020303  0.00048270153307225
  0.00049244370316511  0.00050510071723292  0.00052158420170886  0.00053677238588387
  0.00054976760663113  0.00056396179799602  0.00057961809628130  0.00059689079400478
  0.00061358942978724  0.00062725549317131  0.00064178837091276  0.00066116031085938
  0.00067872869727194  0.00069557462645671  0.00071576936353081  0.00074894920120716
  0.00079508491261131  0.00084855688697743  0.00094834033664304  0.00106882907539937
  0.00120500193292676  0.00134463322091505  0.00149307663464475  0.00175531778504299
  0.00246470035134370  0.02784470639204574  0.43121324806418360  1.00000000000000000
  0.00005402095926672  0.00005423250102187  0.00005451648624099  0.00005481340467211
  0.00005511944120174  0.00005540277980953  0.00005571751039567  0.00005606935312008
  0.00005653870062588  0.00005709098293937  0.00005754102347031  0.00005780540755577
  0.00005801210355998  0.00005829144076079  0.00005856804696046  0.00005888778581418
  0.00005918061551247  0.00005936155106704  0.00005950605753351  0.00005966934434125
  0.00005990976211116  0.00006032830260533  0.00006076380334768  0.00006113612160625
  0.00006157897895194  0.00006207392360482  0.00006261436033082  0.00006318196228814
  0.00006374072176146  0.00006431801207113  0.00006495031816265  0.00006573027430186
  0.00006658761963998  0.00006778794973349  0.00006921265766756  0.00007045411802589
  0.00007145994183565  0.00007227500078165  0.00007301647782017  0.00007377131758338
  0.00007486810377209  0.00007610816259426  0.00007741791492656  0.00007896928896909
  0.00008038334771280  0.00008156574988269  0.00008286731537322  0.00008429395975313
  0.00008597083264184  0.00008765872802690  0.00008946932466613  0.00009137824142747
  0.00009313122221953  0.00009542969028292  0.00009797301559986  0.00010086193851029
  0.00010421958863776  0.00010777832898007  0.00011135290575999  0.00011538734906534
  0.00011873262543906  0.00012218035926601  0.00012553284606690  0.00012880524149980
  0.00013247563200316  0.00013746272798670  0.00014314756443407  0.00014855048523824
  0.00015433711238393  0.00016062112543364  0.00016768464664106  0.00017604004012487
  0.00018558864537538  0.00019599070173009  0.00020756416997991  0.00022207803439204
  0.00024121192024013  0.00025411192480497  0.00026492252449303  0.00027521142955216
  0.00028914355954626  0.00030124729218623  0.00031345606154129  0.00032724249191019
  0.00034242114359928  0.00036419322600982  0.00038880914185801  0.00044605210153773
  0.00055135465072279  0.00071581654149798  0.00083902702851758  0.00107011202234632
  0.00154999565976310  0.00332300086816808  0.20671085863761005  1.00000000000000000
  0.00055735535307567  0.00060965676974545  0.00064858413044991  0.00067071892220159
  0.00068848264644234  0.00070473512838689  0.00072042626335192  0.00073913760320657
  0.00075356241731664  0.00076939062873511  0.00078685506005177  0.00080623750796577
  0.00083080970331959  0.00086152083453471  0.00090070768003261  0.00094417345324740
  0.00098915004723243  0.00102874876405664  0.00105245997381136  0.00106424382699738
  0.00107959397501588  0.00109779216497625  0.00111593930256317  0.00113725404168014
  0.00116012610792109  0.00118073585769035  0.00121611538892379  0.00124720609844530
  0.00126855171408882  0.00128862282237074  0.00131280941868359  0.00134763937136134
  0.00138524590335768  0.00141937344084025  0.00145602835223066  0.00149794701145397
  0.00154921990668248  0.00160947730027972  0.00167144198420761  0.00172435298114851
  0.00177187574882478  0.00181603526739198  0.00186376701493335  0.00192627931720334
  0.00197762736656878  0.00202822628037813  0.00207708386897455  0.00212809602693050
  0.00223199467771308  0.00233721262005359  0.00243414735947068  0.00252038823031578
  0.00258135457565380  0.00263427596208599  0.00270219820020009  0.00278146867928029
  0.00286557989211867  0.00294495398299982  0.00300722706244519  0.00305781015715607
  0.00312017284697911  0.00319437935137003  0.00328556785247772  0.00339571336368536
  0.00351609802599668  0.00366856832749980  0.00387281962254844  0.00408525927895629
  0.00428464142254242  0.00448973779399378  0.00478117331970711  0.00511136748583952
  0.00538105848741835  0.00557900207021435  0.00573006458587321  0.00590415910114409
  0.00611030193018551  0.00634605453520319  0.00658800584449663  0.00691107391599359
  0.00736624544030756  0.00796734230576261  0.00865658905449356  0.00934748727914337
  0.01009256867840799  0.01092036611299296  0.01214029970813434  0.01362516954827470
  0.01542039118104577  0.01764351263537032  0.01906130424877814  0.02061637007439916
  0.02374643747933126  0.02729763645766368  0.03158546483525793  1.00000000000000000
 -0.00303142614897448  0.03092018532070485  0.05078795308067411  0.06458620806033943
  0.07642179842609396  0.08822338569202420  0.10139814442624180  0.11713149335595367
  0.13245437073528621  0.14646060046444256  0.15918164581799346  0.17140038563822149
  0.18163703712820162  0.19164632301374529  0.20216287589561655  0.21425117153793941
  0.23047754941464962  0.24820912993738298  0.26561538419850717  0.28059880114134722
  0.29343275147731440  0.30476777327284438  0.31528366715178530  0.32727252943162666
  0.33862397763702035  0.35047941616746409  0.36502128839920650  0.37694695992351396
  0.38564990075335054  0.39395815607432255  0.40106759137876663  0.40666126158261029
  0.41186775223634131  0.41765203236411658  0.42418226424733185  0.43131961825472498
  0.43926913495566072  0.44565505209391476  0.45368043953540160  0.46173835176405192
  0.47005765827288498  0.47715688638612441  0.48689358405926370  0.49731480317301946
  0.50618199997127677  0.51257538281224813  0.51970278504809875  0.52493933064971898
  0.52906266861465057  0.53337937642806166  0.53723875624192430  0.54122319439384481
  0.54729196674090019  0.55589354738178542  0.56930195456937915  0.58550461299024048
  0.60040606546052100  0.61308674156758836  0.62440222988247907  0.63436480248114535
  0.64607222010207599  0.65611165730334431  0.66622770638281614  0.67678538037442748
  0.68998697055093772  0.70476736740705526  0.72133829755437662  0.73911000840573848
  0.75632197557661862  0.77096774307112559  0.78488139268383850  0.79585609748130615
  0.80895626728723780  0.81793872303917137  0.82757458637030279  0.83611402718613814
  0.84517385038321813  0.85595441313542076  0.86691760293804032  0.87760571476659832
  0.88773652297790673  0.89896420624004525  0.91208548666768863  0.92651833844222253
  0.93552104957009263  0.94063398735689985  0.94392907379485913  0.94670322173990207
  0.95043970987362214  0.95659022544592942  0.96389655937480412  0.97193260996010478
  0.98000637519357259  0.98732718825799337  0.99220794153712910  1.00000000000000000
  0.00000610747679586  0.00001779728674272  0.00002293168728278  0.00002732452187676
  0.00003216132378863  0.00003696297794795  0.00004266197353190  0.00004736848366291
  0.00005048796044413  0.00005307423410003  0.00005571006703609  0.00005863316952996
  0.00006120252208427  0.00006476303747465  0.00006883803578752  0.00007434648502641
  0.00008190940178934  0.00009034090708005  0.00009874265569133  0.00010640257190407
  0.00011174149291449  0.00011688319693295  0.00012223914492093  0.00012850729905476
  0.00013641844255940  0.00014708319656968  0.00016094981994410  0.00017573778033713
  0.00018954999462488  0.00020138698892976  0.00021303282303245  0.00022657496182225
  0.00024284680457297  0.00026351378541356  0.00028848609039390  0.00031731506767134
  0.00035288437478635  0.00039554851706777  0.00044152927034375  0.00048467009734223
  0.00050694425232251  0.00052844093257732  0.00054977805623046  0.00056963057240846
  0.00058683159351866  0.00060578464491713  0.00062972936707586  0.00066560992016239
  0.00070971722888116  0.00076492512984515  0.00082787141944269  0.00089569785555370
  0.00097660830267941  0.00107334039741828  0.00116730863520932  0.00126661752785692
  0.00134497894609762  0.00145174408938838  0.00156716358935679  0.00170473244977421
  0.00187666600352692  0.00203189212893048  0.00218555782748992  0.00232240189916168
  0.00243910688555319  0.00252004602178687  0.00258023863383868  0.00268567988572825
  0.00278331703878347  0.00290350540872179  0.00307050638749266  0.00323801177407507
  0.00336352266008330  0.00347374962253068  0.00360216731565369  0.00377243261503248
  0.00389743605347837  0.00408064901331990  0.00436096296337008  0.00462435221279744
  0.00476051980726222  0.00492226528337347  0.00515757231057982  0.00535063053546428
  0.00547668268157195  0.00559335656184824  0.00572982460207970  0.00592966744636190
  0.00625145521263359  0.00657204663957625  0.00708404262401397  0.00793790036308353
  0.00930631544873751  0.01516706105398776  0.09915322137946359  1.00000000000000000
 -0.00574576457925865  0.01593379265470337  0.02844649681164321  0.03575870212724674
  0.03955790173151476  0.04179064232472749  0.04444793834547760  0.04794141548336184
  0.05254186944774542  0.05947868019743040  0.06906539302329119  0.07700287006726740
  0.08432539857483275  0.09017275544179333  0.09649632215033856  0.10339473359928973
  0.11146623685645141  0.12268697421354738  0.13234237011657535  0.14122413898848782
  0.14965278559840262  0.15801218401725720  0.16816853222057693  0.18034271125078802
  0.19366852010283092  0.20645668416928631  0.21808510986743967  0.22866374759044164
  0.23816977448212703  0.24630356631099878  0.25379429622811434  0.26259384064860308
  0.27063346634831986  0.27740412010029347  0.28371841218369243  0.29366778289957857
  0.30222412180767683  0.30842062490655064  0.31464144504620051  0.31957508721657657
  0.32848730623099132  0.34050567276378013  0.35361524683474149  0.36659589869915132
  0.37733703449075123  0.38597875302033458  0.39452446479476022  0.40322708121868750
  0.41191062111812243  0.41784031564260932  0.42356066973886580  0.43018672634947941
  0.43956476005549455  0.44845659732149429  0.45644769225990856  0.46393127423626773
  0.47077612541744118  0.47863030704106146  0.48850687363922940  0.49933935596947310
  0.50976308007267446  0.51995198023338240  0.52996387747448692  0.54193817757484897
  0.54949613534551500  0.55774111066831622  0.56719144241454278  0.57746865728260277
  0.58651587522761339  0.59353278185454539  0.59997963615181371  0.60864249033865792
  0.62223729845387987  0.63697880767692416  0.65211084001812514  0.66711465877963916
  0.67973744371309930  0.69420389716359665  0.70756264056810358  0.72179917859449150
  0.73364346626706445  0.74697145704733026  0.76283776748753895  0.78149364064394911
  0.80138613006489579  0.82030870578310433  0.83433067872566624  0.84750079150998081
  0.85942415517547932  0.87104355339488326  0.88853973108667195  0.90787567340946596
  0.93166623852885666  0.95381746066315864  0.97648721185366782  1.00000000000000000
 -0.00337191311264912  0.01554598890494329  0.03343923932847657  0.04796966108767807
  0.06043655660120328  0.06883023654592206  0.07720564940537311  0.08639905780106728
  0.09443765424479204  0.10097430951984528  0.10406100646502245  0.10777429209204836
  0.11134126321285827  0.11479632975172502  0.12204323035154468  0.12851034984479429
  0.13395274769118592  0.13927174191036271  0.14350670100098217  0.14702127108925922
  0.15065852699784366  0.15663114219088986  0.16345265864546724  0.17177400631698955
  0.18300896992549415  0.19470188822574069  0.20795345502011367  0.22195612635862358
  0.23438651477005384  0.24417885421482310  0.25412269953795380  0.26227601552839036
  0.26772294593793389  0.27277380906428256  0.28070270585234852  0.29146274899757252
  0.30405109109354223  0.31707239597515541  0.32877744816941928  0.33877830360955047
  0.34836386458555041  0.35659210867564223  0.36407531863720760  0.37210509737486425
  0.38195935104745388  0.39392593368652395  0.41029040331371874  0.42947835532065481
  0.45157558389478997  0.46909007461686925  0.48092042726128681  0.49145628355858545
  0.50175475294552174  0.51306143302899876  0.52572004604223410  0.53845827450289074
  0.55017031509516912  0.56294667788393871  0.57514281084278807  0.58848665835244818
  0.59971131289678092  0.61043383547179175  0.62258882902604762  0.64081169624822742
  0.66041359126685739  0.67957359420164265  0.69652601769936096  0.71109951767126356
  0.71992268663288272  0.72633308542245378  0.73234901451379919  0.73758144535438952
  0.74300012829149575  0.75146870878227634  0.76525011255016784  0.78142411140946144
  0.79734248106906525  0.81247293824619071  0.82693969002641021  0.83968288372483990
  0.84869275181542791  0.85615899701002740  0.86294349339253251  0.87039714246051303
  0.88009764159295223  0.89011486555455233  0.89953454749863049  0.90612393105020894
  0.91238436911380549  0.91914624720096816  0.92859173018368868  0.94106823052028787
  0.95398207840292126  0.96962483120718712  0.98542097572392329  1.00000000000000000
 -0.00381376787457557  0.00747820265393332  0.01935886796904154  0.03148163242433655
  0.04116102499596479  0.05046359353389369  0.05894129288340643  0.06878699390914704
  0.07525463633577509  0.07905705990165603  0.08261658108015513  0.08574770159398114
  0.09231722117703386  0.10231020696024784  0.11763971033883243  0.13086639984720538
  0.14270630744494583  0.15480430413661589  0.16500476896029834  0.17472675276869853
  0.18368794084363207  0.19229335712122553  0.20506725178946716  0.21753950307203207
  0.22787215058429278  0.23818906623284630  0.25090812232977333  0.26394716663232071
  0.27717942104703286  0.29018464703223507  0.29927337366657925  0.30713152009568084
  0.31576065322317781  0.32477503773212957  0.33358396639769250  0.34185232648958352
  0.35040140312887680  0.35915242383953888  0.36611722306866457  0.37350609703558474
  0.38300121986011820  0.39394939256699368  0.40523817432132531  0.41748735678522864
  0.42813429798441927  0.43659208585461046  0.44320635773670986  0.44840629310231156
  0.45465429431420784  0.46683382560787184  0.47810458604424777  0.48774477529609211
  0.49709421813612681  0.50800662825838772  0.51766377089232696  0.52727915991680996
  0.53765094962579374  0.55064598118935948  0.56183875577391718  0.57132106982208164
  0.58298060252395922  0.59694969595024117  0.61189936964335734  0.62727437705973066
  0.64471391591843363  0.66224672476376412  0.67590186501985672  0.68600534626122212
  0.69545855100005993  0.70503747658562399  0.71568048499789771  0.72676602090199993
  0.73797110098363550  0.75038321945868247  0.76432697933953353  0.77470365475058389
  0.78375070993022955  0.79308966714882523  0.80047761081903313  0.81125561638307186
  0.82193598377393162  0.83123275376489181  0.83975878784068714  0.84985970635704389
  0.86291929220997299  0.87813649591320742  0.89290431131179004  0.91111084479298876
  0.92532267395075118  0.93743981896091877  0.94749829630191951  0.95605837601627197
  0.96345935456798881  0.97130815689899963  0.98468472678847763  1.00000000000000000
 -0.00724927437369798  0.02535761702904173  0.05257432437504885  0.07627491855099323
  0.09334794166604925  0.10174163206620736  0.10636177903256608  0.11002672085288534
  0.11374209752363452  0.11859920196671865  0.12471551668399482  0.13091402976747121
  0.13807152992645130  0.14688321883726163  0.16079886504970439  0.17433522957279687
  0.18557577637788197  0.19714348637705825  0.20855769682480796  0.22010947141961887
  0.23166816323328596  0.24254344486839022  0.25341057495615688  0.26668033450017214
  0.27994631217551424  0.29050588452042891  0.29797054071152246  0.30318332747503934
  0.30958096409879743  0.31773122796090442  0.32802105779278168  0.34166098810710577
  0.35782483336782867  0.37268847928516907  0.38614175808129853  0.39861145136969756
  0.40929756606338963  0.42057620034803500  0.43338678609640013  0.44906185061759968
  0.46963738302908642  0.49107756590199964  0.50755743450064361  0.51962266892723330
  0.52834171691757237  0.53614297919663656  0.54352823814969276  0.55176260573864122
  0.56124286718104677  0.57189963753813267  0.58326402711875158  0.59342208184612311
  0.60139720641136429  0.60801038171572930  0.61452282181645357  0.62108925286581362
  0.62916266400492471  0.63810919772237062  0.64689914972957296  0.65463323697641518
  0.66404258738885358  0.67946958854935890  0.69061945555339077  0.70145845759443104
  0.70967397163119039  0.71982238773702611  0.72888979396053988  0.73873718169611424
  0.74948737611065341  0.76164291547893348  0.77356701039933684  0.78336956397586499
  0.79017274478316823  0.79917653242151909  0.80928869639147583  0.81818534440103097
  0.82736626165257965  0.83670222365627334  0.84665515390244106  0.85602724460958657
  0.86603902756743323  0.87232874920423031  0.87793538383463054  0.88360668480611948
  0.88982829528678142  0.89677444433612730  0.90245066868150048  0.90847798601775298
  0.91503760873805728  0.92281032907058769  0.93104086585754720  0.94041111001223909
  0.94969058490617664  0.95963105186783582  0.97483824892187276  1.00000000000000000
 -0.00399640895603669  0.01982338729781614  0.04074694330005093  0.06044282546428464
  0.07384553626245632  0.08393330314465365  0.09276297258116306  0.10910179342912255
  0.13103431876700181  0.15463329812743984  0.17644520385781057  0.19437496434173307
  0.21385970429504342  0.22629677358459821  0.23792764892376964  0.25266411638978481
  0.26997594716914641  0.28426065428623060  0.29693955240682179  0.30725544534062027
  0.31701992801493223  0.32869543231985143  0.33932584907272129  0.34536749783684334
  0.35047232080102070  0.35551005275905434  0.36007629192331336  0.36466694655166709
  0.37073277823390755  0.37760880937317071  0.38637795903578620  0.39798730209764582
  0.40627176887091609  0.41235857013125377  0.41848418115144492  0.42670753866972533
  0.43704863880206463  0.45060959776491694  0.46337390343566615  0.47439801279066185
  0.48322139651753032  0.49172123645989224  0.50137391956947763  0.51105158289124475
  0.52092676286535766  0.53291955857731499  0.54429609015077363  0.55506851316251737
  0.56618196262770060  0.57758442822688227  0.58939230786751540  0.60068774668438618
  0.60992077618676666  0.61885754895067568  0.62776837436317490  0.63653885886841777
  0.64595581692853887  0.65579689973763722  0.66793312863607113  0.68234651186909079
  0.69434810287181570  0.70421520995289000  0.71352394559127341  0.72439899082223558
  0.73894719616114324  0.75185737476671588  0.76127829971670802  0.77069275327964104
  0.78025892393441321  0.78822612458975916  0.79450430642692449  0.79860232709109147
  0.80290127802869093  0.80751666411463197  0.81262612675447632  0.81810572701068240
  0.82359991720217407  0.82920180407441324  0.83793954903299206  0.84648107934380068
  0.85254414776994136  0.85797437466285265  0.86342451523854602  0.86980864253425705
  0.87865768277666434  0.89194131487217432  0.90475904556209441  0.91469373379365326
  0.92393110586627969  0.93232216314751004  0.94305678724983510  0.95531140672678394
  0.96664161874792986  0.97856554563134757  0.98885116705599363  1.00000000000000000
 -0.00491477019203516  0.01671326407274980  0.02904565541207830  0.03852784650326407
  0.04696042709613774  0.05548049538390461  0.06328694945927389  0.06865167049914087
  0.07752821718126421  0.08724240863268647  0.09492343386854676  0.10282500899573606
  0.11216505808093820  0.12437166042120304  0.13689423217917485  0.14802945133432727
  0.16094414563886242  0.17329586528195182  0.18508676203698435  0.19849949363225161
  0.20827266661829025  0.21747703495156867  0.23077065420818438  0.24479747914986014
  0.25766834258055499  0.26987793225512463  0.28178659775180187  0.29317938470651272
  0.30147000789345890  0.31016647011013376  0.31905616619040883  0.32629916694687333
  0.33415495595545469  0.34343293746568282  0.35425254304860915  0.36183012888453359
  0.36877867945419657  0.37563402115268640  0.38404463439428010  0.39381806601967106
  0.40416734439638080  0.41359372721563059  0.42517542936402114  0.43689430036702909
  0.44776201150568762  0.45698897149042739  0.46628677359118342  0.47508409647041638
  0.48430513877522458  0.49716693585856198  0.50883801139954077  0.52611202067800000
  0.54023646853023721  0.55249707807888493  0.55989457863928871  0.56558338928890539
  0.57041977503364816  0.57526816506128531  0.58223491113100245  0.59167069204962930
  0.60025921762823486  0.61313269514336222  0.63011155666826957  0.64961349021260761
  0.67024912400106873  0.69004816492082421  0.70401644284531972  0.71911247316554228
  0.73329024763971007  0.75031137759938205  0.76905849638093648  0.78567631575008046
  0.79994975737349727  0.81216404007186282  0.82309440180067606  0.83516473901781818
  0.84719143870699687  0.85717178063765964  0.86512329529343612  0.87177914909596543
  0.87802012155173825  0.88550421834235649  0.89354025677428650  0.90001301212631935
  0.90547005729866770  0.91182967143366811  0.91722710253447937  0.92714749340991387
  0.94016978176840349  0.95059813198872944  0.95686350786041796  0.96411374598094157
  0.97294452936066811  0.98270927036210776  0.99181040099364315  1.00000000000000000
 -0.00142516304407923  0.00425442434099584  0.01103929806947026  0.01778867505703940
  0.02445469362231981  0.02888985763869337  0.03213059200126356  0.03674869196746465
  0.04104785803515813  0.04495929967964545  0.04862148886241835  0.05274868029123325
  0.06025165894919652  0.06868180014813359  0.07720485588861875  0.08570416058994630
  0.09481081036792469  0.10420975137656693  0.11355422227947050  0.12290888101161422
  0.13289084897157316  0.14359161538860268  0.15485984325191871  0.16548426516690504
  0.17486896302283225  0.18308045754588584  0.19051697560097960  0.19814814831994082
  0.20656618644256700  0.22142235497841245  0.23671312783571691  0.25515407158771281
  0.27067370395243007  0.28078369804449027  0.28831673753910653  0.29586302368675849
  0.30358216163039337  0.31202048790732789  0.31940264752817044  0.32615955008927389
  0.33322230442313577  0.34215672744111397  0.35012211602994048  0.35739709935473096
  0.36423627248033363  0.37240113540287118  0.37997273270269860  0.38787767373629145
  0.39674776114205984  0.40756014231700677  0.42490052292137254  0.44407481730736814
  0.46129843499347789  0.47701214051583501  0.49297541331937045  0.50787883681360546
  0.51869217099056286  0.52617666063010760  0.52900232451976292  0.53227693645757834
  0.53861995782381189  0.54634334828623132  0.55362130175466184  0.56220406951659141
  0.57049162512895912  0.57909840633809095  0.58719588762706076  0.59521943283100931
  0.60493994010571339  0.61668946245288503  0.63104758980545328  0.64761340295269232
  0.65693285754722175  0.66301680003118657  0.66920756512694224  0.67660255019861759
  0.68375255002879087  0.68927823617754369  0.69840937479313903  0.71066897106790394
  0.72524227484082904  0.74193105103572199  0.75920618337981349  0.77699073905927651
  0.79667022288580014  0.81364781173881096  0.82411590406914026  0.83292192576666602
  0.84299569688333176  0.85257606161383570  0.86469071504881845  0.88399051046652166
  0.91184263624045703  0.93895196270814252  0.96821326055666557  1.00000000000000000
 -0.00271808359974558  0.00974752946908255  0.02325682594414331  0.03411821748352444
  0.04281377897151479  0.05024922917232827  0.05879768716815638  0.06669760445549591
  0.07152087302706012  0.07637951600432179  0.08331977467378503  0.09187794639803745
  0.10102962720723829  0.10734353339552877  0.11701180402865757  0.12753870307569229
  0.13607468703232528  0.14294685237518315  0.15006346330113432  0.15934980488098160
  0.17134466101445478  0.18349274262790255  0.19408015503782328  0.20392390312895722
  0.21592948826527134  0.23023204129470787  0.24497304471608294  0.25935144831737084
  0.27392192122354975  0.28908209277883590  0.30600781637676427  0.31724795114146481
  0.32524372509920280  0.33549565789887570  0.34626366251758189  0.35809535918971247
  0.36593547811399035  0.37233365451477857  0.37912607977974400  0.38802564856616450
  0.40026013608040811  0.40907817015494902  0.41745304549879803  0.42529928229650316
  0.43338518360785794  0.44418087738488798  0.45095562420065993  0.45856997289258583
  0.46600383167644938  0.47505908183700452  0.48794792518970515  0.50350149719091952
  0.51444198461317747  0.52437045964147699  0.53529771839051432  0.54777620269522309
  0.56113683948647897  0.57441713025897467  0.58835583177527206  0.60176856160135361
  0.61474845049725058  0.62822847502594747  0.64123722152582030  0.65076857677743616
  0.66000362556200243  0.67011514445995179  0.68143282709977504  0.69431259807181733
  0.70801179544597415  0.72197302320257950  0.73558187061052049  0.75035149164917092
  0.76401948706995448  0.77690085839359591  0.78833079725870914  0.79926281267617627
  0.81037143335068507  0.82260472258807926  0.83477598001097864  0.84330816422230848
  0.85139673811398708  0.86147782781241389  0.87142389049852265  0.87801285115720340
  0.88487931032670619  0.89396138314641327  0.90554518521457927  0.92607985132776149
  0.94170670039092064  0.95174377038309521  0.96074970019247907  0.96926343341748622
  0.97686857231949109  0.98331025916171255  0.99001342518454782  1.00000000000000000
 -0.01568164381140600  0.07045229252239524  0.11314655913437723  0.15040935712145598
  0.18839881910606582  0.22037184129494961  0.24538950174950883  0.26957112726142218
  0.28954930247156008  0.30780635015667118  0.32186787686407237  0.33377068160880929
  0.34464579346171226  0.35263555079156950  0.35998081466809029  0.36650561384446528
  0.37513965366033875  0.38582982514171577  0.39601533216879342  0.40608901423257460
  0.41656629397844314  0.42716814315708840  0.43703698988549722  0.44559727452060388
  0.45510338635589859  0.46362995082852876  0.47154034406030287  0.47912209822337903
  0.48813332793457187  0.49878620669705015  0.50583648371595735  0.51327729192233429
  0.51913266715913531  0.52483957101218703  0.53049009104774614  0.53741512806978264
  0.54520907657503215  0.55226056310174521  0.55683821312062109  0.56070410236338442
  0.56411835839712476  0.56811152395506637  0.57378712376442309  0.57976000238096537
  0.58584305346007426  0.59390331757785653  0.60211264302220657  0.60942938596627594
  0.61563423555994090  0.62079407293269451  0.62605186313955763  0.63123763296440183
  0.63569810606716792  0.63981813552676381  0.64378155080414012  0.64746179815316951
  0.65140996831482612  0.65585649182905248  0.65985368659933274  0.66305598692136458
  0.66689937539804001  0.67216898951964088  0.67864775335222571  0.68660026314650924
  0.69586933896687553  0.70659178125883659  0.71809152814553445  0.72843309680067814
  0.73305677676742653  0.73697473593487151  0.74080314052386531  0.74545929229454133
  0.75139935819829373  0.75644073762506281  0.76278651204846193  0.77148036191957792
  0.78088911283228435  0.79037341017091800  0.79975341928107546  0.81193555768629355
  0.82357899822265401  0.83425631574699333  0.84512138675815374  0.85791050251199530
  0.87330100218246154  0.88977541211467082  0.90626457264458393  0.92012776292188159
  0.93045702089502869  0.93909757129718774  0.94571169428547164  0.95424068480533109
  0.96301214141907210  0.97338075867466756  0.98591626777521035  1.00000000000000000
 -0.00373997242406420  0.01693507061643820  0.02700418026016626  0.03655404506034493
  0.04572247906274490  0.05505634843997349  0.06534186540001641  0.07863872747125593
  0.09263930461918181  0.10631170865899604  0.11990582929694281  0.12846943388623841
  0.13671599307404159  0.14402631058456569  0.15022585335526947  0.15546848865942897
  0.16174510433772937  0.16866044681021156  0.17998413439899602  0.19153134007708777
  0.20285560615505654  0.21167187770118817  0.21976732277048094  0.22764769316961542
  0.23702729069483425  0.24822907938572919  0.26020426913223887  0.27194442886808123
  0.28294098083841712  0.29304659057862026  0.30296932081819766  0.31490808169534440
  0.32956616590131294  0.34550072505870649  0.36077120567275128  0.37543217802226642
  0.38903071606770495  0.40039041007254417  0.41024327259814997  0.42183475169400914
  0.43393229696876062  0.44648520953978549  0.46025739520481751  0.47634381813299903
  0.49434914392497231  0.50932327881930928  0.52043229263957058  0.53197704893642428
  0.54607063718487270  0.55912263336468615  0.57035769068526909  0.58124318327674251
  0.59208262926769106  0.60419704821836073  0.61585912404172172  0.62688427683307846
  0.63788471028785010  0.64613928333343595  0.65437961757527907  0.66604948731819735
  0.67909378039897161  0.68807213725853733  0.69549239220366466  0.70314665310146895
  0.70660219336820984  0.71195728102930556  0.71793583352072865  0.72486018194323065
  0.72978357500514968  0.73638321983807564  0.74702307879742258  0.76083098672770455
  0.77399552981926700  0.78580300412212034  0.79674489186256414  0.81085154479817489
  0.82556723764265560  0.83918225088974285  0.84951235425516369  0.85875121705438184
  0.86851531118403669  0.88044741284985939  0.89246751186388273  0.90829983095124933
  0.92276244215908598  0.93428902733166741  0.94109549748043886  0.94664235749345793
  0.95210441288169900  0.95742429708748722  0.96155509291075403  0.96626447941876903
  0.97054363365756069  0.97687431594433149  0.98888106690376709  1.00000000000000000
 -0.00169044636013667  0.00278264279706277  0.00761931801165654  0.01338124496784073
  0.02288191525902960  0.03317907891340163  0.04373225845120242  0.05754913395962651
  0.07011014230611620  0.08275318359679490  0.09501667365932019  0.10288285672447428
  0.11025784101286160  0.11643325951684695  0.12185627383105649  0.12765620332276742
  0.13441075982166145  0.14120877049190203  0.14851604649598604  0.15589029872081828
  0.16312895234182206  0.17067064275377916  0.17929521228007445  0.19018651673725978
  0.20231069724466591  0.21494786660220375  0.22536517119326605  0.23389990836169244
  0.24174469348234723  0.24951451598805807  0.25805941907162805  0.26718553598327122
  0.27703075175426034  0.28613209831705649  0.29323812352606388  0.29959603061034418
  0.30298705417909350  0.30913691876819765  0.31666977939038771  0.32230384145157787
  0.32820477926343333  0.33375987533129570  0.34262315370888119  0.35582086804198249
  0.36887920013916320  0.37656732880414495  0.38242934592431460  0.38829132472860067
  0.39349030465696866  0.39891058619362457  0.40411131927477428  0.41013808796650669
  0.41863040510490229  0.42701692797432017  0.43627952954385424  0.44537573363354516
  0.45394634862203037  0.46099401097721882  0.46901493138975248  0.47703332828467865
  0.48363681461376384  0.49040268609300330  0.49932956271312090  0.51170141723034235
  0.52585079687418790  0.53822185709728187  0.54841115581870414  0.55802944015790701
  0.56820238098255260  0.57751084639129946  0.58503853257199623  0.59067897340553932
  0.59776462968727861  0.60732073018160004  0.61706072049385541  0.62631740416284531
  0.63554071592634942  0.64447689230999128  0.65326062650905903  0.66187636258725369
  0.67276272808276183  0.68865243651247265  0.70969369292461737  0.72984083763821483
  0.74559797336791067  0.76099962479983063  0.77296781602324771  0.78284312621523744
  0.79730345848694317  0.81647199325644104  0.83623922662587202  0.85681674390446938
  0.87876351788332285  0.90715873783086043  0.94781906753329548  1.00000000000000000
 -0.00607296978887248  0.02478375601786516  0.03987830182554324  0.04618235468698396
  0.05253803230237025  0.05908143847034757  0.06666485187477415  0.07467097308102255
  0.08299867831833961  0.09132659628176094  0.10158618650169231  0.11512078847840868
  0.12714364998886071  0.13771731864416539  0.14967877371733446  0.15893070245612653
  0.16491829533900104  0.17096392442241357  0.17563964030598686  0.18073699850709954
  0.18393867454007468  0.18737903619127730  0.19167303031384955  0.19710492664188059
  0.21208301253846054  0.22783714009516709  0.23721890556942221  0.24590974598675061
  0.25561506364785963  0.26976598481743058  0.28235315966492336  0.29525494329098356
  0.30881508253246648  0.32253474083146949  0.33802729140397980  0.35419614711299319
  0.36971122097151154  0.38489865159808612  0.40036428582226491  0.41059229647325773
  0.41970693758639616  0.42752404144377332  0.43389317573828573  0.43875459932264932
  0.44381795252397421  0.45120774693873306  0.46459727492818070  0.47801217507996846
  0.48974136094048237  0.50038902820538478  0.51018925798394676  0.51733202668284828
  0.52204721847844671  0.52658507201057547  0.53212046836141391  0.53984150070182313
  0.54794446296218779  0.55660598540071260  0.56578271115048784  0.57442282265028677
  0.58478480463219884  0.59729274595324078  0.61168256592720949  0.62724659605767974
  0.64235231756586786  0.65612718695388961  0.66665460199083171  0.67362282737228896
  0.68012912145734639  0.68830903365570051  0.69985570678285935  0.70989230119294788
  0.71724448266836327  0.72403066708982500  0.73113097074062650  0.73916733833044845
  0.74802081752283067  0.75889830381398360  0.77594518970711457  0.79026851393050657
  0.80343884742167793  0.81809008050416798  0.83354682704574878  0.84888526084718940
  0.86292388727772495  0.87579045732288352  0.88657669095256164  0.89609529335314098
  0.90514728800966759  0.91461106213616927  0.92590670593515578  0.94048546694339730
  0.95726942045072094  0.97341712755003351  0.98741957198604424  1.00000000000000000
 -0.00249368172923740  0.00850228032116718  0.02095567096646504  0.03131396868478883
  0.04658663321829752  0.06172867206267171  0.07637103534421687  0.09196665083188688
  0.10866243252532895  0.12382523197198442  0.13752556080903053  0.15084792125811106
  0.16310699502064324  0.17485718235909239  0.18777093302360170  0.19943219136477663
  0.20985077840476501  0.21959927906819651  0.22930566055638174  0.23866051355203674
  0.24745724634947272  0.25813973939518176  0.27262180983695367  0.29022022461437036
  0.30253213368694754  0.31197392302375604  0.32001732863342069  0.32785348158377686
  0.33661762034345999  0.34628733411150087  0.35408721783294839  0.36278446965903505
  0.37215553836492327  0.38260113057826972  0.39570463500403091  0.40893033611302532
  0.42231840640485430  0.43974392841274645  0.45226496266614374  0.46209623928367172
  0.47019613971421587  0.47787581917485267  0.48618020010035251  0.49621029430787039
  0.50643141354629917  0.51554861134180252  0.52285519204114705  0.53035341879289244
  0.53645457295820664  0.54901999023226711  0.56296896052064582  0.57478667242725812
  0.58789554781588826  0.60303594442680664  0.61821835154383220  0.63261926875197139
  0.64711457542080530  0.66011781421244675  0.67064004731738625  0.67838609129265526
  0.68486409710410645  0.69231671470419975  0.69854468923541646  0.70531270873670915
  0.71130268297121479  0.71750575206934475  0.72470309238892794  0.72934238023694808
  0.73205136973453222  0.73450837053704288  0.73937976661443794  0.74593448219025749
  0.75141933984499976  0.75581841880565603  0.76417681466087573  0.77382088721127040
  0.78254039001634956  0.79401725844537330  0.80484822071127882  0.81153218831224339
  0.81844480908880957  0.82541366254585502  0.83213365459003186  0.84109780676033807
  0.85118435982549157  0.86194181325844299  0.87057884842985556  0.87827039528854001
  0.88783808376365458  0.90134326663734121  0.92047454335143952  0.93952417287962775
  0.95408764656746137  0.96804861281907617  0.98237491219978612  1.00000000000000000
  0.25967229647175460  0.49801033440848042  0.52370128494637525  0.54090390426155621
  0.55762056074846778  0.56834409331215185  0.58323211184715451  0.60854739221412735
  0.62677644838227975  0.64201529436252580  0.66037190521516353  0.67569730906324876
  0.68864436968470533  0.69852921649148036  0.70714747367701813  0.71534293302045082
  0.72271757623380073  0.73062885554701029  0.74030052111780598  0.75191813084697445
  0.76224226759881841  0.77003815226780559  0.77637511954516525  0.78303658976108659
  0.78916142609544981  0.79473863316821458  0.80036944510675800  0.80626532352053792
  0.81312721801733689  0.81816388175308918  0.82206134518036467  0.82555159394996347
  0.82780262170663477  0.83003095304539842  0.83247560101694185  0.83487102590154627
  0.83763074389596293  0.84148868925490083  0.84545848303788484  0.84908587083930576
  0.85287963806393730  0.85698240696612504  0.86129296739946182  0.86644739105717439
  0.87045651270703439  0.87304252278106009  0.87604639424857056  0.87871835358223505
  0.88157039342537968  0.88477518238711494  0.88826911353066851  0.89186190127071041
  0.89613163070782509  0.89899873468355296  0.90132764628177198  0.90365702896719591
  0.90589089227533692  0.90823034557792992  0.91097664429285519  0.91375612785466209
  0.91682954531741045  0.92069392034024944  0.92489365866657047  0.92743739500290112
  0.92880503714455009  0.93031103778352120  0.93170076751986231  0.93305148947055272
  0.93447854608409486  0.93606735567866983  0.93755608070121477  0.93872464292522717
  0.94007115507503025  0.94170928325663394  0.94428723550697569  0.94647327914469626
  0.94861215380030750  0.95103823435344248  0.95373799005280924  0.95609315857860477
  0.95795427552260026  0.95956762610018687  0.96111169026329835  0.96263230902293373
  0.96455699577929099  0.96647361431665779  0.96836836228840573  0.97052012123603670
  0.97331958890336256  0.97637447921966392  0.97805585077251822  0.97998576575068352
  0.98272267930114787  0.98517195090932375  0.98894732507044603  1.00000000000000000
 -0.04126890049239777  0.18534095252208288  0.25124710575756865  0.28684080188457872
  0.30715526172584856  0.32005376042416339  0.32883548918349231  0.33550710079598423
  0.34383578646048091  0.35306621681437578  0.36224122572627077  0.37501948823796682
  0.38960709082943945  0.40461378156763217  0.41752451077185632  0.42751459154418725
  0.43773003871845917  0.44814487767302691  0.45692787178111299  0.46372757708788398
  0.47088164619218753  0.47975467738714078  0.48689357902851488  0.49269743977331909
  0.49862285098589954  0.50545342758892042  0.51093362360912653  0.51471868159990863
  0.51904585637230594  0.52369865589564701  0.52883998950170352  0.53541560649067221
  0.54112180132071264  0.54702439256638247  0.55361603997793352  0.55970468957536867
  0.56435490367578844  0.56802020547923016  0.57096190832141391  0.57380900458023454
  0.57654945557950410  0.57953939150445777  0.58328560149668685  0.58772979286082061
  0.59245498816020770  0.59788858257982680  0.60279222551510481  0.60689959829182882
  0.61112421190161992  0.61580455797361433  0.62016776131901108  0.62586304204411181
  0.63159133470292217  0.63689536060115437  0.64139739371958782  0.64412152150882929
  0.64623447185629057  0.64809564684692378  0.65004710827165180  0.65318664016633809
  0.65725084354682806  0.66114491272672549  0.66369287025639856  0.66635396925073931
  0.67098513408613503  0.67554653916535212  0.68139174556846860  0.68709183241411576
  0.69282159018837042  0.69849082977886601  0.70395125037941353  0.70828453291855631
  0.71291295866816196  0.71779366093050845  0.72264670585851554  0.72659839871542498
  0.72983789361565521  0.73258379567980536  0.73475279656396209  0.73780979631474752
  0.74324848184854841  0.74815459353641223  0.75289784515995239  0.75695247277220568
  0.76196215697569281  0.77051448215543217  0.78175592902299373  0.79315356655986646
  0.80418019026030851  0.81677482942038504  0.82746521259481376  0.83843527789684458
  0.85106050833574132  0.87227209204448453  0.90072787959791856  1.00000000000000000
   1.5915009500800764E-016  -1.0000000000000000     
 F F F F F F F F F F F F F F F F F F F F F F F F F F F F F F F F F F F F F F F F F F F F F F F F F F F F F F F F F F F F F F F F F F F F F F F F F F F F F F F F F F F F F F F F F F F F F F F F F F F F F F F F F F F F F F F F F F F F F F F F F F F F F F F F F F F F F F F F F F F F F F F F F F F F F F F F F F F F F F F F F F F F F F F F F F F F F F F F F F F F F F F F F F F F F F F F F F F F F F F F F F F F F F F F F F F F F F F F F F F F F F F F F F F F F F F F F F F F F F F F F F F F F F F F F F F F F F F F F F F F F F F F F F F F F F F F F F F F F F F F F F F F F F F F F F F F F F F F F F F F F F F F F F F F F F F F F F F F F F F F F F F F F F F F F F F F F F F F F F F F F F F F F F F F F F F F F F F F F F F F F F F F F F F F F F F F F F F F F F F F F F F F F F F F F F F F F F F F F F F F F F F F F F F F F F F F F F F F F F F F F F F F F F F F F F F F F F F F F F F F F F F F F F F F F F F F F F F F F F F F F F F F F F F F F F F F F F F F F F F F F F F F F F F F F F F F F F F F F F F F F F F F F F F F F F F F F F F F F F F F F F F F F F F F F F F F F F F F F F F F F F F F F F F F F F F F F F F F F F F F F F F F F F F F F F F F F F F F F F F F F F F F F F F F F F F F F F F F F F F F F F F F F F F F F F F F F F F F F F F F F F F F F F F F F F F F F F F F F F F F F F F F F F F F F F F F F F F F F F F F F F F F F F F F F F F F F F F F F F F F F F F F F F F F F F F F F F F F F F F F F F F F F F F F F F F F F F F F F F F F F F F F F F F F F F F F F F F F F F F F F F F F F F F F F F F F F F F F F F F F F F F F F F F F F F F F F F F F F F F F F F F F F F F F F F F F F F F F F F F F F F F F F F F F F F F F F F F F F F F F F F F F F F F F F F F F F F F F F F F F F F F F F F F F F F F F F F F F F F F F F F F F F F F F F F F F F F F F F F F F F F F F F F F F F F F F F F F F F F F F F F F F F F F F F F F F F F F F F F F F F F F F F F F F F F F F F F F F F F F F F F F F F F F F F F F F F F F F F F F F F F F F F F F F F F F F F F F F F F F F F F F F F F F F F F F F F F F F F F F F F F F F F F F F F F F F F F F F F F F F F F F F F F F F F F F F F F F F F F F F F F F F F F F F F F F F F F F F F F F F F F F F F F F F F F F F F F F F F F F F F F F F F F F F F F F F F F F F F F F F F F F F F F F F F F F F F F F F F F F F F F F F F F F F F F F F F F F F F F F F F F F F F F F F F F F F F F F F F F F F F F F F F F F F F F F F F F F F F F F F F F F F F F F F F F F F F F F F F F F F F F F F F F F F F F F F F F F F F F F F F F F F F F F F F F F F F F F F F F F F F F F F F F F F F F F F F F F F F F F F F F F F F F F F F F F F F F F F F F F F F F F F F F F F F F F F F F F F F F F F F F F F F F F F F F F F F F F F F F F F F F F F F F F F F F F F F F F F F F F F F F F F F F F F F F F F F F F F F F F F F F F F F F F F F F F F F F F F F F F F F F F F F F F F F F F F F F F F F F F F F F F F F F F F F F F F F F F F F F F F F F F F F F F F F F F F F F F F F F F F F F F F F F F F F F F F F F F F F F F F F F F F F F F F F F F F F F F F F F F F F F F F F F F F F F F F F F F F F F F F F F F F F F F F F F F F F F F F F F F F F F F F F F F F F F F F F F F F F F F F F F F F F F F F F F F F F F F F F F F F F F F F F F F F F F F F F F F F F F F F F F F F F F F F F F F F F F F F F F F F F F F F F F F F F F F F F F F F F F F F F F F F F F F F F F F F F F F F F F F F F F F F F F F F F F F F F F F F F F F F F F F F F F F F F F F F F F F F F F F F F F F F F F F F F F F F F F F F F F F F F F F F F F F F F F F F F F F F F F F F F F F F F F F F F F F F F F F F F F F F F F F F F F F F F F F F F F F F F F F F F F F F F F F F F F F F F F F F F F F F F F F F F F F F F F F F F F F F F F F F F F F F F F F F F F F F F F F F F F F F F F F F F F F F F F F F F F F F F F F F F F F F F F F F F F F F F F F F F F F F F F F F F F F F F F F F F F F F F F F F F F F F F F F F F F F F F F F F F F F F F F F F F F F F F F F F F F F F F F F F F F F F F F F F F F F F F F F F F F F F F F F F F F F F F F F F F F F F F F F F F F F F F F F F F F F F F F F F F F F F F F F F F F F F F F F F F F F F F F F F F F F F F F F F F F F F F F F F F F F F F F F F F F F F F F F F F F F F F F F F F F F F F F F F
  <DiscreteSampler_grid>
  grouped_processes
  1 # 1 for a reference and 2 for a running grid.
  10 # Attribute 'min_bin_probing_points' of the grid.
  1 # Attribute 'grid_mode' of the grid. 1=='default',2=='initialization'
  0.0000000000000000 # Attribute 'small_contrib_threshold' of the grid.
  0.5000000000000000 # Attribute 'damping_power' of the grid.
 # binID   n_entries weight   weight_sqr   abs_weight
    61   10   2.783874797784846E-014   3.986686538807308E-027   2.783874797784846E-014
    62   10   2.783874797784587E-014   3.986686538806716E-027   2.783874797784587E-014
    64   10   5.567749595569692E-014   1.594674615522923E-026   5.567749595569692E-014
    65   10   5.567749595569175E-014   1.594674615522686E-026   5.567749595569175E-014
    67   10   4.963877641727704E-013   1.319853588552694E-024   4.963877641727704E-013
    68   10   4.963877641727428E-013   1.319853588552546E-024   4.963877641727428E-013
    70   10   9.927755283455409E-013   5.279414354210774E-024   9.927755283455409E-013
    71   10   9.927755283454855E-013   5.279414354210185E-024   9.927755283454855E-013
    106   10   2.783874797784828E-014   3.986686538807246E-027   2.783874797784828E-014
    107   10   2.783874797784617E-014   3.986686538806761E-027   2.783874797784617E-014
    109   10   5.567749595569656E-014   1.594674615522898E-026   5.567749595569656E-014
    110   10   5.567749595569234E-014   1.594674615522705E-026   5.567749595569234E-014
    112   10   4.963877641727660E-013   1.319853588552667E-024   4.963877641727660E-013
    113   10   4.963877641727429E-013   1.319853588552546E-024   4.963877641727429E-013
    115   10   9.927755283455320E-013   5.279414354210670E-024   9.927755283455320E-013
    116   10   9.927755283454857E-013   5.279414354210183E-024   9.927755283454857E-013
  </DiscreteSampler_grid>
