  0.00005403631091448  0.00005424772702323  0.00005456071755049  0.00005481046250580
  0.00005502268163355  0.00005523229935879  0.00005545578354348  0.00005569616965903
  0.00005600975342877  0.00005639609507163  0.00005663591641705  0.00005679297286929
  0.00005699759336273  0.00005725173372030  0.00005753243961667  0.00005789466059585
  0.00005832548444205  0.00005878248078121  0.00005919427515699  0.00005959437233195
  0.00006004387333272  0.00006055651087789  0.00006110049109984  0.00006165596901315
  0.00006225961005482  0.00006289933174430  0.00006347838507664  0.00006397551535588
  0.00006443810254318  0.00006480588119106  0.00006512619912814  0.00006540778602766
  0.00006561440044394  0.00006595317716615  0.00006637701565211  0.00006684711841347
  0.00006716710299216  0.00006743449425028  0.00006773121448814  0.00006810286875212
  0.00006865412642974  0.00006978956780206  0.00007123098314895  0.00007208191203082
  0.00007261295472972  0.00007315179873429  0.00007391851955111  0.00007487705520969
  0.00007567308699561  0.00007664650152719  0.00007784316272779  0.00007896261091394
  0.00008022511102341  0.00008086019215827  0.00008144516530004  0.00008200903996400
  0.00008255466045178  0.00008322621220804  0.00008442498923995  0.00008592906548960
  0.00008751623895569  0.00008943127271375  0.00009165758757954  0.00009324068508516
  0.00009535135396355  0.00009925991200470  0.00010354193830375  0.00010600189907857
  0.00010902192486068  0.00011686733628211  0.00013010906964094  0.00014169782524252
  0.00015517715563348  0.00017194591398816  0.00019743781032983  0.00022522355441177
  0.00024157685914082  0.00025896728700436  0.00027898695969967  0.00029035091316248
  0.00030171486662530  0.00031307882008811  0.00032444277355093  0.00033580672701374
  0.00034717068047655  0.01800708037368259  0.05941503114669966  0.10082298191971678
  0.14223093269273385  0.18363888346575094  0.22504683423876801  0.26645478501178510
  0.30786273578480217  0.34927068655781923  0.39015237025663568  1.00000000000000000
  0.00860766590882268  0.02052561113787138  0.03576213952319056  0.05268107443691759
  0.06803459610607895  0.08978607002863057  0.11259279989787797  0.12482275854024082
  0.13681662252717483  0.14778671246440789  0.15878668827540943  0.17028541456072135
  0.18178414084603331  0.20282456066974097  0.21833890130231517  0.23123336009334650
  0.24485779579250744  0.25572793266654170  0.26355523862067581  0.27280096749781008
  0.28362346909888447  0.30035851654651513  0.32022210784351018  0.34028743338066442
  0.35878067601338437  0.37445085108607901  0.38765117664490417  0.39866979492629723
  0.41111440340741257  0.42801057208174192  0.44580492985063891  0.45991066934921948
  0.46940763503544963  0.48071142111888948  0.49834730251391424  0.51251161117684407
  0.52281591791292970  0.53095457251394085  0.53754814303406007  0.54460011465705527
  0.55104767883678452  0.55680323217410077  0.56129262222013254  0.56896347402668979
  0.57773357262702862  0.58671642292817228  0.59543189553453191  0.60081809056993640
  0.60507348567535124  0.60989182893052274  0.61454177112562591  0.61872371659514258
  0.62730041333706743  0.63480831042303065  0.64199808294968685  0.64918725028298774
  0.65789785438366566  0.66819243335630596  0.67611757410641204  0.68254363093100834
  0.68810659964600973  0.69311746862424106  0.69941715784061897  0.70653202217033972
  0.71235641072722533  0.72054364217209210  0.72875637744418997  0.74009100507155945
  0.74823294414876451  0.75307608858812991  0.75669098682726743  0.76234971237732985
  0.76711514902653033  0.77297861607236606  0.78506933783873301  0.79853977881136984
  0.81267631235889537  0.82678495092686721  0.84194416819564799  0.86508387832168521
  0.88120681025769321  0.89318795840307141  0.90234251781337427  0.91140341535600444
  0.91561685389553804  0.91923957460348760  0.92241878039764091  0.92567721174818185
  0.92902721597896931  0.93603121410446422  0.94461104389210981  0.95518371044754946
  0.96578207360849988  0.97689078932018880  0.98872998924218936  1.00000000000000000
  0.00028120397051889  0.00029353099104904  0.00029997052460125  0.00030413705832765
  0.00030727095104994  0.00031002449972159  0.00031232900235074  0.00031434169617038
  0.00031628096926849  0.00031800531905600  0.00032009084910335  0.00032221376134143
  0.00032524326383330  0.00032848194388529  0.00033122584384490  0.00033388681951839
  0.00033689832512941  0.00034060655192517  0.00034378001453031  0.00034543625452393
  0.00034618150485965  0.00034692675519536  0.00034780679194997  0.00034870935279370
  0.00034971151915588  0.00035087327678540  0.00035205060587778  0.00035351342450602
  0.00035489682873922  0.00035618933790578  0.00035715573099311  0.00035870113109502
  0.00036065116054890  0.00036222170543913  0.00036366558893045  0.00036531701183293
  0.00036735566118648  0.00036958698817648  0.00037244578701589  0.00037644783946712
  0.00038100238696088  0.00038555344262671  0.00038878038043812  0.00039165715870338
  0.00039466235363420  0.00039754574472467  0.00039992660283014  0.00040211307639669
  0.00040485505910378  0.00040774847391529  0.00041074119863021  0.00041457842767322
  0.00041857858827748  0.00042273786997781  0.00042882064496893  0.00043535915002546
  0.00044060549758441  0.00044457891715178  0.00044892164122175  0.00045570440037280
  0.00046273411302629  0.00046869844416641  0.00047416942975618  0.00047940507216204
  0.00048473342756850  0.00049006854073054  0.00049502053832024  0.00050051238803474
  0.00050439310751057  0.00050947132481148  0.00051788224280855  0.00052552580447459
  0.00053355144444245  0.00054503127940922  0.00055973065153633  0.00057657215680643
  0.00059382592877562  0.00061384455321026  0.00062980112721835  0.00065492571525870
  0.00068746801026830  0.00072908246031662  0.00076620231263943  0.00080056115173669
  0.00083528104893135  0.00088402494519274  0.00093218166013327  0.00100449481276349
  0.00107972848360768  0.00119988546984908  0.00146906155098598  0.00164164753956881
  0.00177176012993345  0.00193597203212049  0.26622279892972150  1.00000000000000000
  0.00155057869530303  0.01364672859177205  0.02678878906149714  0.04132686475373389
  0.05781616776546557  0.07729074413912315  0.09917505705768641  0.12095822689975887
  0.13777630472545579  0.15421424212233842  0.16282270888309222  0.16979636724453104
  0.17540868122434947  0.18103046808008194  0.18701303684972129  0.19655577106304523
  0.21385792308375534  0.23054868430446804  0.24635224670191588  0.25692654890732758
  0.26605914178283324  0.27508995733039787  0.29073014040723227  0.30391624848710969
  0.31464945497848090  0.32531079193523305  0.33521769410791263  0.34541790907788494
  0.35691994216845152  0.37047573638251297  0.38363677256625850  0.40020798950573994
  0.41709349977949123  0.42970206721867454  0.43750161330826171  0.44352259582492459
  0.45031721711637096  0.45599148373368209  0.46847862433677001  0.48384155436349685
  0.49056034534761522  0.49463005373420293  0.49724562334832673  0.50174769518471107
  0.50852815757251912  0.51761323772493484  0.52889228791318821  0.54089335973034547
  0.55087051389639030  0.56114281506102959  0.57321438911016498  0.58215167264697698
  0.59142532380533597  0.60041637196268338  0.60717318308329216  0.61330353624114897
  0.61825903987835684  0.62510224391882863  0.63334112490523498  0.64357411759111804
  0.66352443114685289  0.68070121106060644  0.69321842415439350  0.69944152560109074
  0.70377795768748153  0.70775770480951850  0.71240212430543770  0.72027952952675878
  0.73203273221752507  0.74880770902645766  0.76742919384328157  0.78063159895435863
  0.79073926893961577  0.79988155445494036  0.80849757902202624  0.81586169458048807
  0.82415960373353792  0.83330117284557559  0.83965490509553486  0.84450791755430699
  0.84996645178021268  0.85429769733540795  0.85614206104037494  0.85908865827633019
  0.86414846490773356  0.86957556346061027  0.87636471185454790  0.88369153285052715
  0.89785859370610788  0.90962288565936145  0.92195018940846363  0.93634887897088781
  0.95263921906233917  0.96845004097313503  0.98351559181107528  1.00000000000000000
  0.00056099354495262  0.00058829373327169  0.00061226157695039  0.00063183392895404
  0.00064797442260756  0.00066327581871895  0.00068071179093108  0.00069722040422271
  0.00071182963500220  0.00072760003702927  0.00074584172146953  0.00075816071430980
  0.00076602596089875  0.00077534438637338  0.00078744171897331  0.00080476716764009
  0.00081943685513801  0.00083106672494027  0.00084178136343728  0.00085241404765416
  0.00086473225933181  0.00087544476204726  0.00088723072070037  0.00090037650485109
  0.00091244023195172  0.00092397620389086  0.00093332646363626  0.00094201675357670
  0.00094901598665631  0.00095619032512827  0.00096407552711983  0.00097164397116960
  0.00098194628496023  0.00099388163252114  0.00100880469466493  0.00104196713541044
  0.00107366350408136  0.00109900542544584  0.00112533156683465  0.00114705758459016
  0.00116332643533502  0.00117809017933485  0.00118826556439725  0.00119905671137425
  0.00121058635926354  0.00122104898370493  0.00124065102028912  0.00127671326720767
  0.00131547180416102  0.00135256122954268  0.00139171798592260  0.00143327900168597
  0.00146216249396068  0.00149052479368165  0.00152589672267045  0.00156823192265458
  0.00161560418685823  0.00164752690780774  0.00167866854226987  0.00173534717485795
  0.00179265444758239  0.00183767640794746  0.00188228263238545  0.00193528773644072
  0.00198305183313090  0.00202614292228539  0.00207257580960787  0.00214271571480540
  0.00221930590181902  0.00231004530803253  0.00240505543934456  0.00245568877275940
  0.00248716606923460  0.00251363320356913  0.00255112892497689  0.00259696598709293
  0.00268003978555542  0.00276405736344294  0.00282544422783277  0.00288684661594243
  0.00307980420051362  0.00337602271065885  0.00371248006237343  0.00398298810886228
  0.00435619021870212  0.00474856610859212  0.00529397500920246  0.00581666236505708
  0.00633934972091170  0.00691257001107314  0.00749484124976262  0.00819758466306177
  0.00895319210919278  0.01108368976505641  0.86091800652508976  1.00000000000000000
 -0.00212728469300849  0.03795632528019604  0.05053385583536261  0.05984120487380057
  0.06897649914946515  0.08227825273963850  0.09963458597457085  0.11965570372143070
  0.13753440662983066  0.15258845887132308  0.16533343410348678  0.17761898440921242
  0.18872746067537233  0.19967366984276544  0.21193058558684361  0.22090055513656701
  0.22607424442583302  0.23168871972142815  0.23757635188390008  0.24270728400164279
  0.24762865199484882  0.25616776971426852  0.26500904122397378  0.27634958524125780
  0.28996720202565862  0.30338192471830805  0.31543862800957839  0.32749533130084874
  0.33879631246309122  0.34925360611295236  0.35853550866249850  0.37059575646152221
  0.38480871078204726  0.40030854926737730  0.41283186819807222  0.42012707371721164
  0.42710128850667139  0.43471506209373473  0.44337367513957332  0.45307034292558229
  0.46492103014670155  0.47391592420079526  0.48235031828532904  0.49180266307915316
  0.50081197328882576  0.51053722600105367  0.51864831256594912  0.52380526744842681
  0.52931621258730321  0.53797756138628361  0.54374741623734490  0.54839056049716228
  0.55307380778760973  0.56066701096882310  0.57111205191912728  0.57847833396740533
  0.58294064416802316  0.59471929250568967  0.61078750679348437  0.62956076365482139
  0.64610578509641137  0.65696296114031183  0.66607572968928164  0.67453292577055390
  0.68425118214466718  0.70485583931239115  0.72508581914480241  0.73964216947011607
  0.75603462280938671  0.77343702997739316  0.78962474682214590  0.80275758745606551
  0.81298605253113665  0.82184411635401977  0.83123161061016548  0.83730335652567300
  0.84195630479448047  0.84527591241431399  0.84776507024929904  0.85163249021606180
  0.85505170863416124  0.85699786758302277  0.85986566720601987  0.86447350988141536
  0.87034716371593712  0.87670938487663630  0.88499761507126284  0.89712900206731061
  0.91275044002511929  0.93243500715298133  0.94813614792547940  0.95919534535325546
  0.96907070571788700  0.97849481238246228  0.98808681142672095  1.00000000000000000
 -0.00037292302023203  0.00237280526878880  0.00732487229625713  0.01268292653362539
  0.01645636963649696  0.02069155546895691  0.02638353717876599  0.03354869878805439
  0.04306118161077380  0.05204966967503428  0.06473472313394212  0.07544305025223930
  0.08673831857872809  0.09502814993422602  0.10217085053426350  0.10798967521105021
  0.11232546845482921  0.12049567619077520  0.12516636149544438  0.12942122973775638
  0.13370974242034947  0.14049636230255155  0.15064229164380236  0.15874255301512324
  0.16409038138679818  0.16837186268125176  0.17399465382374379  0.18486665095961372
  0.19391469692395957  0.20380458647477476  0.21425619316251290  0.22159618422154539
  0.22763039914317032  0.23460876643056572  0.24292371672647101  0.25091112620468037
  0.25716762959932171  0.26342413299396306  0.27359965528895608  0.29026924099723767
  0.30713536175130901  0.32215408175253762  0.33625133431661192  0.35313316970052994
  0.36875698962548858  0.38279926456607444  0.39408727202665417  0.40346646219764520
  0.41578578491058099  0.43055554745064201  0.44597414652151635  0.46057424066821417
  0.47260479362040136  0.48348418758811335  0.50245177991787626  0.52103142058386931
  0.53802845535690058  0.55425810869441583  0.57034537720710854  0.58569362383400214
  0.59438193429725017  0.60250180661158215  0.61008375820360361  0.61724695815900288
  0.62561878910786661  0.63302941356049691  0.64060665534931693  0.65299106752583547
  0.66858300760603928  0.67945653452315413  0.69008126835604466  0.70123974965561298
  0.71088298804136651  0.71713231070416839  0.72294706185846436  0.72884955925516592
  0.73264771563574382  0.73659466122995820  0.74156473560250979  0.75043463513870146
  0.75648516823527823  0.76244382716625703  0.76823241230925110  0.77423983339384828
  0.78099210550712772  0.78790631735797423  0.79903116024893817  0.81360785209923236
  0.83357469623817193  0.86091350054993465  0.89227094214111535  0.91384977435084347
  0.93401237548581872  0.95268349807498887  0.97517543880372470  1.00000000000000000
 -0.00555061444147967  0.01116206474777022  0.02731633490282337  0.04260777824405137
  0.06151928010757212  0.08021940683304339  0.09828949133788004  0.11043415526042964
  0.12126593224438062  0.13293623048966557  0.14430833536012230  0.15245429776178843
  0.16058405980554086  0.16722696911534779  0.17386987842515472  0.17866986897926423
  0.18300099419281540  0.19079004297602853  0.20276248592860888  0.21808424194029369
  0.22341753106757553  0.22785778570372373  0.23156456220745086  0.23604240307615154
  0.24135214566857477  0.24587632500540418  0.24843135637928376  0.25197104905901851
  0.26278693150152810  0.27688778797915053  0.28532943366231928  0.29631513080966754
  0.30771494577868852  0.32179162789943916  0.33554484046823785  0.34400729533628110
  0.35205720372653299  0.36081415668537514  0.37245800766148973  0.38585651245698604
  0.40034896712516582  0.40728671523517984  0.41216489691497876  0.41682477895890785
  0.42181772668445622  0.42801452286682490  0.43853032579729850  0.44915724560035653
  0.45908174782759936  0.47272786702175651  0.48802169294135833  0.50274471340425475
  0.51866694593392915  0.53279294562585777  0.54549730371523575  0.55593592114608592
  0.56516233035018137  0.57552007017885320  0.58694420570211336  0.59623679081078385
  0.60689723662966066  0.61535538289791403  0.62391946437416190  0.63432298079851512
  0.65182153376061303  0.67446491241815265  0.69157624950969210  0.70891242920153141
  0.72511677264397489  0.73993053982161905  0.75417484913326516  0.77000728180032629
  0.78813935148471725  0.80543352152371606  0.82855724111212492  0.84272465144201369
  0.85167907618598393  0.85992327160004356  0.86808013470348488  0.87600768221419278
  0.88288460126314028  0.89062284646003798  0.90050388662655911  0.91087526109355188
  0.91815343294346130  0.92265899437099763  0.92816113411081946  0.93356389180708776
  0.93808323911061831  0.94571692153817621  0.95878633524853285  0.96716004375696563
  0.97278108880140979  0.97826558946708042  0.98843539914149237  1.00000000000000000
 -0.00261715053291878  0.00744073024190521  0.01831330426923347  0.02853063870998137
  0.03843298577114143  0.05127540851674898  0.06934602408177598  0.08873596347541952
  0.11006346329948712  0.13357302616493164  0.15377943389266452  0.16807535112763583
  0.18402639242557314  0.20124638439808201  0.21796276731108261  0.22819226032261838
  0.23822736618037338  0.24484674237894771  0.24964462105539936  0.25398282347799611
  0.25678810189158324  0.25959338030517037  0.26340708175685912  0.26748085394110810
  0.27186168338040617  0.27654475731416961  0.28287482466359182  0.29721332753468688
  0.30889526156518293  0.31672883212988651  0.32507961867458912  0.33315228120583129
  0.33908291135579033  0.35232555692618767  0.37486548229200423  0.40086875699779007
  0.42228434761800776  0.43649715653149168  0.44930108172753463  0.45770752042708462
  0.46393131873688837  0.47077473406516562  0.48176592517583794  0.49529245453456899
  0.51091452968727535  0.52381189954385610  0.53469669428512367  0.54754949381578966
  0.56606593108328396  0.57857318263580293  0.58640141400282619  0.59155525784299889
  0.60140831536098727  0.60946583993629055  0.61981300915103887  0.62477265054962572
  0.62860414094864059  0.63570696993912290  0.64820359541705519  0.67178768288962321
  0.69156382165342511  0.70114532373621397  0.70652188307048591  0.71085038779918364
  0.71507014137553770  0.71858674955703739  0.72323220047642933  0.72981026284723893
  0.73836929005656737  0.74952179428458476  0.76513466141193598  0.78274954264306229
  0.79550374802048485  0.80707981625663139  0.81453244945845982  0.82116077022947920
  0.82461489619108308  0.82796414922148609  0.83322525926722191  0.83919958274670292
  0.84418932611560615  0.84762068129429857  0.85165856507889470  0.85681694353503268
  0.86416283300440422  0.87252459489255463  0.88217071910409206  0.89238024552616269
  0.90178277674538598  0.90851030714644154  0.91884296163649637  0.93061921193628017
  0.94435415511640119  0.96160551251816084  0.98171196826001250  1.00000000000000000
 -0.00216781151156441  0.00605644617836227  0.01658482464400682  0.02618610878216381
  0.03676517042346016  0.04916425677071750  0.06053579837029520  0.07464886414989402
  0.08903020590778679  0.10396927276171754  0.11742455587625428  0.12884593691865628
  0.13847655063025022  0.14902042436484966  0.16005750126761809  0.17068964874713596
  0.18339732387871877  0.19538719186454551  0.20233962758686919  0.20765488433230070
  0.21312183401554163  0.21825598294410936  0.22336815723062428  0.23663200150545394
  0.25057789386418433  0.26146441754900768  0.27001578218145850  0.27699458607193594
  0.28337999115839368  0.28967992068107634  0.29610902998022542  0.30502637780724362
  0.31513930374342930  0.32079106658244994  0.32892958694493291  0.33759437754652177
  0.34994666912306188  0.36632126150239341  0.38644935330113167  0.40459421477733065
  0.41765279596016386  0.43002296906329479  0.44248719022343630  0.45295906835966432
  0.46158714625316544  0.46979899570385036  0.48072164135583073  0.49472744508291377
  0.51245363886340101  0.52509588410286168  0.53272718136572306  0.54154983742394969
  0.55042988373401291  0.55902860884968797  0.56532235569763378  0.57071022447943209
  0.57385520773019127  0.57681038250621652  0.57925913911704008  0.58343290572829154
  0.58962376522097504  0.59929080733259088  0.61057883823426329  0.62043049076345258
  0.62880417637199282  0.63715237216114218  0.64540573103868371  0.65365908991622534
  0.66692045394098398  0.67874870898199124  0.69031551119074019  0.70298585728200524
  0.71500145340749555  0.72962140797497121  0.74871722399122143  0.75874092981448604
  0.76331972928306979  0.76894607923889757  0.77389258576712394  0.78472013118164130
  0.79572687009551391  0.80437275939392383  0.81275943302316545  0.82658259388974964
  0.84941254595947868  0.87253486362776589  0.89119972001717129  0.90987258523704617
  0.92973188993152667  0.94684896530693741  0.95669394710975142  0.96501005016828223
  0.97367674030268281  0.98223515223279412  0.99109688039418120  1.00000000000000000
 -0.00428344743008275  0.01166016403198247  0.02795066247837313  0.04395556202984526
  0.05998315128094264  0.07815829370299986  0.09874861552184837  0.12611325704190168
  0.14141356680480721  0.14990823889001961  0.15488172669480291  0.15903563836528792
  0.16335953497306521  0.16785396439201625  0.17589663318051738  0.18358722702372529
  0.19075260298742447  0.19820349867700018  0.20862899365713045  0.22068847527120972
  0.23550025708875699  0.24446544495754485  0.25565452666647570  0.26730081196667438
  0.28044844756840931  0.29514460741462956  0.30990739707604098  0.32357904326416570
  0.33421920736888711  0.34654071055801000  0.35649471598822852  0.36655073246258596
  0.37648876386980157  0.38424084730001246  0.39050453842643623  0.39629469659287114
  0.40233396689233886  0.40747529517762399  0.41336531755890071  0.42001448639869965
  0.42656230676781831  0.43435664040620520  0.44479791345167818  0.45272197461027830
  0.45792666094588352  0.46646888915832402  0.47587358447353439  0.48428578649969434
  0.49045989789392852  0.49629805650746800  0.50035309514054827  0.50430964370984654
  0.51411662507780054  0.53093182463196620  0.55488341960749821  0.57221977095113452
  0.58433143537537247  0.59739283883096750  0.61489521367993816  0.63078638594098291
  0.64507413350985143  0.66008337136215467  0.67668762870595045  0.69354746113062571
  0.70812987732747357  0.71896400414007844  0.72793542046241733  0.73728334396167083
  0.74588417596861123  0.75411831637320115  0.76112222524752116  0.76816520240291231
  0.77828920917144773  0.79252775242032347  0.80505525144007151  0.81840524409151738
  0.83459926061105505  0.84878043991628627  0.85905798447197901  0.86910754580090777
  0.87979183826405682  0.88772144424832455  0.89470429791921524  0.90378749384277235
  0.91231646653818443  0.92123230150013002  0.93214918746837339  0.94085858770556263
  0.94836006743841395  0.95776735099149035  0.96687479102817320  0.97316818470386679
  0.97868047255315171  0.98523133471643831  0.99261566735821938  1.00000000000000000
 -0.00250605960514058  0.01037190648264180  0.01962154967543915  0.02785083753740843
  0.03742083008215794  0.04756512994631172  0.05729935373601294  0.06771941863051510
  0.07473522663216797  0.08631753287377837  0.10335671317692820  0.12437175500008266
  0.14514190176394937  0.16163155028775913  0.17489911578011663  0.19589385274367013
  0.21738184309541114  0.22631564154965261  0.23197294800086224  0.23803304694388164
  0.24285071571314468  0.24825002325199139  0.26089574222496908  0.27198783102147756
  0.27994578609272991  0.28636294440510013  0.29272778787456277  0.29941605364815843
  0.30767083386563499  0.31899900429052830  0.32962730776318366  0.33848144929587709
  0.34543962099490083  0.35042336429425497  0.35770986345751032  0.36456577639864013
  0.37037780944028670  0.37965329494388950  0.39529889351752934  0.41759341184560661
  0.44521105922237675  0.46927045672960971  0.48398216393881655  0.49797051172236995
  0.50926592782465596  0.52056134392694187  0.52633277837884718  0.53168922136981556
  0.53933872509463443  0.54825279375225788  0.55840883159939692  0.56448296593623448
  0.57161044739141265  0.57741076774404354  0.58176359824585933  0.58775416133663239
  0.59333434867305623  0.60073844756573769  0.60963919958928858  0.61828332454288726
  0.62575715208790927  0.62961334158616533  0.63351932879199935  0.63744420321133888
  0.64190362764778863  0.64799648300123025  0.66098729622820207  0.67004418691628975
  0.67871919562435412  0.69264869219670910  0.70731338384718456  0.71615693221580579
  0.72184004247460654  0.72916061548948974  0.73788477267956953  0.74536899981167171
  0.75728000807639773  0.76763001088574578  0.78042042093287500  0.79414543768949308
  0.80764272322234609  0.82418652064447173  0.83629554951425877  0.84554670756706196
  0.85796383975629498  0.87278201702157177  0.88762409219856986  0.90017593774957794
  0.91189225470057322  0.92275451581347512  0.93362959943680945  0.94627920047940017
  0.96134227194208488  0.97517216937916418  0.98757156959067960  1.00000000000000000
 -0.00398215593921899  0.01504878528322017  0.03453744842434936  0.04594742413767656
  0.05509603499714131  0.06320607111997113  0.07237948232456251  0.08492045663544123
  0.10261740843133106  0.12150340418522340  0.13629395702215391  0.14731683690435513
  0.15646644004200735  0.16667672610166381  0.17765353288881230  0.19054294907811736
  0.20528605448297249  0.22183375748787570  0.23151520797320929  0.23756457818077581
  0.24349672882368364  0.24742493234724025  0.24932869038641348  0.25063461766307671
  0.25251983797632432  0.25821143040652439  0.26589029637840511  0.27586984650631990
  0.27925783088371620  0.28298285598678308  0.29076152354290086  0.30909813263667801
  0.32725893023502944  0.33493903393884994  0.34201511663141182  0.34711712944718992
  0.35213597048192158  0.35856109039185452  0.36510482780875753  0.37588612075284406
  0.38688534079803655  0.39451893630033219  0.40413973546707310  0.41377217775202840
  0.42367811303741620  0.43420743759094838  0.44515789806858075  0.45621943070993953
  0.46677684331564190  0.47899951564251814  0.49064636498476860  0.50154631283621864
  0.50957024833430875  0.51463048282852486  0.52000458727524856  0.52663101557127334
  0.53407849302602717  0.54301354034620331  0.55221734258083344  0.56015309926053469
  0.56718888453565164  0.57537878524305730  0.58538154828475453  0.59752316074299050
  0.60869526478893732  0.61799917206529698  0.62697115381740476  0.63625929402073322
  0.64713471816342383  0.66177465935849700  0.67649971144117838  0.68727959598539501
  0.69837629529928991  0.71856582901083610  0.73841150335196104  0.75313784438995290
  0.76469031878893690  0.77301977653167209  0.78153855449955456  0.79295439308481064
  0.80271695297312029  0.81383545290097437  0.82716227079289495  0.83552839517209998
  0.84065986797446535  0.84539682398942473  0.84978120406792546  0.85421612308060335
  0.85873740834405965  0.86368461811438257  0.87339628189521790  0.88493088501759598
  0.89891501943304519  0.91893519982615368  0.95266604675455824  1.00000000000000000
 -0.00288640419919928  0.01314449513160769  0.02473342319532374  0.03910368183741882
  0.05492348707835698  0.07238054225396212  0.08844008375132913  0.10205069269354233
  0.11626890796555331  0.12396988886229790  0.13110461686846364  0.13809764774904007
  0.14499665759856870  0.15107795602375318  0.15530874296896335  0.15970368226267811
  0.16927099323338124  0.17947149977454743  0.19126654316326641  0.20717982532137649
  0.22320010714336008  0.23434202090353543  0.23938086330663244  0.24366167548354506
  0.24776847749329101  0.25183018729648127  0.25960490703483452  0.26975663439751751
  0.27963990672408412  0.29331993819447222  0.31683452483865537  0.33350798623959083
  0.34039917628122190  0.34669310519836377  0.35741571845693371  0.36972155421290248
  0.38380676876627667  0.39157365548644169  0.39762896758370636  0.40697391473552669
  0.41482782683705038  0.41991156543486080  0.42216405404773732  0.42446353759226130
  0.42683602236931412  0.42957466067737576  0.43249696413811889  0.43799445525006842
  0.44340452264458513  0.44841748685179700  0.46305117053951622  0.49451600467466217
  0.51894757614215348  0.53448205341316180  0.54801389464269645  0.56292963373122773
  0.58338056956894646  0.60116597104061864  0.61749363892670528  0.63237642605478750
  0.64356762274273338  0.65455869667906319  0.66755110180187283  0.68113703982526586
  0.69593793596035958  0.70765988662462120  0.71893062736977076  0.72985933853076634
  0.73969196396444337  0.74874319352297425  0.75489077305427865  0.75982112161564919
  0.76729141608389262  0.77429600200404625  0.77896866842959733  0.78369463575397302
  0.78955170454446921  0.79623641285788616  0.80373727096323400  0.81393714148366103
  0.82522123405593750  0.84415828771892820  0.85827049891492813  0.86729988093340915
  0.87578399534133977  0.88342527469365628  0.89135298368192739  0.90230038436788251
  0.91580745646582118  0.93233103787648386  0.94738816195211939  0.96382389225318243
  0.97650360256829283  0.98598547649861279  0.99315695850671160  1.00000000000000000
 -0.00165149935858169  0.00709345982603558  0.01703154860804874  0.02936702120502221
  0.04380534523062594  0.05308721017063870  0.05907654506712316  0.06506637400830116
  0.07133550428094179  0.07579772639753624  0.08594884262015158  0.09901385910897126
  0.12433093192911480  0.14532186472138792  0.15987665541303997  0.17127114567514953
  0.18305459925553202  0.19484093980401906  0.20476754292653801  0.21777781743255720
  0.23072627498443557  0.24211152615876208  0.25584740247636517  0.27082727443788024
  0.28744527628412914  0.29990573318289465  0.31194266314489744  0.32332542989771240
  0.33300911750411705  0.34161162672273970  0.35039621044565389  0.36021756756419288
  0.37233836791458702  0.39062295721980872  0.40609999432763161  0.42046387994030016
  0.43291774033292885  0.44338989528078332  0.45132760101173824  0.46035766765082436
  0.47061236569912984  0.48185383738987214  0.49422298472305504  0.50392774199303680
  0.51159463121875015  0.52104488272891181  0.53212105669763266  0.53864985561509360
  0.54239467342177838  0.54754710327983169  0.55483263927852866  0.56307311126496884
  0.57143549287609974  0.57870940620080036  0.58854823141077406  0.60309882787809099
  0.61977633732066295  0.63643207918129918  0.64283734216221655  0.64804464562857833
  0.65169616315872769  0.65481919948183864  0.65783392334309509  0.66078590704974438
  0.66627153042737719  0.67565435462399581  0.68559539251056434  0.69389838199727238
  0.70148212913051267  0.70616656862958715  0.71023027415585949  0.71394429930259562
  0.71926431705301164  0.72519429776426825  0.72788956679633354  0.73062000401026594
  0.73392940140165619  0.73745311680913983  0.74117399641034598  0.75009235732378854
  0.76111816789394005  0.77330018621697005  0.78522633726051239  0.79804270297997759
  0.81049746493743458  0.82367582981225540  0.83562615332528078  0.84666512798910565
  0.85394673315635794  0.86222649743535384  0.87572852715439486  0.89114760402606796
  0.91025507463833488  0.93499239851806037  0.96453177657741718  1.00000000000000000
 -0.00294623001748267  0.01143729979634340  0.02038363857670583  0.02837598626238957
  0.03665491835826980  0.04364243780280991  0.05080467289789004  0.05902861840052142
  0.07042643959071432  0.08546464824136536  0.09873964218477246  0.11071286853299843
  0.12133049694048570  0.13184797098301207  0.13671779853438676  0.14033209350864276
  0.14407825375482966  0.14789499449308530  0.15174964801156632  0.15563607514304031
  0.16081859382192670  0.16773396580268587  0.17555217175431800  0.18309948582545460
  0.19208792249747442  0.20279323969396779  0.21198104638317333  0.22936108355348325
  0.24701864890155029  0.26640241808157539  0.28806025878037550  0.30649505911054564
  0.32077609216453495  0.33398411582007492  0.35022734868272354  0.37429750186698191
  0.39990608361599372  0.41810528508829264  0.43321526754773942  0.44662940404075741
  0.45868093838022483  0.47181294078171965  0.48359398651871616  0.50123383097311758
  0.52376843331368994  0.53817649017240243  0.54715632549756910  0.55373728641943309
  0.55793811540953298  0.56166876163564050  0.57428364133101628  0.58977003542875339
  0.59771477894328084  0.60927811787096464  0.62174258797848148  0.62957679340935291
  0.63347783899428622  0.63755599408390795  0.64205468209421845  0.64673517258307334
  0.65170417469060160  0.65905996772574926  0.67564595703538843  0.70018955318278941
  0.71470634431865387  0.72230937500355308  0.72704978047655944  0.73240661889828673
  0.74170762484570363  0.75309639528399541  0.76353868140900316  0.77055050317693274
  0.78115043252019556  0.79644725217101164  0.81364278078016883  0.82967944281294570
  0.84059279504500239  0.84944949169148753  0.85486834274280210  0.86072739757864780
  0.86805696543343602  0.87990979166763639  0.89285111512114212  0.90622626228720293
  0.91897951156100832  0.92988908244197088  0.93922168398654926  0.94422713976327965
  0.94705861660775870  0.95110588112915340  0.95630792466563053  0.96226514344585357
  0.97012490518483629  0.97549719289775849  0.98349088715759836  1.00000000000000000
 -0.00083132602359709  0.00327249810657909  0.00552066874289484  0.00844224473055303
  0.01242591285500085  0.01606348608731877  0.01917309440040291  0.02296533064870563
  0.02921295033482496  0.03760803754350104  0.04313785858870943  0.04740790017689917
  0.05167418404181202  0.05644695941062072  0.06214063641872530  0.07057571856703129
  0.08162251606282483  0.09218592354719421  0.10287525559824662  0.11345517005504452
  0.12316913098793358  0.13151846629426661  0.13888148207511261  0.14617004892999205
  0.15289045690167780  0.15836575142958056  0.16424148000815167  0.17016363861733136
  0.17668738995343841  0.18492545589274825  0.19499769777316706  0.19968350423900089
  0.20372113588820942  0.20817874188372154  0.21283671425800274  0.21917097229662441
  0.22737283199577524  0.23759280554591944  0.24746434918052054  0.25534334535980308
  0.26351560630009502  0.27249141945784627  0.28566998514429914  0.30365214228233584
  0.31644172688965244  0.32759889479241300  0.34307085729960668  0.35090709415263371
  0.35518113310623362  0.35845760343048066  0.36195971706415375  0.36791931277601658
  0.37600279748534943  0.38652853837363954  0.39650311923552112  0.40566843487935556
  0.41599363198559702  0.42930329162480840  0.44456364646506574  0.45980784935250874
  0.47534319129411456  0.49211025113584034  0.50884830161307304  0.52588844727253503
  0.54747744437409296  0.56487877407983333  0.57479556521866637  0.58264380289867923
  0.59100628838939928  0.60016460570136210  0.61934296992932492  0.62595611656878047
  0.63244602456530874  0.63734702525360798  0.64168887711094946  0.64626606049307644
  0.65128899719405320  0.65631193389502995  0.67440783500848334  0.69493779069400308
  0.70126110291595078  0.70620175563636500  0.71107754803047118  0.71661809893948558
  0.72303510792266668  0.73129222733939891  0.74151248819747462  0.75192628899298997
  0.76243569248689091  0.77814074212088924  0.79829228015107834  0.83243590970960257
  0.86893998785058302  0.90566411045890249  0.94230521671300460  1.00000000000000000
 -0.00551998487779678  0.01333799169119560  0.03064846110317586  0.04709095319483064
  0.06698029528567841  0.08598358747035267  0.10204294332716782  0.10824423182134012
  0.11428089502304284  0.12028845892023375  0.12408075207434562  0.12918293732824623
  0.13260119874287030  0.13534114571048492  0.13802972600208321  0.14139677101704057
  0.14558613015924318  0.15417824377679398  0.16399188351744218  0.17646287599731000
  0.18868935741372075  0.20064903128554687  0.21664571332257401  0.22783095388924432
  0.23795475156527673  0.24956364463086170  0.26383601355852310  0.27483401895379916
  0.28661319000469543  0.30214130112547771  0.31968161643741977  0.33981476636274888
  0.36320485011513287  0.38290081333114806  0.40754694398741081  0.43986843055321007
  0.45111223079218488  0.45830993490353106  0.46469021638450475  0.47082498770886655
  0.47644612642566619  0.48178323752876834  0.48934926415127800  0.49995614052902049
  0.51326485327949078  0.52847767096798948  0.54105694986862285  0.55582119757674631
  0.57184116705061205  0.58321109359569201  0.59161144696641521  0.60034571884721455
  0.61272563943943970  0.61607987871437941  0.61943411798931913  0.62195492904427563
  0.62429901868307336  0.62660757924050459  0.62888988045078087  0.63271132679819009
  0.64106648789734177  0.65341779009042444  0.67223591127420701  0.69557564972407926
  0.71669696290387885  0.73442756669196241  0.75018108857378052  0.76517065157918174
  0.77446659111929883  0.78037450530783825  0.78766312013072470  0.79558786302097362
  0.80423218273771235  0.81355334148557379  0.82171836991373393  0.83301263213440468
  0.84707045437546191  0.86387717843746969  0.87537484672841936  0.87954398899095865
  0.88549930397522947  0.88983086822939561  0.89646013503122890  0.90400212349986864
  0.91099220505128542  0.91949951462473734  0.92913606731390752  0.93836262750419752
  0.94808870797633837  0.95523868183684424  0.96041378296727431  0.96467868080491770
  0.96845894324062543  0.97528516349350625  0.98513853917435568  1.00000000000000000
 -0.02375398623766408  0.12940251213538018  0.15899506382962578  0.18462114735848545
  0.20478122120834083  0.22673720163972461  0.24713256988326709  0.26318893017333039
  0.28168663541959760  0.29632423737951835  0.30768490963389167  0.31743670813610186
  0.32712123931007864  0.33640631402417237  0.34610695413407949  0.35394966955035256
  0.36316756785179560  0.37124304520475665  0.37895455193437882  0.38696031534138614
  0.39469872568639458  0.40257741712783174  0.40852488096628414  0.41403249180371904
  0.41974225869752946  0.42545202559133993  0.42936214392612226  0.43273458849935575
  0.43547344782389064  0.43761066215112987  0.44048736738497257  0.44353263292580125
  0.44679785329782906  0.44916697538363148  0.45191777858989296  0.45460827319590491
  0.45771631616734265  0.46201751852730549  0.46693714282749055  0.47283836839622462
  0.47973877526788211  0.48817678542103343  0.49451194997671377  0.50239322866790748
  0.51103260310571286  0.51802380242300494  0.52364989388438532  0.52850329172538435
  0.53321627262155991  0.53646535081289193  0.53874568777032272  0.54128445005973613
  0.54432014795218897  0.54739280563941106  0.55113518222716584  0.55487755881492051
  0.56089952474517402  0.56693643312110376  0.57241475614943604  0.57804996241118090
  0.58341368079192035  0.58703035342800314  0.58962013325238716  0.59279433863235909
  0.59711692161910124  0.60270591055191225  0.61108630461090874  0.62020090589505117
  0.62792827955694075  0.63407125583355572  0.63909999614220303  0.64450283823535437
  0.65110104710225580  0.65721939739323187  0.66362081701699138  0.66821065639711119
  0.67161197037910692  0.67467469568035088  0.67976388300114243  0.68563045919467602
  0.69069615703935339  0.69578680299034912  0.69975318696736544  0.70369348240075846
  0.70965744077265225  0.71781874528062284  0.72870141564345903  0.73632845871576935
  0.74193263147312205  0.74893210244446817  0.75636512317481930  0.76370418306739818
  0.77676213775355718  0.81655463587525823  0.87153963447266813  1.00000000000000000
 -0.00541491716996463  0.02067813055168573  0.04103265632974823  0.05589035307405540
  0.06640415902750144  0.07277669628675734  0.07761718164535349  0.08383089153778520
  0.09214569395375471  0.10035366769404006  0.10736561182209287  0.11259702479479440
  0.11726136720062444  0.12605554664555738  0.13544737456147646  0.14417082673690615
  0.15518017492554012  0.17059465598221074  0.18873766617397700  0.20913213615783022
  0.23220822899053301  0.25943850903377930  0.28102247554193593  0.29974520854780579
  0.31429383925666554  0.32041679538270323  0.32653975150874093  0.33177501678680454
  0.33688904911384820  0.34211108403126211  0.34794890634054171  0.35378672864982136
  0.36112580413564038  0.37052393481687484  0.38602734438916908  0.40479766759049796
  0.41961626119330669  0.42675206620104084  0.43329617246428948  0.43914187339111987
  0.44575702692566516  0.45491481583518972  0.46458341027958472  0.48329897825523366
  0.49759995771247256  0.50715043655961023  0.52109509823798339  0.53631699461718063
  0.55328645234077078  0.56657439734535275  0.56915075214784350  0.57499036125831793
  0.58186267166578332  0.59048304031071119  0.59914095334365791  0.60657908308733588
  0.61244546408788703  0.61826702426089108  0.62596071251481833  0.63477719378809871
  0.64284230545690557  0.65260105887181463  0.66120623091579300  0.67096558529225536
  0.68217066036691920  0.69178954191391151  0.70336995677008274  0.72031711109835983
  0.74214031182314721  0.76067683951953735  0.77792366562859561  0.79279350813387051
  0.80850662884626578  0.82426737543383222  0.83018833211010135  0.83370716382041998
  0.83788397253202240  0.84189715622120564  0.84946986261304402  0.86622049135840873
  0.87773280085411542  0.88393985968834843  0.89380698509971102  0.90592307382242188
  0.91564545727580282  0.92546740505426284  0.93021837966476628  0.93426900359802501
  0.94287262792812776  0.95002104819007760  0.95685760977967349  0.96596447807610242
  0.97538385767038316  0.98618459426997429  0.99410268071593566  1.00000000000000000
  0.31974001136037800  0.54521569806454695  0.61759561033005639  0.67058822005599461
  0.70523956374971919  0.74163387277955528  0.76919369728969345  0.79057341644197154
  0.80435689483084460  0.81223947163730015  0.81906297925826554  0.82709292637688758
  0.83724692112198940  0.84545340138832104  0.85188671398797899  0.86017861987137589
  0.86382933726022482  0.86623783123359144  0.86860433791837832  0.87067208739718027
  0.87306555247753403  0.87684740402853667  0.88155589259251688  0.88381053881414773
  0.88565272107961901  0.88729320412011536  0.88989809071101444  0.89116236687183881
  0.89225532570203958  0.89329500185996769  0.89447767545719681  0.89569220512949421
  0.89684461660782944  0.89892396992139056  0.90154693380846573  0.90516014774239606
  0.90782443975740212  0.90960892950486838  0.91032432851554812  0.91118336684204304
  0.91239465318590585  0.91382499555510888  0.91548574930456617  0.91910041187866542
  0.92265402544923114  0.92511207980354948  0.92706326068674727  0.92889933392451551
  0.93028604523946923  0.93127916746461226  0.93229703955359067  0.93369467284588747
  0.93586487009769903  0.93809294156656675  0.94040854844726263  0.94272388850271238
  0.94508577156517792  0.94729979068672121  0.94924224046445338  0.95074864867069586
  0.95203235468569802  0.95310665203351275  0.95404171390966153  0.95519138958333472
  0.95664507763274709  0.95808913434711562  0.95995399032338213  0.96114368224359004
  0.96179482937567440  0.96212107551001436  0.96245736435305218  0.96281741505241303
  0.96317831910777540  0.96354217821302124  0.96400315880983334  0.96494532326451821
  0.96579246961458853  0.96684544390918437  0.96812972251849461  0.96928351635273635
  0.97079316347707023  0.97235719408554144  0.97376883489104626  0.97486551923478026
  0.97587119414608314  0.97706411637926205  0.97824091794636647  0.97918956631456167
  0.98013821468275686  0.98126117747380093  0.98241496941981776  0.98431516969639010
  0.98639838042191574  0.98878097917381780  0.99255434037596424  1.00000000000000000
 -0.03079764625656002  0.16805551907882266  0.23124592712744940  0.27989550967936355
  0.30896378253924323  0.32360442068044526  0.33436009229854718  0.34312102758755236
  0.35266732230214914  0.36361403537641090  0.37554168441374985  0.38418848954039592
  0.38928585350588479  0.39297204846614642  0.39687688644345032  0.40646759084839751
  0.41378768479957251  0.41880520991013948  0.42383429279956863  0.42886180874063229
  0.43545660279635012  0.44263597404879090  0.44888605555119654  0.45513297945645975
  0.46123861896918550  0.46740290259102080  0.47304047170392799  0.48370762273410889
  0.48943789013833161  0.49487477544805231  0.49958167618406452  0.50425850645218562
  0.50812442807827785  0.51201126040127143  0.51696290194539951  0.52337839684738852
  0.53103795307340818  0.53909087674368683  0.54714465721220207  0.55596669200331295
  0.56185058933057375  0.56621183985202661  0.56973843798686619  0.57321524354335529
  0.57672035878819172  0.58051750228462906  0.58513751535024905  0.58952189706123193
  0.59338484106289835  0.59688041135000791  0.59970951761574043  0.60334237679191938
  0.60585649737788794  0.60788546300523849  0.60989560584659630  0.61430781888283548
  0.61947521326999955  0.62287336619928402  0.62529241518994716  0.62793081893350755
  0.63056922267706783  0.63400626656543790  0.63757790122022451  0.64159832847793163
  0.64596478899648624  0.65212327447981500  0.66170280592330633  0.66991518148630202
  0.67437914958438527  0.67831460752744910  0.68278392951653388  0.68654614455684437
  0.68921150098884776  0.69187161421325616  0.69567146407946967  0.70292424801027742
  0.70944015049365350  0.71700117655285778  0.72461867171047845  0.73178970974703816
  0.73993268517306898  0.74817031654483657  0.75763512757003382  0.76845718427525711
  0.77939424867152995  0.79091568228341658  0.80303722928307242  0.81595849628230444
  0.83040334866691112  0.84101765064246325  0.84849158989696938  0.85595867167407946
  0.86623934607641206  0.87601539652524163  0.90053517028010355  1.00000000000000000
   1.5616254910667238E-019  -1.0000000000000000     
 F F F F F F F F F F F F F F F F F F F F F F F F F F F F F F F F F F F F F F F F F F F F F F F F F F F F F F F F F F F F F F F F F F F F F F F F F F F F F F F F F F F F F F F F F F F F F F F F F F F F F F F F F F F F F F F F F F F F F F F F F F F F F F F F F F F F F F F F F F F F F F F F F F F F F F F F F F F F F F F F F F F F F F F F F F F F F F F F F F F F F F F F F F F F F F F F F F F F F F F F F F F F F F F F F F F F F F F F F F F F F F F F F F F F F F F F F F F F F F F F F F F F F F F F F F F F F F F F F F F F F F F F F F F F F F F F F F F F F F F F F F F F F F F F F F F F F F F F F F F F F F F F F F F F F F F F F F F F F F F F F F F F F F F F F F F F F F F F F F F F F F F F F F F F F F F F F F F F F F F F F F F F F F F F F F F F F F F F F F F F F F F F F F F F F F F F F F F F F F F F F F F F F F F F F F F F F F F F F F F F F F F F F F F F F F F F F F F F F F F F F F F F F F F F F F F F F F F F F F F F F F F F F F F F F F F F F F F F F F F F F F F F F F F F F F F F F F F F F F F F F F F F F F F F F F F F F F F F F F F F F F F F F F F F F F F F F F F F F F F F F F F F F F F F F F F F F F F F F F F F F F F F F F F F F F F F F F F F F F F F F F F F F F F F F F F F F F F F F F F F F F F F F F F F F F F F F F F F F F F F F F F F F F F F F F F F F F F F F F F F F F F F F F F F F F F F F F F F F F F F F F F F F F F F F F F F F F F F F F F F F F F F F F F F F F F F F F F F F F F F F F F F F F F F F F F F F F F F F F F F F F F F F F F F F F F F F F F F F F F F F F F F F F F F F F F F F F F F F F F F F F F F F F F F F F F F F F F F F F F F F F F F F F F F F F F F F F F F F F F F F F F F F F F F F F F F F F F F F F F F F F F F F F F F F F F F F F F F F F F F F F F F F F F F F F F F F F F F F F F F F F F F F F F F F F F F F F F F F F F F F F F F F F F F F F F F F F F F F F F F F F F F F F F F F F F F F F F F F F F F F F F F F F F F F F F F F F F F F F F F F F F F F F F F F F F F F F F F F F F F F F F F F F F F F F F F F F F F F F F F F F F F F F F F F F F F F F F F F F F F F F F F F F F F F F F F F F F F F F F F F F F F F F F F F F F F F F F F F F F F F F F F F F F F F F F F F F F F F F F F F F F F F F F F F F F F F F F F F F F F F F F F F F F F F F F F F F F F F F F F F F F F F F F F F F F F F F F F F F F F F F F F F F F F F F F F F F F F F F F F F F F F F F F F F F F F F F F F F F F F F F F F F F F F F F F F F F F F F F F F F F F F F F F F F F F F F F F F F F F F F F F F F F F F F F F F F F F F F F F F F F F F F F F F F F F F F F F F F F F F F F F F F F F F F F F F F F F F F F F F F F F F F F F F F F F F F F F F F F F F F F F F F F F F F F F F F F F F F F F F F F F F F F F F F F F F F F F F F F F F F F F F F F F F F F F F F F F F F F F F F F F F F F F F F F F F F F F F F F F F F F F F F F F F F F F F F F F F F F F F F F F F F F F F F F F F F F F F F F F F F F F F F F F F F F F F F F F F F F F F F F F F F F F F F F F F F F F F F F F F F F F F F F F F F F F F F F F F F F F F F F F F F F F F F F F F F F F F F F F F F F F F F F F F F F F F F F F F F F F F F F F F F F F F F F F F F F F F F F F F F F F F F F F F F F F F F F F F F F F F F F F F F F F F F F F F F F F F F F F F F F F F F F F F F F F F F F F F F F F F F F F F F F F F F F F F F F F F F F F F F F F F F F F F F F F F F F F F F F F F F F F F F F F F F F F F F F F F F F F F F F F F F F F F F F F F F F F F F F F F F F F F F F F F F F F F F F F F F F F F F F F F F F F F F F F F F F F F F F F F F F F F F F F F F F F F F F F F F F F F F F F F F F F F F F F F F F F F F F F F F F F F F F F F F F F F F F F F F F F F F F F F F F F F F F F F F F F F F F F F F F F F F F F F F F F F F F F F F F F F F F F F F F F F F F F F F F F F F F F F F F F F F F F F F F F F F F F F F F F F F F F F F F F F F F F F F F F F F F F F F F F F F F F F F F F F F F F F F F F F F F F F F F F F F F F F F F F F F F F F F F F F F F F F F F F F F F F F F F F F F F F F F F F F F F F F F F F F F F F F F F F F F F F F F F F F F F F F F F F F F F F F F F F F F F F F F F F F F F F F F F F F F F F F F F F F F F F F F F F F F F F F F F F F F F F F F F F F F F F F F F F F F F F F F F F F F F F F F F F F F F F F F F F F
  <DiscreteSampler_grid>
  grouped_processes
  1 # 1 for a reference and 2 for a running grid.
  10 # Attribute 'min_bin_probing_points' of the grid.
  1 # Attribute 'grid_mode' of the grid. 1=='default',2=='initialization'
  0.0000000000000000 # Attribute 'small_contrib_threshold' of the grid.
  0.5000000000000000 # Attribute 'damping_power' of the grid.
 # binID   n_entries weight   weight_sqr   abs_weight
    61   10   4.967295387299264E-020   2.451946743031679E-038   4.967295387299264E-020
    62   10   4.967295390135176E-020   2.451946745840173E-038   4.967295390135176E-020
    64   10   9.934590774598528E-020   9.807786972126717E-038   9.934590774598528E-020
    65   10   9.934590780270352E-020   9.807786983360694E-038   9.934590780270352E-020
    67   10   9.215002316211294E-019   4.076587800056665E-036   9.215002316211294E-019
    68   10   9.215002316501522E-019   4.076587800035476E-036   9.215002316501522E-019
    70   10   1.843000463242259E-018   1.630635120022666E-035   1.843000463242259E-018
    71   10   1.843000463300304E-018   1.630635120014191E-035   1.843000463300304E-018
    106   10   4.967295387495636E-020   2.451946743226160E-038   4.967295387495636E-020
    107   10   4.967295391022305E-020   2.451946746718735E-038   4.967295391022305E-020
    109   10   9.934590774991272E-020   9.807786972904640E-038   9.934590774991272E-020
    110   10   9.934590782044609E-020   9.807786986874941E-038   9.934590782044609E-020
    112   10   9.215002316202140E-019   4.076587800061065E-036   9.215002316202140E-019
    113   10   9.215002316514524E-019   4.076587800041608E-036   9.215002316514524E-019
    115   10   1.843000463240428E-018   1.630635120024426E-035   1.843000463240428E-018
    116   10   1.843000463302905E-018   1.630635120016643E-035   1.843000463302905E-018
  </DiscreteSampler_grid>
