  0.00383830825573633  0.01179037181260956  0.02182532494924641  0.03202338591920585
  0.04114346771902632  0.04975426545067239  0.05871166713696141  0.06805604128233046
  0.07703361812124442  0.08593502440458928  0.09582629392140628  0.10652453654019217
  0.11965637000137307  0.13249388947549109  0.14459924740310220  0.15575961834837662
  0.16572675979425372  0.17492103692642727  0.18482185517909563  0.19492845159410094
  0.20575118132504530  0.21627149558199293  0.22618089978847167  0.23513017659381991
  0.24379360627746563  0.25059624988147949  0.25846702367197771  0.26680659428044345
  0.27821663759856191  0.28958028207174297  0.30062869058636232  0.31315958239898978
  0.32767427361466855  0.34224001092847139  0.35554765731078863  0.36936049168729079
  0.38337780165028235  0.39535380071771342  0.40726442034954063  0.41879771976589564
  0.42968858609037219  0.43943273775685709  0.44852920916494143  0.45822423111778349
  0.46897227303151134  0.47910430886738753  0.48903123842478313  0.49918165807888615
  0.50939516902851678  0.51835509849945671  0.52607129009286402  0.53270972388073512
  0.53901965695156195  0.54471294888157751  0.55061683365570313  0.55712068526629310
  0.56492603102750971  0.57437514048968163  0.58626550350053119  0.59951073667803567
  0.61449835806306774  0.62961399847109401  0.64221204056735415  0.65306536216321398
  0.66330386160052623  0.67290654586641852  0.68356171486024286  0.69607206204490202
  0.71003682434744042  0.72325957225680382  0.73497211298793508  0.74527966848622473
  0.75551834445409749  0.76675998525518019  0.77941786398319324  0.79153858180909320
  0.79932157514194124  0.80602921782494952  0.81267173210030674  0.81997522904512599
  0.82749104380482730  0.83527578586838080  0.84308494559759373  0.85023362513652212
  0.85940492581265771  0.86865723379956428  0.87729393945034584  0.88568454215131565
  0.89566594767913899  0.90856238776515219  0.92257427140768711  0.93698839047728733
  0.95274661825319917  0.96719137228965968  0.98319103736308455  1.00000000000000000
  0.00002290852523758  0.00003767079468671  0.00004079055867682  0.00004308797550541
  0.00004470289829622  0.00004594973660727  0.00004718301869805  0.00004819296272839
  0.00004896476938448  0.00004970560727977  0.00005044447628425  0.00005146589432142
  0.00005243754598544  0.00005341859096546  0.00005444983614121  0.00005531091227745
  0.00005622729376291  0.00005718739684478  0.00005828363678291  0.00005961765377308
  0.00006087117985127  0.00006208849379952  0.00006332880469539  0.00006461261783265
  0.00006590637446427  0.00006723636425851  0.00006859763596675  0.00006996634998434
  0.00007135580691229  0.00007281271961278  0.00007430788895532  0.00007572665321618
  0.00007725968904301  0.00007870621676335  0.00008011562139890  0.00008153254921236
  0.00008299386205329  0.00008455761588973  0.00008617703142016  0.00008776872232173
  0.00008943904034617  0.00009108984016843  0.00009262427313105  0.00009404440927476
  0.00009556141756303  0.00009728324570381  0.00009896596153962  0.00010073873842845
  0.00010269015225058  0.00010474361252203  0.00010663270620422  0.00010857112208490
  0.00011070854438860  0.00011292848652739  0.00011518168449268  0.00011746701513485
  0.00011957978439294  0.00012181817316373  0.00012429723080587  0.00012689221047380
  0.00012985087330213  0.00013305422675122  0.00013621993060431  0.00013929278819379
  0.00014244798897964  0.00014602849094798  0.00015015500316360  0.00015451920875346
  0.00015865655516134  0.00016269029980135  0.00016642941463306  0.00016995453886868
  0.00017360351535509  0.00017725094319239  0.00018168247933295  0.00018771460106464
  0.00019523836422480  0.00020457395801331  0.00021169352361279  0.00021919645376639
  0.00022791358693937  0.00023822113495988  0.00025204948363759  0.00026231015501392
  0.00027379659368256  0.00028724413762028  0.00030972735384451  0.00034251799280925
  0.00037801871884322  0.00041959822790714  0.00048203112196245  0.00059180590930465
  0.00083238684424974  0.00136323008379540  0.21120460521154583  1.00000000000000000
  0.00018540708866703  0.00019177873201051  0.00019601251692890  0.00019854083603342
  0.00020070666592320  0.00020306601667777  0.00020560385454697  0.00020802429384064
  0.00021070723383567  0.00021393745293026  0.00021925395753449  0.00022406011102526
  0.00022970626182728  0.00023528810673418  0.00024088800437601  0.00024592197972613
  0.00025135829058408  0.00025734810442810  0.00026406423792155  0.00027197671414344
  0.00028044242228266  0.00028729818834774  0.00029283165075704  0.00029808497317649
  0.00030394689087130  0.00031169990425819  0.00032071167821835  0.00033031463923363
  0.00034079202903102  0.00035411968459670  0.00036867113143273  0.00038368829042279
  0.00039944047552819  0.00041483522539641  0.00043314933134056  0.00045068370802752
  0.00046978031348505  0.00048752084902243  0.00050691603017027  0.00052375090761042
  0.00053890959945760  0.00055552653308937  0.00057331619246986  0.00059712821584299
  0.00062335209480645  0.00065071367672945  0.00068576978850461  0.00073051813810341
  0.00077480058548687  0.00082135147593221  0.00086996215963504  0.00091997184512018
  0.00097038825159602  0.00101952587675858  0.00106858967662457  0.00112321175513286
  0.00118580648269740  0.00124892114576820  0.00130794721865895  0.00136508377628999
  0.00142628735610235  0.00149928718355669  0.00159337592011765  0.00168944673865858
  0.00175741906310782  0.00182579987676532  0.00189781534405640  0.00198283995409716
  0.00205235707408995  0.00212874365373185  0.00222837559273845  0.00234194809926668
  0.00246421477622140  0.00268574040260912  0.00294789798289421  0.00318185152582998
  0.00339821876614342  0.00362510346110588  0.00389005548655068  0.00416048504867809
  0.00443606171859469  0.00475664367967970  0.00509035237485108  0.00542826103933731
  0.00575428717514307  0.00610921630594687  0.00653641443269835  0.00708900930355627
  0.00791259987291168  0.00919563890766329  0.01076425010507292  0.01266606310275559
  0.01535205075773682  0.02124187914763386  0.32605058309943308  1.00000000000000000
  0.00330504237777093  0.01201199056262630  0.02337606247479814  0.03463569303845411
  0.04515120550017287  0.05363943129979927  0.06386284608034194  0.07610887244212525
  0.08742294618217070  0.09709422414421179  0.10695826823542598  0.11638139253658987
  0.12836953107222632  0.14077796454619104  0.15276953428699871  0.16282259522958747
  0.17032355326213741  0.17718218171462058  0.18349184607423275  0.19118658580403913
  0.20072139174210518  0.21165453753838748  0.22233100602682707  0.23154951203765095
  0.24056925798035311  0.25132173041506722  0.26431615563292676  0.27813602712898727
  0.29049839231529812  0.30158750667367684  0.31294213251971653  0.32343240228297720
  0.33741712936668422  0.34899673975576317  0.35977947746570493  0.37098663486594669
  0.38411401732053763  0.39747514606148016  0.40880553903598871  0.41974312532151792
  0.43259244904551120  0.44767612825048858  0.45991027475660234  0.47089291544218026
  0.48184633561848311  0.49312329784018705  0.50410803579883590  0.51723388761365929
  0.52677502293950484  0.53612857376565382  0.54646704653353406  0.55817250288730469
  0.57089223446331028  0.58465845238387015  0.59965670427051387  0.61421494305878199
  0.62702879305070591  0.63815678012182320  0.65096409761753515  0.66406094953844563
  0.67510985090138687  0.68522386630488386  0.69513797496044727  0.70496315132230303
  0.71426988855314044  0.72351016918407085  0.73386006532037928  0.74378987029983534
  0.75308590955719290  0.76050567296108063  0.76652854221105016  0.77382485830881143
  0.78113113635621467  0.78924534149927228  0.79812522103201977  0.80857603195994610
  0.82103612321271124  0.83379594961952830  0.84483382496257664  0.85469666076625861
  0.86405368396589066  0.87483802678390943  0.88720648606361718  0.89875395641469946
  0.90787708851043969  0.91687020754369164  0.92561087508456241  0.93465790181486574
  0.94525856831179500  0.95553730227744038  0.96600816691375102  0.97437064265965001
  0.98075229619050264  0.98638973461340096  0.99193748486175193  1.00000000000000000
  0.00882134778974544  0.01896229681993190  0.02974798328439019  0.03977641985668968
  0.04579756097488213  0.05165518673524626  0.05961453522559568  0.06835766616239738
  0.07724715447388969  0.08650064140366753  0.09487119491062164  0.10189777248400320
  0.10930177630859667  0.11851698545230621  0.13162049243726068  0.14617505116688823
  0.16121512885122216  0.17388189852541933  0.18448962555863102  0.19486836976170965
  0.20541108439795863  0.21767395755885835  0.22874354430337088  0.23949404668843480
  0.25032714340780093  0.26444375813188453  0.27689012053665701  0.28579700506879596
  0.29469910407520378  0.30303603045305649  0.31319504930020903  0.32444504931085438
  0.33465502989227874  0.34382461302618489  0.35202111628409460  0.35966508609039205
  0.36787694182443020  0.37737465740841081  0.38951611030293942  0.40145931496321613
  0.41270359095159581  0.42329563914535195  0.43244358943788197  0.44360349323749437
  0.45398948434659631  0.46562447975325766  0.47890585787945922  0.49031156184668545
  0.50005588698133496  0.50920816444806483  0.51909947276112856  0.52790574831986425
  0.53558785976777534  0.54553187479672771  0.55857004608909611  0.57181010368066232
  0.58421979914131972  0.59662158652554942  0.60794797890743735  0.61714807674010064
  0.62634489567782126  0.63570281597555212  0.64462430802680881  0.65189617885497486
  0.65929622417717848  0.66763433321041099  0.67672378131924615  0.68651480987175195
  0.69783905127571300  0.70966739422339231  0.72248009173742256  0.73577285695302796
  0.74801364057380082  0.75906849898761453  0.76881893083900543  0.77953348268536726
  0.78970545564812034  0.80033258842420296  0.81213436630253588  0.82608217412715201
  0.83911107558253373  0.84873001248213120  0.85611928832025908  0.86361067791901369
  0.87172186077691993  0.88052155677012989  0.89089876552957958  0.90112737747417293
  0.91244983044550543  0.92440159261689836  0.93564458995651367  0.94612701082564510
  0.95609992052699211  0.96630045544229293  0.97826606470875865  1.00000000000000000
  0.00017250396184246  0.00021730826342781  0.00024256494828522  0.00025560241164923
  0.00026619193726207  0.00027629788331338  0.00028654538011284  0.00029607671037034
  0.00030579429933891  0.00031628102278219  0.00032672434469380  0.00033657535759968
  0.00034685723989285  0.00035715421679427  0.00036606803037463  0.00037595479076083
  0.00038696536266461  0.00039907084237871  0.00041205678278570  0.00042523019307751
  0.00043972876782483  0.00045538001496915  0.00047164500417262  0.00048784412093128
  0.00050368297430764  0.00051968825847228  0.00053686864480975  0.00055539817177371
  0.00057519775017132  0.00059579087833138  0.00061742309981219  0.00064204554699046
  0.00066750016190538  0.00069039552165709  0.00071238609757647  0.00073331259057965
  0.00075288653665299  0.00077383135128852  0.00079816102974368  0.00082596676100826
  0.00086349091837771  0.00089901902072115  0.00093057245579673  0.00096053886956308
  0.00098761112173670  0.00101564504045798  0.00104948769502141  0.00108983860320614
  0.00113142044957835  0.00116062454361165  0.00119007017174038  0.00122264979165003
  0.00125675249109579  0.00129390389021388  0.00133405576798611  0.00137725900803963
  0.00142635099599963  0.00148297424491781  0.00155402247337808  0.00163907774330792
  0.00173392935139872  0.00183104028313455  0.00191979972751998  0.00198209657784766
  0.00203676734175044  0.00209844069467402  0.00216234446232210  0.00223039298036389
  0.00234031288192083  0.00247981426934234  0.00264472197657254  0.00281229844243421
  0.00293676802358688  0.00304268698544873  0.00318930669861641  0.00336011556240220
  0.00355748999121692  0.00374821298743096  0.00391860315071760  0.00419073591110867
  0.00446793507902018  0.00471078104620143  0.00491592053098390  0.00506796021025782
  0.00535265956677104  0.00568785666387422  0.00596271950065751  0.00623664300977650
  0.00659756421100580  0.00715523974532405  0.00770845317302381  0.00867617656464997
  0.01029293487213854  0.01624382937152932  0.15994402513594649  1.00000000000000000
  0.00003780684756950  0.00006136003859313  0.00006845672627734  0.00007384740445445
  0.00007881742625448  0.00008537502983904  0.00009204322270416  0.00009914897695589
  0.00010680007786160  0.00011466046470106  0.00011999707304686  0.00012411073449715
  0.00012827236687337  0.00013339326290470  0.00014033890899428  0.00014764801931481
  0.00015566039217626  0.00016381928603492  0.00017127275896227  0.00017843562792578
  0.00018610757086929  0.00019426392219938  0.00020282171661369  0.00021218337513799
  0.00022320110915069  0.00023488894851098  0.00024717289788329  0.00025993705256549
  0.00027232590084192  0.00028372875161555  0.00029600159240315  0.00030943571347336
  0.00032586653261073  0.00034521757650230  0.00036492967324389  0.00038552103870938
  0.00040590189588741  0.00042426846487711  0.00044311555384609  0.00046266038755888
  0.00048368226561533  0.00050470548455709  0.00052473176439283  0.00054458605078420
  0.00056349155829649  0.00058313019795499  0.00060460001619110  0.00062715688645682
  0.00065791382195096  0.00068326612743089  0.00070474729290482  0.00072814719749298
  0.00075312813119784  0.00078169337698332  0.00081388111632957  0.00084907495346886
  0.00088897061801985  0.00093333770388855  0.00098328275678130  0.00103748496545251
  0.00109175182384830  0.00114453082733376  0.00118844457024544  0.00123558433401175
  0.00127924492309317  0.00133050623952368  0.00139017241516336  0.00145692291682733
  0.00153177558088239  0.00159431143083092  0.00165451784776201  0.00171389054019099
  0.00177488642328714  0.00184555278291016  0.00191803908269147  0.00200028533437170
  0.00208907662119129  0.00218970158432879  0.00229687707873719  0.00242349763481975
  0.00258003748305395  0.00278044552590491  0.00305613815594005  0.00335822220929265
  0.00369579050158866  0.00415507843327190  0.00463927592244534  0.00526883703830148
  0.00616146926528431  0.00796337711145244  0.01024628344163779  0.01177036762770758
  0.01327764173127878  0.01547875747168786  0.18766563097562056  1.00000000000000000
 -0.00693035677889227  0.03095603643016031  0.05893711986349068  0.08200406646486773
  0.10030504628868528  0.11566606862643869  0.13128621403177157  0.14654238831277777
  0.16160858294594363  0.17576520564682990  0.18868847168255121  0.20181255683623317
  0.21508096186262965  0.22893945533061955  0.24269104934443717  0.25456490248798319
  0.26460441962916642  0.27419473837894742  0.28443665467960433  0.29521378243557350
  0.30710761372702294  0.32082813695121382  0.33331067145442128  0.34342004728380321
  0.35305019799619364  0.36228535071570783  0.36949832833120488  0.37583794701280865
  0.38177916150863772  0.38905788566027810  0.39823870265789280  0.41022470429676400
  0.42315975169344100  0.43602709613825430  0.44809026783182471  0.45883994178568160
  0.47036502974957362  0.47997736184945378  0.48996213706839598  0.50147982815979719
  0.51379242033256189  0.52585554283166536  0.53669966999737617  0.54510977671891814
  0.55222425368351824  0.55835083633435278  0.56369470512787145  0.56875562636620136
  0.57424559967101119  0.58053886869754157  0.58687792520099191  0.59341803989456476
  0.60005345669271004  0.60793539415652620  0.61412610255365296  0.61872610097857428
  0.62377727287712847  0.63174882366049934  0.64277203578448827  0.65381675351751600
  0.66234444251452618  0.66965433884344161  0.67702552311222353  0.68506063840067988
  0.69408187244036212  0.70214861913018223  0.70988181599730715  0.71791819010828239
  0.72687598552313304  0.73660036320571631  0.74377007727986988  0.75063853496215427
  0.75726082138177520  0.76358808056594907  0.77397446580642049  0.78365853504071625
  0.79318153746904341  0.80253752377168430  0.81272983892712791  0.82157509790293415
  0.83038102586102536  0.83878626153614222  0.84734432336573062  0.85652899045495534
  0.86478427261920732  0.87320798258644328  0.88371467278607874  0.89651917953459881
  0.90964152545835986  0.92332852700726142  0.93592705457119618  0.94675788452392295
  0.95880609138715189  0.97182001695883047  0.98553666959927044  1.00000000000000000
 -0.00262378280632952  0.01178502512133515  0.02287211522481061  0.03575820552603503
  0.05144086328021070  0.06845820459632948  0.08270212285121536  0.09348264984946825
  0.10208958101283336  0.11182161377145707  0.12199122099179760  0.13135866846372263
  0.13980259978528353  0.14891456363584263  0.15796272305299280  0.16516190905155967
  0.17250135394711252  0.18308608920599742  0.19789013763947702  0.21385997807135707
  0.22672934625713079  0.23973640935634680  0.25174615152191343  0.26316056364596485
  0.27412799482135480  0.28422836650493927  0.29310439637267544  0.30220606176411902
  0.31152601871487484  0.32199348146020357  0.33338089460474635  0.34429201660084086
  0.35670415032045338  0.37058893677329396  0.38452441301458856  0.39838077585534803
  0.41238834522290252  0.42744752008007325  0.44060717207909261  0.45234314783502139
  0.46232976590032043  0.47103494550303260  0.48043423158920329  0.49049115315306779
  0.50083890171598688  0.51047213144010672  0.51973436797924288  0.53066551105726867
  0.54400979254141579  0.55829938872469231  0.57225554686482061  0.58639806487244583
  0.60017159127783659  0.61328864300168151  0.62436292998425447  0.63403739036535733
  0.64499844111093740  0.65612854137077814  0.66705632671705284  0.67737443920282836
  0.68751299543716093  0.69803451475707179  0.70883433056029099  0.72062101770180553
  0.73270468090415941  0.74419847306673970  0.75615426662555163  0.76781717819392525
  0.77839404194889605  0.78814699721746362  0.79622444871639442  0.80409246036600890
  0.81321584020253779  0.82359820382427529  0.83021728573156717  0.83597822883481576
  0.84132985761016588  0.84747932577404250  0.85355453974744389  0.85993236261409367
  0.86625752743908979  0.87266754368376620  0.87935606333392657  0.88473189668260555
  0.89107123452641235  0.89866079615311678  0.90763384763723665  0.91696562938563853
  0.92625460343033839  0.93595166773759308  0.94666667353747691  0.95700351891908164
  0.96771715100392430  0.97951333995566026  0.99041677810002082  1.00000000000000000
 -0.00405770048334472  0.01320043582698086  0.02811760298464794  0.04205355158935865
  0.05598245830520326  0.06691211298801725  0.07661175736461939  0.08642334888780391
  0.09630388911490782  0.10848446585444241  0.12053111123960684  0.13237350561005953
  0.14450244676500817  0.15686193014677899  0.16789113110893775  0.17815533564289227
  0.18989574592571570  0.20391635965145863  0.21621748876972841  0.22791196911860173
  0.24016594867437696  0.25487171387415564  0.26809587903376436  0.27861294170504425
  0.28828934485523589  0.29691900769482776  0.30728951090923595  0.32072781259490801
  0.33477238607397802  0.34768147995687326  0.35921917290627076  0.37009428142808010
  0.38135502776366204  0.39304737584710520  0.40507208822975244  0.41614804547628492
  0.42524178122484779  0.43232859483708791  0.43931259787531857  0.44819884808660099
  0.46023691609162243  0.47455514149759143  0.48761326350868361  0.49971862660003902
  0.50959481711172872  0.51971582888494094  0.52743710036585034  0.53562797819469654
  0.54402642289688263  0.55422895473274192  0.56481497003394809  0.57392876998046793
  0.58273568993109592  0.58991153414603315  0.59674694340439549  0.60439892624738378
  0.61138866035728967  0.61988798253572008  0.63140741084772134  0.64514092102622778
  0.65421781235016541  0.66175175015101195  0.66949621820882543  0.67672603410310239
  0.68453685337829262  0.69157133096073886  0.69851594760859215  0.70602928240580942
  0.71497486391033593  0.72451592991757841  0.73279839263089397  0.74006234650475322
  0.74632595487186659  0.75234795024561218  0.75877494356996289  0.76547919577749746
  0.77322798096860690  0.78184729058111802  0.79031703441462742  0.79880125255805512
  0.80821449475239082  0.81790265160119235  0.82982192678122069  0.84401189032835167
  0.85819132601009651  0.87123719945636457  0.88410748797433691  0.89461845206349122
  0.90508796032476790  0.91537049036582419  0.92506122444002581  0.93724747764999461
  0.95112830384033775  0.96625949810976930  0.98104298324645878  1.00000000000000000
 -0.00369000124136982  0.01041657749776077  0.02285535903282799  0.03298672141886102
  0.04160668725577242  0.05180008607836035  0.06295982440876483  0.07504302264607746
  0.08842757929183437  0.09948533633256666  0.11064719110127937  0.11989453239852246
  0.13147438189899913  0.14282443745880849  0.15203028437370200  0.15971463832121419
  0.16811821943265945  0.17516150144016196  0.18236266777911714  0.19033150637888221
  0.19920006153986453  0.20866726158428692  0.22225851393893381  0.23487772377794067
  0.24538244476228166  0.25439879349210304  0.26126772465719039  0.26908682056743072
  0.27756688560962717  0.28831887514916965  0.29882249784081510  0.30635595886294609
  0.31304231763422929  0.32092590195128623  0.33152537244565072  0.34459812241302795
  0.35794401091868877  0.36930186296171386  0.38057257428524255  0.39035709760968945
  0.39910494528125090  0.40730055701780893  0.41754397353097650  0.42780045387439686
  0.43699658488546556  0.44571676094646434  0.45438575969810630  0.46319309203959158
  0.47293225692958590  0.48390019587043720  0.49501753476008398  0.50599906423901309
  0.51703051794005739  0.52831632802018902  0.54222356658861948  0.55641341218465645
  0.56871484221073809  0.57916858536125870  0.58878553120146571  0.59844541543601137
  0.60860205321958161  0.61954148629558348  0.63394669002780801  0.64816195920325403
  0.66042207009851261  0.67134081681617108  0.68185668573333669  0.69277960970203556
  0.70061692756148375  0.70922109263689381  0.71715588646046990  0.72518197748934976
  0.73346620752370117  0.74135475087231761  0.74932992275867882  0.75753835257785074
  0.76734125877364767  0.77851378643211133  0.78833256353707493  0.79828905940127837
  0.80938807959752623  0.82328357387871431  0.83874339725961589  0.85372220920518160
  0.86499203361485555  0.87295846880862205  0.88107517410702674  0.89035344065786459
  0.90200082937220782  0.91591566625985676  0.92961277070965009  0.94454022376428326
  0.95954546634765581  0.97286269200997855  0.98620690168162017  1.00000000000000000
 -0.00654513127126276  0.02591643478374553  0.05592307108127365  0.08379854172803536
  0.10522413330701459  0.12202874774098361  0.13727574690133143  0.15302540370609855
  0.16884901625957299  0.18393104836188978  0.19979168684661419  0.21358210383302045
  0.22833805788427108  0.24227568141308600  0.25446765657255205  0.26696792434611583
  0.27949198988735546  0.29083989511470265  0.30056540203636289  0.30800062159831487
  0.31468238869596366  0.32069541370031013  0.32742148220781431  0.33681583479181154
  0.34730905230983078  0.35801210238415865  0.36809624896395587  0.37808185379234072
  0.38791611371557022  0.39657021265829062  0.40480121569584188  0.41338371139969832
  0.42178041604444438  0.43362042875367351  0.44691312351091661  0.46017268444246567
  0.47234072850667641  0.48387227517348835  0.49622407498654519  0.50993539410770372
  0.52285055875439823  0.53092707316223697  0.53727237152001861  0.54424824832976137
  0.55305119915926237  0.56268689838018582  0.57032602148801714  0.57722939098927473
  0.58440044410457259  0.59313577787274574  0.60208802962373698  0.61050342950412351
  0.61822885870319844  0.62515283571477198  0.63195715191296797  0.63895544523763759
  0.64591091250525101  0.65308214081134819  0.66073618229759856  0.66899011512696982
  0.67585043498631181  0.68359750814487530  0.69266962154657929  0.70263530285966480
  0.71274915936500283  0.72326118409872009  0.73310590105577855  0.74229244554913465
  0.75091294577334566  0.76014499463616580  0.76946518251540130  0.77845614028213828
  0.78693769260482405  0.79605298223885224  0.80616299494754107  0.81646351874484091
  0.82838561729371618  0.84028903537285027  0.85154937338514769  0.86183018778588094
  0.86980542297240615  0.87763792052033196  0.88576391112175545  0.89378035823299495
  0.90155712797140308  0.90992631429240711  0.91827859649951515  0.92636985613187595
  0.93366981068436128  0.94180430948523008  0.95063952833854259  0.95967979287495842
  0.96892854329778477  0.97894796890002111  0.98968837257678999  1.00000000000000000
 -0.00133337715248250  0.00794884543391268  0.01750629102911851  0.02710657020256589
  0.03683604551946721  0.04488537710439845  0.05556596059957675  0.06736332441481926
  0.08027720356775035  0.09436128823610676  0.10691754861276334  0.11946525821848164
  0.13342990262924087  0.14800059853826469  0.16381822787184450  0.17655407950491281
  0.18695642015791372  0.19749266420485184  0.20720585860847740  0.21673900915353325
  0.22584748284160172  0.23382907058547481  0.24260551721561990  0.25178873352886999
  0.26101635387965860  0.26986843811518785  0.27834945639150149  0.28675454470286610
  0.29693213953082503  0.31057999499808853  0.32521777861199003  0.33801889946094726
  0.34554064549455787  0.35275577905941224  0.36004920015005326  0.36769657246112813
  0.37789681080948462  0.38913616264638479  0.39924450360868735  0.40969428487047022
  0.42116778141413858  0.43304725137302064  0.44543615348142040  0.45847017005333596
  0.47249242260131691  0.48597820092637761  0.49837483716927738  0.50991029500804996
  0.52103545115648553  0.53227267052719451  0.54273870162273641  0.55228341843411155
  0.56114253872359332  0.56999821775651571  0.57929105338416675  0.58804133045782359
  0.59856106888171901  0.61008082740589431  0.61987180012186904  0.62818431678166597
  0.63567469079137773  0.64372079461691589  0.65423870598841261  0.66675195563033129
  0.67959322890627938  0.69301660928052100  0.70853711141734244  0.72327098118168609
  0.73455650292748298  0.74432728592371133  0.75264477889532067  0.76117558723696610
  0.77049701832831119  0.78082407475960280  0.79219179827676900  0.80480763634170016
  0.81569180566534483  0.82486458964185805  0.83340682547713651  0.84121717247972949
  0.84990195111033440  0.85863199550396607  0.86923582841302327  0.87986607985514087
  0.88963613856108037  0.89893015548866162  0.90738767040116886  0.91563333739368069
  0.92525722246259023  0.93662200527791584  0.94853245755674742  0.95807099130943585
  0.96789042030108641  0.97809919977579185  0.98848818535722793  1.00000000000000000
 -0.00489285814764054  0.02928848211400798  0.05150776158086633  0.07053527243841663
  0.08996667046618338  0.11256320561643993  0.13347082207976946  0.14860199768596227
  0.16370532689702147  0.17615383926279801  0.18683600443173684  0.19847816676517671
  0.21368422002674989  0.23350810608937664  0.25175397190835580  0.26535453144834092
  0.27599453735292478  0.28501919650961954  0.29382624059070739  0.30358694445433493
  0.31729713410572669  0.33436479038266204  0.34936732926673553  0.36096757864083862
  0.37079309904373414  0.37993089664496943  0.38913360707500788  0.40012080809972056
  0.41501891073203667  0.42916329619484761  0.44101366096211186  0.45276856697380902
  0.46406672438355157  0.47648434817863106  0.48632656019457843  0.49379060129287650
  0.50129607096237305  0.50845731873310440  0.51609516293905278  0.52547018760004682
  0.53493206291550488  0.54310286923598561  0.55184761361035206  0.56050314122732103
  0.56929330484655472  0.57908354636305426  0.58902354924564804  0.59851982773331069
  0.60668195293305538  0.61466463173782715  0.62328800847608956  0.63105354149887638
  0.63761981283832692  0.64334013983939786  0.64926707331364986  0.65495072929047793
  0.66075784806200777  0.66689254352223504  0.67454754221448388  0.68230529179228216
  0.69048518402447912  0.69964846741325537  0.70821132965574574  0.71692734342862119
  0.72581784772626945  0.73732034203049723  0.74894231950696233  0.75892153524723505
  0.76753050215771723  0.77619431427854002  0.78359027744481480  0.79053965011997740
  0.79765896644440004  0.80509961973580624  0.81419002950109209  0.82273415248413428
  0.83176396496010319  0.84165460849170715  0.85115754576422697  0.85952784454380082
  0.86717247389538255  0.87478306388371463  0.88250520411032141  0.89011694408836373
  0.89712733688191348  0.90490743728640433  0.91438463921621660  0.92486140585822529
  0.93611867417883377  0.94702832659126646  0.95656917902833571  0.96500130780647775
  0.97344234977446586  0.98144850007744622  0.98980586793392455  1.00000000000000000
 -0.00336889838100179  0.01510544224327066  0.02824598846428377  0.03991556335321359
  0.05198462175187427  0.06562295278733893  0.07968685597821026  0.09135569597342948
  0.10249057532034013  0.11074840291726651  0.12272094191590140  0.13599538951393306
  0.15083651605961226  0.16408358913924911  0.17373284834830063  0.18111350071208582
  0.18848013769022837  0.19873383343358911  0.21163266059453245  0.22267463231360671
  0.23292497899984899  0.24297412680591943  0.25167864938518281  0.26146037546657108
  0.27246735540066963  0.28370875083606595  0.29400418449679944  0.30308617592118298
  0.31204603004528358  0.32201915892023586  0.33079060843483199  0.33768437214408259
  0.34411542835373482  0.35033313821129636  0.35823080537996094  0.36715311497071668
  0.37665583147688392  0.38607955065113786  0.39490222371608769  0.40340103978266412
  0.41231775310036856  0.42294419801817723  0.43654599201109667  0.44954932908961703
  0.45879716586151065  0.46671650903440642  0.47439657710358207  0.48335629833907046
  0.49468741379443171  0.50723592349013735  0.52070957409341823  0.53384870800942852
  0.54527632789002545  0.55713041104794669  0.56936605875590673  0.58148475101250752
  0.59168931806349334  0.60101559157539342  0.61171246050904826  0.62339659128126279
  0.63783822993021833  0.65289340291050402  0.66567859974501531  0.67598973186185640
  0.68548952633459581  0.69481664177272995  0.70561401688608294  0.71759593931279630
  0.72911262384761288  0.73904406799873645  0.74801519864707400  0.75803529403394831
  0.76975751466372799  0.77973790499734119  0.78928238641212900  0.79952388684209308
  0.81024316834579968  0.82245775927530018  0.83119370070672260  0.83925270314118539
  0.84671229510014323  0.85641371178089742  0.86659011425977661  0.87842041502865720
  0.89122599365819921  0.90329383115220263  0.91573132462481521  0.92758501257538661
  0.93786220069911108  0.94586354026084640  0.95518563751643248  0.96372827390686344
  0.97296616212095266  0.98264188653519169  0.99187692999380628  1.00000000000000000
 -0.00344370342850518  0.00879375096014596  0.01960760493839010  0.02969261993905212
  0.04007577129845918  0.05117361515347869  0.06148774297725587  0.07104852304914577
  0.07975546942940658  0.09046804105753448  0.10152894477589836  0.11147450453820867
  0.12095772636617505  0.13091380288744656  0.14125112278156371  0.15197748003634742
  0.16304532881956615  0.17378782968383300  0.18060035243934797  0.18736462501663256
  0.19396280954481865  0.20335196544702810  0.21505231840651526  0.22617660754670943
  0.23614165217298730  0.24621283422187604  0.25584978071162301  0.26591285011417731
  0.27730372679541010  0.28911362860553064  0.30675651061295806  0.32182258808302910
  0.33987105257377703  0.35243870974867764  0.36350956612217261  0.37127763732416441
  0.37587621274182936  0.38238558466303341  0.38896745085808765  0.39483644294444059
  0.40165631922407508  0.41020094979966476  0.41846010851622695  0.42600384772145061
  0.43324586767645240  0.44014289944541579  0.44658658593349171  0.45268888439422877
  0.46022538472842833  0.47414917345211083  0.48797494689281573  0.49989093641941551
  0.51113793037371058  0.52167690192682725  0.53303538991761235  0.54480592276026629
  0.55747050004186394  0.56845650612425824  0.57970928733306348  0.59053224300773255
  0.60032949909095867  0.60976784215788915  0.61909762151564973  0.62739470777047546
  0.63473098044346776  0.64155325011119912  0.64795902296596997  0.65540047433071646
  0.66314667150505680  0.67163345622089410  0.68078251152403024  0.68988945917649014
  0.70023147932592955  0.71365824340397910  0.72839643168398815  0.74306784657654490
  0.75758875537998116  0.77291056494111032  0.78651005096370341  0.79821383332372575
  0.80988906225506674  0.82083215918642005  0.83285739868457132  0.84482453203079644
  0.85678536005571926  0.86963803948139418  0.88482827857153290  0.90032258236322160
  0.91316811009722110  0.92576676501137678  0.93891872325035131  0.95175489744203845
  0.96572687978607041  0.97868640058846212  0.98920907320773621  1.00000000000000000
 -0.00391597800069570  0.01201312407177583  0.02410562004493397  0.03485503632505504
  0.04481290400130503  0.05423660975170961  0.06439839164671997  0.07514535697916087
  0.08749955489983829  0.09967606717638722  0.11078695015705742  0.12135762648311089
  0.13211689817834060  0.14299816731469897  0.15357792332336301  0.16562753292321589
  0.17759163263567376  0.18879694250502282  0.19789887112804727  0.20731629203216362
  0.21810618849382607  0.23189257770430410  0.24838966879193461  0.26208091126519006
  0.27430168806110006  0.28537117956287250  0.29592775420475093  0.30683192131639525
  0.31893416626142840  0.33163213671733605  0.34324531331111924  0.35339253224888278
  0.36315930338994384  0.37295970795802885  0.38185379068120179  0.39027496016410723
  0.39962205100659287  0.40869632713292736  0.41924379337386480  0.43062304588669065
  0.44342394538738850  0.45831280424874005  0.47050288898767029  0.47971916161363132
  0.48803630193164754  0.49788056241217005  0.50926857243898249  0.52193910398863375
  0.53441458424070776  0.54861930759929034  0.56530696394420377  0.57971671781622047
  0.58848539125160015  0.59618217434347931  0.60345759266363197  0.61127858016369907
  0.62237693526506865  0.63434835275081924  0.64721207470755482  0.65893316455471018
  0.66864100531061121  0.67645897333847094  0.68469800604819364  0.69293160912489460
  0.70207169876911901  0.71012741490206333  0.71730550472171850  0.72465000526921564
  0.73272771364745870  0.74144229149965268  0.74939501390369201  0.75692907603575066
  0.76468300061117023  0.77733499693863195  0.79124492496061349  0.80064483856003388
  0.80917131620354621  0.81685555774171403  0.82498058275507358  0.83383625094973790
  0.84284811238356816  0.85154399864272723  0.86146723466135433  0.87278383220503852
  0.88441212716907192  0.89686636305944423  0.90871279593431686  0.91720739076500246
  0.92503473025754424  0.93379902657012837  0.94578180251508759  0.95690832881092269
  0.96567789255210423  0.97445315430088031  0.98545336115103921  1.00000000000000000
 -0.00471529958708542  0.02063775251532740  0.04244685309480767  0.06111514195796544
  0.07272626279586053  0.08249369006527592  0.09163540220457254  0.10151029719186642
  0.11266164359008822  0.12386489725609105  0.13586976722167024  0.14716368540677724
  0.15804975998567405  0.16862311423920595  0.17962816539968496  0.19169567275345278
  0.20364889851555371  0.21338420570970662  0.22098257635163496  0.22872847965479148
  0.23768815099315874  0.24923735004650438  0.26373337396974739  0.27742138703985025
  0.29136899249650777  0.30317609352406272  0.31430978029337647  0.32389069336438064
  0.33310404602472204  0.34191850847960398  0.34999757706874352  0.35811780360933371
  0.36659865485679860  0.37594490064482589  0.38554470109060807  0.39422903171796136
  0.40183503962240841  0.40862791546353311  0.41423619585721183  0.41972136748344341
  0.42544559393626447  0.43250605889148247  0.44186730918571082  0.45226455094121110
  0.46055625869756622  0.46790203636513356  0.47596311948682263  0.48121574004407980
  0.48602240068629965  0.49044471995807121  0.49441392163285136  0.50097835907843158
  0.50783812604340839  0.51439161518959198  0.52121817554804850  0.52879599535448729
  0.53674747700840464  0.54595200212139161  0.55384844008584366  0.56076846330420493
  0.56751132392600900  0.57461958675815528  0.58266684576278849  0.59042920272268085
  0.59723987593108196  0.60483527252998337  0.61404483897423812  0.62298557568661161
  0.63243190112164283  0.64224580235004480  0.65362768427780038  0.66686436892135159
  0.67985191959179447  0.69134447785575326  0.70133426219554695  0.71166187720805818
  0.72435860518999162  0.73537418556760459  0.74482479493693332  0.75525243832654909
  0.76859657991063068  0.78196212110863339  0.79627197929912752  0.81031914398114169
  0.82321094629656566  0.83705034886973284  0.85148325961965687  0.86540997399235287
  0.87884596241779966  0.89059155719072003  0.90695147739628112  0.92373095799552141
  0.94059255828079869  0.96045145209281824  0.98093936501212731  1.00000000000000000
 -0.00241604280164827  0.00887809609331958  0.02176482329599373  0.03275756359396011
  0.04399365821031932  0.05580448849077544  0.06819048576336655  0.08030867317954837
  0.08956954871972489  0.09869431281515383  0.10844675626558781  0.11710644850921355
  0.12660924834187187  0.13520734842332688  0.14106446636026537  0.14821835175727566
  0.15793690394071941  0.16968395471196043  0.18413020934461943  0.19760975737354861
  0.20873319296518839  0.21878739518316739  0.22873710039762396  0.23900996547435160
  0.25124260623350075  0.26127522621351618  0.26975383577799955  0.27778433377748346
  0.28656660302702164  0.29749482912951669  0.31055884173443032  0.32165980180213261
  0.33168615574394394  0.34126729249622462  0.35140805165130190  0.36412074534643063
  0.37680717873517877  0.38858704606611322  0.40141626182209467  0.41384254249633090
  0.42333350237680678  0.43088689952369358  0.43821840564161429  0.44610258917811363
  0.45501523388325782  0.46481451753476255  0.47349220348761895  0.48074494313776761
  0.48900127424389095  0.49890031313098054  0.51009650872160772  0.52272497852032607
  0.53562090834511544  0.55014966358875017  0.56607262405671022  0.58087086120385056
  0.59397998271085839  0.60734118833843531  0.62162380988391752  0.63545546117457841
  0.64932399281987885  0.66003372074176181  0.66959610278800785  0.67848474090111222
  0.68608981800117885  0.69496082527065495  0.70459245934824921  0.71416686993628464
  0.72250961836896033  0.73156289090605986  0.74125085001143143  0.75200308659760373
  0.76287728487628514  0.77381819861878554  0.78550852870334398  0.79862696659772670
  0.80845072135136797  0.81741515669942355  0.82643288491504530  0.83519841041217124
  0.84456478650633615  0.85241909100623958  0.86001830595513729  0.86824792563166553
  0.87684123191108565  0.88699115427470820  0.89660291505190970  0.90484279212475205
  0.91488821455418945  0.92585444295969643  0.93847494949735921  0.95259844162422636
  0.96587566937590663  0.97842925917763901  0.98936421083666226  1.00000000000000000
 -0.00344891310495661  0.01160070138890284  0.02731890941789421  0.04175011303826806
  0.05400952870893015  0.06547997529147657  0.07509021294416135  0.08259398405148849
  0.08987837408472857  0.09795409735257707  0.10759009330954608  0.11713417928254302
  0.12739964257184921  0.13946613681844025  0.15276185709357445  0.16491494359559539
  0.17829283184783218  0.19267921014866840  0.20652839331773457  0.21986313124141299
  0.23099510195714584  0.24238489278467409  0.25411698505914165  0.26689654342874797
  0.28085612242152663  0.29443218774603808  0.30778466714032537  0.32149062178133359
  0.33680935998568168  0.35290994230982775  0.36773319374042834  0.38186000095130657
  0.39316931879406281  0.40254945047843760  0.41049596795825283  0.41692775855842901
  0.42498592843369454  0.43424507932941842  0.44635605023795699  0.45883394045686071
  0.46857107422973843  0.47787531933290733  0.48666802495159406  0.49717787308662609
  0.50807240055236280  0.51986301931485046  0.53213401092291046  0.54262413553761801
  0.55224076708991521  0.56188540955922794  0.57347912211522878  0.58508456828627853
  0.59582142919151515  0.60528235940917174  0.61517131861696250  0.62636202942758556
  0.63912975174950903  0.65269203433457934  0.66334554443989147  0.67074964056424746
  0.67719782989922406  0.68408807982218811  0.69021385579567729  0.69609768899830504
  0.70169377706072256  0.70784916551917998  0.71600443246296286  0.72376553365360841
  0.72967232596778886  0.74025821684344473  0.75111846061549181  0.76001656936574391
  0.76806300895984159  0.77598417314793977  0.78408974533397979  0.79169581785669141
  0.79890525309170191  0.80566177934390637  0.81246889706640901  0.82111167710952604
  0.83124197947761724  0.84756195862482986  0.86551889267947590  0.88245938323351181
  0.89357408839377184  0.90184232319437962  0.91028665316651836  0.92007758656409411
  0.92917973730769332  0.93859766037366099  0.94672721862310283  0.95400145103334233
  0.96012549728693841  0.97160008772263118  0.98364518439605386  1.00000000000000000
  0.65079346172086028  0.70443611703186848  0.72011293349898897  0.73623448584904239
  0.75002785053205412  0.76053689868516994  0.77219481145654767  0.78239683051573894
  0.79032693630597162  0.79691747415014969  0.80260714154488288  0.80821151404755920
  0.81320313755606699  0.81695637405579014  0.82037667888396215  0.82403629517567789
  0.82784102078110033  0.83194283873662656  0.83592818397324120  0.84042868889012001
  0.84459080392282349  0.84801504638252800  0.85104731622706098  0.85399472037329782
  0.85717762563598365  0.86022293738202682  0.86325989406324011  0.86633385264150775
  0.86918739848006366  0.87157555813142873  0.87380405394805616  0.87575851479885569
  0.87745938387398226  0.87915135656175925  0.88081549644550217  0.88276855865946313
  0.88468745656170866  0.88678841179860346  0.88899697931038923  0.89112140264434114
  0.89319919009754700  0.89554613842368036  0.89771873425794080  0.89986960889875578
  0.90189771205323543  0.90402263288040086  0.90640512191593736  0.90916866310605715
  0.91219995298066547  0.91456142097861126  0.91657753377565343  0.91856967022835856
  0.92057962360134205  0.92258669931952952  0.92446216134480930  0.92635681983806961
  0.92796241494555132  0.93006371498358176  0.93223164596743624  0.93443165272884765
  0.93663537727696367  0.93873537513599892  0.94068622724344986  0.94281193090395132
  0.94509392332832964  0.94675864182093994  0.94819600940904791  0.94937667942600745
  0.95062850914628727  0.95190366589889208  0.95325658648442502  0.95463457386281136
  0.95600514680912907  0.95723035359422715  0.95883044535359752  0.96054227171911555
  0.96233686511992200  0.96396959335404808  0.96547244586557435  0.96696055897448263
  0.96844350567573378  0.96985766805206652  0.97146183169182576  0.97312063722648923
  0.97485599644388277  0.97661021817087079  0.97842142095154683  0.98004350874604251
  0.98173923772858818  0.98347572836367325  0.98556816902236200  0.98780141471839455
  0.99036964439318842  0.99331903623396445  0.99655086525285241  1.00000000000000000
 -0.02717285700156272  0.16045373942359600  0.21774682546072027  0.25483483414019775
  0.28435179451633547  0.30680138378649607  0.32550873354560478  0.33971679419992667
  0.35468590288477908  0.36820321946425261  0.38340356197349940  0.39762080949684447
  0.41178272570741092  0.42541251425907578  0.43745057607315940  0.44652834689914567
  0.45527420185720557  0.46233302486654732  0.46850866867638780  0.47485915421010383
  0.48143791124925195  0.48799938658330499  0.49451839867513503  0.50176291737577361
  0.51062798185205782  0.51803980972717545  0.52500051910163104  0.53166794747258483
  0.53846109046824930  0.54528791565238977  0.55109739404455005  0.55716408805405393
  0.56314411280021359  0.56976559219228040  0.57643909421221351  0.58215639954804621
  0.58726344519372209  0.59192168986380023  0.59637266501565078  0.60108540170318603
  0.60552704339165864  0.60952243032229558  0.61426938854456004  0.61878702290698973
  0.62275298321744943  0.62643763989633272  0.63020013806752506  0.63479827705060354
  0.63953752276835696  0.64408957699340574  0.64952496579149477  0.65467707660932262
  0.65886165534929575  0.66232396107118507  0.66638593784217670  0.67214571146538349
  0.67791794859504928  0.68314663790614027  0.68774006113124053  0.69301650886101906
  0.69841060008912814  0.70340850488093809  0.70755906696259274  0.71164540638108442
  0.71522593806321189  0.71847891276415998  0.72244258267857253  0.72593629136675020
  0.72975317698183984  0.73372848046728734  0.73688879115632344  0.74145101026158200
  0.74655385081176540  0.75219497571353222  0.75723794974585534  0.76223386639829405
  0.76743748553786817  0.77416942342103534  0.78207202822215494  0.78964894690008181
  0.79638308791931722  0.80295230044841182  0.80997925646672764  0.81760310408629566
  0.82488422751746193  0.83059662250788735  0.83584139807197189  0.84130898076776695
  0.84744961899867677  0.85546507620567791  0.86547993931019618  0.87970436077923631
  0.89858928789647063  0.91881352790963233  0.94266923181715168  1.00000000000000000
   3.8031991260558202E-015  -1.0000000000000000     
 F F F F F F F F F F F F F F F F F F F F F F F F F F F F F F F F F F F F F F F F F F F F F F F F F F F F F F F F F F F F F F F F F F F F F F F F F F F F F F F F F F F F F F F F F F F F F F F F F F F F F F F F F F F F F F F F F F F F F F F F F F F F F F F F F F F F F F F F F F F F F F F F F F F F F F F F F F F F F F F F F F F F F F F F F F F F F F F F F F F F F F F F F F F F F F F F F F F F F F F F F F F F F F F F F F F F F F F F F F F F F F F F F F F F F F F F F F F F F F F F F F F F F F F F F F F F F F F F F F F F F F F F F F F F F F F F F F F F F F F F F F F F F F F F F F F F F F F F F F F F F F F F F F F F F F F F F F F F F F F F F F F F F F F F F F F F F F F F F F F F F F F F F F F F F F F F F F F F F F F F F F F F F F F F F F F F F F F F F F F F F F F F F F F F F F F F F F F F F F F F F F F F F F F F F F F F F F F F F F F F F F F F F F F F F F F F F F F F F F F F F F F F F F F F F F F F F F F F F F F F F F F F F F F F F F F F F F F F F F F F F F F F F F F F F F F F F F F F F F F F F F F F F F F F F F F F F F F F F F F F F F F F F F F F F F F F F F F F F F F F F F F F F F F F F F F F F F F F F F F F F F F F F F F F F F F F F F F F F F F F F F F F F F F F F F F F F F F F F F F F F F F F F F F F F F F F F F F F F F F F F F F F F F F F F F F F F F F F F F F F F F F F F F F F F F F F F F F F F F F F F F F F F F F F F F F F F F F F F F F F F F F F F F F F F F F F F F F F F F F F F F F F F F F F F F F F F F F F F F F F F F F F F F F F F F F F F F F F F F F F F F F F F F F F F F F F F F F F F F F F F F F F F F F F F F F F F F F F F F F F F F F F F F F F F F F F F F F F F F F F F F F F F F F F F F F F F F F F F F F F F F F F F F F F F F F F F F F F F F F F F F F F F F F F F F F F F F F F F F F F F F F F F F F F F F F F F F F F F F F F F F F F F F F F F F F F F F F F F F F F F F F F F F F F F F F F F F F F F F F F F F F F F F F F F F F F F F F F F F F F F F F F F F F F F F F F F F F F F F F F F F F F F F F F F F F F F F F F F F F F F F F F F F F F F F F F F F F F F F F F F F F F F F F F F F F F F F F F F F F F F F F F F F F F F F F F F F F F F F F F F F F F F F F F F F F F F F F F F F F F F F F F F F F F F F F F F F F F F F F F F F F F F F F F F F F F F F F F F F F F F F F F F F F F F F F F F F F F F F F F F F F F F F F F F F F F F F F F F F F F F F F F F F F F F F F F F F F F F F F F F F F F F F F F F F F F F F F F F F F F F F F F F F F F F F F F F F F F F F F F F F F F F F F F F F F F F F F F F F F F F F F F F F F F F F F F F F F F F F F F F F F F F F F F F F F F F F F F F F F F F F F F F F F F F F F F F F F F F F F F F F F F F F F F F F F F F F F F F F F F F F F F F F F F F F F F F F F F F F F F F F F F F F F F F F F F F F F F F F F F F F F F F F F F F F F F F F F F F F F F F F F F F F F F F F F F F F F F F F F F F F F F F F F F F F F F F F F F F F F F F F F F F F F F F F F F F F F F F F F F F F F F F F F F F F F F F F F F F F F F F F F F F F F F F F F F F F F F F F F F F F F F F F F F F F F F F F F F F F F F F F F F F F F F F F F F F F F F F F F F F F F F F F F F F F F F F F F F F F F F F F F F F F F F F F F F F F F F F F F F F F F F F F F F F F F F F F F F F F F F F F F F F F F F F F F F F F F F F F F F F F F F F F F F F F F F F F F F F F F F F F F F F F F F F F F F F F F F F F F F F F F F F F F F F F F F F F F F F F F F F F F F F F F F F F F F F F F F F F F F F F F F F F F F F F F F F F F F F F F F F F F F F F F F F F F F F F F F F F F F F F F F F F F F F F F F F F F F F F F F F F F F F F F F F F F F F F F F F F F F F F F F F F F F F F F F F F F F F F F F F F F F F F F F F F F F F F F F F F F F F F F F F F F F F F F F F F F F F F F F F F F F F F F F F F F F F F F F F F F F F F F F F F F F F F F F F F F F F F F F F F F F F F F F F F F F F F F F F F F F F F F F F F F F F F F F F F F F F F F F F F F F F F F F F F F F F F F F F F F F F F F F F F F F F F F F F F F F F F F F F F F F F F F F F F F F F F F F F F F F F F F F F F F F F F F F F F F F F F F F F F F F F F F F F F F F F F F F F F F F F F F F F F F F F F F F F F F F F F F F F F F F F F F F F F F F F F F F F F F F F F F F F F F F F F F F F F F F F F F F F F F F F F F F
  <DiscreteSampler_grid>
  grouped_processes
  1 # 1 for a reference and 2 for a running grid.
  10 # Attribute 'min_bin_probing_points' of the grid.
  1 # Attribute 'grid_mode' of the grid. 1=='default',2=='initialization'
  0.0000000000000000 # Attribute 'small_contrib_threshold' of the grid.
  0.5000000000000000 # Attribute 'damping_power' of the grid.
 # binID   n_entries weight   weight_sqr   abs_weight
    61   10   1.016650874753045E-012   1.016559874006577E-023   1.016650874753045E-012
    62   10   1.016650874753049E-012   1.016559874006586E-023   1.016650874753049E-012
    64   10   2.033301749506090E-012   4.066239496026310E-023   2.033301749506090E-012
    65   10   2.033301749506098E-012   4.066239496026344E-023   2.033301749506098E-012
    67   10   1.032848021359517E-011   9.374985026306503E-022   1.032848021359517E-011
    68   10   1.032848021359517E-011   9.374985026306450E-022   1.032848021359517E-011
    70   10   2.065696042719033E-011   3.749994010522601E-021   2.065696042719033E-011
    71   10   2.065696042719033E-011   3.749994010522580E-021   2.065696042719033E-011
    106   10   1.016650874753043E-012   1.016559874006574E-023   1.016650874753043E-012
    107   10   1.016650874753046E-012   1.016559874006581E-023   1.016650874753046E-012
    109   10   2.033301749506086E-012   4.066239496026296E-023   2.033301749506086E-012
    110   10   2.033301749506093E-012   4.066239496026323E-023   2.033301749506093E-012
    112   10   1.032848021359518E-011   9.374985026306496E-022   1.032848021359518E-011
    113   10   1.032848021359517E-011   9.374985026306473E-022   1.032848021359517E-011
    115   10   2.065696042719035E-011   3.749994010522598E-021   2.065696042719035E-011
    116   10   2.065696042719033E-011   3.749994010522589E-021   2.065696042719033E-011
    151   10   9.119660543555714E-013   5.296090293448177E-024   9.119660543555714E-013
    152   10   9.119660543555675E-013   5.296090293448078E-024   9.119660543555675E-013
    154   10   1.823932108711143E-012   2.118436117379271E-023   1.823932108711143E-012
    155   10   1.823932108711135E-012   2.118436117379231E-023   1.823932108711135E-012
    157   10   2.718260876403150E-012   6.131919146127128E-023   2.718260876403150E-012
    158   10   2.718260876403090E-012   6.131919146127039E-023   2.718260876403090E-012
    160   10   5.436521752806300E-012   2.452767658450851E-022   5.436521752806300E-012
    161   10   5.436521752806179E-012   2.452767658450816E-022   5.436521752806179E-012
    196   10   9.119660543555697E-013   5.296090293448150E-024   9.119660543555697E-013
    197   10   9.119660543555697E-013   5.296090293448096E-024   9.119660543555697E-013
    199   10   1.823932108711139E-012   2.118436117379260E-023   1.823932108711139E-012
    200   10   1.823932108711139E-012   2.118436117379238E-023   1.823932108711139E-012
    202   10   2.718260876403146E-012   6.131919146127100E-023   2.718260876403146E-012
    203   10   2.718260876403098E-012   6.131919146127079E-023   2.718260876403098E-012
    205   10   5.436521752806292E-012   2.452767658450840E-022   5.436521752806292E-012
    206   10   5.436521752806196E-012   2.452767658450832E-022   5.436521752806196E-012
  </DiscreteSampler_grid>
