  0.00005404764801754  0.00005414877575393  0.00005430984393457  0.00005447703825780
  0.00005465604527372  0.00005482939465075  0.00005498532459619  0.00005512657818975
  0.00005527368303149  0.00005542731671230  0.00005558022162258  0.00005571721765250
  0.00005585042480510  0.00005601305936739  0.00005620057166165  0.00005643422016188
  0.00005668174633144  0.00005694800810984  0.00005721488003355  0.00005748939831994
  0.00005780378921659  0.00005809066636838  0.00005840304839734  0.00005873377106717
  0.00005902121643771  0.00005935361623960  0.00005966801837586  0.00005998532707759
  0.00006030510611580  0.00006069957761875  0.00006108226247583  0.00006142947283285
  0.00006176544898538  0.00006211194219947  0.00006250623282880  0.00006291148931402
  0.00006338453683082  0.00006390945368959  0.00006443051282392  0.00006496831448716
  0.00006553032976126  0.00006615987520618  0.00006673879008031  0.00006731592567522
  0.00006783721919677  0.00006820334631705  0.00006870373354969  0.00006930230443858
  0.00007000572439105  0.00007082831948514  0.00007172733909431  0.00007268553360290
  0.00007378267080356  0.00007496509366616  0.00007623374775818  0.00007762181234428
  0.00007891874196076  0.00008030003282039  0.00008175539069806  0.00008344311070929
  0.00008536508822880  0.00008706201015631  0.00008844945348837  0.00008974855999337
  0.00009089663480214  0.00009225909908822  0.00009379376005595  0.00009579912512154
  0.00009816875960026  0.00010072441977997  0.00010377808003251  0.00010696062137100
  0.00011020337444858  0.00011339548938066  0.00011660273720358  0.00012037195010704
  0.00012506707300976  0.00012949418710441  0.00013416675770964  0.00013968630762020
  0.00014744685736306  0.00015838632740691  0.00016975251268936  0.00018119133154351
  0.00019114912994099  0.00020900273627066  0.00023725784230662  0.00026598777789519
  0.00030174971205574  0.00035175630697438  0.00043444678424431  0.00055177091332143
  0.00082922475670369  0.00121351051263419  0.27419759878848071  1.00000000000000000
  0.00306730744930392  0.00951135075035961  0.01530214450921808  0.02092452532153027
  0.02732714366289742  0.03626678477022339  0.05033234194425081  0.06482405402703412
  0.07874729993997928  0.09264211208065935  0.10657169798378865  0.12069364727177417
  0.13407440405894658  0.14834542254110189  0.15985613487951025  0.16956916568530039
  0.17992675581846154  0.19202291299050492  0.20535444966869928  0.21790644747908522
  0.23028244393672903  0.24320614048847977  0.25592109285296222  0.26758244699154554
  0.27781053870241373  0.28898967186810137  0.30080134801957381  0.31129316254339573
  0.31995418453649993  0.32877612307542625  0.34029159815827270  0.35224094077045237
  0.36219958967636751  0.37020047685575108  0.37714089030317621  0.38420592399327763
  0.39378502912273045  0.40609265656173671  0.41588852075405736  0.42445651976775217
  0.43506243678490986  0.44769198025084589  0.46122927419596715  0.47351456003542214
  0.48447763249466058  0.49541294439899142  0.50520719669324543  0.51524352364329251
  0.52657045233519406  0.53906798075031814  0.55205766268936207  0.56450184116868851
  0.57511015673573251  0.58366330403508104  0.59241511154426407  0.60095477490508298
  0.61624015409466715  0.63289276715713105  0.64883906375721145  0.66333347327651504
  0.67496439028869160  0.68576744432729486  0.69842771218603594  0.71288865018742398
  0.72522648581009130  0.73372472785305687  0.73994409128433170  0.74727056807147774
  0.75446444965604043  0.76174919282420750  0.76850847290880098  0.77355189521733880
  0.77993769776750443  0.79030032031631137  0.79917643278082040  0.80667669788380736
  0.81263255291218983  0.81838829224922605  0.82613993979530376  0.83558383774931355
  0.84514478547223015  0.85428226195469970  0.86320001436544935  0.87437866110868723
  0.88747339954449644  0.89873568931714720  0.90942112523984830  0.92068336643344073
  0.93149471173752085  0.94279274762899812  0.95177491956970606  0.96249167998141050
  0.97495127430444295  0.98445991149461021  0.99255588993160260  1.00000000000000000
  0.00016400078546551  0.00018223873218782  0.00018814198974444  0.00019249150475273
  0.00019654902397907  0.00020112690550783  0.00020631433142215  0.00021127748533366
  0.00021581924830672  0.00022040036725131  0.00022507304194675  0.00022969013754484
  0.00023454143456015  0.00023982602538196  0.00024467820526880  0.00024963701946266
  0.00025477181134025  0.00026046481989993  0.00026575513706308  0.00027087551666259
  0.00027652487143179  0.00028347913237888  0.00028937180374687  0.00029455026819047
  0.00029923513475837  0.00030405649743365  0.00030976277875983  0.00031636728977423
  0.00032352506918259  0.00033117977595131  0.00033887605860945  0.00034629229531408
  0.00035427698373339  0.00036229451477342  0.00037058611283112  0.00037958087881817
  0.00038873677506796  0.00039796941482548  0.00040747278342473  0.00041620659823291
  0.00042319716503561  0.00043017548169487  0.00043731929622793  0.00044491968993982
  0.00045189165036216  0.00046103038923358  0.00047484082633048  0.00049105002037967
  0.00050713442399827  0.00052288791314342  0.00053948369593620  0.00055724052520297
  0.00057752259721542  0.00059773678763418  0.00061828767820348  0.00063945960530022
  0.00066081565470255  0.00068128500425106  0.00070814410592415  0.00074220986980559
  0.00078094613933067  0.00082684337737789  0.00086389999721655  0.00089882361512318
  0.00093244157390590  0.00096707681702001  0.00101298731499042  0.00107263477766805
  0.00113480813990651  0.00118823702348668  0.00124831957921757  0.00130115331316961
  0.00134719228075738  0.00140107754769829  0.00145486972834521  0.00150856571524157
  0.00160192834065893  0.00172625749332210  0.00185204554226740  0.00195527993870898
  0.00207216987974747  0.00221236757874960  0.00244783650507453  0.00281806958480249
  0.00326279414997668  0.00375021117396774  0.00435028290051974  0.00546769430928541
  0.00691870337735766  0.00870297568330340  0.01068564226770798  0.01233834251076369
  0.01403157220930307  0.01648634935743888  0.44161733352462562  1.00000000000000000
  0.00069422386361739  0.02421856886948879  0.03709509321655811  0.04966031448443351
  0.06220795460817082  0.07243206492142970  0.08116018956666814  0.09107650380911231
  0.10249441523526319  0.11718202783400637  0.13461583097600202  0.15200096547351899
  0.16630126497974004  0.17622359175872565  0.18252718682657798  0.18930828839201169
  0.19619573657881187  0.20297981719433167  0.21095511003412470  0.21948912703559545
  0.22781832543555239  0.23777683611541942  0.24590513369251166  0.25320716706119767
  0.26084546545812493  0.26955739068259071  0.28084054497268585  0.29274773184790281
  0.30517958596531891  0.31878323186842888  0.33295417592604026  0.34799182291332320
  0.36321150785629219  0.37739751687962053  0.38715076222353006  0.39478977004357907
  0.40295744562489949  0.41096298767308809  0.41805466963455312  0.42545283612736212
  0.43336179747247167  0.44224097178005722  0.45425647481250475  0.46804157641075522
  0.48053675047492217  0.49225749730182333  0.50355598129845780  0.51490129358027004
  0.52833389833299538  0.54229344218254860  0.55546491040592338  0.56799832784381921
  0.57931412426015128  0.59231861188253188  0.60437782512895477  0.61553612593551421
  0.62723781336973949  0.63935099819269925  0.65238016142725752  0.66582017789382630
  0.67463358960041309  0.68126366998835797  0.68711541830187350  0.69497668505447541
  0.70214130087012416  0.70954041854194083  0.71602905654351179  0.72695250431333769
  0.73793603676256758  0.74732262665293780  0.75608486058983659  0.76334386214188044
  0.77182810764930321  0.78067606555142877  0.79037401250008865  0.80162437565132005
  0.81435720631173802  0.82743568461532013  0.83837888722827369  0.84741610670379330
  0.85726828756399642  0.86909546599991772  0.88091175668934929  0.89042276261014508
  0.89829758913167812  0.90520975823814465  0.91327601910576628  0.92353638591079812
  0.93434209629219422  0.94537417483541908  0.95680024093070459  0.96829211560190354
  0.97836552028734214  0.98641520138319483  0.99218981796110972  1.00000000000000000
  0.00889306585162915  0.01827778856435346  0.03063185100707871  0.04263395916883272
  0.05382275430899945  0.06436951998530852  0.07473384927612477  0.08479141713171905
  0.09584513999240143  0.10731736087423577  0.11746546872402501  0.12666750764607532
  0.13651696072469532  0.14790987889788701  0.16121021919968306  0.17582051785734640
  0.18676593650362708  0.19567682944603521  0.20406894432498179  0.21265568041252358
  0.22176896929209661  0.23045262482342199  0.23878497449272235  0.24886562235739751
  0.25884665115362016  0.26764845991781971  0.27721247020678041  0.28828496262736425
  0.29931117983812949  0.31095929885109125  0.32405280320004709  0.33856782221258364
  0.35292479692960793  0.36244248028314657  0.37051016219618371  0.37855577949404795
  0.38605359987062271  0.39347442336367922  0.40494367309267698  0.41872563593191608
  0.43118194569936030  0.44177588070525697  0.45140505567259898  0.46170460103627736
  0.47288152326222471  0.48555911406210756  0.49838947366415387  0.51169438116179944
  0.52379192837363975  0.53694526274293330  0.54918942178280694  0.56129433154162345
  0.57412270674310062  0.58563633404720739  0.59706662691729462  0.60617141230243510
  0.61521484311533736  0.62114048507990771  0.62756234074211159  0.63497347071746746
  0.64315498009019778  0.65152005549654990  0.66168849086090631  0.67114304306880546
  0.68066831048623200  0.68982443413449790  0.69867542449957176  0.70754816866995751
  0.71683447061048711  0.72719515345702590  0.73876642918921143  0.75095866836800251
  0.76343841776189481  0.77520899937250720  0.78629083895217600  0.79728451699013103
  0.80807288311999237  0.81670345259162536  0.82384985885852335  0.83293704395106116
  0.84457870465509433  0.85752296118732474  0.86962800866137679  0.88256284843364208
  0.89585205118828548  0.90585554714948446  0.91505396484049661  0.92391393949629197
  0.93314894507035517  0.94302235393692546  0.95301059101441188  0.96382854256131301
  0.97469834275803835  0.98353508516039101  0.99121482027328589  1.00000000000000000
  0.00015178402307416  0.00023426664218028  0.00025391768445154  0.00026473678569763
  0.00027329849877182  0.00028166280363221  0.00029078442818556  0.00029908601377260
  0.00030778706105044  0.00031671774278818  0.00032606341962951  0.00033420950324271
  0.00034098035752076  0.00034702781774362  0.00035215581594973  0.00035663897944009
  0.00036208546231439  0.00036992210584187  0.00037704166701403  0.00038351923513490
  0.00038999873851094  0.00039577024014909  0.00040139112425456  0.00040934201086793
  0.00041969715290692  0.00043195650047063  0.00044618519774078  0.00046183419423594
  0.00047694897132524  0.00049116336762672  0.00050489691577661  0.00051833753333253
  0.00053269844453073  0.00054967757713314  0.00056851931373024  0.00058463577401574
  0.00060278098839272  0.00062229794057569  0.00064131957125248  0.00066322637956498
  0.00068548312096300  0.00070872467564199  0.00073323975702261  0.00075730698688934
  0.00078345282701792  0.00081072359680497  0.00084474453407143  0.00087884897810384
  0.00091424727719110  0.00095228194095214  0.00098416454006642  0.00100194356016282
  0.00102350818660644  0.00104762373073552  0.00107538944684086  0.00111338489787177
  0.00115643243862792  0.00119606897815278  0.00124539629919305  0.00131297417527423
  0.00139960914847076  0.00149365193437823  0.00157597640669097  0.00164830934698803
  0.00172204275016862  0.00179928957780706  0.00186066743746869  0.00191585267513701
  0.00198365771827203  0.00209738261553048  0.00220737108916806  0.00228763311271794
  0.00238144460973551  0.00251236262634883  0.00270692171326820  0.00293490793923875
  0.00316812396145596  0.00333888195012984  0.00348042048598812  0.00361973256171405
  0.00379010712331064  0.00395736586622252  0.00414606563813553  0.00444266544138297
  0.00488419837785699  0.00536899737558707  0.00575093088358523  0.00605948466765748
  0.00635518538023082  0.00659676136159404  0.00717342849889164  0.00830069849531950
  0.00931874341431118  0.01076428568745141  0.07416785376138489  1.00000000000000000
  0.00000323871712840  0.00005736876049043  0.00007269775937265  0.00008088271654130
  0.00008833635112503  0.00009390838616732  0.00010073045418214  0.00010911066244467
  0.00011882755336158  0.00012604704642801  0.00013164736004010  0.00013740180669037
  0.00014386022638335  0.00015276963131310  0.00016181140863718  0.00017279021144264
  0.00018405089851351  0.00019400325447118  0.00020391732435434  0.00021409787965186
  0.00022576488348440  0.00023762507967743  0.00025084352620305  0.00026590899334644
  0.00028225532991484  0.00029820781426458  0.00031328020237939  0.00032730698690411
  0.00034245732433866  0.00035811850603537  0.00037422540314425  0.00039283677487285
  0.00041222313766809  0.00043362815055136  0.00045646148603497  0.00048414221870066
  0.00051830927666007  0.00055067650741672  0.00057897717957535  0.00060679868765559
  0.00063490006229560  0.00066650484451067  0.00070325313725240  0.00074333119912059
  0.00078377889276269  0.00082155521455247  0.00086016503086614  0.00090256792941972
  0.00094260324092233  0.00097307946305157  0.00100188756245437  0.00102414884782045
  0.00104429259423909  0.00106523457510638  0.00108668156456898  0.00111065057952257
  0.00113903118854189  0.00116833525771338  0.00119680906805630  0.00123467524573589
  0.00128216420020909  0.00134006564176034  0.00141576888460004  0.00150622137342022
  0.00160291843781241  0.00170271528157902  0.00180460768756795  0.00190052201856042
  0.00198646551581080  0.00206771217528929  0.00214127841445844  0.00220931028220304
  0.00227423011938203  0.00234817754370843  0.00241363100333221  0.00248104635040516
  0.00255811936865284  0.00264619056842339  0.00275923036162368  0.00292211190963275
  0.00304693317395060  0.00315269067462375  0.00329603055357265  0.00344536836791537
  0.00362871826615679  0.00382703516501752  0.00415796714840715  0.00452315393370344
  0.00509723768839548  0.00609241587579150  0.00734423022014082  0.00841272131118452
  0.00905016444688821  0.01039878450728957  0.01278736036670590  1.00000000000000000
 -0.00181482967328882  0.00644528458685323  0.01398591605307474  0.02224530851844483
  0.03068221600022874  0.04050879199889337  0.04934711638754263  0.05807259517114920
  0.06935273725437954  0.08059799728478959  0.09170494567864575  0.10217790902746249
  0.11191837721126723  0.12422375598644075  0.13683777512936157  0.14464878644033807
  0.15233462321517066  0.16015894779313686  0.16794782417910165  0.17651269194778182
  0.18566911950184312  0.19374846283930558  0.20185685527520625  0.21048435778703786
  0.21760410331200017  0.22462995544693060  0.23240398012326932  0.24243569552603048
  0.25344675426632346  0.26492468465174429  0.27722527673370961  0.28982617634808094
  0.30304436060276230  0.31565480178682159  0.32653802880678284  0.33534017151261392
  0.34445298286358084  0.35374212635597679  0.36228230714964327  0.37194489517167523
  0.38040575611265842  0.38898852418941882  0.39682577835341271  0.40474482138875684
  0.41211643097646178  0.42000744728237543  0.42801603812538846  0.43768050483177112
  0.44695109988165527  0.45579614895494180  0.46443872442953882  0.47361933768398429
  0.48409406313088771  0.49494940583668584  0.50624771100225763  0.51726254199794164
  0.52708583982322066  0.53583176181125636  0.54315402786417899  0.55089778350169261
  0.55968431118391271  0.57005759085199004  0.58060553008560467  0.59203894439865012
  0.60668934761286897  0.61727795369420424  0.62692062664132076  0.63567318593700273
  0.64445640082249100  0.65377026711423503  0.66268373067626507  0.67148067969601621
  0.68115674102717561  0.69580071577414571  0.70326256504277063  0.70901999858778153
  0.71334323204835504  0.71792827368272905  0.72296017550078895  0.72623016404787144
  0.73256814075012544  0.73854459065230804  0.74583654805884880  0.75424627862231108
  0.76450129074483797  0.77636917836810682  0.78921663694119060  0.80292220916187007
  0.81537272103141123  0.82886331033569915  0.84175005198395592  0.85886514612715392
  0.88358056818108366  0.91302436234654183  0.95163629249354575  1.00000000000000000
 -0.00318016386684806  0.00568675948238949  0.01418807893003229  0.02358142627019572
  0.03474792481081103  0.04459469387400114  0.05118287055395366  0.05858394121018689
  0.06668219554229199  0.07562018907276906  0.08487798223616590  0.09589581981515026
  0.10689555091964424  0.11607269054474360  0.12389878223651990  0.13295524308206416
  0.14365680527949690  0.15591256101810674  0.17081375761371911  0.18369569071050773
  0.19428439175966897  0.20446473639636067  0.21453446713388391  0.22645458409064725
  0.23755962875485179  0.24937816797784740  0.26318025271730694  0.27688833947862995
  0.28998339226318570  0.30180008022273169  0.31292188751332900  0.32257358819463705
  0.33272703240047019  0.34579344059622241  0.35796409927262662  0.36993243513673929
  0.38004294175824510  0.38888369425469288  0.39681941862084735  0.40454472397071933
  0.41341406279175719  0.42255660684444057  0.43315421350378691  0.44537604704879147
  0.45738838064125037  0.46802028908958171  0.47734113168486897  0.48725651252322488
  0.49701599444838479  0.50575687010454617  0.51306273473967845  0.52069940108408563
  0.52970025611694316  0.54184453333501403  0.55192552526970318  0.56148957128392740
  0.57114884810083388  0.58094197441506423  0.59224800274060374  0.60283676290260968
  0.61337915449747171  0.62444193556656269  0.63468314255898051  0.64294814852039006
  0.65083434275265373  0.65861810375867713  0.66707670951574127  0.67800796036614586
  0.68844660449818740  0.70116132057914160  0.71111133431681717  0.72046970235038410
  0.73016593512363825  0.73979114033459337  0.75031365133049321  0.76203184905674792
  0.77407764430283621  0.78541120791320296  0.79624126984653198  0.80749825742878067
  0.81993063309879366  0.83214855821178890  0.84328560631553673  0.85427047941048229
  0.86551129572354812  0.87648483221819218  0.88915011100104246  0.90164945480824177
  0.91446501986371798  0.92819833338141478  0.94277112064881774  0.95669537673085947
  0.96862123780345155  0.97906707121219838  0.98947275897287323  1.00000000000000000
 -0.00907394337097800  0.01651104786378880  0.03991573990007481  0.05388858033997476
  0.07303901517238789  0.09866005177232373  0.12306984938684544  0.14294591431000764
  0.15857530666423081  0.17466449542099335  0.19168128023343270  0.20592044849949193
  0.21823089847120897  0.22999900088373199  0.24355518797054218  0.25897015185135552
  0.27427760535746137  0.28748908373159449  0.29856714976894982  0.30864622856059554
  0.31890391777710847  0.33016888163057423  0.34186466264663934  0.35243095758515264
  0.36209486462668827  0.37126918259052921  0.38026457722267870  0.38956950694773629
  0.39999313262036895  0.41082070208340643  0.42202924298628058  0.43320867522543305
  0.44414350079575765  0.45538671244163770  0.46744012304860072  0.48075342065685622
  0.49266004008018649  0.50220521184245948  0.51059933174283489  0.51812347268919379
  0.52456416966475794  0.53077262236323952  0.53772879358409686  0.54462024504822248
  0.55306800810834311  0.56376912670235813  0.57513448155240943  0.58544456422376523
  0.59436668037293494  0.60210219455370317  0.60934389239805853  0.61591515157884380
  0.62304727384758207  0.63056224728040344  0.63878536794681939  0.64543160469529914
  0.65157723647000931  0.65819149361940921  0.66629299258821584  0.67658232096972060
  0.68650388966412257  0.69486706616956684  0.70261245412651807  0.71007167265817428
  0.71636986891981314  0.72291932800551173  0.72919868099230134  0.73596266534289922
  0.74275252204409814  0.75138848569618955  0.76066454118756854  0.77135499894848736
  0.78454394988570553  0.79643589986998753  0.80762314565828131  0.81969198938810017
  0.83020876949434108  0.83889019768452788  0.84646871136386759  0.85552144993532775
  0.86660903716193138  0.87695827573522334  0.88523172405516914  0.89496535826601165
  0.90520220163284548  0.91275272085108861  0.91825056413521355  0.92443377899540269
  0.93098416396266370  0.93810115146497486  0.94449141702178563  0.95345186763346024
  0.96678772840308602  0.97946858972395734  0.99032091667170485  1.00000000000000000
 -0.00366408957354446  0.01281436341127576  0.02664214758964344  0.03842254014749664
  0.05070838861256145  0.06180508234731737  0.07174040257491206  0.08062893311860052
  0.08859108144389924  0.09678349337887260  0.10634375288694890  0.11851538952516953
  0.13106081163175640  0.14439534071519397  0.15978732404075441  0.17665664458767072
  0.19092842725563278  0.20481292329978715  0.21744475129517959  0.22581946469892050
  0.23336338555365538  0.24134468018590929  0.25024836251814131  0.25977059218245224
  0.26770664907802949  0.27512817737024597  0.28249512566671048  0.29304682179556735
  0.30511840233055304  0.31714385912950038  0.32886005402757845  0.34012525215973605
  0.34887255549952245  0.35608644163713526  0.36389400295496360  0.37134578633992515
  0.37850865845898407  0.38701332495163443  0.39686231880163930  0.40859586586631852
  0.42003010012032443  0.42990465861923427  0.43957427148570954  0.44969989576848635
  0.46225693678000102  0.47644715150341815  0.49029603621486451  0.50397089790236538
  0.51424109854927746  0.52641087531172448  0.53667630794945886  0.54783504113812065
  0.55909124071437821  0.57134187748923526  0.58483148483124292  0.59563602305005314
  0.60388441710045948  0.61384665530383375  0.62492493530307613  0.63623893024422773
  0.64805149491292180  0.65668431118340109  0.66301503691692432  0.66912922941734143
  0.67487375873585187  0.68120949577377499  0.69149230740367973  0.70400869674492372
  0.71649300683248984  0.72881492419967553  0.74158570853588734  0.75363416397558969
  0.76478052245433548  0.77603804931344600  0.78700524356300416  0.79660974937511930
  0.80555780915853581  0.81589339459992249  0.82761530516399884  0.84121556881614090
  0.85401946302659493  0.86246626478146082  0.87024965506532692  0.87771380875248706
  0.88418099407357009  0.89054037398154962  0.89946706491484685  0.91139079037402215
  0.92264802721710104  0.93545329482811956  0.94779013183247252  0.95796693723310511
  0.96715724022371141  0.97546302345039715  0.98677985939129809  1.00000000000000000
 -0.01049056556294195  0.04374556820657945  0.06093009334432167  0.06991419616828719
  0.07929553328244532  0.09045868802807119  0.09625732855396055  0.10277703587427756
  0.11280405787854794  0.12565392106417111  0.14033324318809509  0.15553454667419581
  0.17068832261865469  0.18800653268190673  0.20610285376431650  0.22468326889191187
  0.24265185293667141  0.25926267301800615  0.27262600357485306  0.28386820632639925
  0.29452808358128374  0.30622952120580416  0.31856490923420966  0.33148055273587779
  0.34796977041762878  0.36393292123683085  0.37836697181675233  0.39086472186436194
  0.40029404892031961  0.40986315320114719  0.41824107635741226  0.42626621635825729
  0.43435859159142665  0.44242948034647206  0.45007708695340731  0.45589370676609814
  0.46315094416268299  0.47094705557751920  0.47925998910537515  0.48900500755882936
  0.50049566463725026  0.51089447256196985  0.52148120248546370  0.53085352903060345
  0.53947313488297111  0.54758077536899519  0.55623442030732895  0.56568140791169808
  0.57504139345729233  0.58377534452501556  0.59152424746014631  0.59993029169509615
  0.60824983460620907  0.61688315685798822  0.62726093864458576  0.63724549018459675
  0.64686871965707904  0.65595202046782675  0.66489262446710606  0.67452382015861545
  0.68415383744219138  0.69319609596256426  0.70284742774286413  0.71351240921696346
  0.72464609241840539  0.73351900235566847  0.74105711328076584  0.74828763576007740
  0.75607604823151164  0.76405790486843606  0.77414082547746599  0.78438611437538697
  0.79495454005749244  0.80506747551345026  0.81327025420891996  0.82103382860609919
  0.82863427941433032  0.83626822171960657  0.84564265836297592  0.85590634406461819
  0.86399080864752831  0.87087739020163024  0.87762932910590463  0.88470441892382168
  0.89325867132679837  0.90177183215072365  0.90927753318595184  0.91682291190042731
  0.92396038429433758  0.93198374153528807  0.94129566361516404  0.95137901599748476
  0.96201895054880626  0.97383751284129483  0.98616008381483689  1.00000000000000000
 -0.00213374562050338  0.00991779913918417  0.02070133301341387  0.03013346056314579
  0.04139960166460715  0.05325617009202180  0.06400458463010587  0.07346759205464286
  0.08224104257176705  0.09165705049910336  0.10143104193943880  0.11063598591034852
  0.11911933933771310  0.12769193356833305  0.13617974161684152  0.14378695689243573
  0.15044719407760038  0.15631889300535459  0.16371857745764754  0.17275440783514365
  0.18163252068167834  0.18821819864411868  0.19518260650093297  0.20411543595733950
  0.21566062580443235  0.22654714353822267  0.23663184464266032  0.24750434194511214
  0.25907706839264966  0.27375745957977216  0.29009272971092664  0.30472476826327854
  0.31724356807458576  0.32927213305034447  0.34114105508088732  0.35367168711562796
  0.36396073892962394  0.37521021983873065  0.38558755267434081  0.39632396225873751
  0.40809031417584829  0.42111497187083069  0.43546005012859240  0.45008949698792139
  0.46293950774854253  0.47608786729504354  0.48848316144632264  0.50025696056338187
  0.51176710681604720  0.52314424902531775  0.53556616965895754  0.54751792356436235
  0.55969793643372889  0.57202127468752739  0.58389837630713826  0.59474801012233003
  0.60470929634903137  0.61322095933028797  0.62175891523005589  0.63019359131512709
  0.63839485063853307  0.64812490769568543  0.65732264719726563  0.66556960567385015
  0.67344268787173323  0.68295109368138562  0.69664987231793640  0.70662341714965538
  0.71313020127911508  0.71962317572779577  0.72624950625410678  0.73292119598545868
  0.73909963332149864  0.74784730212409101  0.75857977216552874  0.76653448543811264
  0.77586294418986468  0.78560419079614019  0.79626802596844626  0.80715072384532627
  0.81785519370895876  0.82648927864193544  0.83743169400399620  0.85003753863710918
  0.86472964852408762  0.88037617257050660  0.89545101791629156  0.90998273814624897
  0.92297857987847076  0.93389410876652734  0.94348047793777912  0.95264641905562630
  0.96370641747993080  0.97562949756130302  0.98833540368988027  1.00000000000000000
 -0.00747112586883326  0.03938552632720541  0.06769234155159355  0.08489874604121828
  0.09572082734440829  0.10786519288169499  0.12043589780618756  0.13308861951434919
  0.14720401631050642  0.16338717211311962  0.17620371495036272  0.18924672765586470
  0.20520597245669298  0.22434301347112692  0.23745274364470129  0.24696664970585253
  0.25697346265507276  0.26957674253672120  0.28280315593367428  0.29529501512628548
  0.30699847358881160  0.31658608810567956  0.32678850273281862  0.33685376768638425
  0.34654899620021185  0.35749591593801816  0.36841739938000356  0.37968365403499216
  0.39197262560844154  0.40156369806320263  0.41114381886141643  0.42024698517010539
  0.42927678145543441  0.43726798560354740  0.44401529704120185  0.45050470980061980
  0.45696770842604456  0.46556860466660238  0.47457960213268613  0.48439974059884811
  0.49529098566783886  0.50954051640189713  0.52547346379898585  0.54008939069146900
  0.55079298993716097  0.56094646050819430  0.57112972402034567  0.58194637820356099
  0.59046772243210077  0.59908496153924240  0.60768427018517235  0.61627256535876085
  0.62515578714865283  0.63468174132043820  0.64428651024778405  0.65394476828151782
  0.66453160180899529  0.67480280958258054  0.68417378308204302  0.69364987302308723
  0.70363568125371390  0.71226544228909949  0.72025874994832872  0.72729983244491991
  0.73526727925739765  0.74345463337075635  0.75204506843997210  0.76142148238215379
  0.77142744780458394  0.78118254028439227  0.79053443945610347  0.79927423399623965
  0.80944677188052683  0.81938748770442871  0.82922256631336211  0.83969682371131371
  0.84945365815266316  0.85742820658495367  0.86517294918187315  0.87409767695655094
  0.88505177922206146  0.89752408177737442  0.90756262146657352  0.91234222293552947
  0.91574507528186955  0.91964215433395657  0.92526224503195453  0.93200634696486484
  0.93768833149292208  0.94539188846959576  0.95683389279893694  0.96690724379110882
  0.97566555600084326  0.98383984136338176  0.99162063198898087  1.00000000000000000
 -0.00402387286133384  0.01602421397728883  0.03122138121511443  0.04409822575607833
  0.05592279474654159  0.06747784202193172  0.08025917404302067  0.09234913351661039
  0.10439805387537052  0.11677479169457708  0.12816128327547047  0.14083785520079650
  0.15162754041626469  0.16222547604893864  0.16887602588782635  0.17470426348235363
  0.18019151683659992  0.18521397541003104  0.18922584885298460  0.19273552667044830
  0.19636722919612562  0.20070524211609300  0.20969909135486275  0.22209473480572470
  0.23484379367931080  0.24747584810783688  0.25911222643269116  0.26856953631285518
  0.27668605629848364  0.28483148798213542  0.29297372461095067  0.30117944299241362
  0.31181743168855497  0.32087251295388375  0.32856508412572205  0.33615576915140699
  0.34447747580861093  0.35469749604440881  0.36657571940958639  0.37775666847890205
  0.38873223447344241  0.39806204262636263  0.40815118471294137  0.41833289347509289
  0.42845934097920207  0.43938641402355444  0.45025095678130944  0.46119304347969864
  0.47216377278550842  0.48336920329031630  0.49520703332720906  0.50761651498427929
  0.52008326749962208  0.53247096944806305  0.54362448618149373  0.55547616853896975
  0.56719154919467374  0.57748203106362084  0.58784628981650944  0.59700816396863043
  0.60509192672567313  0.61238440285471107  0.61993871285905222  0.62933412737169792
  0.63974882778607267  0.65086703731317208  0.66221515862393554  0.67226106599787527
  0.68070912821798912  0.69046623635863580  0.70223904344253452  0.71592071363221443
  0.73025182006564260  0.74356414269220994  0.75442496266493619  0.76414586760070391
  0.77343310285257449  0.78200855666293156  0.79305796739713019  0.80769170073726915
  0.82290662885237043  0.83680522727244711  0.84901143523067635  0.86001147957182833
  0.87110071099167463  0.88143571829385292  0.89069278313293576  0.90255594292681585
  0.91511785798348999  0.92844004689050208  0.94151673007260561  0.95294266819917472
  0.96299350098022818  0.97399878219127956  0.98483776732968986  1.00000000000000000
 -0.00158993708506658  0.00281481915162500  0.00736959725162219  0.01264937167774276
  0.01814728161621530  0.02427761916318728  0.03484396347474090  0.04545241592965227
  0.05507873541830773  0.06400906514716258  0.07323207573393607  0.08500203046975686
  0.09833000681317235  0.11086936162226481  0.12138712290905808  0.13193793099134118
  0.14079946508118174  0.14842708984203073  0.15813976345745123  0.17006426461773608
  0.18533456562821965  0.19845523953776034  0.21101402306768863  0.22280798276836142
  0.23519561277970535  0.24755544215828390  0.25644062780312216  0.26437162616358451
  0.27085246817327574  0.27680435876889403  0.28701442225066148  0.29679962802314036
  0.30793331670726626  0.31815332481336150  0.32958502120351990  0.34073415132949852
  0.34834631143622946  0.35607212652380155  0.36374411006372931  0.37115496772115375
  0.38074155763692874  0.39156751262462586  0.40283161064635836  0.41385463139575696
  0.42328491840655375  0.43199026600454909  0.44174116652513168  0.45388628124299574
  0.46702319669361825  0.47931529403953649  0.49104149148872828  0.50245070023820271
  0.51281787733918616  0.52270907969326141  0.53324408942285828  0.54599337557009009
  0.56117149295278645  0.57871345427474341  0.59537853523687245  0.61267168336862865
  0.62877207994098172  0.64027123232882599  0.65215915406167102  0.66254329541696466
  0.67194299818062730  0.68125524551956040  0.69092565397510464  0.70234436481373796
  0.71590116840386286  0.72698463336712815  0.73807452784883154  0.74813450132479054
  0.75784628555248656  0.76660761761477336  0.77559039868459989  0.78634413939888992
  0.79863688220639772  0.81196424201238671  0.82334855487552194  0.83361859469462296
  0.84319404965454503  0.85290312420730519  0.86276133383761022  0.87177184522613338
  0.88156132831124134  0.89219909220185589  0.90050507907268551  0.90780801147763235
  0.91605383665003692  0.92504313620988188  0.93495454562712532  0.94669642609472227
  0.96034655413826286  0.97510835394467654  0.98831720502859499  1.00000000000000000
 -0.00237393275859811  0.01045829592491393  0.02341071502759050  0.03580207102255960
  0.04390252892533517  0.05218641231224109  0.05994405822212948  0.06612257754786262
  0.07416562272241752  0.08239092986456931  0.09011358383599606  0.09930859916359099
  0.10933161645493333  0.11975106643821985  0.12790639951508481  0.13620580033530305
  0.14461817726438314  0.15236911605457984  0.16079642182604298  0.17160202102407535
  0.18362617992141561  0.19690846345444435  0.20838779474905483  0.21923960534161085
  0.22993551536453147  0.24044556768649789  0.25106081975162181  0.26259034343348292
  0.27311617106096753  0.28421789793519270  0.29467786457723655  0.30552919355553954
  0.31592594621488457  0.32796251478525879  0.33865854990395883  0.35120568800660157
  0.36492642714795492  0.37811524782518702  0.39050685629461979  0.40254666546396722
  0.41490367127941175  0.42738980920232306  0.43995240081506065  0.45229509136774387
  0.46406950120558976  0.47491626525159758  0.48492532858357928  0.49540623339475298
  0.50545696766167469  0.51550201604665591  0.52633254678563091  0.53488599186259345
  0.54402507207456241  0.55300289570570016  0.56319620165473672  0.57082272430845016
  0.57802058950342416  0.58586065797935327  0.59379927092468698  0.60326433247100297
  0.61388653433911955  0.62501771510154536  0.63691665506839967  0.64838045999049321
  0.65663224489090577  0.66290802027026363  0.66971033234030908  0.67725367508503309
  0.68460016030222304  0.69154114664367061  0.70114833238390639  0.71450425792236338
  0.72745267529093005  0.73895317101314051  0.75034302298602429  0.76125349330200653
  0.77225587943700569  0.78255047795164645  0.79809779038024109  0.81385119796170358
  0.82644802771615611  0.83685939968691536  0.84759024489798473  0.85935749412764617
  0.87006519158161455  0.88113284782100432  0.89385830111265940  0.90688256254315314
  0.91965859904291669  0.93229183954785133  0.94421851122966782  0.95553719226387746
  0.96662945764904629  0.97746849331258734  0.98855743712541788  1.00000000000000000
 -0.00276677029021627  0.01144894691172711  0.02571986559493783  0.04351936026967181
  0.06219182219736004  0.07880427634674537  0.09382774809795751  0.10848350732465090
  0.12264174098720904  0.13575187086181142  0.14672197332833128  0.15642671784352560
  0.16571579544660364  0.17695019274820845  0.19107784758807267  0.20461856828931149
  0.21509654366319464  0.22319631844094970  0.23090461490901962  0.23815064061908819
  0.24539029804875997  0.25339153978995699  0.25656313885519927  0.26212536537618430
  0.26682326205366014  0.27210268041368363  0.27787323492242366  0.28208076447835151
  0.28869384932504810  0.29725394476819234  0.30711874535586625  0.31632087721243596
  0.32460403065026566  0.33251514568269142  0.34082450041736584  0.34834173356762410
  0.35538103302136553  0.36143962722618472  0.36838817258880202  0.37608966231559060
  0.38513072259320857  0.39611930293032571  0.40608262635557951  0.41394668694009473
  0.42089529073485160  0.42772517804358973  0.43432815517509654  0.44266445760191786
  0.45373706063822988  0.46483218176858371  0.47493986421773404  0.48551092699141318
  0.49712014056663334  0.50943169136332178  0.52190738781863300  0.53380538283947665
  0.54460418972038360  0.55448209838422802  0.56368417893255507  0.57279097343696028
  0.58288342708040042  0.59244190259504614  0.60249769521957175  0.61279132878893527
  0.62413648461997850  0.63527231027254483  0.64440053211911885  0.65217148650017243
  0.65968516385753806  0.66716205745099300  0.67343636177461996  0.68039917421674490
  0.68748620035342090  0.69619636674559637  0.70498369094025648  0.71355924114218827
  0.72183141967284958  0.72963734411725056  0.73970600207415893  0.75103646400649449
  0.76561421060290913  0.78092868362509971  0.79433321484961306  0.80543058283013558
  0.81918132896178608  0.83260637770990675  0.84774365521891537  0.86221184115619587
  0.87557639295243428  0.88849677290746187  0.90323261486955819  0.92144644555724309
  0.94024018105467511  0.95753104500301833  0.97576122182583325  1.00000000000000000
 -0.00285747263926523  0.00936106441264827  0.01468884348652237  0.01940845640836066
  0.02549489748901962  0.03293190133292097  0.04082073984281524  0.04783611169993229
  0.05472569299259045  0.06527572155968570  0.07779573253301340  0.09006454117778571
  0.10262946982268836  0.11488008276860709  0.12660101247595329  0.13606751526539587
  0.14557351070564015  0.15495364214839349  0.16350576030755953  0.17348307820429262
  0.18367667186029915  0.19265342010949596  0.20229705508604520  0.21275651206001850
  0.22326916534901772  0.23520830202180446  0.24520596334936698  0.25425669036252674
  0.26234343120898063  0.27023410061462333  0.27669429152887459  0.28279173167141780
  0.28887923187077863  0.29693014215959634  0.30795964990845320  0.31982783257651076
  0.33084692467875654  0.34057654005298049  0.35040817155254511  0.36048759335357811
  0.37293655762498717  0.38615346173401183  0.39859412722830095  0.41155307534168273
  0.42364009005403253  0.43563128983471988  0.44810696796231664  0.46081786105931705
  0.47269676990975718  0.48476030249552593  0.49773981604295309  0.51191425763849185
  0.52708522911225564  0.53940120181908902  0.55004319110300692  0.55862698317055592
  0.56682052238506575  0.57686578953702394  0.58758123145986252  0.59876968277379772
  0.61024098944372829  0.62231845085359727  0.63417427632854773  0.64654205280320354
  0.66062337014167516  0.67473693326860662  0.68816012414073180  0.70169536610295347
  0.71469208846203103  0.72746560229920121  0.73893222355225174  0.74941705200845632
  0.76014743924392802  0.76804144065260549  0.77502295360436291  0.78304129701244685
  0.79154646737951728  0.80219159961784503  0.80841860584962888  0.81594872701204646
  0.82440971458645618  0.83302373880593006  0.84259126963407005  0.85563797525018803
  0.86789272975168996  0.87907032895020265  0.89129224489408232  0.90431751743966649
  0.91596713577560795  0.92870922300123249  0.94109583397139718  0.95283574084958167
  0.96599325659582069  0.97785532560323651  0.98795833355357598  1.00000000000000000
 -0.00302740261655146  0.01088344991014427  0.02228858170060630  0.03260743157358630
  0.04333216190735905  0.05105157415327444  0.05676452704667715  0.06280943532643378
  0.06897500823337395  0.07423381172438787  0.08141640933866534  0.09141951100713695
  0.10206765014700364  0.10995686085089885  0.11601746132886251  0.12356365671561018
  0.13214025859881859  0.14141428452319213  0.15178390136789571  0.16227672012962172
  0.17215181870588828  0.18126738355687327  0.18820819826322743  0.19599071806038118
  0.20485214821879519  0.21534759308097234  0.22745239242898294  0.23749319984987163
  0.24786814581929145  0.25933692577573747  0.27135268223167647  0.28325768433114773
  0.29531181907657938  0.30779679474293814  0.31993225140447251  0.33158040112411413
  0.34171037920163677  0.35274028400917679  0.36648406731568128  0.38114432408495907
  0.39086717593056625  0.39896935995161087  0.40769700377388685  0.41710717254530849
  0.42799032118389013  0.43922344417805420  0.45111966956910249  0.46462263449621871
  0.47890550888971284  0.49454865442042278  0.50826547091129348  0.52201795718101107
  0.53584779734112387  0.54833799451922227  0.56046452281776349  0.57248009668467092
  0.58333331023452750  0.59414095396211797  0.60449236829019792  0.61508274235146676
  0.62577647583937124  0.63590565482698536  0.64621189561699544  0.65663565258094847
  0.66630336670468626  0.67440384699457512  0.68372048917310935  0.69383556184931572
  0.70553586457559525  0.71949657250902854  0.73002990204959861  0.73869550218059465
  0.74809940293323762  0.75929340414237034  0.77024542221426739  0.78168056856704471
  0.79485358126805816  0.80731682784478620  0.81702362030295261  0.82647687557935023
  0.83510709139709394  0.84512491233265696  0.85703346669297464  0.87043919188301910
  0.88016477257932080  0.88868975816562401  0.89662274924375540  0.90468705944609173
  0.91415392809694029  0.92733678586036350  0.94066776670181940  0.95417063907245225
  0.96710010005109526  0.97920599542622810  0.98995762332841253  1.00000000000000000
  0.31737006577666427  0.45139290417587208  0.49760699480335724  0.52853492984156281
  0.54928182497887623  0.57153866574027168  0.59069350210081484  0.60764854014237124
  0.62347604275610935  0.63658468508280786  0.64656112473330274  0.65638631036886186
  0.66611553745275720  0.67548715790451730  0.68359231335629578  0.69133551579942387
  0.69871714490897896  0.70583408399584613  0.71202043680779281  0.71867918232048345
  0.72403091774679151  0.72808639461894398  0.73221892595744187  0.73594086590053853
  0.74072640855290706  0.74608600991959395  0.75206038803232078  0.75847424039531242
  0.76412994164059944  0.76998093119695687  0.77620486985824910  0.78265158089077391
  0.78859836091960289  0.79354934709751268  0.79763494389555267  0.80129926199322876
  0.80486555082786471  0.80902867267681677  0.81325786794968358  0.81777598457685252
  0.82244511258760378  0.82700327942096608  0.83203096326849513  0.83559788427601922
  0.83946440733343275  0.84329044681918419  0.84684847275566866  0.85254377576588070
  0.85719257276060001  0.86143861816756306  0.86509947070988824  0.86860532176634875
  0.87170253296070233  0.87457404091254332  0.87730645814984465  0.88016501086637922
  0.88385766508531494  0.88735484070977966  0.89025156609928802  0.89265458572296763
  0.89481925890084413  0.89701875908795836  0.89919274301253693  0.90125350467396959
  0.90381643995457606  0.90673442118069236  0.90920499639723662  0.91179179195282278
  0.91428251027922502  0.91676232221790865  0.91920679558966367  0.92203451784870294
  0.92544719466267666  0.92896550422404511  0.93096353617628425  0.93272656292745126
  0.93464317594648383  0.93654698490851407  0.93844056983061408  0.93960334863229789
  0.94081314572030728  0.94204743131160107  0.94330231421122157  0.94505433134880612
  0.94759594399919767  0.95115210763337033  0.95490691344734380  0.95812848109452642
  0.96133623621894793  0.96468643399596987  0.96801699376949446  0.97098396068515258
  0.97436700000060072  0.97865530264115763  0.98599421052505265  1.00000000000000000
 -0.04066964367768019  0.18533742340782883  0.24495826517401240  0.28072205678404838
  0.30495424982807018  0.32164413495852034  0.33989676620026982  0.35463643095878966
  0.36796344727447799  0.37875747418888361  0.38665239649303185  0.39518737157754502
  0.40400185560379420  0.41252508981122255  0.41777352321958172  0.42296988892188703
  0.42791710695398399  0.43244506279340689  0.44000136384515875  0.44995583299904918
  0.45925472684796959  0.46777387269633469  0.47684054710358165  0.48405079680274654
  0.49217463783537446  0.49974452324534735  0.50669345886605166  0.51378162593413612
  0.52065046617402522  0.52781391131285660  0.53412067137458474  0.53874949639541869
  0.54307379835682190  0.54720344970712986  0.55201774085423871  0.55811719536914584
  0.56490227442363916  0.57070840086030039  0.57673661258581366  0.58139655469723650
  0.58622718694178622  0.59166926291150501  0.59792016856981978  0.60456384577082767
  0.60886935438147582  0.61286089672366117  0.61664018545939647  0.62023156280833391
  0.62433822326275301  0.63022415098309981  0.63625706948221483  0.64129220721230451
  0.64683865689309872  0.65243190663953432  0.65829703302630149  0.66452410601362988
  0.67020681923843695  0.67473634195193233  0.67895234119953385  0.68341519119198835
  0.68806380388495147  0.69329577132432041  0.69964434742100223  0.70679330317227107
  0.71461234830102904  0.72079681221707526  0.72624287698907020  0.73033386047526894
  0.73435189457874916  0.73854909233711752  0.74285325724990059  0.74691406616647160
  0.75088324622563141  0.75568842378233181  0.76129818534301241  0.76705346385700091
  0.77265915499296345  0.77702921520455892  0.78150828871915623  0.78642039889104676
  0.79208515209718999  0.79853446642136305  0.80598162200644052  0.81336158351331200
  0.82084868667734978  0.82786857163515615  0.83480280238271931  0.84130150724863118
  0.84785315221531421  0.85479685312067777  0.86454009809995092  0.87657254400541607
  0.88907464745337461  0.90410239686207550  0.92510517351994559  1.00000000000000000
   2.2019709108537112E-015  -1.0000000000000000     
 F F F F F F F F F F F F F F F F F F F F F F F F F F F F F F F F F F F F F F F F F F F F F F F F F F F F F F F F F F F F F F F F F F F F F F F F F F F F F F F F F F F F F F F F F F F F F F F F F F F F F F F F F F F F F F F F F F F F F F F F F F F F F F F F F F F F F F F F F F F F F F F F F F F F F F F F F F F F F F F F F F F F F F F F F F F F F F F F F F F F F F F F F F F F F F F F F F F F F F F F F F F F F F F F F F F F F F F F F F F F F F F F F F F F F F F F F F F F F F F F F F F F F F F F F F F F F F F F F F F F F F F F F F F F F F F F F F F F F F F F F F F F F F F F F F F F F F F F F F F F F F F F F F F F F F F F F F F F F F F F F F F F F F F F F F F F F F F F F F F F F F F F F F F F F F F F F F F F F F F F F F F F F F F F F F F F F F F F F F F F F F F F F F F F F F F F F F F F F F F F F F F F F F F F F F F F F F F F F F F F F F F F F F F F F F F F F F F F F F F F F F F F F F F F F F F F F F F F F F F F F F F F F F F F F F F F F F F F F F F F F F F F F F F F F F F F F F F F F F F F F F F F F F F F F F F F F F F F F F F F F F F F F F F F F F F F F F F F F F F F F F F F F F F F F F F F F F F F F F F F F F F F F F F F F F F F F F F F F F F F F F F F F F F F F F F F F F F F F F F F F F F F F F F F F F F F F F F F F F F F F F F F F F F F F F F F F F F F F F F F F F F F F F F F F F F F F F F F F F F F F F F F F F F F F F F F F F F F F F F F F F F F F F F F F F F F F F F F F F F F F F F F F F F F F F F F F F F F F F F F F F F F F F F F F F F F F F F F F F F F F F F F F F F F F F F F F F F F F F F F F F F F F F F F F F F F F F F F F F F F F F F F F F F F F F F F F F F F F F F F F F F F F F F F F F F F F F F F F F F F F F F F F F F F F F F F F F F F F F F F F F F F F F F F F F F F F F F F F F F F F F F F F F F F F F F F F F F F F F F F F F F F F F F F F F F F F F F F F F F F F F F F F F F F F F F F F F F F F F F F F F F F F F F F F F F F F F F F F F F F F F F F F F F F F F F F F F F F F F F F F F F F F F F F F F F F F F F F F F F F F F F F F F F F F F F F F F F F F F F F F F F F F F F F F F F F F F F F F F F F F F F F F F F F F F F F F F F F F F F F F F F F F F F F F F F F F F F F F F F F F F F F F F F F F F F F F F F F F F F F F F F F F F F F F F F F F F F F F F F F F F F F F F F F F F F F F F F F F F F F F F F F F F F F F F F F F F F F F F F F F F F F F F F F F F F F F F F F F F F F F F F F F F F F F F F F F F F F F F F F F F F F F F F F F F F F F F F F F F F F F F F F F F F F F F F F F F F F F F F F F F F F F F F F F F F F F F F F F F F F F F F F F F F F F F F F F F F F F F F F F F F F F F F F F F F F F F F F F F F F F F F F F F F F F F F F F F F F F F F F F F F F F F F F F F F F F F F F F F F F F F F F F F F F F F F F F F F F F F F F F F F F F F F F F F F F F F F F F F F F F F F F F F F F F F F F F F F F F F F F F F F F F F F F F F F F F F F F F F F F F F F F F F F F F F F F F F F F F F F F F F F F F F F F F F F F F F F F F F F F F F F F F F F F F F F F F F F F F F F F F F F F F F F F F F F F F F F F F F F F F F F F F F F F F F F F F F F F F F F F F F F F F F F F F F F F F F F F F F F F F F F F F F F F F F F F F F F F F F F F F F F F F F F F F F F F F F F F F F F F F F F F F F F F F F F F F F F F F F F F F F F F F F F F F F F F F F F F F F F F F F F F F F F F F F F F F F F F F F F F F F F F F F F F F F F F F F F F F F F F F F F F F F F F F F F F F F F F F F F F F F F F F F F F F F F F F F F F F F F F F F F F F F F F F F F F F F F F F F F F F F F F F F F F F F F F F F F F F F F F F F F F F F F F F F F F F F F F F F F F F F F F F F F F F F F F F F F F F F F F F F F F F F F F F F F F F F F F F F F F F F F F F F F F F F F F F F F F F F F F F F F F F F F F F F F F F F F F F F F F F F F F F F F F F F F F F F F F F F F F F F F F F F F F F F F F F F F F F F F F F F F F F F F F F F F F F F F F F F F F F F F F F F F F F F F F F F F F F F F F F F F F F F F F F F F F F F F F F F F F F F F F F F F F F F F F F F F F F F F F F F F F F F F F F F F F F F F F F F F F F F F F F F F F F F F F F F F F F F F F F F F F F F F F F F F F F F F F F F F F F F F F F F F F F F F F F F F F F F F F F F F F F F F F F F F F F F F F F F F F F F F F F F F F
  <DiscreteSampler_grid>
  grouped_processes
  1 # 1 for a reference and 2 for a running grid.
  10 # Attribute 'min_bin_probing_points' of the grid.
  1 # Attribute 'grid_mode' of the grid. 1=='default',2=='initialization'
  0.0000000000000000 # Attribute 'small_contrib_threshold' of the grid.
  0.5000000000000000 # Attribute 'damping_power' of the grid.
 # binID   n_entries weight   weight_sqr   abs_weight
    61   10   1.697610965608342E-013   1.195031933218931E-025   1.697610965608342E-013
    62   10   1.697610965608367E-013   1.195031933218959E-025   1.697610965608367E-013
    64   10   3.395221931216684E-013   4.780127732875725E-025   3.395221931216684E-013
    65   10   3.395221931216735E-013   4.780127732875837E-025   3.395221931216735E-013
    67   10   1.382600330409419E-012   8.428770905812416E-024   1.382600330409419E-012
    68   10   1.382600330409408E-012   8.428770905812183E-024   1.382600330409408E-012
    70   10   2.765200660818839E-012   3.371508362324967E-023   2.765200660818839E-012
    71   10   2.765200660818817E-012   3.371508362324873E-023   2.765200660818817E-012
    106   10   1.697610965608346E-013   1.195031933218937E-025   1.697610965608346E-013
    107   10   1.697610965608365E-013   1.195031933218955E-025   1.697610965608365E-013
    109   10   3.395221931216693E-013   4.780127732875747E-025   3.395221931216693E-013
    110   10   3.395221931216730E-013   4.780127732875822E-025   3.395221931216730E-013
    112   10   1.382600330409417E-012   8.428770905812394E-024   1.382600330409417E-012
    113   10   1.382600330409413E-012   8.428770905812247E-024   1.382600330409413E-012
    115   10   2.765200660818835E-012   3.371508362324958E-023   2.765200660818835E-012
    116   10   2.765200660818826E-012   3.371508362324899E-023   2.765200660818826E-012
  </DiscreteSampler_grid>
