  0.00389445096897577  0.01045510119287691  0.01477015211318587  0.01949527413823302
  0.02509436968363782  0.03258325914579381  0.04424970074334877  0.05878317265802939
  0.06949803973475943  0.08039929273157306  0.09157350917915370  0.10187617601947072
  0.11158884712123494  0.12200858244199823  0.13330407348663628  0.14667874889994142
  0.16195416546743441  0.17630762676099287  0.19062100005489058  0.20230200756661446
  0.21348618846159809  0.22573331423730947  0.23922578184246304  0.25221374418319742
  0.26363175464412264  0.27455956898058514  0.28567941310545514  0.29774163496421496
  0.31202630019302136  0.32534192368754716  0.33831138060259858  0.35071305045271545
  0.36135479932684239  0.37337203423280735  0.38655968405954738  0.39840891761652480
  0.40770033178659643  0.41651893557184894  0.42577326903586404  0.43600825196553222
  0.44710594349539723  0.45757778623882850  0.46686881534449598  0.47697822246477917
  0.48732352451267530  0.49774147818215220  0.50824267717199001  0.51730444533810283
  0.52592986936647246  0.53488684865621861  0.54364859083455697  0.55148102433251411
  0.55987525871990329  0.56909500450810113  0.57936372129802938  0.58900919101942095
  0.60050132032874559  0.61266598445258957  0.62323277391875165  0.63045565326836850
  0.63740276694940745  0.64420805422739935  0.65089065324962359  0.65888849283090423
  0.66901923193878232  0.68151487752098139  0.69542404081735754  0.70869022266989901
  0.72106768424758316  0.73293725667727960  0.74342295612846154  0.75633139632569724
  0.76596370938212532  0.77363755840750692  0.78177068119825677  0.79273243868307786
  0.80335173903846746  0.81279305913679067  0.81974862487237876  0.82698561899620049
  0.83650151442355780  0.84818648783911221  0.85916170811170944  0.86997427636984459
  0.88072187910942690  0.89209921966578265  0.90475091283769360  0.91702561840544605
  0.92969319669040196  0.94408618342398543  0.95773736443301272  0.96817306682092785
  0.97728120681252983  0.98546914172692068  0.99237073418135979  1.00000000000000000
  0.00909637081760219  0.01603495316520552  0.02760009216428243  0.03891702787431618
  0.05030056816769022  0.06224570116007710  0.07610865460787479  0.08908181797514456
  0.10043029290118508  0.11196886442658441  0.12457732657896772  0.13924333890386098
  0.15295219495823656  0.16255678488931308  0.17176069647719833  0.18035954172772664
  0.18861548794342176  0.19681921367410304  0.20410990109616167  0.21147919714899141
  0.21934574757518444  0.22759920679811366  0.23814173001919287  0.25236700688345515
  0.26189818796539233  0.26992122899170246  0.27849933794634385  0.28811694597984722
  0.29643288078249447  0.30241805040636682  0.30978008249428962  0.31876565245656302
  0.32980647847255568  0.34013013946632814  0.34884498813065323  0.35854296233721128
  0.36791183020172957  0.37704706821160472  0.38705804104901692  0.39979732065579865
  0.41651087660446656  0.42829499066474197  0.43906633311228771  0.44961073763162390
  0.45838202309355469  0.46826920827931273  0.47831384156643020  0.48783736271542827
  0.49669609889471789  0.50269634350663572  0.50906716793581852  0.51607670037546349
  0.52620519680619449  0.53938171140525293  0.55211174609894587  0.56240709914618492
  0.57272880494670697  0.58352617592989875  0.59448919779057585  0.60626204064131084
  0.62040861154229499  0.63784592706401044  0.65222081295254875  0.66396012281257166
  0.67452341900532009  0.68299990144367517  0.69252230667037873  0.70371980433254100
  0.71716551885376689  0.72874154383571332  0.73887055047069194  0.74780037958345014
  0.75514872280818868  0.76324367202088850  0.77181627996096502  0.78320296349398311
  0.79690305427923525  0.80926283466879922  0.82069296449803353  0.83152283232527047
  0.83931073730835648  0.84729441959739227  0.85723312920220518  0.86831959143601056
  0.87976780870053828  0.89040545519145442  0.90099610599443070  0.91639041995007442
  0.92709295357476085  0.93780613069650087  0.94819667212249825  0.95746467488900233
  0.96674270979794208  0.97677064615971010  0.98780085597741318  1.00000000000000000
  0.00020950717611164  0.00022071995852906  0.00022963785051201  0.00023707777739285
  0.00024347835229604  0.00024919058556915  0.00025445776593057  0.00025966721362354
  0.00026522563347290  0.00027111158424328  0.00027733246384306  0.00028368194503458
  0.00028975658870588  0.00029555959679186  0.00030173621580606  0.00030819946211754
  0.00031541825715376  0.00032316790134735  0.00033020949672251  0.00033667983821619
  0.00034382582093420  0.00035073747277822  0.00035730757975596  0.00036315543336845
  0.00036866222401742  0.00037435060760602  0.00037993670622984  0.00038598392048720
  0.00039301472800742  0.00040181132119618  0.00041146872085405  0.00042212231733678
  0.00043254686026128  0.00044283735764767  0.00045348851513722  0.00046466685585636
  0.00047758988239223  0.00049165428659522  0.00050656859150904  0.00052173542205259
  0.00053738807098707  0.00055248130827510  0.00056805161135820  0.00058569989486667
  0.00060409404270367  0.00062629994197387  0.00064689017407891  0.00066428157143839
  0.00068212461548093  0.00070299336495301  0.00072657271254440  0.00075411768743460
  0.00078256040561271  0.00081279859724170  0.00085356685049092  0.00089376365774155
  0.00092699130431676  0.00095533265204456  0.00099610167625269  0.00103333196118572
  0.00107846340085818  0.00112932107213530  0.00117655242676705  0.00122348393817268
  0.00127757266308718  0.00133894926387581  0.00140638355547003  0.00148613354432907
  0.00158734467372453  0.00171957290376635  0.00185888824250075  0.00198481916534129
  0.00211810052731576  0.00229670598484184  0.00241963492127585  0.00252139034360827
  0.00260346881621667  0.00273031477689930  0.00288515598429978  0.00303714346025823
  0.00324485946677453  0.00350549881444114  0.00372193181102114  0.00409568977082236
  0.00451661250003174  0.00501618341245590  0.00545165787744449  0.00577361342164081
  0.00606293973287604  0.00639014261679240  0.00692319135619984  0.00817158797209963
  0.01036149567342173  0.02410266670051826  0.17365927778399784  1.00000000000000000
  0.00308118249556243  0.01331318484800918  0.02281985943125550  0.03409290635628515
  0.04649477734472356  0.06017460045912028  0.07389102670907405  0.08635923513385163
  0.09655230486701143  0.10758291936404010  0.11557669984123803  0.12238655167001855
  0.13044096956167286  0.13876509120876679  0.14663671443749851  0.15607308410999762
  0.16789916612015815  0.17985958378164424  0.19066966680912997  0.20103764796615742
  0.21027168608698960  0.22030439942537355  0.23075558649296044  0.24311837063471350
  0.25586800246358493  0.26890749029181366  0.28145915738313487  0.29583765182535710
  0.30825719045725036  0.31941512984427545  0.33173987681396511  0.34490548657185371
  0.35411467036507305  0.36232308361479115  0.37002722999846310  0.37875312490825314
  0.38948548860940641  0.39775870903479316  0.40662811432355966  0.41637341221539453
  0.42557301974466277  0.43730146959431182  0.45054265976375818  0.46285431601209748
  0.47379643097449414  0.48357774955151867  0.49232388005483368  0.50135368232411359
  0.51208863400119098  0.52412121592664962  0.53675450475343911  0.55093082101052437
  0.56568480080907324  0.57548791429373058  0.58377047548853900  0.59191294717185139
  0.60024622898982005  0.61078565854836031  0.62192082033126661  0.63201215108853381
  0.64168643843184725  0.65150242065335140  0.66206959251811592  0.67305494458483617
  0.68158266902476417  0.69203434405905595  0.70137626038164747  0.70912519453678258
  0.71610414442108672  0.72390572483418303  0.73290738307013958  0.74231485692928001
  0.75187504864328114  0.75979019570399142  0.76674340924539874  0.77345789389275243
  0.78114749069559586  0.78897544860496038  0.79633736827452006  0.80419147448075701
  0.81418225998622462  0.82545645430623948  0.83954105264351786  0.85457699706389123
  0.87226744026375758  0.88928144141338905  0.90101764456601563  0.91246871641334715
  0.92517774651174467  0.93922888145423566  0.95228115231938992  0.96385906106842445
  0.97401566400379425  0.98630562213904538  0.99171891196275619  1.00000000000000000
  0.00003598536035827  0.00003783166861627  0.00003958411414998  0.00004110919973256
  0.00004238123165019  0.00004350947937938  0.00004459299897020  0.00004577344119095
  0.00004711238329769  0.00004862978693411  0.00004982861408330  0.00005094745879981
  0.00005205335954147  0.00005322496161614  0.00005443846640319  0.00005544084172416
  0.00005626846908214  0.00005707562540718  0.00005789901919319  0.00005872767681749
  0.00005955990193148  0.00006040059013774  0.00006127449739577  0.00006225522213548
  0.00006331006870109  0.00006434375366937  0.00006522161670900  0.00006587532783349
  0.00006651039748624  0.00006718126043795  0.00006820929388560  0.00006929106517628
  0.00007033768028483  0.00007132049166371  0.00007251284046336  0.00007399818435016
  0.00007549379800972  0.00007704541580990  0.00007866989219462  0.00008034826478034
  0.00008201158239903  0.00008352674506589  0.00008500519093375  0.00008686370709797
  0.00008880393963153  0.00009075402439614  0.00009303517343898  0.00009582504641262
  0.00009882236426458  0.00010191086717542  0.00010484058183929  0.00010746601356807
  0.00011006575433869  0.00011257965621239  0.00011537286918586  0.00011818586535162
  0.00012106949925800  0.00012440904704331  0.00012786759048979  0.00013142301786084
  0.00013522919899796  0.00013911956304170  0.00014331113721566  0.00014796575039517
  0.00015286038924544  0.00015832355298792  0.00016297775327975  0.00016792921887644
  0.00017410943797240  0.00017923363287960  0.00018363822013920  0.00018789818614529
  0.00019119831047230  0.00019414336189039  0.00019797794918085  0.00020298496532379
  0.00020872849812243  0.00021487777446793  0.00022353778762718  0.00023139305187012
  0.00024080178577111  0.00025498731448355  0.00027449484147886  0.00029567009563492
  0.00032130849396244  0.00034802852873287  0.00037391162457493  0.00040692461738535
  0.00044966799412662  0.00052002523259447  0.00063958191524851  0.00078248123028382
  0.00114721420711312  0.00237684409656550  0.27831007628280896  1.00000000000000000
  0.00016134626916114  0.00019095982624603  0.00019749649806874  0.00020281367280531
  0.00020902718120125  0.00021671227029546  0.00022675831140350  0.00023570520709895
  0.00024452928258887  0.00025283056944037  0.00026111973346270  0.00027101021313158
  0.00028215422935448  0.00029282470712230  0.00030397412151738  0.00031612444604572
  0.00032892826561014  0.00034100726662906  0.00035212137076249  0.00036394358965763
  0.00037756358878502  0.00039082963268716  0.00040324928472844  0.00041691515454932
  0.00043241331535854  0.00044806544080018  0.00046801109519983  0.00048891656109477
  0.00051282565177066  0.00054051479320612  0.00056855966918225  0.00059747653886949
  0.00062888169406291  0.00066271277140179  0.00070121948318883  0.00074056938096047
  0.00078077781890596  0.00081989182569781  0.00085683740085757  0.00089324145560960
  0.00093335593983418  0.00097750708555202  0.00102076879853865  0.00107354368724028
  0.00112671321715994  0.00118620411396627  0.00125425161880814  0.00132556017864741
  0.00139414487396663  0.00144000949554742  0.00148581641988573  0.00153820308702853
  0.00159173095553797  0.00165735348272887  0.00173506401621022  0.00182848603439765
  0.00194296614320768  0.00206012031748125  0.00215903233486288  0.00226289856843816
  0.00238526430387179  0.00251957878773628  0.00270499106849425  0.00287979516131689
  0.00309787252601522  0.00334287239632206  0.00364669340390747  0.00402587137599826
  0.00445646633833434  0.00473638805094855  0.00499414588069229  0.00525253655744431
  0.00545810791604427  0.00568045231115983  0.00593777798909139  0.00630917994880135
  0.00679540264873770  0.00752385530686042  0.00841385834832043  0.00924365534119018
  0.00993567315529893  0.01065640842144658  0.01172516383292702  0.01304097640022256
  0.01455536216108626  0.01628564927128066  0.01830177933191924  0.01980024933375910
  0.02130158530531516  0.02242412015759894  0.02531641063809356  0.02762233881788588
  0.03232413572444490  0.16916133870650030  0.40132942131523031  1.00000000000000000
  0.00001909464846756  0.00003685666517380  0.00004310823229906  0.00005546478777208
  0.00007815268582486  0.00009454516052790  0.00010551132137154  0.00011435976435210
  0.00012268339234068  0.00013134756659713  0.00014087871173099  0.00015247797481282
  0.00016519071040100  0.00017462878276619  0.00018256366978281  0.00018848968101551
  0.00019553177964094  0.00020227469919492  0.00020975433270892  0.00021879857480989
  0.00022856921437691  0.00024018534638078  0.00025504568894618  0.00027231474915862
  0.00028881155518416  0.00030537124804197  0.00032193605338727  0.00033850142085293
  0.00035664582301682  0.00037563830460019  0.00039305597909708  0.00041626197953541
  0.00044184512586837  0.00046939057523023  0.00049580790581931  0.00051748682006234
  0.00053575030854528  0.00055367877331518  0.00057266391303908  0.00058721009859547
  0.00060967177582396  0.00063568909112360  0.00066563796586934  0.00070201973029190
  0.00074392074798890  0.00078171677748178  0.00081488960122667  0.00084642902765640
  0.00087807132795698  0.00091097409592509  0.00094150026931846  0.00096887300453025
  0.00099608136667026  0.00102664172127868  0.00105592823756018  0.00109734234484407
  0.00113323532692187  0.00116927279273436  0.00121115897234266  0.00125805597570587
  0.00130871448073548  0.00136017401450394  0.00142949426128961  0.00149610496296354
  0.00157862015279171  0.00166465995870623  0.00171725923542986  0.00176075973277201
  0.00180831327940221  0.00186786186976152  0.00194469740143735  0.00200054763982777
  0.00204743154322338  0.00209786673427506  0.00214869737933550  0.00219894893709176
  0.00226092954260660  0.00235502907913216  0.00246539310443697  0.00262201172693685
  0.00286174640225557  0.00321882757962353  0.00355064087808371  0.00387912753051540
  0.00428201792639760  0.00473341731392320  0.00516371600744879  0.00567754103473589
  0.00640401352402446  0.00748324770427908  0.00936473840913559  0.01383147426757342
  0.02135543061538457  0.33034418758764883  0.49163571413093554  1.00000000000000000
 -0.00271020299539776  0.00833592977009112  0.01716915319706092  0.02352094496724463
  0.02886382814962365  0.03546536818372684  0.04262214481725986  0.04911973417649444
  0.05601974580129203  0.06358070882733283  0.06955223853328203  0.07396491449964038
  0.07898983379568625  0.08656957321777226  0.09374314239448402  0.09920304005769107
  0.10403347104169529  0.10847335583333427  0.11391285850660683  0.12137589627500586
  0.13036188331966511  0.13970458067608546  0.14895499870621240  0.15772223854646228
  0.16589409191853585  0.17399633586482546  0.18192570507945249  0.19057358295462240
  0.19981645918012358  0.20808016644947064  0.21620622170619028  0.22324634627785636
  0.22980666470616712  0.23625277266584643  0.24503704842803309  0.25482935248040406
  0.26465975920668872  0.27385267137895497  0.28304534936771758  0.29286444943617229
  0.30244644452452146  0.31039912268559178  0.31702626022260910  0.32351839122994885
  0.33055632843562172  0.33728492518099418  0.34303781962870145  0.34977690704980730
  0.35787320405904444  0.36824697033185777  0.37992717569961704  0.39039956764941663
  0.40093629249113277  0.41167763585484318  0.42234956251764738  0.43328075577066083
  0.44495942811302114  0.45720886081462275  0.46920158202038664  0.48058966029304034
  0.49235707057504646  0.50349150446724711  0.51450810413235160  0.52631107773524344
  0.53746238151692360  0.54922399539641553  0.55945175228862931  0.57090346481097687
  0.58336998625233805  0.59567765608834966  0.60464341458130122  0.61175436387426119
  0.61888578295465979  0.62618573887669293  0.63195407296767225  0.63975597776566195
  0.65087435367974389  0.66219024102336232  0.67251866537896177  0.68163234187744570
  0.69067425036210528  0.70555227468916415  0.72315892675049875  0.74260848316850070
  0.76352229691764684  0.78204976277971816  0.79953193575620318  0.81741511158796754
  0.83653538493089319  0.85350267526403567  0.86810166609620154  0.88336671271696210
  0.90299057489923618  0.93206477590683978  0.96189627539461386  1.00000000000000000
 -0.00370474147864339  0.01241727180221911  0.02198040454811785  0.03004914215219754
  0.04131125585936358  0.04864386970261518  0.05311797534729233  0.05669847041238001
  0.05950372140588020  0.06403496630197986  0.07166955570191155  0.08018310362657621
  0.09085848691852565  0.10413436243150433  0.11785356792435224  0.13084544307282048
  0.14256555504563095  0.15449797090451417  0.16555109523500636  0.17572653684015035
  0.18426862304943864  0.19238146869025322  0.20104166513653823  0.20779553883591489
  0.21559357705466731  0.22331238913780671  0.22943373184993257  0.23693025787110689
  0.24748487476113970  0.25911747085080061  0.27015284863424949  0.28041041327354499
  0.29116540439420913  0.30296524136574576  0.31443934041665311  0.32601579218132981
  0.33685201221896116  0.34712156856387533  0.35893700816775714  0.37461936202194995
  0.38803533171269250  0.39988479822764139  0.40928589067229804  0.41755953633776488
  0.42585038341448544  0.43485768271128677  0.44457219086011673  0.45477374176594487
  0.46390111628972314  0.47303650479419640  0.48225720204090872  0.49058766266263770
  0.49892555292388191  0.50949921267854859  0.52160903264968639  0.53403224952763173
  0.54695687865200160  0.56086992874647101  0.57568677613636421  0.59138080447440156
  0.60685628334331365  0.62146654412811686  0.63378264384863603  0.64471800829839299
  0.65457220911140501  0.66402414812829702  0.67139840447169086  0.67880623786972460
  0.68707374479012329  0.69639858948662270  0.70649558895809961  0.71805467854106708
  0.73211193767423666  0.74667953739486392  0.75946803744969571  0.77176006064308023
  0.78280302734996077  0.79484875790819687  0.80594433847882885  0.81713503574772750
  0.82785973762015264  0.83995666206806829  0.85404030682540844  0.87011777938583157
  0.88717410520066220  0.90453192900784851  0.92014901561839868  0.92889961326644988
  0.93894191181892206  0.94751007761003625  0.95467729825419478  0.96203368415347312
  0.97049028051780950  0.97968614885047545  0.99023022250934745  1.00000000000000000
 -0.00201217300952727  0.00993381068394878  0.01995228457783282  0.02788427958992877
  0.03512279420048645  0.04268525387448948  0.05064211930450029  0.05884642958799578
  0.06765077069807017  0.07824900320383839  0.09010730802955297  0.10264368569429122
  0.11511943994171338  0.12561067876216928  0.13408533552399851  0.14238287980005404
  0.15147367058702452  0.16164455782880996  0.17231548286082179  0.18273001943410955
  0.19215345777844750  0.20478575534549789  0.22243720322397717  0.24286779569641984
  0.25876501893308451  0.26743248251467466  0.27445013816661362  0.28153385042676687
  0.28968763002951708  0.30046816398916149  0.31235467604366585  0.32730135741611266
  0.34089587274085825  0.35152207855322970  0.36063527279733382  0.36911706506823572
  0.37808696221976179  0.38786627032318804  0.39799335659858887  0.41048864209914926
  0.42345066199164744  0.43718847285783496  0.45228736073152986  0.46614350598436238
  0.47921059352131645  0.49072518203054083  0.49989524296297955  0.50693807983669303
  0.51606149928721323  0.52530001104921697  0.53957538629797719  0.55608846799869049
  0.57309623285304567  0.58869658128348101  0.60092620941215313  0.61042579537911390
  0.61907941373837927  0.62761301987878837  0.63522449760088129  0.64293526304474713
  0.65165238089049182  0.66249667289037328  0.67321288490186193  0.68313562372109515
  0.69363361594017947  0.70553972476840177  0.71763354474802998  0.72918767311909782
  0.74040563246498647  0.75120862907884212  0.76138427791249874  0.77061936476087978
  0.77923378274427679  0.78764249410933962  0.79522851875170353  0.80406028910358607
  0.81312206685991872  0.82246765358740592  0.83134921414461227  0.84025650937613772
  0.84929893069037665  0.85776915562699796  0.86716101210972674  0.87650394138677856
  0.88538843208500062  0.89507203877146491  0.90764941952666545  0.92127406320220129
  0.93463603528413552  0.94695434294294778  0.95615107618796480  0.96470773303976431
  0.97485458427411642  0.98445820131249973  0.99248837348574193  1.00000000000000000
 -0.00292120957494226  0.01180095055387517  0.02447974766667985  0.03911459816317781
  0.05144732309412591  0.06458256396580010  0.08143331870219198  0.09548543583403546
  0.10719294579880674  0.11695076587686240  0.12527340493014713  0.13182886125855539
  0.13907420206024154  0.14610281353185772  0.15372363344133569  0.16172267527863035
  0.16918919222714798  0.17649636129216920  0.18444838051617796  0.19528837088300099
  0.20815725176382210  0.22127512574981442  0.23427033408330811  0.24562947777074140
  0.25798475056595704  0.26850419608732756  0.27830882246972199  0.28843679129746952
  0.30003906309033063  0.31352759646287548  0.32604258910526462  0.33760565852051622
  0.34898296310125621  0.36068387224725063  0.37394942093395145  0.38599169587614224
  0.39688964302504970  0.40739657871096419  0.41384887244724516  0.41941169407903217
  0.42384458218296400  0.42830906757740966  0.43622785635009254  0.44710369059821903
  0.46084750551307685  0.47283096921885664  0.48336444625326297  0.49340732985311431
  0.50523269315641095  0.52019184781771899  0.53790251112974685  0.55161151343210835
  0.56320319983331701  0.57369886735290299  0.58454664155950120  0.59415120834485380
  0.60223061324492089  0.61182270358810931  0.62304980870456517  0.63352477583558242
  0.64247570900065221  0.65235414963487326  0.66575553355817862  0.67871508896676536
  0.68976611007333855  0.69954168219745239  0.70973476394679313  0.71929215617143194
  0.72951656975811408  0.73970075080222708  0.74649638910516491  0.75241188332169873
  0.75644521975953805  0.76148938745394035  0.76785673432391499  0.77421274785857130
  0.78305920859532829  0.79426995756835328  0.80569161030412029  0.81619013650159833
  0.82538194176291158  0.83254850046206463  0.83978936159364659  0.84831753299341028
  0.85933331680028247  0.87362420906194982  0.88999212762733337  0.90637093782870315
  0.92278792476954408  0.93365653076276667  0.94211602583749687  0.95125922272806995
  0.96060038441515894  0.97204566063602005  0.98614297200601941  1.00000000000000000
 -0.00711597132596726  0.03119176144435287  0.05416047455912980  0.07487014305976648
  0.09054925309216207  0.10464202620835747  0.11831652656800361  0.13478939250385788
  0.15187305236861359  0.16475539156274313  0.17962207906422706  0.19472070189894536
  0.20939410727215210  0.22245863433871033  0.23350499472082520  0.24374171900426125
  0.25207046801496230  0.26068102682375144  0.26840329875267666  0.27639305419557580
  0.28813349770249624  0.29793220005046028  0.30828826868380177  0.32083635785577019
  0.33304273843633431  0.34610934662293452  0.35755108399623636  0.36786799096384198
  0.37668890871139821  0.38426091627690789  0.39115810687074548  0.39715598363324095
  0.40306663290447214  0.41058079484196219  0.41954362373245119  0.42935702744873294
  0.43992119601634516  0.45060101805677605  0.46210886721652378  0.47507041589320864
  0.48611312529583056  0.49373559668255496  0.49943192354204108  0.50485134483471361
  0.51021478884389826  0.51500500875136612  0.52004158254114830  0.52753515095849013
  0.53594156966200579  0.54550814001354975  0.55579724902956129  0.56383825238565999
  0.57013616777684228  0.57897561851239532  0.58643424959198787  0.59296558727389614
  0.60206795823780757  0.60932312904495189  0.61539303665620326  0.62073791022499436
  0.62718714488768879  0.63411721406950161  0.64292020983739206  0.65244444334141938
  0.66056622276897881  0.66799712803679134  0.67553066920857530  0.68306559540302902
  0.69071826826955818  0.69889848294675760  0.70830907274495525  0.71695764930483330
  0.72582210267894487  0.73494914855450744  0.74493511142439117  0.75446032301037813
  0.76469565522240102  0.77519104547123074  0.78646966795462858  0.79766326672745469
  0.80774853900236798  0.81665148248574893  0.82520305401163752  0.83488607334425691
  0.84740386387442312  0.86215988775765373  0.87879043996899453  0.89662949736630493
  0.91493023426948905  0.93311549009369243  0.94949733780983148  0.96309170573104430
  0.97508872554918247  0.98273223251451503  0.99118229133907043  1.00000000000000000
 -0.00206322694929177  0.01002350788994126  0.01992158843533764  0.03088301119980412
  0.04562277483518355  0.06067795657125963  0.07237169113101091  0.08243388905766273
  0.09238177565218555  0.10302536394993266  0.11387906552721982  0.12351341909393707
  0.13247395097875359  0.14046705649312674  0.14879311732831318  0.15727716180165302
  0.16569941274564759  0.17481839895399665  0.18495220271653579  0.19449886586106863
  0.20632654535746736  0.21929529515410723  0.23474036516567126  0.24875719525609008
  0.26164713036560244  0.27276951480413186  0.28530093882128987  0.29618633373059494
  0.30752544087400324  0.31955268136453036  0.33203991597533611  0.34474134467573458
  0.35784003497628863  0.37049599067323014  0.38272325893348647  0.39486097027688266
  0.40698283064843566  0.41860122019158380  0.42775502048092884  0.43459295013375415
  0.44150375208595738  0.44886260557573004  0.45771225884583200  0.46775127040977227
  0.47661939393063874  0.48589409961903463  0.49529082509022593  0.50264848368264781
  0.51115496002859984  0.51922977819266414  0.52706508078184811  0.53583616911860410
  0.54540848703488654  0.55403235999142475  0.56209125228642220  0.57020802455229647
  0.57905079474715815  0.58940867802439789  0.60050088350595843  0.61244027242490617
  0.62388341633120747  0.63316389829388975  0.64081014906446898  0.64878643629211941
  0.65753387256832374  0.66917059858237471  0.68153208408774901  0.69315552958875459
  0.70447119817094506  0.71563996697462617  0.72743275600232760  0.74020508396463713
  0.75185239856554309  0.76255372282904910  0.77154468854511304  0.77730891508827193
  0.78241081782751687  0.78879848756319992  0.79873555605439939  0.80778875316476118
  0.81471613454377967  0.82113903134905875  0.82695376661421427  0.84037117441854081
  0.85746803934766203  0.87398711781474359  0.88657366006143701  0.89852583733423819
  0.90989210181600433  0.92132769099440681  0.93347408186363257  0.94542512936474921
  0.95772553295259710  0.97045553313984556  0.98412889528088832  1.00000000000000000
 -0.00368255838183255  0.01089418800551917  0.02531084859383909  0.03955631655538578
  0.05315397757396803  0.06489522816176699  0.07522820377768932  0.08444470825806275
  0.09291897647772859  0.10109041067462890  0.10844838641989681  0.11948606164592443
  0.12935145639118723  0.13714592406058271  0.14409706331290625  0.15065581349647642
  0.15782929115409344  0.16698644883606314  0.17600758082357049  0.18540128391936500
  0.19514384360557227  0.20520936114161428  0.21541843614194986  0.22491675681684511
  0.23564339421450722  0.24860611677859917  0.26109113753305735  0.27180790094163348
  0.28220273396187567  0.29350704020515972  0.30616476520096803  0.31876045645056178
  0.33012112975800006  0.34045720768928039  0.35155539027394239  0.36166653604281213
  0.37156212025891511  0.38176501897240062  0.39138665847140464  0.39912122395116351
  0.40536897569518465  0.41192854410642005  0.42005890071339169  0.42754230462434922
  0.43531034325771834  0.44360746153719705  0.45056730522810506  0.45743810722612804
  0.46658458020363103  0.47699669273216116  0.48520225028935882  0.49214975546568485
  0.50047779509730839  0.50783731891831041  0.51716005027709766  0.52705358394897972
  0.53669216053549174  0.54651672732409939  0.55870302128942884  0.57046427843294834
  0.58074465203845516  0.58995797098604752  0.59664174750612564  0.60269439010355863
  0.60955060628789492  0.61567548186328935  0.62236572183889971  0.63291796659517718
  0.64038870299449935  0.64688323863451769  0.65252334935769429  0.65840746858763122
  0.66628987282306307  0.67615276006971370  0.68540118807065542  0.69511854929047001
  0.70435422112335733  0.71442847480782445  0.72572766657477827  0.73659008588802988
  0.74861655890257739  0.75955043483644169  0.77329465747277781  0.78626691396958470
  0.79539107413707977  0.80291264039843668  0.81196379927188711  0.82465070294196174
  0.84466679000964828  0.86344710665351732  0.87933903779965750  0.89526008055249862
  0.91481890743445837  0.93890584408993005  0.96751361212042597  1.00000000000000000
 -0.00261337326234809  0.01330318878066223  0.02723110983935037  0.03798523090488116
  0.04705540185220648  0.05610516222150644  0.06921771281928024  0.08500810765243939
  0.09831118075224593  0.10954031790197977  0.11910862991130572  0.12746913839511589
  0.13618727831121544  0.14590821413702457  0.15695332806907017  0.16812538584350264
  0.17731775446051737  0.18675710510338916  0.19585603536512125  0.20389073100488625
  0.21099021434550910  0.21821020519062026  0.22540007150122229  0.23351496166606706
  0.24495043285279344  0.25638132181256229  0.26743039071913255  0.27851653463904219
  0.28966138040168476  0.29952313559653387  0.30862359120313593  0.31675677931691232
  0.32439733020331590  0.33088540917269010  0.33728334324414655  0.34391481352738629
  0.35259481250476810  0.36467291026237114  0.37845598552597493  0.39209258157603533
  0.40406864640962398  0.41561040935356613  0.42809727118048235  0.43954357301537372
  0.45143854359835744  0.46178239529389570  0.47131981077346380  0.47985222137867800
  0.48714349977858307  0.49393033904439643  0.50073087048907727  0.50786080478577733
  0.51754593616558087  0.52767438980287618  0.53887388788781554  0.55204585725284105
  0.56383036659018715  0.57298296432087059  0.58135719738592107  0.59039316366902050
  0.60016642354506000  0.61064960978050842  0.62072299839204759  0.63232635318634056
  0.64427388648619266  0.65676089115602221  0.66882853753857341  0.67993622997444292
  0.69186830403058608  0.70440377084076888  0.71684553132802853  0.73005492398414529
  0.74299449347323510  0.75417458493558709  0.76440396402361888  0.77629460951645490
  0.79052665843157333  0.80709259844093573  0.82025441243167541  0.82992915879348428
  0.83813583659285296  0.84502521082037296  0.85283153458302563  0.86279236215473565
  0.87496555638065487  0.88855480517433028  0.90269037312603306  0.91680747522284367
  0.93057022342188866  0.94229997887651795  0.95077915111421152  0.96043236190563996
  0.96947803715767422  0.97860584986460342  0.98874154953343252  1.00000000000000000
 -0.00341115452771949  0.00992881361225452  0.02235962750380020  0.03412905872582558
  0.04549691034198861  0.05711821732291589  0.06832578109389005  0.07955194906223206
  0.09032374686126145  0.10209353346150528  0.11445120497377559  0.12602002784102903
  0.13401557870180020  0.14189484705573222  0.14858507230173001  0.15667482629835364
  0.16663475107765538  0.17734805753209179  0.18769287252439451  0.19685750391336820
  0.20589780404413124  0.21481860938255576  0.22399838286010601  0.23526268587896781
  0.24873325630720222  0.26115540520002484  0.27210537015027719  0.28300892586486504
  0.29481376450080093  0.30721522129343537  0.31832665221188122  0.32847960804289383
  0.33743085700576853  0.34629625996598434  0.35621621649204449  0.36655345119092386
  0.37651341319964532  0.38807274441802903  0.39988991490410303  0.41430028078779135
  0.42680051079005327  0.43892410651608749  0.45036355432862640  0.46196123342368106
  0.47203792645243103  0.48181204172901565  0.49096779630321774  0.50129763880440559
  0.51278857772003283  0.52272059920594349  0.53133653275459836  0.54013173367246814
  0.55019608158171984  0.55865003995842366  0.56619465141798975  0.57437838803029118
  0.58826829525016966  0.60374491417335563  0.61153366951633392  0.61847621293257660
  0.62559112345740875  0.63379388176191132  0.64374868986548628  0.65339182040585031
  0.66170286960512548  0.66981005326086318  0.67880733434053009  0.68979173492827162
  0.70152526695457207  0.71432683694111909  0.72294535895337519  0.73109603875882567
  0.73988553180746131  0.74907009173059258  0.76222285280250224  0.77658854106940256
  0.78765110093678958  0.79670536344099607  0.80611385566117577  0.81591949586909596
  0.82698889409382770  0.83587903388921392  0.84322712412038636  0.85117490469065604
  0.85998589625968946  0.86821380907812862  0.87723687909772141  0.88681664743338084
  0.89261272359505917  0.90263996693313564  0.91501113663865319  0.92856844240671688
  0.94939055837172415  0.96840594671639191  0.98513071440622135  1.00000000000000000
 -0.00395722085853126  0.01048659480934923  0.02174441019013398  0.03066468124349601
  0.03857538223860396  0.04778926040166098  0.05795353489872082  0.07080820303255402
  0.08458736359240364  0.10024593761917881  0.11380957423359737  0.12667663029149179
  0.13930336684314290  0.15293637536294533  0.16711506832270490  0.18060277026130905
  0.19555392571833152  0.21057897487155261  0.22321856009458613  0.23577489271226615
  0.24578743017539190  0.25567925188507590  0.26427322836195566  0.27249807377227203
  0.28136026488492039  0.29038962858475148  0.30191715832051552  0.31499598020645592
  0.32694756748383180  0.34068462703906011  0.35515154315751213  0.36857556086817145
  0.37908024691892905  0.38645701509062946  0.39220752357369465  0.39861008045853646
  0.40599559551477354  0.41391350685448786  0.42385577281702019  0.43887650382855425
  0.45318944998506261  0.46492900434146778  0.47514882776115197  0.48582381453856238
  0.49591268146300915  0.50545923492294542  0.51462036214839124  0.52461659144629602
  0.53513675798395233  0.54416817887537317  0.55305575729433853  0.56120887030754774
  0.57194061979258970  0.58325302703823556  0.59400258957525487  0.60715906697091238
  0.61909137933790903  0.62833176390890144  0.63765531417868748  0.64699799871892560
  0.65716326547147563  0.66985026766502276  0.68300457718160179  0.69347674658005132
  0.70290500557539648  0.71284145950086308  0.72280516996757860  0.73206901958212800
  0.74010102364088592  0.74676413029497812  0.75497665182005103  0.76453296970055873
  0.77230229682760854  0.77758008138127288  0.78499866196091694  0.79575958649540635
  0.80598384642682919  0.81376901697548454  0.82101594286305668  0.82900248620588368
  0.83884972679334724  0.85088120048298699  0.86160191501883943  0.87135094993414985
  0.88244909020333495  0.89548072781301968  0.90899183553899365  0.92136323498058115
  0.93096296340746554  0.93894435512253260  0.94749065324612936  0.95643897301293856
  0.96611275816544184  0.97619317726306942  0.98780912144813915  1.00000000000000000
 -0.00301983603084147  0.01306681689161859  0.02875971818225851  0.04046904213325213
  0.04991703108028817  0.06149079326472491  0.07417123753069660  0.08469646007427974
  0.09466745565675874  0.10530466321729544  0.11844272900458511  0.12933858929623560
  0.13911621891711221  0.14776794402930607  0.15628086973500968  0.16628796173037505
  0.17674327023819242  0.18558240734342352  0.19574004642591861  0.20634357907927611
  0.21757301350235556  0.22796769455652349  0.23712527521172777  0.24605810439183307
  0.25857531047853627  0.27420587672247881  0.29014634212073620  0.30306915569965154
  0.31283770317624460  0.32154176019128317  0.32982598514061512  0.33784139878008101
  0.34542227879319826  0.35185003164238537  0.35810988855341219  0.36530403917346022
  0.37282050653733922  0.37996017340115273  0.38793062936575584  0.39517764896429042
  0.40223576214983525  0.40978753928243117  0.41888324012991129  0.42948357729730924
  0.44102403011907082  0.45224827327143724  0.46215271693236337  0.47178149347792597
  0.47989972284545357  0.48573332310189710  0.49145183969661277  0.49741673372040246
  0.50290443421656594  0.51000911957112316  0.51970143942676461  0.52884998406902672
  0.53940983130014164  0.54946185673340753  0.55831235700769899  0.56578226834436751
  0.57253814489343913  0.57958406414476593  0.58780269452587253  0.59526178482375292
  0.60222125411987393  0.60918799154700598  0.61694310300649802  0.62731837807862711
  0.63775916671070509  0.64775669211140374  0.65713769657197785  0.66585144899765314
  0.67677661888934348  0.68774216502689578  0.69931419334779421  0.71212623198383107
  0.72552294547275453  0.73830551561635671  0.74895660305114453  0.75663504138952975
  0.76457065754829667  0.77336483783958687  0.78277644947084601  0.79491505995671674
  0.80917670992411628  0.82346865860122243  0.83983418917032537  0.85281594420515461
  0.86558642059513058  0.87847684278309046  0.89357451579779945  0.91113511852271822
  0.93048246277194957  0.95091696165830253  0.97459238773678469  1.00000000000000000
 -0.00261457163562795  0.01063577771003666  0.02193809899735966  0.03343761788858188
  0.04272263057617291  0.05215237815448324  0.05955635366401997  0.06791211789272059
  0.07500333497615942  0.08266046730834015  0.09266046203309140  0.10308888217578611
  0.11209395707074510  0.12040078120322165  0.13075419095844718  0.14033689028146704
  0.15011617418005949  0.15991775664978850  0.16930458941981866  0.17959486453906207
  0.19055244226558660  0.20265212876072550  0.21479903669863251  0.22402968206561613
  0.23439125405794126  0.24520557942338678  0.25640727158909149  0.26674690550694774
  0.27465726527571455  0.28281904247751383  0.29083465002833003  0.29840251864138850
  0.30579135269388052  0.31351921760110435  0.32280676718083351  0.33284294301629408
  0.34318802898940765  0.35399394098319392  0.36591402695540964  0.37819009191252229
  0.38753016335739360  0.39684780273978870  0.40827200178313494  0.41935024049223574
  0.43009360102197652  0.44056224586245230  0.45295662887456711  0.46545869672883705
  0.47811214904709715  0.49092989270536036  0.50417633910486137  0.51697885963536316
  0.52874087902642397  0.53964753506547314  0.55161736584596721  0.56420342196215989
  0.57762512705155233  0.59181437914001567  0.60452315176485494  0.61590075476501827
  0.62683851847567884  0.63728615085386475  0.64697829601587276  0.65765884771421690
  0.66823329180672242  0.67854372702192878  0.68727579031623443  0.69410709839902385
  0.70137363246015716  0.71034839064954614  0.72057744301488691  0.72870790324476975
  0.73528129000422127  0.74065688020010056  0.74551726109371619  0.75355916272830670
  0.76435721524851929  0.77741750919688468  0.79087946973262890  0.80418529474782796
  0.81915813964132200  0.83164482575778853  0.84243081021776389  0.85264044863830302
  0.86434827282723237  0.87854310400922075  0.89518767284713741  0.90929662805360745
  0.92087161950221719  0.93196236740188310  0.94269997062904776  0.95340000941489156
  0.96556380359295590  0.97877466723518913  0.99008752926608823  1.00000000000000000
 -0.00289077236732857  0.01575625510301407  0.02992441363278919  0.04237401475315389
  0.05554170060196150  0.07097335362156945  0.08426752491673313  0.09524248588298373
  0.10276565008410302  0.10796194878682264  0.11294047936257161  0.11817920661073054
  0.12325606583949564  0.12981634035657166  0.13834054882526942  0.14653038640584903
  0.15647171482421465  0.16839283593556362  0.17816221141297503  0.18704915531755067
  0.19697282535106569  0.20834058222161686  0.22128724134255845  0.23193587065546364
  0.24075606345372916  0.24837726976380736  0.25845736324626878  0.27106923562010943
  0.28877290761265778  0.29960344187726629  0.30752009312916267  0.31498373331389995
  0.32284226308545844  0.33053936894974167  0.33766035968724617  0.34491760747624978
  0.35122424897784227  0.36023483312899263  0.37280146773605882  0.38802545770133057
  0.40137524902601684  0.41237888403453377  0.42120263214663511  0.43160513193085193
  0.44199122399428009  0.45526089639910677  0.46968190605457710  0.48396292404336849
  0.49629297981887865  0.50667499915911718  0.51581211926621107  0.52600967992433412
  0.53655765657652488  0.54579165115023587  0.55325816835769548  0.56026020916710895
  0.56779141887765683  0.57663938230805034  0.58638008255815355  0.59573964441523630
  0.60509945808362586  0.61409274717275542  0.62267939937193539  0.63288315947162599
  0.64629101270719858  0.65810783032542874  0.66900947960159241  0.67969417576408264
  0.69020351877889163  0.70145788645096208  0.71294252531474223  0.72371553193641502
  0.73443958794367092  0.74777833577236252  0.76119075165059602  0.77427380084210495
  0.78682497266958418  0.79953331703589048  0.81295621500841508  0.82613871491914892
  0.83944403858178174  0.85391275384467213  0.86684262609867280  0.87808386633456981
  0.88882109618584626  0.89987618199966135  0.91218687191267034  0.92340847560020523
  0.93371064902089318  0.94363389031265443  0.95284880401411998  0.96226187367348404
  0.97176095599653300  0.98118219946238616  0.98991994489056356  1.00000000000000000
  0.66842023184201771  0.69498386158924830  0.71132581762780833  0.72056350046343598
  0.72803205895774070  0.73760764772027609  0.74556959518842725  0.75269729750865177
  0.75809187520269949  0.76268014988203026  0.76890268562413422  0.77435712593777373
  0.77872181884757630  0.78344436636415182  0.78846901228044497  0.79319268215632488
  0.79806400393427956  0.80148742252157734  0.80456458683126530  0.80835497637964093
  0.81221960688684602  0.81615626579505340  0.82052595196083589  0.82486861925546973
  0.82835672529552817  0.83185760163650990  0.83652063734792048  0.84064020053301247
  0.84398889086095807  0.84692009013442537  0.84987180663105866  0.85330617559974009
  0.85672280912713705  0.86015268909723996  0.86353956028145573  0.86648769793603053
  0.86996673970959748  0.87364922953304835  0.87687551362283533  0.87999704349524133
  0.88327182166362739  0.88620557240378162  0.88875389392810211  0.89129345216886335
  0.89365053583263843  0.89571812339288703  0.89764757935153683  0.89951056885481662
  0.90138700635363012  0.90374023144529769  0.90643929731173711  0.90875270658498974
  0.91065043732823869  0.91257221557093926  0.91457015507231409  0.91658705628340620
  0.91840646651670943  0.92048401933793511  0.92279327949487533  0.92536760057094603
  0.92814188612524007  0.93104573107726363  0.93361677078635830  0.93599410656738991
  0.93823821615326297  0.94034695011061487  0.94234436411512756  0.94426451822162583
  0.94576381945657129  0.94703618845334170  0.94827073182730304  0.94912647231577740
  0.95012393329530820  0.95117303822338994  0.95207138664595958  0.95296653861152825
  0.95417400180969481  0.95653343706211624  0.95921565772246831  0.96147054838232116
  0.96340490799123935  0.96531995608822307  0.96731998275549613  0.96925368960487635
  0.97102447836644168  0.97273765981145710  0.97462009543612682  0.97660398635235746
  0.97861198380615533  0.98081152719407005  0.98270894700347167  0.98521012482048786
  0.98748997973566788  0.99006565453971351  0.99394780238119251  1.00000000000000000
 -0.03081545179786675  0.15838755482911498  0.20721983164777136  0.22947141643366895
  0.24747583942128756  0.26769543645324995  0.28714973782119846  0.30135646663639792
  0.31266360527016757  0.32370618693763803  0.33598379440017834  0.34610333846331198
  0.35739172803418506  0.36712125338565088  0.37990694916512852  0.38672482556783755
  0.39308287530851732  0.39801265926152141  0.40270452126203327  0.40743148561529430
  0.41376053866166734  0.42258713720320229  0.43266880817083869  0.44129618415729938
  0.44684536023069688  0.45190816432088743  0.45719712608758123  0.46223016063496286
  0.46890318387968577  0.47681719583734916  0.48353689089353319  0.49029112076114734
  0.49747816877397066  0.50424084585366813  0.50930928585086066  0.51392964161168220
  0.51883470219166394  0.52461140734349654  0.53199519980442556  0.54019690908521933
  0.54805046156751203  0.55528242867985278  0.56198151557539577  0.56822221225478176
  0.57533555968277594  0.58283326418297121  0.59053292293435611  0.59683527312774720
  0.60223644828938838  0.60688259463921745  0.61113434873397277  0.61568988701153071
  0.62023631950216052  0.62429316086283715  0.62836728075715242  0.63249527229259439
  0.63642096428013173  0.64034318304214732  0.64490992377315914  0.64914296428924656
  0.65335334529641043  0.65783339358184001  0.66156056951682274  0.66554630015638705
  0.66934426885697151  0.67304025826700120  0.67657034855748610  0.68047816701302466
  0.68514919881591452  0.69033640301268073  0.69514439393431515  0.70017486144012797
  0.70558583901510785  0.71165282245753803  0.71807256941456166  0.72412207972378440
  0.72966532389835470  0.73546344732267221  0.74219969409288733  0.74986989094435641
  0.75804406602043495  0.76604183802485182  0.77360650936265418  0.78143232535520191
  0.78884439755266977  0.79652780370284959  0.80406064131143917  0.81177393563189926
  0.81928072825252696  0.82762300057454496  0.83717026894080726  0.85017681437594472
  0.86869950081951608  0.89142631892623392  0.92279027422168347  1.00000000000000000
   1.9048436801757654E-015  -1.0000000000000000     
 F F F F F F F F F F F F F F F F F F F F F F F F F F F F F F F F F F F F F F F F F F F F F F F F F F F F F F F F F F F F F F F F F F F F F F F F F F F F F F F F F F F F F F F F F F F F F F F F F F F F F F F F F F F F F F F F F F F F F F F F F F F F F F F F F F F F F F F F F F F F F F F F F F F F F F F F F F F F F F F F F F F F F F F F F F F F F F F F F F F F F F F F F F F F F F F F F F F F F F F F F F F F F F F F F F F F F F F F F F F F F F F F F F F F F F F F F F F F F F F F F F F F F F F F F F F F F F F F F F F F F F F F F F F F F F F F F F F F F F F F F F F F F F F F F F F F F F F F F F F F F F F F F F F F F F F F F F F F F F F F F F F F F F F F F F F F F F F F F F F F F F F F F F F F F F F F F F F F F F F F F F F F F F F F F F F F F F F F F F F F F F F F F F F F F F F F F F F F F F F F F F F F F F F F F F F F F F F F F F F F F F F F F F F F F F F F F F F F F F F F F F F F F F F F F F F F F F F F F F F F F F F F F F F F F F F F F F F F F F F F F F F F F F F F F F F F F F F F F F F F F F F F F F F F F F F F F F F F F F F F F F F F F F F F F F F F F F F F F F F F F F F F F F F F F F F F F F F F F F F F F F F F F F F F F F F F F F F F F F F F F F F F F F F F F F F F F F F F F F F F F F F F F F F F F F F F F F F F F F F F F F F F F F F F F F F F F F F F F F F F F F F F F F F F F F F F F F F F F F F F F F F F F F F F F F F F F F F F F F F F F F F F F F F F F F F F F F F F F F F F F F F F F F F F F F F F F F F F F F F F F F F F F F F F F F F F F F F F F F F F F F F F F F F F F F F F F F F F F F F F F F F F F F F F F F F F F F F F F F F F F F F F F F F F F F F F F F F F F F F F F F F F F F F F F F F F F F F F F F F F F F F F F F F F F F F F F F F F F F F F F F F F F F F F F F F F F F F F F F F F F F F F F F F F F F F F F F F F F F F F F F F F F F F F F F F F F F F F F F F F F F F F F F F F F F F F F F F F F F F F F F F F F F F F F F F F F F F F F F F F F F F F F F F F F F F F F F F F F F F F F F F F F F F F F F F F F F F F F F F F F F F F F F F F F F F F F F F F F F F F F F F F F F F F F F F F F F F F F F F F F F F F F F F F F F F F F F F F F F F F F F F F F F F F F F F F F F F F F F F F F F F F F F F F F F F F F F F F F F F F F F F F F F F F F F F F F F F F F F F F F F F F F F F F F F F F F F F F F F F F F F F F F F F F F F F F F F F F F F F F F F F F F F F F F F F F F F F F F F F F F F F F F F F F F F F F F F F F F F F F F F F F F F F F F F F F F F F F F F F F F F F F F F F F F F F F F F F F F F F F F F F F F F F F F F F F F F F F F F F F F F F F F F F F F F F F F F F F F F F F F F F F F F F F F F F F F F F F F F F F F F F F F F F F F F F F F F F F F F F F F F F F F F F F F F F F F F F F F F F F F F F F F F F F F F F F F F F F F F F F F F F F F F F F F F F F F F F F F F F F F F F F F F F F F F F F F F F F F F F F F F F F F F F F F F F F F F F F F F F F F F F F F F F F F F F F F F F F F F F F F F F F F F F F F F F F F F F F F F F F F F F F F F F F F F F F F F F F F F F F F F F F F F F F F F F F F F F F F F F F F F F F F F F F F F F F F F F F F F F F F F F F F F F F F F F F F F F F F F F F F F F F F F F F F F F F F F F F F F F F F F F F F F F F F F F F F F F F F F F F F F F F F F F F F F F F F F F F F F F F F F F F F F F F F F F F F F F F F F F F F F F F F F F F F F F F F F F F F F F F F F F F F F F F F F F F F F F F F F F F F F F F F F F F F F F F F F F F F F F F F F F F F F F F F F F F F F F F F F F F F F F F F F F F F F F F F F F F F F F F F F F F F F F F F F F F F F F F F F F F F F F F F F F F F F F F F F F F F F F F F F F F F F F F F F F F F F F F F F F F F F F F F F F F F F F F F F F F F F F F F F F F F F F F F F F F F F F F F F F F F F F F F F F F F F F F F F F F F F F F F F F F F F F F F F F F F F F F F F F F F F F F F F F F F F F F F F F F F F F F F F F F F F F F F F F F F F F F F F F F F F F F F F F F F F F F F F F F F F F F F F F F F F F F F F F F F F F F F F F F F F F F F F F F F F F F F F F F F F F F F F F F F F F F F F F F F F F F F F F F F F F F F F F F F F F F F F F F F F F F F F F F F F F F F F F F F F F F F F F F F F F F F F F F F F F F F F F F F F F F F F F F F F F F F F F F F F F F F F F F F F F F F F F F
  <DiscreteSampler_grid>
  grouped_processes
  1 # 1 for a reference and 2 for a running grid.
  10 # Attribute 'min_bin_probing_points' of the grid.
  1 # Attribute 'grid_mode' of the grid. 1=='default',2=='initialization'
  0.0000000000000000 # Attribute 'small_contrib_threshold' of the grid.
  0.5000000000000000 # Attribute 'damping_power' of the grid.
 # binID   n_entries weight   weight_sqr   abs_weight
    61   10   7.911594964358618E-013   6.045720993405447E-024   7.911594964358618E-013
    62   10   7.911594964359083E-013   6.045720993406167E-024   7.911594964359083E-013
    64   10   1.582318992871724E-012   2.418288397362179E-023   1.582318992871724E-012
    65   10   1.582318992871817E-012   2.418288397362467E-023   1.582318992871817E-012
    67   10   1.475968952754083E-011   1.700062474896738E-021   1.475968952754083E-011
    68   10   1.475968952754182E-011   1.700062474896778E-021   1.475968952754182E-011
    70   10   2.951937905508166E-011   6.800249899586952E-021   2.951937905508166E-011
    71   10   2.951937905508363E-011   6.800249899587112E-021   2.951937905508363E-011
    106   10   7.911594964358311E-013   6.045720993404968E-024   7.911594964358311E-013
    107   10   7.911594964359266E-013   6.045720993406451E-024   7.911594964359266E-013
    109   10   1.582318992871662E-012   2.418288397361987E-023   1.582318992871662E-012
    110   10   1.582318992871853E-012   2.418288397362580E-023   1.582318992871853E-012
    112   10   1.475968952754088E-011   1.700062474896740E-021   1.475968952754088E-011
    113   10   1.475968952754179E-011   1.700062474896779E-021   1.475968952754179E-011
    115   10   2.951937905508176E-011   6.800249899586960E-021   2.951937905508176E-011
    116   10   2.951937905508358E-011   6.800249899587115E-021   2.951937905508358E-011
    151   10   6.896745366421696E-012   2.505974457052313E-022   6.896745366421696E-012
    152   10   6.896745366421528E-012   2.505974457052167E-022   6.896745366421528E-012
    154   10   1.379349073284339E-011   1.002389782820925E-021   1.379349073284339E-011
    155   10   1.379349073284306E-011   1.002389782820867E-021   1.379349073284306E-011
    157   10   8.524769907617468E-012   3.750608610172020E-022   8.524769907617468E-012
    158   10   8.524769907618780E-012   3.750608610173335E-022   8.524769907618780E-012
    160   10   1.704953981523494E-011   1.500243444068808E-021   1.704953981523494E-011
    161   10   1.704953981523756E-011   1.500243444069334E-021   1.704953981523756E-011
    196   10   6.896745366421541E-012   2.505974457052181E-022   6.896745366421541E-012
    197   10   6.896745366421885E-012   2.505974457052472E-022   6.896745366421885E-012
    199   10   1.379349073284308E-011   1.002389782820873E-021   1.379349073284308E-011
    200   10   1.379349073284377E-011   1.002389782820989E-021   1.379349073284377E-011
    202   10   8.524769907617332E-012   3.750608610171884E-022   8.524769907617332E-012
    203   10   8.524769907618903E-012   3.750608610173461E-022   8.524769907618903E-012
    205   10   1.704953981523466E-011   1.500243444068754E-021   1.704953981523466E-011
    206   10   1.704953981523781E-011   1.500243444069384E-021   1.704953981523781E-011
  </DiscreteSampler_grid>
