  0.00325700458155276  0.01123676822495168  0.02105358896991838  0.03268748128569127
  0.04507812845503957  0.05685030079883732  0.06606148900907594  0.07136298108604280
  0.07588875570999019  0.08293438465177005  0.09109539396468905  0.10009413153628231
  0.10862469796573361  0.11852846327491644  0.13261760424130653  0.14857496447451315
  0.16544356062570598  0.17892929598953339  0.18768880316907655  0.19514732591792799
  0.20512158213004358  0.21846671965766021  0.23036207052588170  0.23798940929864973
  0.24446126956832481  0.25216547664569761  0.26279238740535837  0.27545744353420659
  0.28762313496600234  0.29920307298644727  0.31047974100635445  0.32264856170357992
  0.33476996381422763  0.34707265927934794  0.35928256428483840  0.37154078807842772
  0.38547864621608346  0.39945908162799387  0.41436153921478813  0.42954023610481257
  0.44267290363996387  0.45462897410631975  0.46762831709712338  0.48305826693979043
  0.49704060970525504  0.51103022044722912  0.52475084467514632  0.53832108587465088
  0.55132812908277673  0.56017029622820502  0.56970053895990747  0.58035349869563146
  0.59113461713813475  0.59944325124940090  0.60440893745529511  0.60869921915539960
  0.61351059044067580  0.61881527239068390  0.62432739324681674  0.63271639515844236
  0.64101605629637037  0.64989137473126191  0.65901561120422703  0.66829021180630377
  0.67877184487560183  0.68950096286391604  0.70144238742986043  0.71457803883883719
  0.72598435426536445  0.73637658017891894  0.74684244823949641  0.75775715568948099
  0.76939105206977221  0.78465689276693074  0.79964060995309794  0.81203684765969886
  0.82555356222059062  0.83733511021200635  0.84705912114424264  0.85440405439974509
  0.85957564345376603  0.86352639511462914  0.86836491401059912  0.87472617379985218
  0.88288166890407793  0.89097470557995440  0.89969460646715915  0.91016669891960300
  0.92030297580663911  0.92951529748055162  0.93803546999806720  0.94847183176817118
  0.95935046637942734  0.97085825859956265  0.98403768442421435  1.00000000000000000
  0.00751397252992088  0.01874119855563739  0.03058843661175887  0.04335515912236516
  0.05629858200503576  0.06640993050191091  0.07499577561981685  0.08485362811637343
  0.09638771045828629  0.10860724836465904  0.12009140136787751  0.13138372706511914
  0.13944261638687655  0.14828439878994504  0.15643775016566186  0.16463979877785140
  0.17323904544947799  0.18431333740657554  0.19478135051058088  0.20615611339999426
  0.21843281618626853  0.23127370202902925  0.24155949351721395  0.24991637894179999
  0.25706534815860649  0.26386885208106625  0.27186154841214477  0.28088422355168269
  0.28903884254764844  0.29919541529738714  0.30648411872624032  0.31615147167485513
  0.32736267093695343  0.33842310402226461  0.35100004913441701  0.36390870699514360
  0.37557513543904442  0.38766369117716737  0.39751472991299769  0.40593851506609768
  0.41389802294717171  0.42133467965609445  0.43287773220004416  0.44657273503693423
  0.45881052566061442  0.46888768580762924  0.47864086447289167  0.48802275328917705
  0.49596483276460557  0.50299644356115958  0.51048425459176505  0.51902167044570635
  0.53159187727594259  0.54717995309793332  0.56436303876395211  0.57492238252574912
  0.58545278059017802  0.59527924700130219  0.60279912131516145  0.61120022011669495
  0.62075211742922531  0.62981242663518455  0.64046083765786188  0.65437096259601868
  0.66978074997007664  0.68528599082605002  0.69843861034299393  0.70876783808903521
  0.71999822229199406  0.73350991125627729  0.74892127291604582  0.76508635101063427
  0.77383970218321751  0.78197823086093410  0.79076222361171078  0.79876228301033581
  0.80575664954713788  0.81397813711306533  0.82468609360213263  0.83592804274666899
  0.84674798986460054  0.85964933720600556  0.87087530049103268  0.88401373550644036
  0.90095322330866479  0.91814701637068485  0.93055457383483109  0.93786598111336761
  0.94339849718611435  0.94932768558378544  0.95658107170064965  0.96703172229907164
  0.97543991507531835  0.98298067993737293  0.99084536556063951  1.00000000000000000
  0.00020821587213615  0.00022530394981213  0.00022931648290629  0.00023189821215325
  0.00023430465395112  0.00023663291672335  0.00023884592714408  0.00024163599313173
  0.00024436460720627  0.00024688062066408  0.00024877999435694  0.00025081566450935
  0.00025352361456102  0.00025669993960683  0.00026011759918122  0.00026280530691363
  0.00026547520848117  0.00026849332620663  0.00027136192711070  0.00027384873737059
  0.00027604339736199  0.00027818274853566  0.00028058571511178  0.00028330040763675
  0.00028627068245191  0.00028945949715480  0.00029284741176190  0.00029600635988126
  0.00029972190547917  0.00030341199819123  0.00030691056457399  0.00031022116481657
  0.00031312144758150  0.00031574399290974  0.00031831171653243  0.00032096312666165
  0.00032422474477571  0.00032769715974384  0.00033131808301631  0.00033544946221265
  0.00034042474890469  0.00034557517210762  0.00034862636066667  0.00035098434658016
  0.00035326678326642  0.00035564825689691  0.00035845853160253  0.00036211522681279
  0.00036781552568828  0.00037372956424749  0.00037903618208798  0.00038405514073703
  0.00038889349352572  0.00039308141325539  0.00039687520145850  0.00040099629171172
  0.00040508185481781  0.00041017970487033  0.00041769688945041  0.00042553948544267
  0.00043383615956338  0.00044243532087434  0.00045231721235051  0.00046083898372502
  0.00047087874411784  0.00048249443006531  0.00049478638391781  0.00050788020228887
  0.00052174867233978  0.00053605776090004  0.00054577893569307  0.00055331554980413
  0.00056035906773959  0.00056831135129387  0.00057752113301394  0.00058779125809496
  0.00059959967792129  0.00061405973692775  0.00063206416371432  0.00065777697421103
  0.00069366932808993  0.00073248931940749  0.00077453215237939  0.00082334959436742
  0.00089056516367442  0.00098970149849532  0.00110600021822202  0.00118184362368481
  0.00126876267100502  0.00136417522996432  0.00148355962365764  0.00172074772605652
  0.00199112711120139  0.00311609636331401  0.20081449577147384  1.00000000000000000
  0.00020662328084048  0.00032051578138393  0.00041139051671544  0.00046836345049514
  0.00053694170139640  0.00059336425342055  0.00064038702097799  0.00067831553872495
  0.00070815623750610  0.00072752792095445  0.00074273943588851  0.00076408364481969
  0.00078885254333373  0.00081519250747568  0.00084541139859397  0.00088023264430393
  0.00091007075522175  0.00094464837196411  0.00098368323959167  0.00102609117345624
  0.00106840097624198  0.00110956161716814  0.00115087944746667  0.00119636451236107
  0.00124411258278545  0.00128304571694526  0.00131796378666043  0.00134884520868342
  0.00137750401595047  0.00140663613879355  0.00143827634378330  0.00147124423448424
  0.00151050637142750  0.00154803131733590  0.00158234124750888  0.00161728650385315
  0.00165355443026747  0.00169325082435564  0.00173951735255099  0.00179546923942185
  0.00186536582041005  0.00194036283250306  0.00201952794901742  0.00209391233863904
  0.00217303846848569  0.00226258994431144  0.00235054583513738  0.00242029556042901
  0.00247277902132564  0.00252133524937497  0.00257089394204718  0.00264192980039395
  0.00274201423123581  0.00282685246511260  0.00290219766869153  0.00298096650481025
  0.00306735364947915  0.00315915302660513  0.00327388391172534  0.00344858714980750
  0.00366666040278041  0.00388777228059458  0.00408543385724000  0.00425875535755166
  0.00442456375784363  0.00458439862233135  0.00477569604389454  0.00500156836900405
  0.00524956524026034  0.00543773204896202  0.00562766935644680  0.00581919170907852
  0.00599133183466453  0.00617524063017883  0.00636596350648923  0.00663331192632965
  0.00697138275194694  0.00720685075893639  0.00747988847697274  0.00788184776634487
  0.00837935437150765  0.00890300562933819  0.00968418701891762  0.01038797313288173
  0.01074631749928119  0.01150777453187117  0.01325170885561955  0.01533007797204754
  0.01680062407634899  0.01855075078861667  0.02264334656883349  0.02913931315035511
  0.03614645975681832  0.08142168769465077  0.30175179147975650  1.00000000000000000
  0.00445695882540885  0.00874409914435034  0.01320427423758177  0.01787567176056742
  0.02602445977233768  0.03543689795697799  0.04452818930770312  0.05515539006204984
  0.07145706870194220  0.09248008437168567  0.11072521464265810  0.12613515553013552
  0.13883280165403511  0.14930285466160792  0.15852548320322732  0.16998042770762706
  0.18148950395761443  0.19304053596062232  0.20325508405179607  0.21174976429546594
  0.21930679781820625  0.22762864833302929  0.23671274023689265  0.24556695855208177
  0.25521468742551745  0.26752084827597300  0.28058730305057067  0.29202496814182638
  0.30181159616082798  0.31178707565871167  0.32223199191433155  0.33287140040574664
  0.34479513650283800  0.35789271305558401  0.37148214856860140  0.38509777374725079
  0.39644341630306956  0.40272027740087835  0.40873260111665322  0.41214313386478996
  0.41755682640288783  0.42412947060677869  0.43122793603304593  0.44479628136421517
  0.45833503477290760  0.46801705226576462  0.47531977527270797  0.48129713408093922
  0.48762379073844447  0.49631522729702843  0.50930587528999638  0.52171515257708512
  0.53205609684519706  0.54175140183164183  0.55383880192108048  0.56949548644100279
  0.58793498036743996  0.60139797350078161  0.61182300132812240  0.62458287869664009
  0.63714278401336288  0.65097155647326543  0.66873664387699439  0.68124126183859757
  0.69248793527188157  0.70283060913194717  0.71282510962585188  0.72213291795033918
  0.73209797808931876  0.74372922573511813  0.75557516316577333  0.76507169546756237
  0.77417439687434642  0.78501912765137094  0.79682823893941723  0.80769393200788231
  0.81702582169689231  0.82559066240201850  0.83378767258944575  0.84144641050804292
  0.84952112272407654  0.85912246774399004  0.87105530285906474  0.88328068744840871
  0.89554755431686561  0.90947779794793282  0.92260044295189880  0.93508619543073368
  0.94360764051751878  0.95273401063446894  0.96432835180106524  0.97392630561671933
  0.98145391729737119  0.98804692299217367  0.99411335557151825  1.00000000000000000
  0.00000232249689559  0.00002215399319217  0.00003066297123589  0.00003673468027133
  0.00004176498416640  0.00004642559413013  0.00005428143684302  0.00006367827041681
  0.00007363748600863  0.00008358275858868  0.00009142387729857  0.00009929033189472
  0.00010838232331866  0.00011757549778079  0.00012837375887239  0.00013643900446423
  0.00014360783613588  0.00015034259102907  0.00015655674173702  0.00016432491137505
  0.00017267313887221  0.00018136596395612  0.00019062164612249  0.00020089185463296
  0.00021283044933840  0.00022667044701370  0.00024123927686968  0.00025645337406228
  0.00027429876378755  0.00029517393421222  0.00031088461446192  0.00032453983018675
  0.00033667073493292  0.00034931935960837  0.00036266594417213  0.00037566215907250
  0.00039044412433255  0.00041163286245109  0.00043525773894398  0.00046021465514602
  0.00048831848735515  0.00051070687212036  0.00053099857873857  0.00055074769666115
  0.00057032551465993  0.00058967418200208  0.00061437610214670  0.00064773707187217
  0.00069005130971566  0.00073943460061798  0.00078672948371551  0.00082914179822711
  0.00087389691752800  0.00092483428204365  0.00097998373464308  0.00103232173733255
  0.00107945704088083  0.00114099535215479  0.00122350022858177  0.00132712648258407
  0.00145237834555163  0.00159413611693403  0.00173051130580265  0.00185031629141467
  0.00196762867590132  0.00208439219804289  0.00222578916879929  0.00240696693862605
  0.00262229477307300  0.00286736794811256  0.00314113260283037  0.00348198592788621
  0.00381152979762680  0.00421910364844289  0.00468802501119483  0.00533189677399963
  0.00587462039697439  0.00656638675819095  0.00765941206243717  0.00898702899715933
  0.01013364699502968  0.01129511971999163  0.01251787804336325  0.01368617694481733
  0.01461889813441753  0.01643929786478801  0.01953592057773685  0.02502878893624469
  0.03008977754170813  0.03533071812373588  0.04158506379318117  0.05100440489961401
  0.06687658385693054  0.08295821563780138  0.11739816650917384  1.00000000000000000
 -0.00000006983695677  0.00000402936297589  0.00000730929179736  0.00001017425308839
  0.00001279005832633  0.00001560572876691  0.00002032820820571  0.00002824412929467
  0.00003641684958178  0.00004447859962279  0.00005345467612584  0.00006524061417127
  0.00007951846448728  0.00009344113112843  0.00010780435599900  0.00012423989255195
  0.00015044290013424  0.00017849034516016  0.00020568875913276  0.00023524927374867
  0.00027367089819115  0.00031782282935052  0.00037180821580611  0.00042627890318747
  0.00048981892089207  0.00057114332346285  0.00065557393894315  0.00072621152792254
  0.00078840462260684  0.00084608286670785  0.00090407628650900  0.00097367817790772
  0.00104508380461854  0.00113292702730770  0.00121760081082641  0.00129909747694924
  0.00137879268716298  0.00145180741649674  0.00152362192774558  0.00160277697452721
  0.00169214088628790  0.00177251214973061  0.00186060862070664  0.00196619077425452
  0.00203425713411520  0.00209449103023903  0.00215193755909440  0.00220885514649745
  0.00227028244500023  0.00234947470060106  0.00244470847832988  0.00254889221654779
  0.00263442421142599  0.00272649816400087  0.00281577602263214  0.00288263873706246
  0.00294570515034430  0.00301275980031827  0.00310438492274486  0.00322071574307763
  0.00332832158321729  0.00345053222173597  0.00357428823025235  0.00369956561707856
  0.00383947247105714  0.00399499300433366  0.00413396943350580  0.00427572332168068
  0.00442263156354577  0.00457410428608975  0.00467398516709835  0.00480168153764949
  0.00493841776172871  0.00507790595655459  0.00522910822872392  0.00540056198708147
  0.00556731738154414  0.00576477871593621  0.00606131538882864  0.00642838127732447
  0.00693476793233687  0.00752118886947711  0.00805988265010048  0.00859507914002907
  0.00915443468683340  0.00977476388970755  0.01047574870876528  0.01129524870130361
  0.01260136115428212  0.01439172821453035  0.01730151880697944  0.02067854389542488
  0.02633275464222412  0.05138666494186866  0.12148302126886770  1.00000000000000000
 -0.00282407573620833  0.00943360630435572  0.02323570414736324  0.03491637712366801
  0.04635647825847986  0.06199807197647444  0.07940971509937192  0.09175060456679182
  0.09876204373259372  0.10435043523593285  0.10969083595618828  0.11690532635889557
  0.12823645377725171  0.14028996950663053  0.15051405220391215  0.15961998161781649
  0.16879358609737638  0.17606770934215049  0.18179063069298088  0.18818100266820414
  0.19775017086653762  0.21218140210394965  0.22665681448485483  0.23683066358025082
  0.24562412345052939  0.25540934013235056  0.26487335969312487  0.27363969309025260
  0.28040979964624135  0.28906799211817075  0.30079504147957686  0.31355994859956382
  0.32635110752069951  0.33874047431027660  0.34926208305133366  0.35859017252182712
  0.36776458412250423  0.37726679039682648  0.38993135900812825  0.40215442669521834
  0.41340618093237547  0.42515883080364464  0.43831619232079355  0.45069589850112890
  0.46161151239726728  0.47037270688835692  0.47855648366846237  0.48621643706401912
  0.49318933768502643  0.50049887443213059  0.50814460260680738  0.51529143105024255
  0.52222699584750221  0.52916131126828203  0.53550739067079667  0.54271541685200653
  0.55061034144123988  0.55868053161280695  0.56848458119894185  0.58019480838968684
  0.59202583119377372  0.60542569244437372  0.61916392675234588  0.63238253000001166
  0.64308588751783269  0.65282643878731694  0.66203018883020781  0.67051755457304296
  0.67780674889706494  0.68575238297687824  0.69543274746344907  0.70533019026487009
  0.71527347515107920  0.72566298598452417  0.73532985128071260  0.74566797817188701
  0.75539308032605001  0.76397642332905791  0.76881663398179156  0.77551878565188992
  0.78323614293185018  0.78991496306267117  0.79699708241250966  0.80564559127539959
  0.81775899050416878  0.83309209987813582  0.85175846351982409  0.86969304808033199
  0.88417683929849411  0.89931676765495283  0.91435183880854420  0.93025443654894846
  0.94519645096979199  0.96171534420725036  0.97950943165914228  1.00000000000000000
 -0.00313184097065818  0.00880436864996307  0.02016310578376943  0.03193940974769258
  0.04630701020822369  0.06335527780847297  0.07780877771134978  0.08811468970017328
  0.09647528564174015  0.10095874712366672  0.10621912220939264  0.11284047272106661
  0.11842668079722717  0.12740533124357273  0.14076763737754289  0.15335796411311101
  0.16557692318625039  0.17726166921579625  0.18720780744337609  0.19593075384440795
  0.20766457281774706  0.22137398186451945  0.23361242992224043  0.24361360178277769
  0.25253142903213249  0.26216786135632980  0.27216462619346321  0.28144570473129998
  0.29351354628680165  0.30486034450679955  0.31730378670850717  0.32889222989504507
  0.33999431384567108  0.35188996061844952  0.36500150754364025  0.37829779676274095
  0.39113858588705863  0.40335704884932483  0.41636851737465091  0.43042794202041917
  0.44386828999618455  0.45579550221913046  0.46614927939213685  0.47636080517614454
  0.48694458344557828  0.49584112627620919  0.50437547955644968  0.51252392253061274
  0.52181655163898055  0.53441985243792278  0.54585549663972088  0.55503493000906279
  0.56422986641446826  0.57115276871058496  0.57860512838598088  0.58675243487240869
  0.59379815006922254  0.60198163456647269  0.61177003419589027  0.62211533492383142
  0.63070462732325383  0.63877646447887559  0.64867649114937376  0.65886763372203239
  0.66819555229172234  0.67618687453794268  0.68266478032693489  0.69286090292008318
  0.70549078691008882  0.71680378180774385  0.72435716784632098  0.73003375745981980
  0.73580365262293568  0.74366734150334624  0.75145688988260761  0.76299914930794122
  0.77778965005994338  0.78938806841264930  0.79586108730108762  0.80567935508196653
  0.82097787624716656  0.84005095853791734  0.85455219013427219  0.86619631077493819
  0.87839777085753679  0.89204072706102200  0.90804415603636912  0.92186356591783836
  0.93230245027266068  0.94039032613159745  0.94837413066247289  0.95678911830867508
  0.96390139564499877  0.97299214257936040  0.98424516637558823  1.00000000000000000
 -0.00381082646354281  0.01644710324257260  0.02842598489717607  0.04099683184482751
  0.05454312950481060  0.07165066642317985  0.08133482429676239  0.08839387442984467
  0.09563635925358802  0.10429784054404029  0.11366333335399111  0.12577413813644756
  0.13752560328501257  0.14955476244116633  0.16024475233553531  0.17085702056021773
  0.18138894764252209  0.19113550407241411  0.20178603261279004  0.21417495432446457
  0.22853857168979139  0.24019440413999008  0.25049627427402144  0.25942720963072163
  0.26757518570008121  0.27641839308811472  0.28597407865978497  0.29703493279980725
  0.30756308778251146  0.31540205004077926  0.32189726739369939  0.32935965681842561
  0.33832776154342792  0.34826980667177654  0.35822758010806016  0.36552523527340364
  0.36997322074883365  0.37397351311274207  0.37989133046331153  0.38837676098248020
  0.39841410237722996  0.40807283592179439  0.42201208078718444  0.43626542454485484
  0.44829664594278501  0.45712196060883864  0.46426558748569735  0.47166312596764909
  0.47962279233604954  0.48834594558723449  0.49434868229928486  0.49955853012066975
  0.50580058231876801  0.51151826647306398  0.52214998167795834  0.53276068510513075
  0.54275846112323067  0.55328564657420576  0.56299283504677311  0.57266700212187105
  0.58592830628095860  0.60124604407717130  0.61672127644327435  0.62879098230591446
  0.64070774815286369  0.65223726348219779  0.66254825914105930  0.67433674223175744
  0.68052742604792171  0.68793930124831626  0.69655207743240721  0.70324817025364283
  0.71083259943348864  0.72117954247022786  0.73644298747647774  0.75273105242391081
  0.76830277549418224  0.77833856235893806  0.78671429625771849  0.79337066092768782
  0.80229147161141556  0.81340267681790945  0.82955440932446045  0.84643441125015040
  0.86151310708917705  0.87689137502362813  0.89232799484985859  0.90675576925613666
  0.92091692701611172  0.93426895551628331  0.94725772197252445  0.95890347730981407
  0.96864736699133647  0.97761440745453643  0.98749704184362563  1.00000000000000000
 -0.00221467768447094  0.00962414769493181  0.01799798426698799  0.02750295017439520
  0.03800309820536624  0.05005786119169262  0.06335315008636608  0.07590948569183444
  0.08763299589411329  0.09782624654167586  0.10710375693463269  0.11601431718354593
  0.12551408128720795  0.13683325443928437  0.14826216076506032  0.15891913984931924
  0.16937040775361342  0.17997081931325976  0.18967815600107329  0.20102175793221938
  0.21351622491057676  0.22306439528359881  0.23312161969124948  0.24270414436410212
  0.25273861546491400  0.26312805026198832  0.27631333957158671  0.28506892354027491
  0.29018274370409691  0.29708805597121668  0.30545555414579995  0.31641184555371993
  0.32678250577402118  0.33787461827092596  0.35289416564100523  0.36889325719169452
  0.38348899453827201  0.39547243627843370  0.40274462368162739  0.41061179395925973
  0.41813081457701406  0.42633533101810189  0.43526405161345366  0.44310310302879463
  0.44925106568931222  0.45740417766010399  0.46598888760206825  0.47727182124361256
  0.48927579967061935  0.50330160136719171  0.51644244719687615  0.52844677453784794
  0.53856366416831780  0.54923735731162426  0.56053171593213291  0.57245081840741507
  0.58399746510981987  0.59383589597492814  0.60185996246043005  0.60845134063819084
  0.61553380757074305  0.62333679243978390  0.63294418948542663  0.64543395076033983
  0.66031951875314665  0.67515262122104236  0.68785930941086582  0.69814197295532987
  0.70763903116465765  0.71485623453167046  0.72285709877959803  0.73309139774166443
  0.74413472766973432  0.75295464005172663  0.76356571296299180  0.77355928617966874
  0.78175184889042415  0.79395159561481643  0.80885444206289003  0.82306222820132569
  0.83560340393901378  0.84579237698049159  0.85623077112717083  0.86682505839300839
  0.87749417955470876  0.88850641063300839  0.89796161312781309  0.90856731618116360
  0.91925744505596430  0.92651985310619667  0.93399937871254868  0.94299115479759898
  0.95251743021650004  0.96474089391031670  0.98083108707183242  1.00000000000000000
 -0.00164771071386842  0.00661782728088069  0.01681252424562493  0.02748504921415193
  0.03741806183506462  0.04678712288366531  0.05756837871986544  0.07098479839767706
  0.08595969838734339  0.10192212767863347  0.11811826716089963  0.13350033247260562
  0.15090136027759496  0.16670349941103782  0.18054774900430401  0.19283532316196314
  0.20449866945229356  0.21623315565881801  0.22623278021700638  0.23476666153859985
  0.24239650806986077  0.24937363430520879  0.25780497326865653  0.26777835410665374
  0.27888574369599056  0.29155234571003613  0.30445399839578979  0.31728122511599111
  0.32823906732939695  0.33746380206513249  0.34630453203752348  0.35497423923972843
  0.36517092640938004  0.37626250063855138  0.38491358273631054  0.39398952744276033
  0.40212871223609797  0.40923602783873414  0.41966896192147984  0.42789234538717535
  0.43551679728429865  0.44312533969079948  0.45094792224131758  0.45942570143589923
  0.46835283703375163  0.47824071122797840  0.49074971591351357  0.50321833219526191
  0.51334325056256125  0.52069421428919749  0.52639843932569197  0.53276086928297450
  0.53837085365871096  0.54821287658318041  0.55877233365301182  0.56911438742605636
  0.57958099955297937  0.58962576784454257  0.59933141766317610  0.60902213915928693
  0.61590086635833718  0.62130790436593275  0.62733479970098827  0.63422863502804783
  0.64468581467982022  0.65956115845881880  0.67646889383124009  0.69119892817643946
  0.70356766370249224  0.71414181010894540  0.72444487334329510  0.73538877745611997
  0.74598197060255500  0.75581581194893133  0.76588101517470197  0.77710244988285138
  0.78961707702751782  0.80099813258163632  0.80947791073416953  0.82131790902744140
  0.83392347886375551  0.84604600154519405  0.85716479693624004  0.86695879616209159
  0.87755097463063991  0.88648795776117795  0.89725011491619633  0.91069427669581404
  0.92927158251304576  0.94389899541466205  0.95292503680748841  0.96087600845553012
  0.96878558053979547  0.97699591368236827  0.98728594704449335  1.00000000000000000
 -0.00446125652932021  0.01197243744212497  0.02520660768560968  0.03637662212998419
  0.04684235748428505  0.05622517726789507  0.06564898752907711  0.07564395323819963
  0.08601349755997892  0.09799721326025185  0.11132874125052730  0.12208073963669674
  0.13440346660345301  0.14778622318581253  0.16156679993623380  0.17679358269801976
  0.19170363073899310  0.20698637670803433  0.22051377556900598  0.23394521380811112
  0.24650485716131149  0.25660606117355755  0.26711274381128297  0.27860174878247801
  0.28977302014929968  0.30126710033798687  0.30985775662576004  0.31711672621099901
  0.32529432146970205  0.33467545976166024  0.34832474011764220  0.36014245946486351
  0.37079111633706174  0.38181836052574031  0.39293205664956010  0.40198127888590163
  0.41156925031466418  0.42128529027736955  0.42986409498894446  0.43775963601508427
  0.44614497915712592  0.45597709848940454  0.46747258129085006  0.47719271802063062
  0.48889092747214402  0.50187802179500429  0.51370704986775562  0.52360185712080232
  0.53135846688304544  0.53919967442951799  0.55107290228415895  0.56540834768019332
  0.57839685193795654  0.58763150801318909  0.59822642377301150  0.60691408816627035
  0.61487006721338999  0.62348408630700392  0.63425405127012502  0.64625952439902512
  0.65804236094028334  0.66861469664759909  0.67844812116444198  0.68777575176902395
  0.69504472643161130  0.70041552122193251  0.70749067964882328  0.71530947624298280
  0.72304018417869864  0.73107161812635535  0.74010996964052034  0.74803392063096141
  0.75740732389310128  0.76525059831897069  0.77302606202231472  0.78379327788750341
  0.79541058315788493  0.80451450378635192  0.81240532809403632  0.82354043447179792
  0.83494097427592728  0.84725511310356894  0.85888700023441145  0.86990047228985512
  0.88063035069457840  0.89004286809600586  0.89857238907023673  0.90711302849554010
  0.91469799719407907  0.92287664165876193  0.93244519948630278  0.94401738461759344
  0.95662876853617218  0.97106030472265992  0.98562266575646185  1.00000000000000000
 -0.00256468654414575  0.00797293813114532  0.02131527779116788  0.03243133841710043
  0.04158114461033840  0.04951445565031393  0.06304413497619574  0.08063940209546222
  0.09599551352515225  0.10563078797672026  0.11320037011045450  0.12078558896530532
  0.12787420270973868  0.13507209517892485  0.14230003928753496  0.14979485783550947
  0.15947609894989523  0.16999114486137379  0.18089795718900140  0.19193500990759968
  0.20363069374947654  0.21410465561941988  0.22277146712299206  0.23182706791734056
  0.24050718581670907  0.24778625383829173  0.25562413151296920  0.26365744419957993
  0.27134561939576607  0.27983881409421080  0.28992143305818335  0.30132368185878744
  0.31314117411124504  0.32416323936719649  0.33356109579957410  0.34126255559829921
  0.34813755437465693  0.35649758222116057  0.36564394293366442  0.37510232417307215
  0.38533828309019535  0.39600829787155278  0.40554602179356791  0.41307994741998266
  0.41958794180042563  0.42675301694942241  0.43254854341218413  0.43728723377691897
  0.44123724361132588  0.44496754007642358  0.44887989575133330  0.45260127518397980
  0.45629580434417738  0.46125199008457657  0.46740058736896323  0.47483569793559871
  0.48169664785103888  0.48813258172423590  0.49278400660551047  0.49739729492618867
  0.50243456966187527  0.50896380748727388  0.51753573300502487  0.52557028805893735
  0.53377582126187495  0.54320006578296198  0.55424751187984578  0.56662245054424176
  0.57690565214233880  0.58617238842523034  0.59574273987173876  0.60562154356987907
  0.61613857259746740  0.62551267874144811  0.63464208172310355  0.64346399558336465
  0.65369095182716830  0.66581140115723492  0.67682094197232401  0.68656341239843632
  0.69588956719213868  0.70622683388752727  0.71619113987244354  0.72686411628403036
  0.73962355908942901  0.75431677123509733  0.77081693078794478  0.78548943880790612
  0.79856567240853293  0.81202209375610512  0.82795638227946644  0.84974873500403503
  0.87719199734182818  0.91098927185805156  0.94027801149903767  1.00000000000000000
 -0.00179893463008560  0.00563565895688090  0.01472728527025943  0.02485075240578474
  0.03648167220443942  0.04878813810718015  0.06170887012713543  0.07478285471798538
  0.08728038436956986  0.09941991743517414  0.11193775889425127  0.12292753658867694
  0.13545788431032682  0.14716959598003920  0.15716415383156168  0.16654103149788241
  0.17797395759104409  0.18995376027000646  0.20018916522096714  0.20924007686112764
  0.21744568703513018  0.22608087845716549  0.23732175570547881  0.24858639625721360
  0.26001621134222369  0.27469510301149019  0.29129107807286303  0.30697400104049194
  0.31933104029428849  0.33264987764692683  0.35069765176507645  0.36853085627863508
  0.38224993780020888  0.39089259764936690  0.39959348992361010  0.40872920401292884
  0.41967127264406701  0.43005314001593009  0.44085474963237620  0.45185624628722282
  0.46295636886295838  0.47556197994072669  0.48815241916006208  0.49676230273767702
  0.50332659170412664  0.50823258348903322  0.51316304616663422  0.51864802514489750
  0.52884643986917890  0.54203918763622427  0.55615703443832409  0.57045368603873092
  0.58604081928800000  0.59887896608176561  0.60698703215259520  0.61416832893333595
  0.62225508311496158  0.63165238693247905  0.64524996773515642  0.65732162698403684
  0.66752209234100002  0.67817656370649848  0.68842061773232077  0.69740691471990923
  0.70653552994452740  0.71677376765277701  0.72833106032698069  0.74216563141098857
  0.75138462871716949  0.76183220441806987  0.77325962156776473  0.78498387099642108
  0.79600869829393572  0.80593178266588605  0.81516387611735597  0.82278642341816810
  0.82754880799482133  0.83341136752426992  0.84151701684572100  0.85045066601868280
  0.85433920216702841  0.85755435090650933  0.86173252665390687  0.86760732157677856
  0.87559271412715967  0.88491111423529878  0.89481904297065917  0.90635101554895181
  0.92051414926969033  0.93625499471513318  0.95186560612026283  0.96495426972877052
  0.97589296528865732  0.98445828857501894  0.99168569545286900  1.00000000000000000
 -0.00421048306052657  0.01882350462975800  0.03597972384580777  0.04847249313369766
  0.06052537900478538  0.07536327558683109  0.09430565079280835  0.11241945185172750
  0.12848802008248891  0.14458462256912036  0.15748576948323667  0.17043768621309002
  0.18406177362872803  0.19572981389676028  0.20475059708101617  0.21251742738041737
  0.22374026967725222  0.23353440352557636  0.24339249776340491  0.25266194085372834
  0.26046194615768598  0.26856712365479551  0.27768766013091750  0.28850891160748238
  0.30083300803535251  0.31282203140495962  0.32237306586136016  0.33006633834477012
  0.33670874136097756  0.34428919365896909  0.35267921415034814  0.36097594852696285
  0.37025628268520211  0.37813740493462528  0.38473599318971563  0.39223638116685167
  0.39887047288928235  0.40506341577024790  0.41103306072541090  0.41774935286022213
  0.42550595712269990  0.43323347860423300  0.44089480969367201  0.44927618260362090
  0.45773683446375552  0.46528530427287856  0.47326260663917530  0.48085165357740239
  0.48878999192297923  0.49941595413634404  0.51235738298398159  0.52424644493933448
  0.53298606819065153  0.54130341032531737  0.54991396822406058  0.55916578121788274
  0.56512136805016344  0.57286383125742046  0.58123612534166336  0.59076166356515158
  0.60254801890656895  0.61175760631949883  0.61878684100880876  0.62365603432657524
  0.62801175767305883  0.63402636041796578  0.64012820094000478  0.64683916119656659
  0.65271169097532467  0.65815285457020167  0.66345298877921832  0.66876448824688117
  0.67431072877417375  0.68193101801599076  0.69073235644634068  0.69875064938330722
  0.70770374339784836  0.71881923549408921  0.72968375637599858  0.74188420543553302
  0.75391207232796076  0.76733633126226708  0.78030320700780098  0.79346549108245257
  0.80790630548518938  0.81963308123474721  0.83329282432502161  0.84986349720013565
  0.87142095812441367  0.89728604072134144  0.91692591182527838  0.93008229891744254
  0.94012218986137730  0.95469184177623234  0.97706573316524170  1.00000000000000000
 -0.00213223512200606  0.00807006073237935  0.01858708838662724  0.02774285094939863
  0.03568962516220681  0.04478488737690758  0.05500773392534923  0.06656411284450034
  0.07849382451652004  0.08958406529522138  0.09934981868435416  0.10818057501011208
  0.11390696952521992  0.12064682020902937  0.12885736696759612  0.14114100654127229
  0.15517823748893861  0.16841608143322429  0.18106140516885499  0.19390891138306093
  0.20870593912253679  0.22229426453641551  0.23836514952026383  0.24717700027087092
  0.25509716902561541  0.26306554571173041  0.27025599315646803  0.27711292200535592
  0.29045555704259590  0.30738349090545813  0.32411431435868859  0.33944667498945774
  0.35298293377299339  0.36516427951281566  0.37526256769853977  0.38509260441211468
  0.39697824462580306  0.40862168734259191  0.41874174329827374  0.42832322923332961
  0.43814032093624528  0.44869297393751145  0.46023872883768452  0.47279987911544669
  0.48558363438926871  0.49531815957554015  0.50286702123728355  0.51089653465769669
  0.51904470448416984  0.52728004430280784  0.53605437909593767  0.54267207545616469
  0.55411959993523230  0.56352570619804065  0.57109583255574892  0.57770890970703936
  0.58480510180837086  0.59235835862574215  0.59815336275448150  0.60421512958591739
  0.61230080185277014  0.62181228688425461  0.63357919742920288  0.64864256602901438
  0.66445146843075942  0.67859432310101786  0.68947960515228035  0.69834476640876197
  0.70541314082858464  0.71131889821056682  0.71800622034332773  0.72536903362619143
  0.73436665055384032  0.74614515821569571  0.75955236293745743  0.77183898440314735
  0.78242724767977589  0.79160953505146381  0.80050959790059373  0.81097159867958546
  0.82436364819932839  0.83474618218010288  0.84315941869293598  0.84902595539292181
  0.85382916319172941  0.85904154391432641  0.86476079777498938  0.87557750456322558
  0.88781442653406040  0.90090407845013887  0.91532445095356740  0.93106818003884673
  0.94682036248387758  0.96351037288373476  0.98145149914688645  1.00000000000000000
 -0.00217321421474097  0.00868217865542685  0.01988167617982302  0.03064673659403747
  0.04420631154981617  0.05982553934060893  0.07373245488353353  0.08483479218955971
  0.09342073462472472  0.10325918704231199  0.11468947612546705  0.12598019324366491
  0.13718894041340118  0.14878866471081220  0.15980067310698462  0.17139447863216034
  0.18269141727743884  0.18978052496211198  0.19523053261752016  0.20133461567159047
  0.21001816153372643  0.22105032212438236  0.23334011623246864  0.24635338559146541
  0.25658111343485346  0.26400452504411753  0.27200302763060991  0.28030477528194303
  0.28805927043336771  0.29575305086656062  0.30346732777517627  0.31145861304756939
  0.32113615959963521  0.33263301779947124  0.34343242018942371  0.35449893019110174
  0.36249912802571599  0.36870657824223318  0.37494450067752261  0.38165149842425855
  0.39138129719221421  0.40833396924326698  0.42730933022412310  0.44437074846705038
  0.45520329005935040  0.46583225447985854  0.47652508651776015  0.48495429899476983
  0.49279902517508545  0.50208816027181502  0.51297010117842534  0.52406071335969728
  0.53484386590424282  0.55096283734473261  0.56318661400538816  0.57759933145527498
  0.59265451478378028  0.60261240128470350  0.61107136434744447  0.62024055639818065
  0.62932739140898308  0.63892179119513659  0.64790796782222249  0.65738621718905910
  0.66793673607057369  0.67728218563470632  0.68568685256602480  0.69555647200170445
  0.70442422024400864  0.71468781407361925  0.72558734037416550  0.73551163429109867
  0.74446152036777147  0.75395408280534426  0.76528072374599776  0.77886881020899912
  0.79116996984972265  0.80271234621617893  0.81535888557262048  0.82617105949015779
  0.83695190825980692  0.84638231641620143  0.85608656667140692  0.86806691947832393
  0.87818448952249006  0.88562716734823965  0.89183820775259715  0.89856198686919297
  0.90822247255747068  0.92064029797967251  0.93146983955802476  0.94231122381372157
  0.95443280732832048  0.96955529795234030  0.98677535045610598  1.00000000000000000
 -0.00033579079263856  0.00511191159373892  0.00830733442633588  0.01066089614394688
  0.01250008729833059  0.01402388985190655  0.01532445066470673  0.01631850867917727
  0.01716663445227833  0.01808195007155282  0.01913541191865600  0.02006475308975550
  0.02091362196435436  0.02156507075275131  0.02224099454955180  0.02299639136596111
  0.02395955490273432  0.02502513733328403  0.02670182334260923  0.02841562689850512
  0.02984994384321676  0.03117147976141494  0.03240460778701283  0.03358998242027836
  0.03474191045121219  0.03614131696360413  0.03697580473086935  0.03772924460349741
  0.03856472491595233  0.03961608222143061  0.04133169838558055  0.04233697589974825
  0.04299274710469205  0.04369786813238650  0.04485441881815770  0.04600484955792847
  0.04717562338941270  0.04828235823858645  0.04938885054038510  0.05055954337586672
  0.05207849821612294  0.05369232343300962  0.05488838588467065  0.05593352435208465
  0.05654594762385179  0.05723553063764467  0.05802359124227389  0.05863197320130058
  0.05932873101863528  0.06008126490987981  0.06063151460662173  0.06115862079669214
  0.06179064809981609  0.06243865988769631  0.06309709482206524  0.06368525096952007
  0.06441138200382956  0.06544038311645743  0.06680306240455543  0.06852602303312644
  0.07032935488649780  0.07218111746248985  0.07311210478331275  0.07381083290305271
  0.07436090937513189  0.07529211732894570  0.07616755233437171  0.07700993803945609
  0.07792241718252083  0.07895500915495629  0.08020833662432315  0.08160878048922017
  0.08323786533253681  0.08482336011722570  0.08650968154128610  0.08762298687716048
  0.08838169617528414  0.08932797037849251  0.09035669728630431  0.09173531258145827
  0.09323116609958082  0.09473362649564229  0.09599221122686596  0.09668592984933562
  0.09748517996856022  0.09837236566107088  0.09921914946902086  0.10008150894076731
  0.10099808459916082  0.10195289278686968  0.10337471627378980  0.10479653976070993
  0.10665000380339522  0.12035188901752294  0.18444975478185444  1.00000000000000000
 -0.00558559726675800  0.01917506064310456  0.03538059575092786  0.04480349610765128
  0.05461262183829431  0.06425410351379257  0.07252232823522455  0.08349576289787838
  0.09366736519073329  0.10073326881987087  0.10863139439584617  0.11967347871460898
  0.13259569980606706  0.14721863467908802  0.16726151048610741  0.18555107956884725
  0.19890330948452858  0.21055008954014440  0.22049066980725482  0.22880370773798447
  0.23792141994344351  0.24878106836866767  0.26260444533352795  0.27666105859274387
  0.28803912108770019  0.29714170203419088  0.30669198981194462  0.31622545187335027
  0.32259405945776365  0.33206675957684245  0.33856750801609692  0.34789586894045843
  0.36107205926482866  0.37565192868301661  0.39020193811356679  0.40287324403234653
  0.41391879598435122  0.42354485728461472  0.43375099661287070  0.44451928528612822
  0.45602121404906104  0.46779246120635082  0.47807684858843846  0.48671345341224748
  0.49478106409727329  0.50223490371571966  0.51039758976239458  0.51904246184047376
  0.52704494960892267  0.53570309902920843  0.54546079200098252  0.55500330614719584
  0.56407609227638134  0.57391094103411311  0.58855546228158728  0.59969518368051722
  0.60929552530391884  0.61808735256408631  0.62687133143864959  0.63767385866013993
  0.65060580609316176  0.66347802295540803  0.67695217647276884  0.69018763273161299
  0.70159456137139364  0.71091840381924509  0.71978321071644868  0.72931236305848635
  0.73801351051594399  0.74710200569468210  0.75719728350876081  0.76826971479740802
  0.77755011091782644  0.78422003087277059  0.78926996507975022  0.79813037371028395
  0.80839116957358526  0.81901786325530745  0.82849435695986440  0.83608752128460428
  0.84474246155700961  0.85369158452007721  0.86306208341559776  0.87293106653722319
  0.88065859497005472  0.89007338935896929  0.89825352502773625  0.90598449397498715
  0.91660425563250159  0.92891871685707028  0.94030112373425789  0.94934278733949351
  0.95732705280523966  0.96779464786859737  0.98542961277591290  1.00000000000000000
  0.61780211838547727  0.86530038721406410  0.90460137583819356  0.92394535674940570
  0.93632300931610024  0.94381504469597244  0.94871420282763197  0.95208053754221067
  0.95510271572377470  0.95768782491408677  0.96008143578912886  0.96204585949379806
  0.96373644781055534  0.96568284627446688  0.96765400329295759  0.96882302687614286
  0.96963793627844985  0.97063322810906327  0.97181000221112712  0.97288355157810946
  0.97369250485771408  0.97452391290354112  0.97543866037837490  0.97645403651653728
  0.97751561217587468  0.97846956472958746  0.97927905950572491  0.97995138445293084
  0.98055892133872269  0.98121754675336170  0.98191086761167146  0.98260768454464864
  0.98323892137817670  0.98383614742016767  0.98434310199609232  0.98484676947686467
  0.98535266810820188  0.98584556913011956  0.98630494620613418  0.98665801411115572
  0.98693679241478349  0.98718010984628712  0.98740516836466274  0.98762676182770137
  0.98787699492725389  0.98816647205110042  0.98844127363272072  0.98871971778980128
  0.98902175860786490  0.98936142660460025  0.98978694817691559  0.99023394644285534
  0.99063127195516854  0.99091721713172298  0.99118630655957873  0.99149252740391192
  0.99176189117811298  0.99201161493706091  0.99223066441048302  0.99242816790871857
  0.99262778608140412  0.99284213875807703  0.99302460683139793  0.99316235621583004
  0.99329150872042693  0.99340756433524302  0.99351928285657909  0.99367895087601987
  0.99387230708232910  0.99405880053865769  0.99423571031481595  0.99441660979478830
  0.99461966629899357  0.99483048918035688  0.99507268502379109  0.99531791823504456
  0.99552786246232083  0.99567813597335630  0.99582395691362036  0.99595233150804541
  0.99609305908275370  0.99624257291125617  0.99637614717170941  0.99649217458285566
  0.99662941413023609  0.99678022439242586  0.99691243315865541  0.99701783828427792
  0.99710956590630029  0.99720220533506876  0.99731595030037634  0.99741643371073307
  0.99754964503128696  0.99777926791648663  0.99818799322388341  1.00000000000000000
 -0.03329857309426013  0.13263930754563949  0.16403719595555888  0.18740416440010160
  0.20809633708059158  0.22862100142182251  0.24791531195778319  0.26303466427928079
  0.27777342177168318  0.28860995644911414  0.29915676908012884  0.31029061713478379
  0.32330162612754765  0.33391649305748572  0.34104070922351554  0.34787360933400047
  0.35480533237110573  0.36145322727176715  0.36733305145826600  0.37267479748720017
  0.37806590636285536  0.38291363691435154  0.38785172297657317  0.39385842242304619
  0.40068190691805761  0.40778885824924177  0.41431353372402968  0.42037193664836597
  0.42545658675275472  0.43086736783678009  0.43698344150646173  0.44271880327557422
  0.44788951374821856  0.45226171076872651  0.45620226387738838  0.46063093953358591
  0.46505736754963145  0.47088389836774514  0.47682081761746881  0.48298502314372521
  0.48855827957819420  0.49315015838559395  0.49698426356570180  0.49973275004441814
  0.50221260977915849  0.50484561147184148  0.50861846649753117  0.51380188901496793
  0.52043118391705123  0.52627598549221644  0.53064143924422791  0.53391402172506774
  0.53727007882844757  0.54055013176184530  0.54345176722407451  0.54733732331241680
  0.55174527054579847  0.55615351166235982  0.56063144622482697  0.56573616712481745
  0.57220778726260135  0.58019990552000056  0.58787657678597927  0.59481669389348502
  0.60115402209657354  0.60640124790698569  0.61232929796399715  0.61889376408688634
  0.62526054447276136  0.63206541818709516  0.63782891105622541  0.64282740899221347
  0.64800342607999217  0.65394764939946204  0.66088695985861567  0.66866675190041336
  0.67592019715910356  0.68308831449410001  0.69061706162848269  0.69899781629258451
  0.70826451781252653  0.71804524518230339  0.72811868368383115  0.73807608815959924
  0.74724300176541147  0.75632575695149196  0.76538588726279955  0.77485462380729619
  0.78565657402851496  0.79739179076341948  0.80527782450726659  0.81627278571414674
  0.83068777987927456  0.84746540579859686  0.87946620598362102  1.00000000000000000
   4.3953449735164469E-015  -1.0000000000000000     
 F F F F F F F F F F F F F F F F F F F F F F F F F F F F F F F F F F F F F F F F F F F F F F F F F F F F F F F F F F F F F F F F F F F F F F F F F F F F F F F F F F F F F F F F F F F F F F F F F F F F F F F F F F F F F F F F F F F F F F F F F F F F F F F F F F F F F F F F F F F F F F F F F F F F F F F F F F F F F F F F F F F F F F F F F F F F F F F F F F F F F F F F F F F F F F F F F F F F F F F F F F F F F F F F F F F F F F F F F F F F F F F F F F F F F F F F F F F F F F F F F F F F F F F F F F F F F F F F F F F F F F F F F F F F F F F F F F F F F F F F F F F F F F F F F F F F F F F F F F F F F F F F F F F F F F F F F F F F F F F F F F F F F F F F F F F F F F F F F F F F F F F F F F F F F F F F F F F F F F F F F F F F F F F F F F F F F F F F F F F F F F F F F F F F F F F F F F F F F F F F F F F F F F F F F F F F F F F F F F F F F F F F F F F F F F F F F F F F F F F F F F F F F F F F F F F F F F F F F F F F F F F F F F F F F F F F F F F F F F F F F F F F F F F F F F F F F F F F F F F F F F F F F F F F F F F F F F F F F F F F F F F F F F F F F F F F F F F F F F F F F F F F F F F F F F F F F F F F F F F F F F F F F F F F F F F F F F F F F F F F F F F F F F F F F F F F F F F F F F F F F F F F F F F F F F F F F F F F F F F F F F F F F F F F F F F F F F F F F F F F F F F F F F F F F F F F F F F F F F F F F F F F F F F F F F F F F F F F F F F F F F F F F F F F F F F F F F F F F F F F F F F F F F F F F F F F F F F F F F F F F F F F F F F F F F F F F F F F F F F F F F F F F F F F F F F F F F F F F F F F F F F F F F F F F F F F F F F F F F F F F F F F F F F F F F F F F F F F F F F F F F F F F F F F F F F F F F F F F F F F F F F F F F F F F F F F F F F F F F F F F F F F F F F F F F F F F F F F F F F F F F F F F F F F F F F F F F F F F F F F F F F F F F F F F F F F F F F F F F F F F F F F F F F F F F F F F F F F F F F F F F F F F F F F F F F F F F F F F F F F F F F F F F F F F F F F F F F F F F F F F F F F F F F F F F F F F F F F F F F F F F F F F F F F F F F F F F F F F F F F F F F F F F F F F F F F F F F F F F F F F F F F F F F F F F F F F F F F F F F F F F F F F F F F F F F F F F F F F F F F F F F F F F F F F F F F F F F F F F F F F F F F F F F F F F F F F F F F F F F F F F F F F F F F F F F F F F F F F F F F F F F F F F F F F F F F F F F F F F F F F F F F F F F F F F F F F F F F F F F F F F F F F F F F F F F F F F F F F F F F F F F F F F F F F F F F F F F F F F F F F F F F F F F F F F F F F F F F F F F F F F F F F F F F F F F F F F F F F F F F F F F F F F F F F F F F F F F F F F F F F F F F F F F F F F F F F F F F F F F F F F F F F F F F F F F F F F F F F F F F F F F F F F F F F F F F F F F F F F F F F F F F F F F F F F F F F F F F F F F F F F F F F F F F F F F F F F F F F F F F F F F F F F F F F F F F F F F F F F F F F F F F F F F F F F F F F F F F F F F F F F F F F F F F F F F F F F F F F F F F F F F F F F F F F F F F F F F F F F F F F F F F F F F F F F F F F F F F F F F F F F F F F F F F F F F F F F F F F F F F F F F F F F F F F F F F F F F F F F F F F F F F F F F F F F F F F F F F F F F F F F F F F F F F F F F F F F F F F F F F F F F F F F F F F F F F F F F F F F F F F F F F F F F F F F F F F F F F F F F F F F F F F F F F F F F F F F F F F F F F F F F F F F F F F F F F F F F F F F F F F F F F F F F F F F F F F F F F F F F F F F F F F F F F F F F F F F F F F F F F F F F F F F F F F F F F F F F F F F F F F F F F F F F F F F F F F F F F F F F F F F F F F F F F F F F F F F F F F F F F F F F F F F F F F F F F F F F F F F F F F F F F F F F F F F F F F F F F F F F F F F F F F F F F F F F F F F F F F F F F F F F F F F F F F F F F F F F F F F F F F F F F F F F F F F F F F F F F F F F F F F F F F F F F F F F F F F F F F F F F F F F F F F F F F F F F F F F F F F F F F F F F F F F F F F F F F F F F F F F F F F F F F F F F F F F F F F F F F F F F F F F F F F F F F F F F F F F F F F F F F F F F F F F F F F F F F F F F F F F F F F F F F F F F F F F F F F F F F F F F F F F F F F F F F F F F F F F F F F F F F F F F F F F F F F F F F F F F F F F F F F F F F F F F F F F F F F F F F F F F F F F F F F F F F F F F F F F F F F F F F F F F F F F F
  <DiscreteSampler_grid>
  grouped_processes
  1 # 1 for a reference and 2 for a running grid.
  10 # Attribute 'min_bin_probing_points' of the grid.
  1 # Attribute 'grid_mode' of the grid. 1=='default',2=='initialization'
  0.0000000000000000 # Attribute 'small_contrib_threshold' of the grid.
  0.5000000000000000 # Attribute 'damping_power' of the grid.
 # binID   n_entries weight   weight_sqr   abs_weight
    49   10   1.724350952844576E-013   1.087093754452904E-025   1.724350952844576E-013
    52   10   3.448701905689152E-013   4.348375017811616E-025   3.448701905689152E-013
    55   10   3.292755112980970E-013   3.929613372797337E-025   3.292755112980970E-013
    56   10   3.292755112980773E-013   3.929613372797087E-025   3.292755112980773E-013
    58   10   6.585510225961940E-013   1.571845349118935E-024   6.585510225961940E-013
    59   10   6.585510225961546E-013   1.571845349118835E-024   6.585510225961546E-013
    61   10   1.581110413743928E-012   9.493839219990069E-024   1.581110413743928E-012
    62   10   1.581110413743900E-012   9.493839219989899E-024   1.581110413743900E-012
    64   10   3.162220827487856E-012   3.797535687996028E-023   3.162220827487856E-012
    65   10   3.162220827487800E-012   3.797535687995960E-023   3.162220827487800E-012
    73   10   6.780457562558601E-013   1.963549775847234E-024   6.780457562558601E-013
    74   10   6.780457562558502E-013   1.963549775847163E-024   6.780457562558502E-013
    76   10   1.356091512511720E-012   7.854199103388935E-024   1.356091512511720E-012
    77   10   1.356091512511700E-012   7.854199103388651E-024   1.356091512511700E-012
    79   10   5.702577832073848E-013   1.109755854313216E-024   5.702577832073848E-013
    82   10   1.140515566414770E-012   4.439023417252865E-024   1.140515566414770E-012
    85   10   1.074887705982762E-012   3.964130130809770E-024   1.074887705982762E-012
    86   10   1.074887705982768E-012   3.964130130809818E-024   1.074887705982768E-012
    88   10   2.149775411965524E-012   1.585652052323908E-023   2.149775411965524E-012
    89   10   2.149775411965535E-012   1.585652052323927E-023   2.149775411965535E-012
    94   10   1.724350952844619E-013   1.087093754452928E-025   1.724350952844619E-013
    97   10   3.448701905689239E-013   4.348375017811711E-025   3.448701905689239E-013
    100   10   3.292755112981047E-013   3.929613372797421E-025   3.292755112981047E-013
    101   10   3.292755112980769E-013   3.929613372797100E-025   3.292755112980769E-013
    103   10   6.585510225962093E-013   1.571845349118968E-024   6.585510225962093E-013
    104   10   6.585510225961537E-013   1.571845349118840E-024   6.585510225961537E-013
    106   10   1.581110413743921E-012   9.493839219990055E-024   1.581110413743921E-012
    107   10   1.581110413743890E-012   9.493839219989870E-024   1.581110413743890E-012
    109   10   3.162220827487843E-012   3.797535687996022E-023   3.162220827487843E-012
    110   10   3.162220827487781E-012   3.797535687995948E-023   3.162220827487781E-012
    118   10   6.780457562558567E-013   1.963549775847222E-024   6.780457562558567E-013
    119   10   6.780457562558399E-013   1.963549775847136E-024   6.780457562558399E-013
    121   10   1.356091512511713E-012   7.854199103388887E-024   1.356091512511713E-012
    122   10   1.356091512511680E-012   7.854199103388546E-024   1.356091512511680E-012
    124   10   5.702577832073840E-013   1.109755854313213E-024   5.702577832073840E-013
    127   10   1.140515566414768E-012   4.439023417252850E-024   1.140515566414768E-012
    130   10   1.074887705982757E-012   3.964130130809719E-024   1.074887705982757E-012
    131   10   1.074887705982743E-012   3.964130130809607E-024   1.074887705982743E-012
    133   10   2.149775411965513E-012   1.585652052323888E-023   2.149775411965513E-012
    134   10   2.149775411965487E-012   1.585652052323843E-023   2.149775411965487E-012
    139   10   1.724350952844574E-013   1.087093754452905E-025   1.724350952844574E-013
    142   10   3.448701905689148E-013   4.348375017811620E-025   3.448701905689148E-013
    169   10   5.702577832073282E-013   1.109755854312949E-024   5.702577832073282E-013
    172   10   1.140515566414656E-012   4.439023417251794E-024   1.140515566414656E-012
    184   10   1.724350952844623E-013   1.087093754452930E-025   1.724350952844623E-013
    187   10   3.448701905689247E-013   4.348375017811718E-025   3.448701905689247E-013
    214   10   5.702577832073516E-013   1.109755854313060E-024   5.702577832073516E-013
    217   10   1.140515566414703E-012   4.439023417252240E-024   1.140515566414703E-012
  </DiscreteSampler_grid>
