  0.00401105153100664  0.01000685964868085  0.01964881102914738  0.02885401050470723
  0.03563579957283058  0.04223659164947158  0.04991220280573562  0.05755399623584978
  0.06660112850272462  0.07578431087280314  0.08454772432154543  0.09209879280331598
  0.10253794313357939  0.11473582815399046  0.12656790363162609  0.13879715799929968
  0.15087333729310523  0.15933204036976767  0.16792068210278158  0.17666466063602371
  0.18478285345877313  0.19613483983929286  0.20687658323654093  0.21746727994820295
  0.22825182273534403  0.23871039663183374  0.25018872355256949  0.26386086969818795
  0.27916322814860239  0.29440722774957973  0.30959344904753938  0.32463778815671296
  0.34158976625393478  0.35564615427225182  0.36853056903764936  0.38033396540941455
  0.39300459059927045  0.40724645552025596  0.42102301912682955  0.43304474032831014
  0.44274351275674284  0.45120989611017703  0.46133447573052760  0.47227550634937759
  0.48601732837858519  0.50003853864269088  0.51153835712048312  0.52387666412654366
  0.53695110018158210  0.54700473074474487  0.55453031228775018  0.56259649853953986
  0.56919786561937535  0.57485055159886700  0.58139334760612449  0.58763776295639314
  0.59338501327399762  0.59917590048191471  0.60675348495396342  0.61514410913197703
  0.62108682771547552  0.62600591061714594  0.63093186669615420  0.63849210953005453
  0.64857798332868954  0.65760122805741883  0.66690157867912081  0.67797762652870897
  0.68852686738849367  0.69981625580550100  0.71194553563313900  0.72400860941566492
  0.73632994911129968  0.74775720790204592  0.75689577567590594  0.76493976075999959
  0.77271128263458344  0.77916697775742794  0.78504693647502333  0.79158529180317339
  0.80142184213442513  0.81317746390561374  0.82628869490675361  0.83885766803652007
  0.85204778316250362  0.86578642631175351  0.87912904972278394  0.89222244663171990
  0.90517259121491445  0.91863991003409129  0.93273759891409447  0.94683910031445406
  0.96101481311262416  0.97338211632732075  0.98475873202722553  1.00000000000000000
  0.00003779834789347  0.00004529099785167  0.00004848656716045  0.00005107305197349
  0.00005342200838314  0.00005607109311725  0.00005871729231712  0.00006080032345577
  0.00006295301269607  0.00006541532030313  0.00006793947763496  0.00007007500016582
  0.00007191488146606  0.00007380062103612  0.00007607973278252  0.00007859928453843
  0.00008095447523844  0.00008343795300745  0.00008619473742405  0.00008903543052634
  0.00009179739015879  0.00009440527373216  0.00009683802441190  0.00009872818467788
  0.00010052669226844  0.00010276855113674  0.00010510971447107  0.00010750408365958
  0.00011027488131191  0.00011314149790722  0.00011629570543918  0.00011968911685355
  0.00012286057869797  0.00012536146101970  0.00012761396365307  0.00013005742767347
  0.00013321864257102  0.00013701249456805  0.00014071807257210  0.00014402595066303
  0.00014716821292650  0.00014983458192640  0.00015236916385253  0.00015506755919589
  0.00015729631064961  0.00016002493413074  0.00016279876641670  0.00016587789323414
  0.00016896382517279  0.00017316867156140  0.00017776342339484  0.00018239679632497
  0.00018628749661612  0.00019004893024033  0.00019450240948190  0.00019967953303350
  0.00020500175620825  0.00021036207822085  0.00021509573848567  0.00021890483778526
  0.00022250636239866  0.00022637177383817  0.00023195158838188  0.00024021289560829
  0.00024908740375902  0.00025425702305676  0.00026045608650190  0.00026929972526363
  0.00027910019661642  0.00028792078498204  0.00029376688061118  0.00030121925918872
  0.00031349135767453  0.00032945587101292  0.00034686150746714  0.00036666356114666
  0.00038876031717438  0.00041034814680404  0.00043348413412086  0.00046084913122361
  0.00049766878046885  0.00054843484170113  0.00059286925972374  0.00063186453900910
  0.00067073781232176  0.00070485269562915  0.00075004074760257  0.00082019416246941
  0.00090849615125597  0.00115314107077379  0.00204926153286373  0.00306559076622099
  0.01214135646490192  0.03664443018100075  0.27323363233796882  1.00000000000000000
  0.00869886808138100  0.01791269281607918  0.02781625479935385  0.03647960824870682
  0.04401241561332358  0.04955577150247027  0.05651146566216286  0.06448879643145268
  0.07389405540066796  0.08516697884195046  0.09678249530841689  0.10886104708853298
  0.12179760928523897  0.13553643381532879  0.15024991853348879  0.16663194255843447
  0.18191382766113665  0.19414167640019001  0.20419046119780107  0.21407794748364353
  0.22351139982931023  0.23226700982077939  0.24219986792249773  0.24999822887223860
  0.25839178263263884  0.26726115333361589  0.27675926274687862  0.28887186328362491
  0.30236952230339381  0.31435504346089210  0.32653665116680530  0.33884169365673988
  0.35092318803871564  0.36538681991595984  0.37945402751487356  0.39359327172929520
  0.40855147975268902  0.42256727243561737  0.43524668503565306  0.44556329815223827
  0.45580525609458339  0.46720519210690781  0.47912717818638112  0.49133536031503466
  0.50438069032540800  0.51898973345084276  0.53383401108006001  0.54792196733022314
  0.55963586114867325  0.56914541916619199  0.57799572118271436  0.58710653803869794
  0.59907265212892047  0.61132006465881861  0.62393664906253532  0.63321317698364088
  0.64270825514216956  0.65267904399699117  0.66198178798640517  0.66696603456801373
  0.67120061795635555  0.67505989980061765  0.68007560074641027  0.68718106289892633
  0.69369222054749569  0.70139318182639598  0.71511234615293473  0.72326599182300755
  0.73106407288306896  0.73775892417636202  0.74703655675506020  0.76016608494055204
  0.77446968185342846  0.78553148275139173  0.79459984386579630  0.80415535528097437
  0.81304929575461837  0.82092972411178444  0.82906392281376518  0.83659145287624148
  0.84493048014609617  0.85387119306223036  0.86571165703687569  0.87770914519770438
  0.88931218381889898  0.89913525148777140  0.90782633812006730  0.91507528784080017
  0.92205774954061270  0.92930418430309136  0.93686620796008180  0.94738467221490674
  0.95825682346196273  0.97029403624179000  0.98529623005498768  1.00000000000000000
  0.00250026174582843  0.01611240979316951  0.02534893137699974  0.03365296752694452
  0.04183326804488204  0.05054361938971283  0.05868061059117497  0.06561458018962286
  0.07308574490431820  0.08245625015530116  0.09458707615033210  0.10734941319095277
  0.11855170563479800  0.12985053744895803  0.14180073720093292  0.15382598112540913
  0.16393820279485810  0.17288917015741057  0.18239701999088132  0.19258831565929935
  0.20456100321273218  0.21926674860703349  0.23391944724449670  0.24693411316708935
  0.25960640293564158  0.27470939440602687  0.29225602225272862  0.30759958670646781
  0.31956532682951694  0.33079439976174579  0.33970463553159469  0.34579897904036783
  0.35180779226112047  0.35989380899886908  0.37178357264486944  0.38088753911448137
  0.38650112342099635  0.39294544641653784  0.39903205089031663  0.40571539617360941
  0.41411293326267212  0.42458553068197102  0.43961905442518234  0.45559867779542373
  0.47038766591445585  0.48232890150505892  0.49201447987472297  0.50189696856821964
  0.51136819421713142  0.52041126847425179  0.52894787166568835  0.53507162839887312
  0.54096730562936945  0.54908915124581936  0.56084740438618441  0.57417337785274036
  0.58506800227975930  0.59238162936349836  0.59785530184716451  0.60360970253219082
  0.60978213132502124  0.61763791521006506  0.63089134354638521  0.64637191431019236
  0.65982258516376846  0.67123062070986195  0.68126173239497279  0.69025423966333299
  0.70095650692551581  0.71189774939937045  0.72276931243082743  0.73365289924895116
  0.74381686242303147  0.75429691955423028  0.76635002064668301  0.78022376970055496
  0.79167645218489158  0.80288097031989414  0.81410162903830685  0.82603688666457897
  0.83919539938861309  0.85377942501460702  0.86838763147133224  0.88238761158514156
  0.89677239235843509  0.90992005483017957  0.92253632077464387  0.92761901438216909
  0.93292598481162725  0.93860964533962066  0.94295950011536878  0.95200107761564567
  0.96074227524531297  0.97128674973812279  0.98439087425908878  1.00000000000000000
  0.00002213716349257  0.00004460595232464  0.00004984283504086  0.00005338445983071
  0.00005642436084772  0.00005928971172658  0.00006268846926451  0.00006629404142583
  0.00006954095016203  0.00007241186322020  0.00007542541416100  0.00007916439985502
  0.00008270145109355  0.00008505774538043  0.00008735598783711  0.00008952840385481
  0.00009211572025156  0.00009456096032926  0.00009757854279940  0.00010039609436338
  0.00010329602516160  0.00010635115228166  0.00010926146566297  0.00011226641584346
  0.00011568794073454  0.00011888837581289  0.00012193441443295  0.00012484252898517
  0.00012759156471454  0.00013059652978031  0.00013376885937566  0.00013676634249444
  0.00013981725166221  0.00014255067407138  0.00014490952440392  0.00014695175585602
  0.00015004273201575  0.00015351753609434  0.00015699727953470  0.00016033826851380
  0.00016364934282030  0.00016753697112630  0.00017244682025089  0.00017782095953455
  0.00018345971073138  0.00018919549743007  0.00019515154800479  0.00020172812902778
  0.00020816444768903  0.00021431001612666  0.00021989078032554  0.00022505331275827
  0.00023005808119955  0.00023490415048435  0.00023974281579229  0.00024552548779827
  0.00025204633022326  0.00025883175382935  0.00026584197008758  0.00027074505950177
  0.00027573533613672  0.00028180944666434  0.00028684348276523  0.00029315207702556
  0.00030099778952882  0.00030811085277659  0.00031565152862136  0.00032710243464607
  0.00033835569955874  0.00034756635234921  0.00035794107854490  0.00036728002403333
  0.00037716538207754  0.00038766339521074  0.00039873772575519  0.00041068021781717
  0.00042316088497149  0.00043999495510283  0.00046277990483586  0.00048761336458232
  0.00051429834665456  0.00053909398454989  0.00056288881743513  0.00059905359879677
  0.00065617930513448  0.00073982943309932  0.00082694598208515  0.00090356076836505
  0.00105136533823216  0.00132349032185202  0.00164361426739333  0.00193147475358145
  0.00287781310749692  0.13726240791729238  0.47101182014887544  1.00000000000000000
  0.00001914916924542  0.00002951302828271  0.00003362816798405  0.00004067440770934
  0.00004812784106319  0.00005288822821232  0.00006237344135856  0.00007228040709020
  0.00007963716622934  0.00008483881339916  0.00008984305590812  0.00009426154037921
  0.00009909159327837  0.00010655250405719  0.00011425358470105  0.00012061339555483
  0.00012655873038959  0.00013192870345326  0.00013801029272199  0.00014420138016135
  0.00015004727325590  0.00015587498660188  0.00016081903420276  0.00016675502566277
  0.00017352142091422  0.00018119940677602  0.00019102663811998  0.00020024211773459
  0.00020847113424798  0.00021511292457848  0.00022065926408076  0.00022579264286644
  0.00023145492510418  0.00023777602647384  0.00024472023245515  0.00025175014152538
  0.00026057790511992  0.00026965183312001  0.00027971804389252  0.00029261091556262
  0.00030750506262613  0.00032231867044953  0.00033527139698327  0.00034629628043564
  0.00035729098945608  0.00036886489982353  0.00038068556672866  0.00039057134226827
  0.00039929885711794  0.00040876910026276  0.00042054860250335  0.00043601213074890
  0.00045041519036474  0.00046450603035545  0.00047875932640742  0.00049360176650996
  0.00050777977151588  0.00052147793315768  0.00053743136322688  0.00055477601643374
  0.00057010463728716  0.00058739089540406  0.00060801463366658  0.00062893794225057
  0.00065265739721590  0.00068625028299292  0.00072934070515604  0.00076624306507103
  0.00079750108953851  0.00083098267387349  0.00086170353680573  0.00089594892880212
  0.00094328743752055  0.00101548082467200  0.00109784116784989  0.00117649926435165
  0.00125141331516107  0.00132155139115165  0.00138893611740563  0.00146539880130131
  0.00156433754164564  0.00170132145730765  0.00187438720329491  0.00210107579140233
  0.00239585756513772  0.00283844738440880  0.00347280451216354  0.00425637701437526
  0.00511504814708984  0.00598573052873137  0.00723682659346166  0.00880216702936272
  0.01296854839616717  0.23655751941008879  0.60185259322430873  1.00000000000000000
 -0.00000440342698029  0.00004353057488486  0.00005995894642807  0.00007175448318780
  0.00008210384410518  0.00009087008495779  0.00010091778841385  0.00011039921357170
  0.00011971184112861  0.00013158410823428  0.00014561432537855  0.00016024321470581
  0.00017541936362619  0.00018822534027950  0.00019790178840132  0.00020605517384236
  0.00021404833865993  0.00022361936927691  0.00023468323701126  0.00024678475803480
  0.00025957629475539  0.00027062459580319  0.00028121075293762  0.00029165787086922
  0.00030376836433910  0.00031485373892643  0.00032755667330423  0.00034088488837489
  0.00035586364149840  0.00037570457783668  0.00039568021956611  0.00041755076165783
  0.00043987469704966  0.00046196598864913  0.00048481749687049  0.00050290722562590
  0.00051802523436015  0.00053317955023951  0.00054907039937225  0.00056785484246203
  0.00058867832552621  0.00060912415845255  0.00062680839778794  0.00064640112835092
  0.00066329752229317  0.00067870527173760  0.00069498360264635  0.00070948397147047
  0.00072804867327762  0.00075080780141330  0.00077165356748609  0.00079629292449625
  0.00082227571407265  0.00084730210147747  0.00088452075235444  0.00092332288419581
  0.00096057353120503  0.00099680251239188  0.00103007045366540  0.00106527150675621
  0.00110380394903231  0.00114161072558591  0.00118083088320426  0.00122516089362732
  0.00126999429304183  0.00131903412539813  0.00137814871600633  0.00145345548166801
  0.00154808848740482  0.00164085804138059  0.00174655954766175  0.00186827340250765
  0.00201416003253667  0.00215290840396232  0.00226806718258240  0.00237666999899046
  0.00253428145238182  0.00279829215092033  0.00319230406914182  0.00357511953935431
  0.00378761147334051  0.00401814153583900  0.00427238506851960  0.00461245878352325
  0.00504379707693137  0.00564418981702608  0.00628960662127409  0.00691273589178114
  0.00745831465474424  0.00804783443826277  0.00866984289526347  0.00915734103792561
  0.00982228219000751  0.01191249224768980  0.22493484955648629  1.00000000000000000
 -0.00844011270185264  0.03419499741091494  0.05036690906662401  0.06295622733280945
  0.07631154090520621  0.08918139528292937  0.10678974903219812  0.12537062126647130
  0.14130736162170576  0.15186815643167281  0.15976038243264024  0.16890536480677099
  0.17908817127336796  0.19070520368455351  0.20235819165972341  0.21132088522178419
  0.22030166840007215  0.23263516807466936  0.24669329795682610  0.25851417096099827
  0.26857237978751458  0.27928879367357223  0.28951325799534883  0.30414878665812795
  0.31661030114793942  0.32516914408544795  0.33313273293236156  0.34164496045662340
  0.35065595200493294  0.36066173709603672  0.37338675748544359  0.38517095714348026
  0.39402679637607940  0.40058656504474127  0.40697624163439361  0.41375850984175294
  0.42010288342276680  0.42624898813038953  0.43277119490119986  0.43921676596892067
  0.44528191560916397  0.45161291283262633  0.45853293751534047  0.46563416809321878
  0.47216003482349661  0.47815782730126094  0.48479502138334030  0.49244745798779160
  0.50018235542456579  0.50891873028883594  0.51949633273475981  0.52815367541106928
  0.53666754404746142  0.54475087170791181  0.55289266161683381  0.56252749379188971
  0.57326594519500029  0.58384103605015547  0.59417441491983503  0.60275791182292593
  0.61029980230823344  0.61818275511534893  0.62770470767066622  0.63734230251897961
  0.64582201985161680  0.65389102771411023  0.66241779129098877  0.67391779511051608
  0.68579263508432686  0.69655019087071190  0.70631291190141610  0.71557659540431329
  0.72543683858346930  0.73756260585531497  0.75115882683371404  0.76840730149217829
  0.78534410017706768  0.79983472511288933  0.81143638937060758  0.82153491911508048
  0.83107277727592332  0.84035777247109600  0.85184259850718058  0.86574282091839039
  0.87954645214750748  0.89026992628061574  0.90263355229311748  0.91295229001065248
  0.92263059024520000  0.93331436048929772  0.94368050328863240  0.95263173068326235
  0.96224164561597825  0.97275144746443187  0.98511200200934546  1.00000000000000000
 -0.00169893851130079  0.00728402832508483  0.01572728389842687  0.02443324998252869
  0.03501515758280270  0.04628029434005587  0.05843120771762046  0.07081867617492391
  0.08091862601482717  0.09221291754903790  0.10570101330741793  0.11432499351146852
  0.12351978735756507  0.13323241121484503  0.14125023160844391  0.14929210240624924
  0.15948456838584901  0.17030520755992445  0.18066489571432981  0.19222803874970798
  0.20436235652226034  0.21361293460889849  0.22231599125625248  0.23090727710656309
  0.23861050703247108  0.24746186150129898  0.25751824749306768  0.26648242740238665
  0.27674168317539855  0.28566139098759347  0.29754978772106899  0.31155354762171888
  0.32411280405938453  0.33404666006731454  0.34371091746680832  0.35173991116130315
  0.35542829895223693  0.35911471497620745  0.36291045341818917  0.36656770249977810
  0.37721725326103833  0.38731110607105451  0.39753079944499742  0.40864627235473422
  0.42120441228840622  0.43570743926331845  0.45056102453427543  0.46525794593816167
  0.47656030517416331  0.48548326426151900  0.49342133665870241  0.50256519930276156
  0.51463959530622172  0.52678196165702773  0.53592079482796995  0.54706792077894972
  0.55932138505385109  0.57134789590179291  0.58274822250546565  0.59380802256485365
  0.60429276201908833  0.61249790727997522  0.61889891498301097  0.62638397146431157
  0.63291767981070035  0.63963910201104346  0.64624191362108840  0.65672657162367731
  0.67076521211352280  0.68469019168918255  0.69843776445457606  0.71175371594359671
  0.72194224894775749  0.73123969695807944  0.74047132315593356  0.75013219771277961
  0.76114746320336235  0.77414823801773702  0.78766726195170300  0.80042130661360744
  0.81147963890910624  0.82266529734162175  0.83334101299430496  0.84446133274661117
  0.85771560981239714  0.87369935289767398  0.89146284026710920  0.90514320301507356
  0.91692183498370983  0.92880881804995519  0.93935223907801857  0.94882749854409543
  0.95969592299830009  0.97417270057694683  0.98770586975664942  1.00000000000000000
 -0.00663306025567908  0.03946908283071963  0.09141507697653066  0.13623968417308494
  0.16306543271847004  0.18506065088552240  0.20484584413523188  0.23692539045125627
  0.26886852066865652  0.29663000982708554  0.31902852657076364  0.33656886954272341
  0.35333870347641122  0.36702850173494139  0.38292567457961663  0.40174853001901040
  0.42286727316723782  0.44080064453034790  0.45367407010945127  0.46453960945549627
  0.47596402545551869  0.48752162151298484  0.49583368227826347  0.50344014243750235
  0.51193823152736140  0.52356490039447057  0.53710295613927517  0.55266988171524989
  0.56801640633373385  0.58088163334037746  0.59214088283624611  0.60430716650166172
  0.61735833579091870  0.62931809058493071  0.63996896773677547  0.64965875942197815
  0.65860968300804001  0.66730723243829881  0.67578842372372394  0.68262825629677948
  0.68907561042750576  0.69638293401388163  0.70504670680131465  0.71362312630540825
  0.72306633410455434  0.73286913781516805  0.73876316406231357  0.74471749405370669
  0.75228373912337121  0.75892245254457269  0.76375510354604692  0.76742189692686047
  0.77116687724384758  0.77642180275625705  0.78247329272308508  0.78723909914000778
  0.79216524613492878  0.79740976610938630  0.80326894209350952  0.80997415341334944
  0.81687568489614004  0.82353985573665744  0.82888847974096924  0.83359000198381317
  0.83664028351515118  0.84049062970944077  0.84494046935975275  0.84961210782174668
  0.85351246645222223  0.85977527912553231  0.86627004762225601  0.87283095016251866
  0.87987772673890441  0.88721494924276822  0.89501172469005741  0.90423446585555767
  0.91136850884161147  0.91645643603453164  0.92185584008479271  0.92711786993572420
  0.93253673038240725  0.93814724391964210  0.94321345336316553  0.94717992360086034
  0.95103921433363847  0.95503718537866134  0.95955827026870055  0.96377971110774796
  0.96817047213417218  0.97297035618614980  0.97861156552944428  0.98536019130882746
  0.99047431372989270  0.99421417573390569  0.99739844055485194  1.00000000000000000
 -0.00468688999203349  0.01823835970395255  0.03205604116437803  0.04575437851736651
  0.05917278456364890  0.07212725146159665  0.08665072355911312  0.10133151894369484
  0.11639095267305914  0.13171197715673166  0.14564585201566646  0.15875702129396510
  0.16894887207931050  0.17966729244339674  0.19063252035979750  0.20203648331950289
  0.21307628141118343  0.22500818801158648  0.23893395584355756  0.25452292905794505
  0.26944674060311974  0.28563283894521241  0.30027279131074985  0.31138742602139902
  0.31876986819818565  0.32466645251038229  0.33050239578507640  0.33880648095665145
  0.34898614745125833  0.35933150178282774  0.37008249592488329  0.38402282347464423
  0.39341854326679276  0.40078789937380688  0.40873871412622187  0.41600737307972430
  0.42191620346152575  0.42709785918869497  0.43159107671768110  0.43628574746836929
  0.44407406021677026  0.45147272094025953  0.46132125346409353  0.47124381711545066
  0.48300987380282623  0.49627970641453095  0.50814539555827709  0.51587202627982209
  0.52378860889952561  0.53173001175451606  0.54042638874845828  0.55037705483486921
  0.55995682858129092  0.56996258463335903  0.57860283246046984  0.58658650086662267
  0.59541320852963853  0.60577232890898169  0.61581200824004989  0.62625906781058216
  0.63715105018785845  0.64830192088958227  0.65970987498219980  0.67287933235568720
  0.68780693889308619  0.70293035068352128  0.71544521565109287  0.72430825282259181
  0.73031774338447886  0.73685972530116506  0.74292823023972165  0.74803667831830911
  0.75557095189329027  0.76566753573923640  0.77639999464754827  0.78635337861053078
  0.79477426687026820  0.80244039899373476  0.80945161957847289  0.81811927262616357
  0.82757345004137717  0.83645542134702289  0.84607975120489409  0.85737634854743472
  0.86974423097138087  0.88216942573376844  0.89327634888331575  0.90307080857754374
  0.91225909239887282  0.92473929886479223  0.93906794029026253  0.95360635801465143
  0.96869764988908424  0.98213887193596883  0.99176097460360146  1.00000000000000000
 -0.00296926811256058  0.01131505548434796  0.02193815312781564  0.03352212421735470
  0.04535568333505738  0.05512638795051758  0.06680414104711721  0.07824205862379600
  0.08722836440856829  0.09536591055718298  0.10385676294574699  0.10978330876408257
  0.11586709630598266  0.12604668206293018  0.13942550380501897  0.14778631113344257
  0.15572810250442012  0.16542298685654941  0.17606740623446912  0.18804192985836227
  0.20157505184116786  0.21214944749591802  0.22148501592197617  0.23013976363802427
  0.23834793837963689  0.24736273019541888  0.25840585803091859  0.27076569600543088
  0.28284986136764267  0.29467564628085718  0.30848619915793363  0.32333805141755934
  0.33711029894452788  0.35089247788030431  0.36474890556530604  0.37571301262053014
  0.38465642317092785  0.39333070098362499  0.40322297892557041  0.41227131301216779
  0.42290551026151191  0.43573773455388853  0.44893352163649780  0.45792580523697146
  0.46553896364916858  0.47476758171461414  0.48794872036165193  0.50411944478431914
  0.51886213400241343  0.52688241269340474  0.53107473944256067  0.53516339356881559
  0.53890296890350375  0.54491967823234166  0.55288179757021427  0.56203230023554362
  0.57657856512189731  0.59198665665603833  0.60716958470919102  0.61980427577208286
  0.63239289910201912  0.64399018382782713  0.65678983221757503  0.67022741883261183
  0.68186439320670411  0.69281715966313651  0.70381478266332920  0.71539887156657478
  0.72717973032379879  0.73761106448194425  0.74816206749147840  0.75744889616895927
  0.76488765877574993  0.77453061914838195  0.78486522927000890  0.79628589259118066
  0.80737298004999780  0.81848207805895790  0.82690050231424073  0.83508387636634840
  0.84313479950696935  0.85209792853400645  0.86166145998778088  0.87123348095068465
  0.88024372895089098  0.89064653064808896  0.90234928276791537  0.91148891450354486
  0.91925228846795637  0.92657549380456106  0.93460489828185711  0.94506368024131127
  0.95997274041616987  0.97382458733426569  0.98721669494722353  1.00000000000000000
 -0.00178196085756336  0.00906549090667850  0.01688862018202945  0.02308160063973129
  0.03024069934298285  0.03835520961352120  0.04784262198745216  0.05749195518421831
  0.06770013625715404  0.08132518866457296  0.09520254280033690  0.10604951130783884
  0.11580627108690311  0.12558857835423301  0.13501543845164637  0.14368927720759025
  0.15159838426310052  0.16235186464055298  0.17501506316722681  0.18775773727230435
  0.19823146358858157  0.21064495105833869  0.22351065160638531  0.23599735567559260
  0.24940664545384500  0.26215119545988280  0.27394792184286137  0.28571614279482216
  0.29732887805698793  0.30919032949025810  0.32083258403406534  0.33046584039776039
  0.34023168012549787  0.35138106978204592  0.36287720052301198  0.37017089083119908
  0.37891370620452758  0.39026568328888545  0.40113215763220633  0.41206745377736193
  0.42092169097682880  0.42897430242469098  0.43583886725617427  0.44138902950200104
  0.44877460190702845  0.46313606117645112  0.47588833540572634  0.48615044911226291
  0.49839680166501732  0.50806939447421351  0.51738419895004362  0.52662762247065464
  0.53630188440889948  0.54362948511805287  0.54946995991037795  0.55490416444770396
  0.56050877670804811  0.56689797092961214  0.57452373468972762  0.58714773057636127
  0.59781055278442141  0.60955777487345930  0.62021280924397537  0.63325900829789017
  0.64646122324365363  0.65782312937328569  0.66722641858862963  0.67681234178427119
  0.68943208277976287  0.70534928168390554  0.72466060955442091  0.74141165247073049
  0.75601383617970253  0.76700230943663872  0.77716798648372132  0.78847230948283520
  0.80123704939182527  0.81331775154139641  0.82378575830411993  0.83286705426889773
  0.84184206265542005  0.85143370976099741  0.86105410033113239  0.87085164021450190
  0.87975962342529979  0.88735354435849445  0.89451105743124071  0.90185339433132106
  0.90930868470252957  0.91948837208599310  0.92974367188839802  0.93962307760400710
  0.95117492980894980  0.96601491164800590  0.98296308698672419  1.00000000000000000
 -0.00751244992186630  0.02718438682381115  0.04755050462098723  0.06510749246812450
  0.07949109799208523  0.09213931301717199  0.10223605721736671  0.11141625876927397
  0.12076677182238513  0.13312540718285901  0.14778131116288917  0.16154614526416974
  0.17712454354338150  0.19177839977953698  0.20931332297355526  0.22087795207685038
  0.23015431212169815  0.23806839694618398  0.24527750516286456  0.25327871920340145
  0.26290097692311165  0.27315284407911006  0.28224870217780262  0.29160333562165353
  0.29998446430780173  0.30872467411766769  0.31659072313417286  0.32223235618406199
  0.32673397964275158  0.33134053022912235  0.33557757312792602  0.33950575364925761
  0.34429820864100369  0.34940107826026401  0.35788377641260927  0.36600054749995192
  0.37553144493256951  0.38589051222609483  0.39560212875448747  0.40375359037000413
  0.41069332401997782  0.41848891039001807  0.42754998004011624  0.43523362156324791
  0.44379088709948222  0.45181971082363903  0.45977454762893438  0.46729082006370243
  0.47317293450350573  0.47863229980962041  0.48434235331492059  0.49075274021869464
  0.49903917007659376  0.50908343428170943  0.51870215366316241  0.52762623824911403
  0.53719576834804939  0.54723447491960930  0.55489879764430139  0.56279371962489388
  0.57005130602242593  0.57687883699214970  0.58536203878381754  0.59671676390421735
  0.60918310919847563  0.62125443097249888  0.63323345098678374  0.64610426710173063
  0.66091018829239001  0.67617176111317312  0.68809802671568832  0.69880293164224938
  0.70739805832935154  0.71800075846585554  0.73009333771439922  0.74186322632887025
  0.75249316043999681  0.76468998099940666  0.77812133233920411  0.78957623972440405
  0.79880541754957912  0.80638965412259911  0.81359816557984366  0.82012290945415045
  0.82946502975370529  0.83811066077720142  0.84625642749145136  0.85725499171298181
  0.87206866778512815  0.88706794983543003  0.90151809507136693  0.91801012888427880
  0.93640450958367250  0.95857844221509947  0.97816204082611846  1.00000000000000000
 -0.00186950116989660  0.00797179474539069  0.01851962948803958  0.02785917354715237
  0.03562780919393779  0.04616121058934317  0.05876467741219352  0.07375757931505401
  0.08670603395433960  0.09803426728807377  0.10898249684319668  0.11866390208216671
  0.12981342229190518  0.13954148420075235  0.14942425542233290  0.16137457691123649
  0.17474964465860926  0.18804221254212464  0.20110091136159955  0.21434010379807117
  0.22804360349039113  0.24428015103703898  0.25828536771331895  0.26846549140879505
  0.27951047798557066  0.29090585291399729  0.30008114440188094  0.30979188147880499
  0.32286785543740565  0.33636348894563672  0.34928417237045550  0.36151558755693974
  0.37229782893798691  0.38245695127970192  0.39265930884575712  0.40154960938231349
  0.41024901205332676  0.41985405996519543  0.42902442488075182  0.43972043761396384
  0.45196048760521429  0.46238741228150276  0.46975617473667486  0.47784560093052453
  0.48700264822713080  0.49511080561525184  0.50291161656657368  0.51225669747360636
  0.52369515352061979  0.53396191082420341  0.54468452947667156  0.55759985501114717
  0.57189599592351714  0.58722027966299584  0.59863144331535545  0.60755355109449227
  0.61519810595378999  0.62226949614754945  0.62901488779879811  0.63612994092697850
  0.64547342718605860  0.65631085205588047  0.66936932327259613  0.68166931083262794
  0.69473512769982371  0.71027680425488260  0.72798349912388272  0.74214102105659274
  0.74890938430580833  0.75417585646831775  0.75919974828189496  0.76570634189044995
  0.77475479018224613  0.78586803883920786  0.79726081856748021  0.80556848629360911
  0.81449954983347339  0.82395006600157672  0.83469717094170370  0.84490239893764718
  0.85515134444799978  0.86337663091230488  0.86834590291073410  0.87268786348599592
  0.87967606764914341  0.88723858551087598  0.89540889842798099  0.90172203965482789
  0.90889599209082839  0.91772691689601027  0.92993309346465458  0.94360507832999685
  0.96039164623973783  0.97601528502644164  0.98917619797528822  1.00000000000000000
 -0.00063734784960918  0.00231332480283067  0.00650521010622536  0.01096061836452168
  0.01492559280779753  0.01889371935370561  0.02304671261938696  0.02739035169672578
  0.03036104628075027  0.03307240772228768  0.03624550864451372  0.03970344113639302
  0.04296499976277737  0.04522789818036883  0.04701562595664638  0.04869274787548079
  0.05020069039872653  0.05303728228955530  0.05653380069423478  0.06084785428736413
  0.06561568261847041  0.06965051294379417  0.07354530459610881  0.07751653324688750
  0.08250144146904190  0.08822618180806849  0.09449953537588510  0.10091288732455098
  0.10614243849736249  0.11055017247806979  0.11557373624509099  0.12090673064998646
  0.12717576841709821  0.13386742670807555  0.14089182521132063  0.14880880764915499
  0.15731807783224674  0.16471925613675589  0.17094201448683527  0.17726615283739480
  0.18441102043246460  0.19015371523752234  0.19590659192595963  0.20110820085335870
  0.20560421302439780  0.20960069888246452  0.21469808039429858  0.22130191774914695
  0.22847693303474664  0.23699785590553854  0.24633907195295490  0.25493794859107821
  0.26101229091810219  0.26609948685497753  0.27220080347096365  0.27991432398463145
  0.28823905901972380  0.29602376627327559  0.30511984221425509  0.31671891362417393
  0.33110368333209483  0.34465642202848268  0.35268443305103103  0.35917625590787355
  0.36644476820941491  0.37705884521294142  0.38982796271107578  0.40041851181451937
  0.41085937273613943  0.42183568936114119  0.43389283235262988  0.44520400507212743
  0.45633227519874936  0.47054194204607358  0.48594201974162049  0.50551531388081805
  0.52399392705354131  0.54073594263680058  0.55463015624294698  0.56520730810610498
  0.57459874417854040  0.58785334323257132  0.60646001275001848  0.63087988339629075
  0.65523480641240872  0.67604594510986349  0.69611506059029948  0.71007462047422587
  0.72922931075312225  0.75590202800412809  0.79194600398793125  0.82159383919809625
  0.85459691753483658  0.89028533638775686  0.93642701018917329  1.00000000000000000
 -0.00241602230425680  0.00488402199026005  0.01271000056015825  0.02094384981327843
  0.02868410880944981  0.03806898342211374  0.05127549432857732  0.06543651888206607
  0.07789220226736392  0.08875925435011275  0.09892914307635922  0.10890525490515647
  0.11703722742434208  0.12347935164050768  0.13338447104957782  0.14684068887765730
  0.15956357804247692  0.17077239030127872  0.18084870262457445  0.19080989981772412
  0.20188874139674784  0.21096833817036903  0.21892494879511598  0.22663076658768178
  0.23482338799065008  0.24105415709748426  0.24558669165645874  0.24926359472748769
  0.25371377415131696  0.25905941603000310  0.27000014249639637  0.28487737053517587
  0.30173152887223870  0.31840767922658680  0.33133326838427085  0.34326222970615089
  0.35391163102732892  0.36476806069845547  0.37689965921928698  0.38702163730348527
  0.39623588552566125  0.40565493430549648  0.41516447744814988  0.42371867009665726
  0.43230751093789849  0.44204440118299571  0.45279092702532242  0.46439636748210061
  0.47779333600123453  0.49183567708455012  0.50636149132750907  0.52277596492071443
  0.53880123927369739  0.55508927877608194  0.56778065122725574  0.57865794217256972
  0.58642225905328449  0.59411735874835481  0.60452631972678472  0.61697137428049054
  0.63232062297492297  0.64988847082747470  0.66511873669012422  0.67549617369008119
  0.68457911696777318  0.69339277674837074  0.70231794781471646  0.71132769585224853
  0.72084354359522018  0.73168285588326532  0.74300785335827846  0.75488663833030278
  0.76792593754481564  0.78110469432912732  0.79373499483364440  0.80525730573996301
  0.81454823377869334  0.82079969680428455  0.82664792152128597  0.83206121064467164
  0.84223745899574498  0.85553874604280700  0.86828269786368428  0.87882001359310724
  0.88765241961534325  0.89702427769027204  0.90967556678140993  0.92400085691755496
  0.93440162635790469  0.94091746348871319  0.94734929502673482  0.95477070906120276
  0.96310227417324890  0.97250039504283925  0.98398191747361796  1.00000000000000000
 -0.00439201382878966  0.01424740799045871  0.02914966812792038  0.04194675497864615
  0.05193447409532854  0.06129734505086832  0.07316895124394923  0.08528534672175452
  0.09866972221292224  0.11159954342472703  0.12280992385220443  0.13195757729553584
  0.14077156657577142  0.15076991192013506  0.16171722543074146  0.17336909937578796
  0.18397090603788788  0.19490733954585823  0.20697593971715855  0.21656627153359204
  0.22489800641614596  0.23279550267934943  0.23975589611258719  0.24969798337694746
  0.26270122734063722  0.27787670588847824  0.29492170630895248  0.31456321231482759
  0.33313732878353092  0.34862289906244026  0.36308441257798724  0.37675682657770665
  0.38844429302590650  0.39790652355465433  0.40762540400820407  0.41652947811941432
  0.42468314063555695  0.43377691697781684  0.44168600719624318  0.44864225156041987
  0.45502145561946206  0.46253398684978581  0.47014913508164752  0.47836812510210375
  0.48682300194832073  0.49582460724044725  0.50664249027597641  0.51764753633621297
  0.52853841013408942  0.53991065108557978  0.55144037285467429  0.56283865117157927
  0.57336621262643628  0.58226732606766107  0.58900862747053240  0.59318446204952657
  0.59642687362069857  0.60156346526742133  0.61171112344570777  0.62416358399660166
  0.63484102953845134  0.64435802857748059  0.65705658740803008  0.66628088728634061
  0.67421419775763636  0.68137853681324256  0.68765892352744962  0.69464241553716199
  0.70193007331990720  0.70912726913368052  0.71769274249130721  0.72860560099232441
  0.74001973702808510  0.75053311943236611  0.76109599193492450  0.77220111318003393
  0.78507046642404943  0.79440154570593147  0.80391830133079689  0.81313705195600405
  0.81911762278850397  0.82506068452627168  0.83212509557907899  0.83967247428207914
  0.84762621828051066  0.85931725985071228  0.87124945578094137  0.88374652939455012
  0.89561000219323772  0.91141348349427254  0.92757795163831402  0.94203634015861570
  0.95515745865082502  0.96873119693618726  0.98186672978849887  1.00000000000000000
  0.00016998728640220  0.00037599212638377  0.00078020342608336  0.00112232235493933
  0.00147605991927827  0.00183925216894025  0.00221730403735766  0.00272715918598518
  0.00311230706629240  0.00354049900666243  0.00394470564118830  0.00430366884444576
  0.00465332189437287  0.00500091030324070  0.00534826117199315  0.00573908245016816
  0.00617750204221364  0.00663034859640442  0.00705578154587890  0.00747794624608333
  0.00789136234372556  0.00844377007873883  0.00888633711044782  0.00925405306266311
  0.00957510023084049  0.00984200231958303  0.01009710836216908  0.01040540365942090
  0.01077077434838150  0.01117057527150646  0.01155166470437986  0.01198417901341781
  0.01230660668654507  0.01264380113048601  0.01296675618904114  0.01334353358221272
  0.01377126065897464  0.01423290101206212  0.01470235169959752  0.01532935787405321
  0.01587875777368546  0.01641049951934616  0.01691270489722507  0.01728551029936348
  0.01764725327188621  0.01803471801230695  0.01851584027690255  0.01908422642605398
  0.01957356188159368  0.01997833866920067  0.02040835088604715  0.02089894571884642
  0.02143596331769712  0.02200635921617633  0.02243663850869233  0.02292761526943263
  0.02350251956842769  0.02414249808346737  0.02481818611903440  0.02551965791848168
  0.02638199145064741  0.02738531631717845  0.02847363481611357  0.02983927186852097
  0.03126601756983163  0.03234807742425765  0.03349017992772384  0.03439147275665917
  0.03544606403941276  0.03684319274421081  0.03815019539129946  0.03919737362110011
  0.04041110848272662  0.04144194693108227  0.04280449681920397  0.04502436818214550
  0.04662982342865128  0.04753075230513665  0.04843168118162202  0.04928149533632330
  0.05011715932867723  0.05094836338151293  0.05176745506756171  0.05258654675361049
  0.05473757728247376  0.05691637155433212  0.05857781970879536  0.06071667628617177
  0.06303645125281813  0.06631103152539768  0.07015208096803104  0.07485001956145176
  0.08312087635928614  0.10805931405517090  0.13333127170378356  1.00000000000000000
 -0.00174982318614396  0.00660522793754415  0.01638105194007400  0.02619408944392009
  0.03677843742509037  0.04575537497434519  0.05338405734702233  0.06146932668782330
  0.07059756024139104  0.07721245509434353  0.08423856017491993  0.09240010614851263
  0.10238455541765332  0.11547019327704566  0.13266130616280508  0.15139185619318135
  0.16689029196472399  0.17753747869395858  0.18619259904325181  0.19470585753222441
  0.20453500667025226  0.21556023697846419  0.22659156351869478  0.23858233923012509
  0.24952055389113198  0.25708207787615656  0.26377667305847369  0.27107280128057754
  0.27844838794876570  0.28528743985959715  0.29415865399261931  0.30092493542992071
  0.30949559320830866  0.32024000918983880  0.33456200682406578  0.34973045122999780
  0.36470533585258963  0.37825590866759706  0.39189193641245745  0.40587669987166414
  0.42210762889391756  0.43366203079640453  0.44573078840567681  0.45362164346398348
  0.46373693416634260  0.47727887471842839  0.48765071797106185  0.49653409396543519
  0.50576128455112401  0.51306110099879676  0.52474415341905167  0.54100782858218743
  0.55907801633051235  0.57794696926537559  0.59597778799105372  0.61173010588215770
  0.62663682184179714  0.63903360292540901  0.65067671465071775  0.66062391779486118
  0.66977001386925039  0.68054630849113773  0.69171227100623978  0.69950901554411293
  0.70542035684456417  0.71139594977761411  0.71902599859476735  0.72905886164189726
  0.73898294432926248  0.74633719850733660  0.75400317379008164  0.76139959281263392
  0.77087408761323506  0.78340265028748124  0.79586107948444262  0.80587092563681817
  0.81502811232027028  0.82434929506257504  0.83290334636701890  0.84247128055700526
  0.85235322963861793  0.86201665673094996  0.87271411390616938  0.88465797565763959
  0.89376629092085580  0.89934656998915596  0.90782004039501230  0.91507780295329355
  0.92298018314373242  0.93233118922300162  0.94217713074630294  0.95281288962413047
  0.96350445024565834  0.97466481758485413  0.98787818106623426  1.00000000000000000
  0.61328590015471418  0.83550848425730551  0.86366109497977794  0.88252810075421251
  0.89561644321787526  0.90707118583053137  0.91551318780888213  0.92083166225003366
  0.92547289879145955  0.92873229040171512  0.93188868960694893  0.93492156070434884
  0.93833963154820876  0.94185330696171654  0.94452541454798278  0.94672900527221704
  0.94833949619540681  0.94954474411685474  0.95044705546964992  0.95138047165801853
  0.95258354581644011  0.95359496796088605  0.95451285822060516  0.95551385272979295
  0.95689123361435613  0.95807698470630598  0.95898220847078397  0.95985718907594264
  0.96070438717436457  0.96160659112141345  0.96294882558487194  0.96454642484737885
  0.96566502138972066  0.96655692793174319  0.96755999573473805  0.96876136284086989
  0.97006194218759578  0.97122801898492361  0.97218433382921021  0.97297485146885387
  0.97368381019562167  0.97444665143151532  0.97531139249073640  0.97615293224984501
  0.97693458150800006  0.97773021333273358  0.97855479223240061  0.97941390063392175
  0.98021135635845036  0.98083114637177216  0.98131451324709162  0.98174026509942369
  0.98219472812651698  0.98278505819057416  0.98350117239432699  0.98411702450943972
  0.98469711385261682  0.98530377186981721  0.98590448329391012  0.98650176247350108
  0.98712591944121963  0.98777278102444765  0.98842262367676859  0.98900623712821034
  0.98958926778430778  0.99015230587980518  0.99069838166813495  0.99122388123106664
  0.99150503862006478  0.99178051093476272  0.99205520668977076  0.99224097740218942
  0.99244179348433015  0.99263952302294556  0.99282942472262881  0.99307404132013477
  0.99336666675936758  0.99367001083576190  0.99397757428539635  0.99425189459638352
  0.99458585953275735  0.99493213894449994  0.99524919040177517  0.99554305354143113
  0.99581543750048407  0.99607208818790083  0.99634420753650998  0.99665394891203596
  0.99699823955995615  0.99734570065662820  0.99767447249761376  0.99793090916243543
  0.99817936712445776  0.99849319671945469  0.99897985346245710  1.00000000000000000
 -0.03153803749128918  0.13775252461755508  0.16928157427426394  0.19613735487703443
  0.21708706425918442  0.23556120574408854  0.25361336420939873  0.26824632327607900
  0.28228831694472839  0.29461644548592181  0.30407274945451063  0.31321774116727141
  0.32544186043330087  0.33675425195258701  0.34541650258637518  0.35488182796642520
  0.36317507848821556  0.37287589593558845  0.38207503676996757  0.39139271685704630
  0.39674008848224618  0.40128524518496406  0.40604337592882822  0.41113468676210424
  0.41903275111074328  0.42481101989366343  0.42959253479815779  0.43469733579939857
  0.44067644264840211  0.44708349097915545  0.45332726857051808  0.45929832195749948
  0.46647150199406828  0.47472623397261665  0.48204026869033506  0.48992316515531459
  0.49690421774408594  0.50294929710618408  0.50874763024842429  0.51490287165637083
  0.52224544041930243  0.52953290713283174  0.53494180714241946  0.53993244115246086
  0.54561742315685058  0.55078312083246128  0.55544038622988623  0.55973471803034225
  0.56483734638222072  0.57050245234827779  0.57641899683345454  0.58255623661470579
  0.58872826293369418  0.59454491010415222  0.59976053500699367  0.60458324147698306
  0.60764781087659170  0.61034232938711741  0.61412409164919901  0.61789967797723566
  0.62112813539487743  0.62595211392504857  0.63175158666920772  0.63820554901949134
  0.64466023989343624  0.65109348512453202  0.65663359565789370  0.66199874845431239
  0.66839840151257246  0.67582442131411402  0.68276060063130872  0.68777591794657866
  0.69226001432858908  0.69707746882168642  0.70274295837869805  0.71088436344323969
  0.72087800120455980  0.72954802706080002  0.73607384398880626  0.74186943264094307
  0.74710610389323873  0.75274271229162060  0.76103523841752907  0.76954773857869929
  0.77587223069001310  0.78055622162076088  0.78591612841679537  0.79492807084596329
  0.80652867452569899  0.81794951841645269  0.82806797862867820  0.83779360391054114
  0.85214827456364173  0.87097544900516033  0.89575752218563176  1.00000000000000000
   3.9200244483474471E-014  -1.0000000000000000     
 F F F F F F F F F F F F F F F F F F F F F F F F F F F F F F F F F F F F F F F F F F F F F F F F F F F F F F F F F F F F F F F F F F F F F F F F F F F F F F F F F F F F F F F F F F F F F F F F F F F F F F F F F F F F F F F F F F F F F F F F F F F F F F F F F F F F F F F F F F F F F F F F F F F F F F F F F F F F F F F F F F F F F F F F F F F F F F F F F F F F F F F F F F F F F F F F F F F F F F F F F F F F F F F F F F F F F F F F F F F F F F F F F F F F F F F F F F F F F F F F F F F F F F F F F F F F F F F F F F F F F F F F F F F F F F F F F F F F F F F F F F F F F F F F F F F F F F F F F F F F F F F F F F F F F F F F F F F F F F F F F F F F F F F F F F F F F F F F F F F F F F F F F F F F F F F F F F F F F F F F F F F F F F F F F F F F F F F F F F F F F F F F F F F F F F F F F F F F F F F F F F F F F F F F F F F F F F F F F F F F F F F F F F F F F F F F F F F F F F F F F F F F F F F F F F F F F F F F F F F F F F F F F F F F F F F F F F F F F F F F F F F F F F F F F F F F F F F F F F F F F F F F F F F F F F F F F F F F F F F F F F F F F F F F F F F F F F F F F F F F F F F F F F F F F F F F F F F F F F F F F F F F F F F F F F F F F F F F F F F F F F F F F F F F F F F F F F F F F F F F F F F F F F F F F F F F F F F F F F F F F F F F F F F F F F F F F F F F F F F F F F F F F F F F F F F F F F F F F F F F F F F F F F F F F F F F F F F F F F F F F F F F F F F F F F F F F F F F F F F F F F F F F F F F F F F F F F F F F F F F F F F F F F F F F F F F F F F F F F F F F F F F F F F F F F F F F F F F F F F F F F F F F F F F F F F F F F F F F F F F F F F F F F F F F F F F F F F F F F F F F F F F F F F F F F F F F F F F F F F F F F F F F F F F F F F F F F F F F F F F F F F F F F F F F F F F F F F F F F F F F F F F F F F F F F F F F F F F F F F F F F F F F F F F F F F F F F F F F F F F F F F F F F F F F F F F F F F F F F F F F F F F F F F F F F F F F F F F F F F F F F F F F F F F F F F F F F F F F F F F F F F F F F F F F F F F F F F F F F F F F F F F F F F F F F F F F F F F F F F F F F F F F F F F F F F F F F F F F F F F F F F F F F F F F F F F F F F F F F F F F F F F F F F F F F F F F F F F F F F F F F F F F F F F F F F F F F F F F F F F F F F F F F F F F F F F F F F F F F F F F F F F F F F F F F F F F F F F F F F F F F F F F F F F F F F F F F F F F F F F F F F F F F F F F F F F F F F F F F F F F F F F F F F F F F F F F F F F F F F F F F F F F F F F F F F F F F F F F F F F F F F F F F F F F F F F F F F F F F F F F F F F F F F F F F F F F F F F F F F F F F F F F F F F F F F F F F F F F F F F F F F F F F F F F F F F F F F F F F F F F F F F F F F F F F F F F F F F F F F F F F F F F F F F F F F F F F F F F F F F F F F F F F F F F F F F F F F F F F F F F F F F F F F F F F F F F F F F F F F F F F F F F F F F F F F F F F F F F F F F F F F F F F F F F F F F F F F F F F F F F F F F F F F F F F F F F F F F F F F F F F F F F F F F F F F F F F F F F F F F F F F F F F F F F F F F F F F F F F F F F F F F F F F F F F F F F F F F F F F F F F F F F F F F F F F F F F F F F F F F F F F F F F F F F F F F F F F F F F F F F F F F F F F F F F F F F F F F F F F F F F F F F F F F F F F F F F F F F F F F F F F F F F F F F F F F F F F F F F F F F F F F F F F F F F F F F F F F F F F F F F F F F F F F F F F F F F F F F F F F F F F F F F F F F F F F F F F F F F F F F F F F F F F F F F F F F F F F F F F F F F F F F F F F F F F F F F F F F F F F F F F F F F F F F F F F F F F F F F F F F F F F F F F F F F F F F F F F F F F F F F F F F F F F F F F F F F F F F F F F F F F F F F F F F F F F F F F F F F F F F F F F F F F F F F F F F F F F F F F F F F F F F F F F F F F F F F F F F F F F F F F F F F F F F F F F F F F F F F F F F F F F F F F F F F F F F F F F F F F F F F F F F F F F F F F F F F F F F F F F F F F F F F F F F F F F F F F F F F F F F F F F F F F F F F F F F F F F F F F F F F F F F F F F F F F F F F F F F F F F F F F F F F F F F F F F F F F F F F F F F F F F F F F F F F F F F F F F F F F F F F F F F F F F F F F F F F F F F F F F F F F F F F F F F F F F F F F F F F F F F F F F F F F F F F F F F F F F F F F F F F F F F F F F F F F F F F F F F F F F F F F F F F F F
  <DiscreteSampler_grid>
  grouped_processes
  1 # 1 for a reference and 2 for a running grid.
  10 # Attribute 'min_bin_probing_points' of the grid.
  1 # Attribute 'grid_mode' of the grid. 1=='default',2=='initialization'
  0.0000000000000000 # Attribute 'small_contrib_threshold' of the grid.
  0.5000000000000000 # Attribute 'damping_power' of the grid.
 # binID   n_entries weight   weight_sqr   abs_weight
    49   10   1.495946488531692E-011   1.650399684408118E-021   1.495946488531692E-011
    52   10   2.991892977063384E-011   6.601598737632473E-021   2.991892977063384E-011
    55   10   3.111257264594840E-011   7.005165533197819E-021   3.111257264594840E-011
    56   10   3.111257264596973E-011   7.005165533209123E-021   3.111257264596973E-011
    58   10   6.222514529189680E-011   2.802066213279127E-020   6.222514529189680E-011
    59   10   6.222514529193946E-011   2.802066213283649E-020   6.222514529193946E-011
    61   10   2.068774575992934E-011   2.974115972969116E-021   2.068774575992934E-011
    62   10   2.068774575992586E-011   2.974115972967922E-021   2.068774575992586E-011
    64   10   4.137549151985868E-011   1.189646389187646E-020   4.137549151985868E-011
    65   10   4.137549151985172E-011   1.189646389187169E-020   4.137549151985172E-011
    73   10   2.015864958018336E-011   2.999623117873339E-021   2.015864958018336E-011
    74   10   2.015864958018131E-011   2.999623117872618E-021   2.015864958018131E-011
    76   10   4.031729916036673E-011   1.199849247149335E-020   4.031729916036673E-011
    77   10   4.031729916036262E-011   1.199849247149047E-020   4.031729916036262E-011
    79   10   6.165366171410942E-011   3.619030577884374E-020   6.165366171410942E-011
    82   10   1.233073234282188E-010   1.447612231153750E-019   1.233073234282188E-010
    85   10   1.369981290440428E-010   1.792339165588870E-019   1.369981290440428E-010
    86   10   1.369981290440720E-010   1.792339165589658E-019   1.369981290440720E-010
    88   10   2.739962580880857E-010   7.169356662355479E-019   2.739962580880857E-010
    89   10   2.739962580881439E-010   7.169356662358633E-019   2.739962580881439E-010
    94   10   1.495946488531857E-011   1.650399684408538E-021   1.495946488531857E-011
    97   10   2.991892977063713E-011   6.601598737634152E-021   2.991892977063713E-011
    124   10   6.165366171410696E-011   3.619030577884090E-020   6.165366171410696E-011
    127   10   1.233073234282139E-010   1.447612231153636E-019   1.233073234282139E-010
    139   10   1.495946488531640E-011   1.650399684407985E-021   1.495946488531640E-011
    142   10   2.991892977063281E-011   6.601598737631940E-021   2.991892977063281E-011
    169   10   6.165366171410376E-011   3.619030577883708E-020   6.165366171410376E-011
    172   10   1.233073234282075E-010   1.447612231153483E-019   1.233073234282075E-010
    184   10   1.495946488531795E-011   1.650399684408379E-021   1.495946488531795E-011
    187   10   2.991892977063589E-011   6.601598737633514E-021   2.991892977063589E-011
    190   10   3.111257264595011E-011   7.005165533198720E-021   3.111257264595011E-011
    191   10   3.111257264595931E-011   7.005165533203645E-021   3.111257264595931E-011
    193   10   6.222514529190022E-011   2.802066213279488E-020   6.222514529190022E-011
    194   10   6.222514529191861E-011   2.802066213281458E-020   6.222514529191861E-011
    196   10   2.068774575993064E-011   2.974115972969570E-021   2.068774575993064E-011
    197   10   2.068774575993156E-011   2.974115972969877E-021   2.068774575993156E-011
    199   10   4.137549151986128E-011   1.189646389187828E-020   4.137549151986128E-011
    200   10   4.137549151986312E-011   1.189646389187951E-020   4.137549151986312E-011
    208   10   2.015864958018273E-011   2.999623117873131E-021   2.015864958018273E-011
    209   10   2.015864958018508E-011   2.999623117873924E-021   2.015864958018508E-011
    211   10   4.031729916036546E-011   1.199849247149253E-020   4.031729916036546E-011
    212   10   4.031729916037017E-011   1.199849247149569E-020   4.031729916037017E-011
    214   10   6.165366171410814E-011   3.619030577884220E-020   6.165366171410814E-011
    217   10   1.233073234282163E-010   1.447612231153688E-019   1.233073234282163E-010
    220   10   1.369981290440386E-010   1.792339165588756E-019   1.369981290440386E-010
    221   10   1.369981290440765E-010   1.792339165589779E-019   1.369981290440765E-010
    223   10   2.739962580880771E-010   7.169356662355022E-019   2.739962580880771E-010
    224   10   2.739962580881530E-010   7.169356662359118E-019   2.739962580881530E-010
  </DiscreteSampler_grid>
