  0.00293208093547853  0.01682344889183538  0.03100238779487771  0.04482058538686544
  0.05699649514303304  0.06714820357576561  0.07592735509381676  0.08396946099694697
  0.09321749830812355  0.10382959487960715  0.11630090510314271  0.12938825575957846
  0.14357630835240259  0.15516094968065147  0.16123538115608937  0.16457671314663727
  0.16791804513718520  0.17101316408291087  0.17403563660204746  0.17705810912118405
  0.18092006190220769  0.18481612268009778  0.19003425689365028  0.20200213345633641
  0.21376810435754920  0.22377131619965970  0.23227037291119926  0.24162337669978587
  0.25396699662171784  0.26709358318886611  0.27661523350999317  0.28412552632093796
  0.29149370698231925  0.30023523203733549  0.30531534315321462  0.30871223555141586
  0.31241069962024737  0.31640359370152754  0.32031100433527365  0.32403657700320382
  0.32825126417029382  0.33568148614068499  0.34411939365298383  0.35204665404526159
  0.36044582829991928  0.37219586168223567  0.38387124506947667  0.39670768393435207
  0.41037047455519543  0.42275643358661652  0.43203108407263680  0.44336623598352215
  0.45453335836493713  0.46621703324372088  0.47903740298256192  0.49305960521193748
  0.50947855585623036  0.52458742611480169  0.53794963504886095  0.55390927089901310
  0.56862708689382546  0.58328019040570367  0.59643244880608837  0.60945430393171418
  0.62233814517135022  0.63733514193439289  0.64853751460334041  0.65665712642953156
  0.66644875417552230  0.67570379793690538  0.68444849766701499  0.69695800349871584
  0.70805682506233691  0.71923941478227238  0.73268204647740265  0.74613845723366867
  0.75907440207365673  0.77272080430448620  0.78766923918927034  0.80353165869742671
  0.81756425379577657  0.82931494284110641  0.84166001428567072  0.85358418540722547
  0.86565786636324837  0.87751495136663860  0.88848637217580340  0.89972111778667918
  0.91072523876626277  0.92327775421690605  0.93701042700077497  0.95051685501024763
  0.96166001584138350  0.97177270849747310  0.98154365154006962  1.00000000000000000
  0.00912898223968457  0.01797836459577086  0.02910767085665191  0.03621274344127762
  0.04295880182351675  0.04940693574023916  0.05553236432805197  0.06295234249942927
  0.07114091605388409  0.07952101069588111  0.08754456190720321  0.10253589190371064
  0.11761281748657737  0.13335372645221658  0.15012496979475087  0.16685918327095572
  0.18203503593307530  0.19355718038286274  0.19985885910750839  0.20391196408622977
  0.20781889294749495  0.21133030366131156  0.21484171437512820  0.21781863422477141
  0.22077565570299051  0.22661154830440178  0.23426632695046443  0.24290661407396191
  0.25469594768940274  0.27114268739984410  0.28951581755685096  0.30564544348520029
  0.32081634563465328  0.33433600512628880  0.34666738628937338  0.35818372912636576
  0.37048633430199446  0.38362606422909301  0.39806523494256879  0.41380930959566747
  0.42967863800411282  0.44428587302398587  0.45845203047450106  0.47264683322616813
  0.48748085254753160  0.50113293236307643  0.51505002322913063  0.52713545915234472
  0.53873023719958546  0.55016573144398617  0.55982189179202957  0.56871647959134952
  0.57751934447876607  0.58586428532377677  0.59567609358532625  0.60594223339954956
  0.61558709787733989  0.62347852430375783  0.63451505573591960  0.64786774325213381
  0.66456636265955527  0.67980182506494180  0.69365135306523784  0.70895622495224708
  0.72417316037447099  0.73207928047617565  0.73580049719189566  0.73952171390761567
  0.74257766575592699  0.74547374383015730  0.74836982190438761  0.75123915909018368
  0.75410829772403609  0.75863898144515074  0.77207544536848527  0.78705915469880583
  0.80197552211386469  0.81714078023053949  0.83097487995389130  0.84329931098413413
  0.85356908022180766  0.86398060427938472  0.87460623215188371  0.88621387132687768
  0.89876586663575775  0.91034450729635763  0.91989618102095105  0.92725271228155592
  0.93616064745084093  0.94327214753478072  0.95102315712260788  0.95941206552773328
  0.96975661896272103  0.98153376029148431  0.99104331955225411  1.00000000000000000
  0.00020671156881359  0.00021534210363920  0.00022286489419206  0.00022711392423631
  0.00023216971013761  0.00023656955137236  0.00024000534129325  0.00024314533203909
  0.00024630886741289  0.00025001489433019  0.00025415522403298  0.00025820371918590
  0.00026214192636217  0.00026610521527295  0.00026985824963585  0.00027334048240494
  0.00027624695028377  0.00027923653546598  0.00028265672650415  0.00028562794634001
  0.00028874237752329  0.00029274250318173  0.00029699031137360  0.00030088402241588
  0.00030366453362895  0.00030500204870079  0.00030633956377262  0.00030779494195502
  0.00030930084914846  0.00031080675634190  0.00031228686217749  0.00031376496449995
  0.00031568108365881  0.00031976691332157  0.00032309305480066  0.00032625774027113
  0.00032949102348708  0.00033433781467603  0.00034065003116657  0.00034735749127321
  0.00035329918658162  0.00035846936440241  0.00036357861208116  0.00036905411491516
  0.00037521350793600  0.00038184076913510  0.00038835739531016  0.00039526732457122
  0.00040301128866213  0.00041090785323022  0.00041887027886123  0.00042732504397053
  0.00043624743515782  0.00044596611828755  0.00045499475291768  0.00046429422737197
  0.00047461841662948  0.00048556607592586  0.00049964741280602  0.00051283216392741
  0.00052834522730850  0.00054677415208894  0.00056527344690301  0.00058138440954070
  0.00059737037411039  0.00061308264060676  0.00063068943693397  0.00065292523285146
  0.00067418067425992  0.00069201134788197  0.00071209652555539  0.00073390215725495
  0.00076485123223744  0.00079475333265103  0.00082272128860509  0.00085208869155821
  0.00089555343645940  0.00095016495245658  0.00104418876735573  0.00116263387127287
  0.00125877959089043  0.00137277695775280  0.00153212775449933  0.00185510844986893
  0.00234469075853669  0.00264933977885010  0.00284939255460698  0.00304944533036385
  0.00334688568963353  0.00375737175199428  0.00416785781435503  0.00489132129307120
  0.00587080631429203  0.00685029133551286  0.15367673799399933  1.00000000000000000
  0.00005404302254740  0.00005414968040200  0.00005441485630464  0.00005483247765977
  0.00005507973529699  0.00005533494848441  0.00005563117557583  0.00005592740266726
  0.00005616262027945  0.00005639702727429  0.00005687770073915  0.00005747737006667
  0.00005812107532144  0.00005877563126010  0.00005936980742975  0.00005998079541888
  0.00006062024254161  0.00006125661656559  0.00006203970978329  0.00006276094022833
  0.00006345492452162  0.00006420428955918  0.00006493100034492  0.00006564324232214
  0.00006641342372181  0.00006730013819857  0.00006820434584766  0.00006908289554097
  0.00006977442619412  0.00007024305614636  0.00007080701392341  0.00007137648679599
  0.00007195202094143  0.00007297565453156  0.00007414938719628  0.00007519378091038
  0.00007619594416918  0.00007743536808845  0.00007896050867483  0.00008069582721813
  0.00008137342102286  0.00008205101482758  0.00008272864918753  0.00008340637090677
  0.00008408409262600  0.00008477415155140  0.00008547453883788  0.00008617492612436
  0.00008792973421184  0.00009003633430402  0.00009217931776588  0.00009435377439341
  0.00009637635594769  0.00009850770115084  0.00010073584405573  0.00010312390037341
  0.00010537860314807  0.00010766098577267  0.00011026004953140  0.00011252453048450
  0.00011464920719674  0.00011690374147874  0.00011927161534979  0.00012442871907685
  0.00013094835228176  0.00013789511139206  0.00014473302908925  0.00015153235419714
  0.00015849769104661  0.00016658987715384  0.00017476618149981  0.00018317644103793
  0.00019093325375795  0.00020107896756219  0.00020952914854931  0.00022022626028035
  0.00023455482658932  0.00024817741126739  0.00026732516362546  0.00029261863247247
  0.00031682531019200  0.00033861289690047  0.00036374528367270  0.00040060424639361
  0.00045139920204330  0.00051394893761006  0.00057214822951272  0.00062287304083224
  0.00068357247777862  0.00078103792667206  0.00095314991052548  0.00125980395147412
  0.00175026119243953  0.00351920848887202  0.14748636870241086  1.00000000000000000
  0.00050292360616639  0.00057954702440895  0.00060960382512734  0.00063984129750180
  0.00066892442331541  0.00069332634493617  0.00071514845478366  0.00073869124110003
  0.00076410805682853  0.00078306351720901  0.00080086745761633  0.00082097258581176
  0.00084803735048659  0.00088466447288483  0.00091866949694644  0.00095283046723045
  0.00097944069309019  0.00100158667452853  0.00102550888686127  0.00105109929425690
  0.00108852036640002  0.00113218218427753  0.00118589707645125  0.00124323360010032
  0.00130070417618432  0.00135748836203699  0.00141394225153576  0.00146931005987326
  0.00152706949976417  0.00159103676982273  0.00166035166326042  0.00172478581836613
  0.00178176239224519  0.00182835099443558  0.00184898784537836  0.00186962469632113
  0.00189140528362329  0.00191333431191495  0.00193846027966739  0.00196479100833779
  0.00202359555312357  0.00211347635568239  0.00220577374273611  0.00228864661109447
  0.00234405531721916  0.00241295428633093  0.00249309172477767  0.00256583201851539
  0.00263643391211255  0.00269964980866622  0.00277442459706934  0.00287392365881111
  0.00297635661648211  0.00309150873929894  0.00322411823941884  0.00338375063654771
  0.00356266554534029  0.00373610338247742  0.00389400265065128  0.00403798790432553
  0.00421095212865092  0.00443074995298298  0.00465293322063854  0.00489618832404357
  0.00515861703108414  0.00542994676002253  0.00571022253061201  0.00601458796867793
  0.00638094035645559  0.00683902348996691  0.00725053426331059  0.00759291860102339
  0.00791030423486253  0.00834195519133167  0.00877594799261392  0.00914854282044767
  0.00944402207319950  0.00988535209166927  0.01027654728937339  0.01049185306728278
  0.01059235721426453  0.01065285925999569  0.01071336130572686  0.01077860821939247
  0.01084754443981585  0.01091648066023923  0.01098783523306245  0.01106291034450612
  0.01113798545594979  0.01131986875912596  0.01180851676680680  0.01352250781053551
  0.01668778994794543  0.02050861267887071  0.07443798413569047  1.00000000000000000
 -0.00127041329630518  0.03596337272728635  0.06248561930035219  0.07598483879807787
  0.08518389167738534  0.09402502557641160  0.10354999420911384  0.11447957169790912
  0.12625616393619477  0.14023344493026374  0.15165493508538924  0.16064171297771526
  0.16886499030819110  0.17819914935223441  0.18868342837363791  0.19912556264513220
  0.21189583802475120  0.22829958354563501  0.24452830360619268  0.25827931199667481
  0.27010219750349884  0.28192386501566991  0.29639472195069438  0.31131577030778029
  0.32138123125213625  0.33221854389139344  0.34406340713655292  0.35630480974323692
  0.37066036363796007  0.38442874442153196  0.39691305702594060  0.40774105707879216
  0.41713744851243756  0.42765275576814188  0.43878109159296252  0.45552140084493414
  0.47100731254100281  0.47922304596972953  0.48828298470584280  0.49727262868149408
  0.50641910362888287  0.51933491585365310  0.53129000707860563  0.54394214696826926
  0.55761282404450041  0.57328286751828572  0.58764192819875027  0.60108527491958363
  0.61194804727770835  0.62360783644074724  0.63869378786178832  0.65595604008523156
  0.67119085811593804  0.68342492525582088  0.69602115745115212  0.71072591315240696
  0.72293486485867664  0.73406250494594627  0.74542540089868481  0.75621083419982760
  0.76577327425134489  0.77522685145564663  0.78512130729223328  0.79431401164345661
  0.80312499424085848  0.81274221107362021  0.82307700932321615  0.83349150683545437
  0.84395711339660118  0.85140961719263486  0.85537963349857937  0.85934964980452400
  0.86345676930437176  0.86774461469796826  0.87203246009156477  0.87608067894768338
  0.87991671472940225  0.88375275051112123  0.89231048421395887  0.90254025500710566
  0.91076508157831360  0.91989106140633481  0.92947956129517018  0.94023494767841254
  0.94849107845350800  0.95663910985869149  0.96375336764437836  0.96795066593757528
  0.97199239564847584  0.97515745639731022  0.97832251714614449  0.98082307663974122
  0.98327226751222374  0.98785354181811902  0.99176999471061489  1.00000000000000000
  0.00000290232595024  0.00001600227130211  0.00001946267761164  0.00002374131318305
  0.00002782390358126  0.00003135281755860  0.00003533218798954  0.00004048441512191
  0.00004482806637542  0.00004884547646778  0.00005402626078136  0.00005992833577367
  0.00006474410206110  0.00007019066412956  0.00007513928819440  0.00007985270925564
  0.00008515635486861  0.00009104118731269  0.00009934014044897  0.00010876970529759
  0.00011974622997601  0.00013277721273238  0.00014785134481581  0.00016498509293584
  0.00018431408214826  0.00020827795325378  0.00023598067432995  0.00027099217452210
  0.00031774091639340  0.00037461622885973  0.00042713854463306  0.00046942748026898
  0.00050843050265274  0.00054402655395268  0.00058334533822124  0.00063902881427872
  0.00069791572903240  0.00077868676478039  0.00083541572644909  0.00088445257475752
  0.00092738498341926  0.00096725182571253  0.00100810776225716  0.00104833182077572
  0.00109809411857345  0.00117440639863586  0.00126148460791462  0.00135470865267858
  0.00145847487484566  0.00154303237961731  0.00162532897221578  0.00171052021585967
  0.00183131754678948  0.00200452609215425  0.00218510226922697  0.00230087098410625
  0.00239058529814163  0.00247293120116814  0.00256223091872680  0.00270397771344353
  0.00294383110075329  0.00327630544775209  0.00363956346548705  0.00395093494879926
  0.00426648685626652  0.00463172256045786  0.00513777163296699  0.00581210782520981
  0.00672392289120591  0.00748917546150944  0.00840604409628568  0.00961698046023542
  0.01068753808692558  0.01602615649002442  0.01665677647402984  0.01728739645803526
  0.01791801644204067  0.01854863642604608  0.01917925641005150  0.01980987639405691
  0.02044049637806233  0.02107111636206774  0.02191945221869107  0.04063820262223289
  0.05935695302577471  0.07807570342931652  0.09679445383285831  0.11551320423640013
  0.13423195463994192  0.15295070504348374  0.17166945544702555  0.19038820585056734
  0.20910695625410916  0.22782570665765095  0.24719335777357304  1.00000000000000000
 -0.00546712002183593  0.02868146745913244  0.05439390596977150  0.07452664614153939
  0.09134102770703253  0.10740943861925553  0.12099047986077868  0.13695245746370521
  0.14467747593576649  0.15270271620376624  0.16025432205093373  0.16736478196688845
  0.18296483000941743  0.20144632649391381  0.22100399802233373  0.23833927972762856
  0.25288072576425930  0.26599075870588018  0.28050322505608088  0.29500898981975460
  0.30957425652753229  0.32345867950021256  0.33763323947127272  0.35381730924088223
  0.36761563205419795  0.37966476382209563  0.39052101762403524  0.40218606513527982
  0.41492929740860157  0.42633579480364336  0.43530773672870776  0.44291190022947041
  0.45046101690745116  0.45812505907916867  0.46801928385964892  0.48049698126245827
  0.49672193197654102  0.50802764792037003  0.51671967256964402  0.52553847028516276
  0.53628818249536525  0.54863543496580092  0.56051671810082804  0.57178053271842966
  0.58234453795312768  0.59142772495490814  0.59945859745657770  0.60731442846255479
  0.61534925050588707  0.62440751210905265  0.63422704849765343  0.64251682872364757
  0.65106381225003873  0.65966096424940679  0.66755096888935328  0.67684692815413894
  0.68832867884147209  0.70114699753258347  0.71375485390319771  0.72376047514828368
  0.73232403303404547  0.74104292495512925  0.74501170275197603  0.74820041642470236
  0.75139537810069168  0.75471675298244489  0.75803812786419811  0.76114288855257117
  0.76360324481516195  0.76606360107775273  0.77124069915957127  0.77965919485080026
  0.78813629699639187  0.79743547884284249  0.80137183624282293  0.80530819364280326
  0.80940205899212780  0.81351592982757492  0.81806911769341117  0.82287828552885822
  0.82897487458992603  0.83823000205059461  0.84968796855899775  0.86260088150693015
  0.87581675478145637  0.88758696523644243  0.90064398046512217  0.91446038426238918
  0.92441269843000407  0.93333197482206764  0.94299773645323781  0.95014250863299043
  0.96005901538511329  0.97105987399849514  0.97975086757741847  1.00000000000000000
 -0.00515819995547917  0.02062825340522434  0.03320684941827293  0.04661323708806401
  0.05798819915921424  0.07026521370822934  0.08118738803950529  0.08920652504796350
  0.09783485099888445  0.10935891918804734  0.12189534414169320  0.13244268750002841
  0.14146199538374368  0.15257013957657739  0.16431327042750746  0.17611169638402488
  0.18764170449876774  0.20102327642099491  0.21489879061281675  0.22165892442806898
  0.22776193841496761  0.23275580089467959  0.23732683232919222  0.24232420922302719
  0.24767860125008281  0.25515281618812952  0.26570497883054489  0.27443346066842056
  0.28389923176994419  0.29500798486528473  0.30885019960012977  0.32213301116415538
  0.33266892441741530  0.34295326395719705  0.35346442072125495  0.36392229992457709
  0.37451588711828393  0.38661628430417283  0.39551566747191158  0.40481862464475810
  0.41506799037642178  0.42811008335949391  0.44052770910389505  0.45187999230637266
  0.46396940592900554  0.47754932409334494  0.49273066634809781  0.50770049920398175
  0.52073105887635884  0.53337795504973484  0.54795476272779697  0.56437823840668799
  0.57746059653152504  0.58615366648540645  0.59511435758645748  0.60455004992324213
  0.61760700639488575  0.63203344200676137  0.64234090173000191  0.65007498399664454
  0.65796517867020043  0.66769389794638978  0.68145880345795984  0.69575022273628528
  0.70849801217056485  0.72249433301862853  0.73921093529192672  0.75527374681325632
  0.76591298894662152  0.77486786971165811  0.78476163238864360  0.79549124527757242
  0.80995248524341890  0.82593132564618599  0.84314697590448828  0.85201431506341307
  0.85939254948504451  0.86568614944768896  0.87141717842141064  0.87796470065696897
  0.88538602514205023  0.89377574924858993  0.90264682388971584  0.91197055253536596
  0.92024820927852613  0.92823091243589995  0.93698294820571781  0.94928833516771693
  0.96401659452213739  0.97636524197504515  0.98070024251102961  0.98503524304701395
  0.98907961178754233  0.99271974119169493  0.99635987059584752  1.00000000000000000
 -0.00138841652989200  0.00693991059229353  0.01593779844142484  0.02531518889130810
  0.03445571823439889  0.04731618377126770  0.06134430209288711  0.07333224001541010
  0.08312047059562849  0.09405037523069164  0.10769062117150774  0.12121792196618848
  0.13572301804399334  0.14856853799821915  0.15972596053815424  0.17171600743070287
  0.18363125925746673  0.19386730340694508  0.20215114765115391  0.21004821967641943
  0.21658823948350200  0.22246837391446983  0.22911821775285379  0.23638263896404654
  0.24572248178101189  0.25772085475525658  0.27317974751977386  0.28712181692302075
  0.30224202505936854  0.31708234418856635  0.33059074758209478  0.34363868099094969
  0.35794406871952256  0.36893859031868420  0.37767154717901258  0.38459820014295704
  0.39402306659357006  0.40428594803562934  0.41611249258927041  0.43350647199704667
  0.45049664149194446  0.46916010335220132  0.48811292300907849  0.50548437034748717
  0.52036643082969036  0.53387574035766594  0.54801882502082067  0.56208682354669570
  0.57484420908651157  0.58822865931627788  0.60055047490739277  0.61216467712595324
  0.62353779204605753  0.63292771550807625  0.64169357496534929  0.64947926400377631
  0.65689041217929045  0.66547023279477657  0.67501170116942133  0.68297452029825201
  0.69177551274735349  0.70080076793390211  0.71193116927280642  0.72648200202668067
  0.74115454698346039  0.75548959462080967  0.76831076852614999  0.78053062711539534
  0.79300159194306885  0.80633183538837538  0.81913352117888927  0.82906711436813718
  0.83153881125997642  0.83401050815181554  0.83700215367953490  0.84048351170996316
  0.84396486974039142  0.84746646827993910  0.85097607077672555  0.85448567327351188
  0.86510736057432258  0.87859692438889536  0.89128392818143232  0.89639339987964362
  0.90150287157785480  0.90612727974677920  0.91072306264950487  0.91521754415689605
  0.91965564987056847  0.92583111662051676  0.93574232247737388  0.94643281968770920
  0.95668474324403474  0.97023439223401409  0.98517250334901607  1.00000000000000000
 -0.00300487854366916  0.01247739938200548  0.02824796554546551  0.04415394303469916
  0.05732118421228562  0.06550029862356373  0.07116867786561482  0.07487808912791910
  0.07851144193203653  0.08203849026384666  0.08896644007651143  0.09921237652348959
  0.11121462980296298  0.12397563681372506  0.13594481043534493  0.14881060011089267
  0.16192757577112130  0.17482991185115265  0.18748454621761176  0.19871005970718603
  0.20734945535446422  0.21466361830897690  0.22228971765029232  0.23155095486717286
  0.24448073776455534  0.26048785425015086  0.27556596497808639  0.28698391579094129
  0.29935716899066633  0.31245352461659154  0.32727181169860142  0.34166499030087305
  0.35504301610516376  0.36270792276323849  0.36798130555572217  0.37325468834820585
  0.37840232462406848  0.38353560437981837  0.38863261846735825  0.39340034728112555
  0.39816807609489285  0.40624312400217349  0.42071180308812683  0.43568945964447292
  0.45156166546172422  0.46832764996543702  0.48365751023371611  0.49715258866509265
  0.50898272063909655  0.51871704048552769  0.52896132600470680  0.53969760040375814
  0.55034921158055738  0.56097732867331018  0.57015708498615147  0.57411553586072850
  0.57807398673530563  0.58221648088350197  0.58637206139964637  0.59019528262690146
  0.59392482865703666  0.60043630990601859  0.60842888821422580  0.61496037258373293
  0.62454209362485869  0.64105277195473409  0.65893317337432922  0.67438128922613927
  0.68603232525301161  0.69686736909527003  0.70581197081025304  0.71346440471584871
  0.72190537972873825  0.73297266437801589  0.74717167608738455  0.75905003495407508
  0.76779577076699979  0.77623751672066910  0.78565487857735572  0.79709161375505255
  0.80930082515062030  0.82220274471064880  0.83746888209289005  0.85330303212035441
  0.86652996087956724  0.87882067881145587  0.88974605400930851  0.89928551940391210
  0.90823414572032513  0.91774864197103778  0.92897276921263272  0.94206301830279082
  0.95653414990235464  0.97083379608506637  0.98598123453850017  1.00000000000000000
 -0.00535360603987510  0.02461854869153277  0.04726159959645521  0.06791909375738073
  0.08104476018598404  0.09236121985852905  0.10207943237907890  0.10979675420789145
  0.12213393797524108  0.13988001988812362  0.15682161610311643  0.17439304729960273
  0.19008971461595814  0.20462888646507860  0.22329455754801320  0.24116646216545359
  0.25651700288005103  0.27077420408202812  0.28317064786801183  0.29700917996783932
  0.31125789410821336  0.32615021121508503  0.33969371821501188  0.35103164303967177
  0.35891309078717243  0.36829566978958267  0.37921301644241956  0.39009011496155449
  0.40130281853461075  0.41141643532417566  0.42286655495321390  0.43668638630440942
  0.45189043717346711  0.46711522513616438  0.47833373451076067  0.48846210034880289
  0.49820453671558490  0.50944290548033366  0.52079665472094405  0.53319704793629807
  0.54451064570168495  0.55536586894447648  0.56513083029703348  0.57401843832315691
  0.58450181046302274  0.59494062287967087  0.60411050997822346  0.61304492965605351
  0.62082220299601831  0.62880215185690647  0.63722832071658375  0.64714935295474962
  0.65810892706132718  0.66992826406778871  0.68204426217083791  0.69403831657980775
  0.70471304020887526  0.71370351714341695  0.72231467229704893  0.73136606842675111
  0.73868461516705308  0.74132048877495504  0.74395636238285712  0.74658925780131746
  0.74921999604933287  0.75185073429734817  0.75451806557090340  0.75719511692566999
  0.75987216828043647  0.77044711401453736  0.78269227419175713  0.79377133189210658
  0.80381752254002981  0.81272745192760210  0.82235962084566694  0.83281881402511948
  0.84311178534800801  0.85228231280910660  0.86130676471888490  0.87049118365839862
  0.87765534741764850  0.88428360462485456  0.89268562743141477  0.90341560931135045
  0.91365074397396839  0.91936091419744814  0.92507108442092778  0.93160528716532032
  0.93827221515060499  0.94452881843007097  0.95050924714260954  0.95900960500576460
  0.97168991417132566  0.98264743273924904  0.99170082992323505  1.00000000000000000
 -0.00255786504345692  0.00792740218413567  0.01819350817513367  0.02789981373669824
  0.03735791488335806  0.04705805603141534  0.05880077092355330  0.07144201374381721
  0.08304264812949180  0.09189994999213420  0.10234988653189452  0.11255528521994765
  0.12293211646838248  0.13474107089266987  0.14980951321204039  0.16594726414215485
  0.17986902148258299  0.19142700577213567  0.20306023489179348  0.21446732430772353
  0.22427983687466130  0.23471646155256953  0.24428324730571754  0.25322436694772948
  0.26183893019359983  0.27175856728099068  0.28317696670263243  0.29272646346035480
  0.30453897946751973  0.31981175778919879  0.33596337842395324  0.34964483476209485
  0.36129594733396786  0.37211914980800270  0.38319450810735461  0.39326300397019337
  0.40480604273471815  0.41624676506645719  0.42925641708552309  0.44165005557558967
  0.45333035648466752  0.46567796699204966  0.47671430280886062  0.48081729913596633
  0.48492029546307203  0.48927205863167089  0.49402955322938891  0.49878704782710687
  0.50340532279702843  0.50790806134893540  0.51241079990084237  0.52345346575722684
  0.53689898180539630  0.55056919181541231  0.56331239087622698  0.57431166475742568
  0.58671145174300354  0.59861182681912983  0.60897237873322962  0.61834447481807309
  0.62631821552471612  0.63560392091840445  0.64700315325401225  0.65810445626770864
  0.66830495734008466  0.67971405211052482  0.69346083154819538  0.70739333846862074
  0.71951012010483884  0.73121785939403006  0.74419927056701529  0.75824492672291111
  0.77267472086745370  0.78619899533671489  0.79934920622339856  0.81121487388057922
  0.81774117877455899  0.82426748366853864  0.83036322943637508  0.83644757519172674
  0.84186496541052058  0.84716452192551928  0.85815203665130901  0.87195068042988833
  0.88078431561642501  0.88876143615910697  0.89663314210372969  0.90461676132121704
  0.91404371720086774  0.92426922100553610  0.93386838476420830  0.94560714149930802
  0.95814007173552540  0.97100754773663989  0.98660152765340992  1.00000000000000000
 -0.00176572677548735  0.00818862420188999  0.01603707041729337  0.02418724530286548
  0.03232367937652660  0.04165889077555261  0.05390974060740347  0.06275195268611812
  0.07147433689907404  0.08103834609205865  0.09260495563722951  0.10367960804504946
  0.11250864867511118  0.12033972180995264  0.12809639601810438  0.13530998484544204
  0.14031204464508226  0.14642787224057668  0.15324208359163632  0.16085639160126572
  0.17081169730249138  0.18127390142888775  0.19165320929007806  0.20383178688392969
  0.21563240715343904  0.22462353315546371  0.23429451542218180  0.24418354398898412
  0.25357532788035902  0.26307158697451588  0.27233788711040957  0.28084272370475521
  0.28872402575148554  0.29692860863960002  0.30531193494915992  0.31469604441097437
  0.32561866998846822  0.33490855265364378  0.34272678652413668  0.35149788480312344
  0.36046602829638091  0.36922553661455260  0.37804174627465931  0.38282009734141043
  0.38725281943219914  0.39289916955855880  0.39882801666503626  0.40406348290016725
  0.40897346586966304  0.41645433492207279  0.42644400404901373  0.43682781026049355
  0.44946153983632475  0.46311655114083206  0.47666678088730280  0.48813760384892491
  0.49777010026838608  0.50902535063520360  0.52423774899025999  0.54176554103310337
  0.55793202153946175  0.57144683795532125  0.58318886152501226  0.59508815789455904
  0.60728683341414236  0.61813247319615372  0.62832724584128374  0.63905136235777826
  0.64906378615065485  0.66022132616510243  0.66724800610507629  0.67349815957287729
  0.68224302334399212  0.69190303797197861  0.70304160746641686  0.71623830306511005
  0.72252841629952569  0.72808595040508939  0.73364348451065309  0.73887815022864822
  0.74409858894153691  0.74932132429841458  0.75466369208513240  0.76000605987185010
  0.76683847577387931  0.78889822490290973  0.80579128884396134  0.82196626411014417
  0.83825333432787985  0.85414844903374698  0.86912968896365383  0.88506760689912634
  0.90214058666956765  0.92269888498805053  0.95027387600970314  1.00000000000000000
 -0.00219198998041956  0.01149757184078342  0.02352230060493005  0.03491827302194873
  0.04702106587823311  0.05804374999553422  0.06713148402146307  0.07523745698953607
  0.08243958668431309  0.09154445692787287  0.10107838161489924  0.11092965431930077
  0.12071746548002094  0.12948103069830766  0.13762072091299440  0.14587206521332532
  0.15526626586856002  0.16716254244007953  0.17964491837227953  0.19134453315779693
  0.20263819037009057  0.21285619404930609  0.22155528739751332  0.23103204820571904
  0.24184353433811845  0.25408237401181655  0.26702171932090663  0.27957803626964906
  0.29296870655002549  0.30446831126263457  0.31585173739302558  0.32808346948528661
  0.34266790335474001  0.35358918601245293  0.35984062618467427  0.36624438971891088
  0.37300485864466615  0.37972455341776801  0.38608712588293082  0.39244969834809362
  0.40448092896481058  0.41689830331932454  0.42809071970586937  0.43873226374714092
  0.44940897354215353  0.46094924889938604  0.47218371030646927  0.48213214367694457
  0.48943798904577268  0.49884827258958314  0.50860984037012424  0.51580543832616166
  0.52168128017555715  0.52731568806774465  0.53255973937751144  0.53882141096132186
  0.54975469412888445  0.56318991443747579  0.57721016457870222  0.59432931385430554
  0.61193468039456367  0.62848603159028704  0.64113860635893061  0.64623899361646497
  0.65133938087399923  0.65626251761802046  0.66108014616677091  0.66589777471552136
  0.67059193190573574  0.67528374430741878  0.68307388366009425  0.69808985696767989
  0.71476799670077840  0.73034230283998647  0.74309035527432166  0.75526830702460790
  0.76673924181485442  0.77812714761180701  0.79021216588882959  0.80235598508387407
  0.81501907607342072  0.82833403789552484  0.84028902937529804  0.85100692790973698
  0.86258545571068379  0.87687873293783836  0.89076404081242466  0.90207400457701215
  0.91300200900921658  0.92377764665355988  0.93579708015644714  0.95114292396537548
  0.96568338946427890  0.97805169580304052  0.98892832684677412  1.00000000000000000
 -0.01112450633711518  0.05932424105957913  0.11499968940349761  0.16914378596821264
  0.20741789363239599  0.23455108670097130  0.25155865019691154  0.26526610500558601
  0.27887027851855095  0.29373732671255165  0.31541351610492929  0.33725094534789490
  0.35943041982955254  0.37490206956436350  0.38776811978341102  0.40200488257395339
  0.41455604059695850  0.42429882533474000  0.43330504478494331  0.44206620419177683
  0.45416669400710080  0.46554849309957758  0.47602829731942731  0.48449397715489984
  0.49224946497213262  0.49880946503219803  0.50497909542048125  0.51267152448683040
  0.52105788965823507  0.52981634880081108  0.54049316621155341  0.55205600903856422
  0.55844960416338851  0.56341077588078026  0.56726242082068934  0.57014537853982283
  0.57302833625895622  0.57589879233196273  0.57843669513310980  0.58097459793425699
  0.58351250073540406  0.58631419930595929  0.58931969847369337  0.59232519764142744
  0.60032779805687098  0.60950684194602978  0.61502889979483077  0.62068342147474787
  0.62618481637442192  0.63242545155419272  0.64024559637905865  0.64900937695742322
  0.65776903991474134  0.66666179699806516  0.67560957092661933  0.68303855051681295
  0.68989694827873638  0.69658265000030717  0.70331319358994726  0.71060009693869852
  0.71814913519128321  0.72561600806064630  0.73312481978980937  0.74067195125467711
  0.74881539088478100  0.75723636841281727  0.76574513587469106  0.77313324220507629
  0.78054012019936292  0.78757814146195659  0.79432044177541949  0.79993729981033468
  0.80398328115097528  0.80742661738993149  0.81061163632131794  0.81453326057632469
  0.81930027671506900  0.82617257535974598  0.83346880823039082  0.84079417410769441
  0.84774170197279164  0.85523168034569053  0.86377218417182833  0.87147539156538378
  0.88010299050134722  0.89016584587633174  0.89895134849414660  0.90673641641733005
  0.91419119586977571  0.92311549828426798  0.93222684750377582  0.94260349665699006
  0.95473330393454614  0.96904180750322633  0.98414915387913027  1.00000000000000000
 -0.00185423372717422  0.01002495904101990  0.02051849774071220  0.03328944012505369
  0.05071327302224974  0.06705772684053364  0.07856262880244301  0.08719201365697031
  0.09676799469336597  0.10774922359845378  0.11984262572998380  0.13174829354964540
  0.14441885297325535  0.15585562739893832  0.16541014735168347  0.17382798842837624
  0.18400693874503649  0.19432335256308186  0.20414534548923366  0.21188483799893712
  0.21747606882071915  0.22238734599770499  0.22804451098726156  0.23624915732804519
  0.24514317156930393  0.25444930927100184  0.26539449862546327  0.27847835244071417
  0.29229199687080920  0.30383801096922802  0.31473694217545534  0.32730917016997457
  0.34049553285742357  0.35354009525470775  0.36481141099595898  0.37576602706433260
  0.38617705748216929  0.39726317477427470  0.40787277417849527  0.41860574844217174
  0.43096464583424227  0.44468396071192567  0.45913004844807159  0.47178321555042835
  0.48051738191914595  0.48722593673673503  0.49246333502436723  0.49998101504614517
  0.50756192035696079  0.51790305538012238  0.52879336849686309  0.54051456541797960
  0.54581578118038920  0.55001426822472688  0.55421275526906444  0.55884300042383372
  0.56347810303815260  0.56787198598573885  0.57080834736423769  0.57374470874273642
  0.57922948757999171  0.59119293126355354  0.60056985161425702  0.60659171416913849
  0.61283191988009289  0.61959794029323145  0.62643167173184688  0.63415170238898400
  0.64187173304612111  0.65951911359622761  0.67971977710654075  0.69660533052827622
  0.71193800653739436  0.72630793611684119  0.73864911899849595  0.75182155854666555
  0.76538449665790442  0.77905819625753903  0.79209241868358959  0.80446141615679490
  0.81762769741868990  0.82998777043024441  0.84314408415802344  0.85447074768402076
  0.86842025612179419  0.88486819086503610  0.90197392822164257  0.91642729206200169
  0.92321669296307995  0.92951733629200728  0.93556971109386455  0.94219196848750009
  0.95331722371681660  0.96708266779304197  0.98046194463827840  1.00000000000000000
 -0.00810550211759999  0.04287869376677198  0.06607470382567351  0.08105771222017163
  0.09120640563279334  0.10408049147557552  0.12204295602974749  0.13919655845407050
  0.15697414011149427  0.17686370231774887  0.19448528584033747  0.21261057706283765
  0.22873927377340539  0.24524001542310533  0.26695477023445707  0.29130366617486825
  0.31055099842525646  0.32007102525173275  0.32583576744471193  0.33109599093697123
  0.33574949039517127  0.34001885723142705  0.34343049404548209  0.34853985093024026
  0.36102496104838266  0.37167001290918100  0.38221235359042971  0.39378475565175430
  0.40644925648628855  0.42087606304784514  0.43429538133031659  0.44775872219507323
  0.46033172410670370  0.46618551694585125  0.46978975094881270  0.47339989614515759
  0.47707436623146732  0.48074883631777704  0.48457449633458494  0.48859258744041578
  0.49261067854624657  0.50368977420415961  0.51588844907710552  0.52714005736797831
  0.53745953454618511  0.54683156887620932  0.55667042623883256  0.56712361076544615
  0.57818439493048057  0.58863980359897394  0.60008074106248666  0.61306647551068627
  0.62345428566364913  0.63407553012250606  0.64350350331127470  0.65188581739524343
  0.66020807007884275  0.66846390207463779  0.67883798493091563  0.69148691890695491
  0.70460446233823648  0.71343943989876968  0.71988314686931021  0.72579826293329419
  0.73139083358738388  0.73692933876549027  0.74257318877923184  0.74887150194555518
  0.75654748513326597  0.76499848118457869  0.77354816642699553  0.78224574767343857
  0.78834297081045612  0.79264646209692624  0.79894318541589948  0.80569748612177827
  0.81333530452028679  0.82451191752048658  0.83569783118512253  0.84705901772638803
  0.85600384720994638  0.86567020137087425  0.87563021489124682  0.88676253169286268
  0.89932427861328379  0.91104415609532219  0.92283513089663072  0.93399147492352630
  0.94274363301329789  0.94996298644020705  0.95866364826475137  0.96818472529901378
  0.97681142053149417  0.98481771610939584  0.99283180621783318  1.00000000000000000
 -0.00183740745163293  0.00864849013074054  0.01977196785865367  0.03039422634067150
  0.04057968598192912  0.05205961952667077  0.06510242852070852  0.07880008978430998
  0.09162552837989490  0.10443102607454954  0.11765778318096937  0.13055669410723358
  0.14386332335897406  0.15651589459392973  0.16999626678946214  0.18218897635422809
  0.19461260693168414  0.20717462191315100  0.21481850220047410  0.21925600343806043
  0.22369350467564678  0.22775204432261825  0.23171085122634263  0.23566965813006702
  0.23925938608407415  0.24284772500974208  0.24811354409179373  0.25820004090552878
  0.26632708851822284  0.27597572912336171  0.28599651190438946  0.29616201311365620
  0.30708413826785991  0.31826181762912414  0.33008473971225155  0.34206679319259248
  0.35466869868254070  0.36438850228554925  0.37310280252609229  0.38070934295945119
  0.38777192992121789  0.39637392860902093  0.40811882158288443  0.42097778441703920
  0.43372202104599195  0.44576177618077145  0.45769896292022522  0.47093170501448256
  0.48467545914714916  0.49733753264504188  0.50821655289866485  0.51809833005909123
  0.53010324459907376  0.54420644973760302  0.56193820530877192  0.57898499342209686
  0.59412615367119603  0.60711602898633765  0.62126562638343930  0.63424361735484625
  0.64209933609056347  0.65005699972128528  0.65899412527679491  0.66725333930283681
  0.68164014758055091  0.69477562528956116  0.70620365010668262  0.71741466767853690
  0.72670853540672820  0.73372172051113427  0.73994963590992391  0.74849977154199032
  0.75883926223168763  0.77011042060143453  0.78232925331216263  0.79523473878335904
  0.80823367780554956  0.81805328953979473  0.82461604105090947  0.82850773811011547
  0.83191862731498800  0.83474675242510488  0.83764757430918046  0.84067565646669096
  0.84477265816889002  0.85202883511572136  0.86097290012823435  0.87251486880928564
  0.88870249563776427  0.90510337474579328  0.92195464647605696  0.94041561796860917
  0.95871484036696319  0.97412259130256174  0.98737177538466259  1.00000000000000000
 -0.00355978852576007  0.01338030001299496  0.03023427961252110  0.03722837013910626
  0.04416104905388528  0.05068160300839768  0.05712710518446226  0.06338662517041067
  0.06956781532603831  0.08103366079536749  0.09491863498673024  0.10742229717383393
  0.11990451820656682  0.12800914486833065  0.13754893505847396  0.14755477646612875
  0.15570621222339864  0.16591789660329465  0.17517955722249753  0.18455065579135130
  0.19484432462557053  0.20777789795269605  0.22049901460093607  0.23218462697915637
  0.24447122109103966  0.26049402956986401  0.27242831429577119  0.28185361669505560
  0.29116900252882505  0.30144129181440127  0.31449190577994240  0.33033513216647803
  0.34355530666375261  0.35510927075418686  0.36643623799568181  0.37789001178125003
  0.39015242668760075  0.39923537336213621  0.40839959560699968  0.41830901078789129
  0.43036775200958621  0.44160942888876309  0.45282587977093036  0.46239533031737462
  0.47160467654829208  0.48138203315670541  0.49435564863155196  0.50733015300586604
  0.51819808321718308  0.52805900932690997  0.53978620053232751  0.55283119720398344
  0.56614039674368277  0.57930043507812445  0.58951207308421461  0.59915489873523031
  0.61253462752437438  0.62876813508874374  0.64168755117461540  0.65273709713740047
  0.66514122817503007  0.67823796242752687  0.69364432862538949  0.70560979749909214
  0.71446095439001422  0.72583403198238294  0.73875503703765377  0.75134593622892443
  0.75696540799324019  0.76072185753964583  0.76447830708605147  0.76829097091665510
  0.77211047760117468  0.77592998428569415  0.78021494427189186  0.78450718964221655
  0.78959501714393554  0.80396247703670165  0.81918347601598840  0.83711785814092221
  0.85339825524099877  0.86557854070257501  0.87501009399732699  0.88372009969356879
  0.89237809711302707  0.90383942973948161  0.91589115073700700  0.92561280216465658
  0.93559745482315226  0.94492735093431024  0.95112053018061105  0.95740431056420505
  0.96418932242826338  0.97570152226780082  0.98831595527224014  1.00000000000000000
  0.28908171122782006  0.47224791314092235  0.51783588877855324  0.55727991954179468
  0.57921425112845115  0.59249891933411625  0.60768874487115809  0.62555087357376393
  0.63783765482692645  0.65014679242164963  0.66343628370189311  0.67628649148308473
  0.68854141041238426  0.69957678685490765  0.70907057466436496  0.71759305491935510
  0.72649761223048215  0.73614440414641225  0.74512801109828297  0.75349394680956261
  0.76074004079193835  0.76888937453134598  0.77484414569882898  0.78087247162764017
  0.78709070111028556  0.79282740159295695  0.79886796888364442  0.80378221119160165
  0.80878712908626949  0.81438886168265678  0.81941990968320289  0.82542936973587244
  0.82870225976713341  0.83014372962560679  0.83158519948408005  0.83353084985093950
  0.83566262446671891  0.83779439908249842  0.83971839578519292  0.84159707106923753
  0.84347574635328226  0.84910263278361420  0.85414327703029236  0.85809290250833947
  0.86186866963137831  0.86538736555966933  0.86850774069798098  0.87171774695303583
  0.87488949254588544  0.87769805459444827  0.88061468191167946  0.88369617258170463
  0.88705717374671567  0.89045200854361073  0.89405884118204526  0.89721285134803463
  0.89977880271895705  0.90196944995991535  0.90450371038797617  0.90803163162498179
  0.91147804311680647  0.91443801373419642  0.91690134180388527  0.91898454862992007
  0.92127217851343568  0.92403925482889759  0.92693515579267249  0.92965355649367754
  0.93216085707540441  0.93410022613684907  0.93599798059594741  0.93842568886051103
  0.94131145322147391  0.94408126570364048  0.94639295678648550  0.94847893300806940
  0.95065638330754898  0.95295113287868438  0.95531096514353120  0.95778269314308151
  0.95950505522091634  0.96092782394288079  0.96219809005944179  0.96352044248394741
  0.96551250133236632  0.96762814711466938  0.96990963799607266  0.97310129320681926
  0.97676439461431797  0.98089619019279906  0.98592734741355759  0.98896118813601552
  0.99148258143173817  0.99422959245277864  0.99711479622638932  1.00000000000000000
 -0.04116748531286534  0.20005021116884686  0.26533296657019634  0.28758252988235566
  0.29727524912923803  0.30635175573676449  0.32102609399102161  0.33476079944790377
  0.35264317943970946  0.36939709757308764  0.38350940377052423  0.39812697760114196
  0.41224303477889229  0.42483924020101294  0.43511548633438152  0.44283358117116889
  0.45073292093932904  0.45712040781884306  0.46284718965696975  0.47129222364696266
  0.47922112844731557  0.48608751431619257  0.49351941998327009  0.50194978445153715
  0.51116960655028387  0.52049465946131324  0.52875491579389100  0.53606415884098635
  0.54232228263304194  0.54865924813490985  0.55393286388476903  0.55833636070352854
  0.56335422418925418  0.56545625770431174  0.56673708694999281  0.56801489178031495
  0.56925435190845342  0.57049381203659189  0.57198540816655818  0.57395078316157844
  0.57591615815659869  0.58009140117316171  0.58476504181984601  0.58907425263629742
  0.59316375867903581  0.59789009478693467  0.60445854924404352  0.61176081953211470
  0.61855676835422257  0.62400509133811566  0.62871575740751384  0.63371711127507380
  0.63954163855762958  0.64459591186620901  0.64955058239898533  0.65485279916375627
  0.65996838305717376  0.66479356287774882  0.67022623477876797  0.67640068236871742
  0.68194360888948768  0.68779667504520292  0.69320831409137373  0.69758593929440171
  0.70027623724951560  0.70299655406444184  0.70582294847845473  0.70861952456929289
  0.71068388961148232  0.71274825465367164  0.71809024451911296  0.72389370044891066
  0.72938554954322199  0.73489425861260838  0.73982742340553009  0.74497657832397202
  0.75043781576867263  0.75550713483539478  0.76021365638326721  0.76497377857257587
  0.77016942342587769  0.77584800292416112  0.78212916597937887  0.78842496193879830
  0.79469217834992256  0.80128133881113917  0.80820384710191329  0.81701005654558057
  0.82741515515941688  0.83701509562796395  0.84749277885656693  0.85799787026894381
  0.86992854422730137  0.88632933513842194  0.91384063753819189  1.00000000000000000
   6.5379086914133798E-016  -1.0000000000000000     
 F F F F F F F F F F F F F F F F F F F F F F F F F F F F F F F F F F F F F F F F F F F F F F F F F F F F F F F F F F F F F F F F F F F F F F F F F F F F F F F F F F F F F F F F F F F F F F F F F F F F F F F F F F F F F F F F F F F F F F F F F F F F F F F F F F F F F F F F F F F F F F F F F F F F F F F F F F F F F F F F F F F F F F F F F F F F F F F F F F F F F F F F F F F F F F F F F F F F F F F F F F F F F F F F F F F F F F F F F F F F F F F F F F F F F F F F F F F F F F F F F F F F F F F F F F F F F F F F F F F F F F F F F F F F F F F F F F F F F F F F F F F F F F F F F F F F F F F F F F F F F F F F F F F F F F F F F F F F F F F F F F F F F F F F F F F F F F F F F F F F F F F F F F F F F F F F F F F F F F F F F F F F F F F F F F F F F F F F F F F F F F F F F F F F F F F F F F F F F F F F F F F F F F F F F F F F F F F F F F F F F F F F F F F F F F F F F F F F F F F F F F F F F F F F F F F F F F F F F F F F F F F F F F F F F F F F F F F F F F F F F F F F F F F F F F F F F F F F F F F F F F F F F F F F F F F F F F F F F F F F F F F F F F F F F F F F F F F F F F F F F F F F F F F F F F F F F F F F F F F F F F F F F F F F F F F F F F F F F F F F F F F F F F F F F F F F F F F F F F F F F F F F F F F F F F F F F F F F F F F F F F F F F F F F F F F F F F F F F F F F F F F F F F F F F F F F F F F F F F F F F F F F F F F F F F F F F F F F F F F F F F F F F F F F F F F F F F F F F F F F F F F F F F F F F F F F F F F F F F F F F F F F F F F F F F F F F F F F F F F F F F F F F F F F F F F F F F F F F F F F F F F F F F F F F F F F F F F F F F F F F F F F F F F F F F F F F F F F F F F F F F F F F F F F F F F F F F F F F F F F F F F F F F F F F F F F F F F F F F F F F F F F F F F F F F F F F F F F F F F F F F F F F F F F F F F F F F F F F F F F F F F F F F F F F F F F F F F F F F F F F F F F F F F F F F F F F F F F F F F F F F F F F F F F F F F F F F F F F F F F F F F F F F F F F F F F F F F F F F F F F F F F F F F F F F F F F F F F F F F F F F F F F F F F F F F F F F F F F F F F F F F F F F F F F F F F F F F F F F F F F F F F F F F F F F F F F F F F F F F F F F F F F F F F F F F F F F F F F F F F F F F F F F F F F F F F F F F F F F F F F F F F F F F F F F F F F F F F F F F F F F F F F F F F F F F F F F F F F F F F F F F F F F F F F F F F F F F F F F F F F F F F F F F F F F F F F F F F F F F F F F F F F F F F F F F F F F F F F F F F F F F F F F F F F F F F F F F F F F F F F F F F F F F F F F F F F F F F F F F F F F F F F F F F F F F F F F F F F F F F F F F F F F F F F F F F F F F F F F F F F F F F F F F F F F F F F F F F F F F F F F F F F F F F F F F F F F F F F F F F F F F F F F F F F F F F F F F F F F F F F F F F F F F F F F F F F F F F F F F F F F F F F F F F F F F F F F F F F F F F F F F F F F F F F F F F F F F F F F F F F F F F F F F F F F F F F F F F F F F F F F F F F F F F F F F F F F F F F F F F F F F F F F F F F F F F F F F F F F F F F F F F F F F F F F F F F F F F F F F F F F F F F F F F F F F F F F F F F F F F F F F F F F F F F F F F F F F F F F F F F F F F F F F F F F F F F F F F F F F F F F F F F F F F F F F F F F F F F F F F F F F F F F F F F F F F F F F F F F F F F F F F F F F F F F F F F F F F F F F F F F F F F F F F F F F F F F F F F F F F F F F F F F F F F F F F F F F F F F F F F F F F F F F F F F F F F F F F F F F F F F F F F F F F F F F F F F F F F F F F F F F F F F F F F F F F F F F F F F F F F F F F F F F F F F F F F F F F F F F F F F F F F F F F F F F F F F F F F F F F F F F F F F F F F F F F F F F F F F F F F F F F F F F F F F F F F F F F F F F F F F F F F F F F F F F F F F F F F F F F F F F F F F F F F F F F F F F F F F F F F F F F F F F F F F F F F F F F F F F F F F F F F F F F F F F F F F F F F F F F F F F F F F F F F F F F F F F F F F F F F F F F F F F F F F F F F F F F F F F F F F F F F F F F F F F F F F F F F F F F F F F F F F F F F F F F F F F F F F F F F F F F F F F F F F F F F F F F F F F F F F F F F F F F F F F F F F F F F F F F F F F F F F F F F F F F F F F F F F F F F F F F F F F F F F F F F F F F F F F F F F F F F F F F F F F F F F F F F F F F F F F F F F F F F F F F F F F F F F F F F F F F F F F F
  <DiscreteSampler_grid>
  grouped_processes
  1 # 1 for a reference and 2 for a running grid.
  10 # Attribute 'min_bin_probing_points' of the grid.
  1 # Attribute 'grid_mode' of the grid. 1=='default',2=='initialization'
  0.0000000000000000 # Attribute 'small_contrib_threshold' of the grid.
  0.5000000000000000 # Attribute 'damping_power' of the grid.
 # binID   n_entries weight   weight_sqr   abs_weight
    61   10   2.735642699700488E-015   3.880380286474512E-029   2.735642699700488E-015
    62   10   2.735642699700504E-015   3.880380286474511E-029   2.735642699700504E-015
    64   10   5.471285399400976E-015   1.552152114589805E-028   5.471285399400976E-015
    65   10   5.471285399401008E-015   1.552152114589804E-028   5.471285399401008E-015
    67   10   1.355933675785679E-012   9.255184260482225E-024   1.355933675785679E-012
    68   10   1.355933675785559E-012   9.255184260480842E-024   1.355933675785559E-012
    70   10   2.711867351571358E-012   3.702073704192890E-023   2.711867351571358E-012
    71   10   2.711867351571119E-012   3.702073704192337E-023   2.711867351571119E-012
    106   10   2.735642699700498E-015   3.880380286474525E-029   2.735642699700498E-015
    107   10   2.735642699700475E-015   3.880380286474481E-029   2.735642699700475E-015
    109   10   5.471285399400996E-015   1.552152114589810E-028   5.471285399400996E-015
    110   10   5.471285399400950E-015   1.552152114589792E-028   5.471285399400950E-015
    112   10   1.355933675785687E-012   9.255184260482296E-024   1.355933675785687E-012
    113   10   1.355933675785552E-012   9.255184260480759E-024   1.355933675785552E-012
    115   10   2.711867351571374E-012   3.702073704192918E-023   2.711867351571374E-012
    116   10   2.711867351571104E-012   3.702073704192303E-023   2.711867351571104E-012
  </DiscreteSampler_grid>
