  0.00267931736325095  0.01347454665625867  0.02532125077986703  0.03808942299693216
  0.05481517079985473  0.07142912585716724  0.08786914100357804  0.10411689174442167
  0.11978011112194226  0.13477062489965952  0.14703539203422075  0.15383755252698403
  0.16023712208446633  0.16674307720117390  0.17585204472356092  0.19073255593985497
  0.20801842374236656  0.22275963914945404  0.23458948757343642  0.24523889763490572
  0.25172329063945648  0.25654686296591084  0.26204932293308597  0.26677467993399695
  0.27537257040362667  0.28527211845982836  0.29412464267637317  0.30588093330716354
  0.31394450973740423  0.32010612323230503  0.32695958353060223  0.33518293543717359
  0.34212325266301752  0.34899311195342064  0.35597273851342437  0.36579485260595113
  0.37688346989321392  0.38401805512912429  0.39085713530421196  0.39715180727624838
  0.40338127351187431  0.40928679447391708  0.41519231543595980  0.42518021825731928
  0.43547630971608609  0.44635677307856692  0.45970686781424319  0.46877423243186767
  0.47789063214457328  0.48594813850720570  0.49860732709833522  0.51184776533911680
  0.52258661953802543  0.53096075951876742  0.53924336896653580  0.55080660461997366
  0.56287308654339774  0.56821044056824632  0.57259491839051102  0.57696190585440210
  0.58173547905105250  0.58711282813872323  0.59522323506007468  0.60877292190346910
  0.62095619461849405  0.63429664863428858  0.65142752091511924  0.66874937255719891
  0.68282590843384228  0.69496873492035716  0.70673785313650783  0.71846236016767362
  0.73373778468645201  0.74606194598760323  0.75392620043156910  0.75936104752665046
  0.76591821390671999  0.77192803808851784  0.77897074504905250  0.78749574269504374
  0.79471452302284351  0.80245538508009773  0.81311347376672449  0.82587144868463636
  0.84148601844542226  0.85768583108585972  0.87239563697099498  0.88323474289963122
  0.89344072825389065  0.90855916635194656  0.92840337912657156  0.94958400937612930
  0.96228521628681174  0.97518381178944269  0.98602058490767386  1.00000000000000000
  0.00965594820457723  0.01802851017741727  0.03137288083080665  0.04507548464034995
  0.04963737433131112  0.05318263095921783  0.05711741106728852  0.06114053850678519
  0.06478495736183425  0.06828230872797028  0.07686067575404532  0.08743330991624731
  0.09563211289801714  0.10838480757628213  0.11970729522847229  0.12947739119150156
  0.13850340833361705  0.14893830890636287  0.15939486368020450  0.16915797323371734
  0.17862058853525478  0.18874376593995260  0.20174314614601010  0.21433708445046862
  0.22494200768354258  0.23340494497899508  0.24152754286534822  0.24994025059991448
  0.26027037804822400  0.27378095905487582  0.28558464668511585  0.30134848587931601
  0.31610058595549156  0.33107477935068569  0.34636281429252258  0.36126425616257424
  0.37465136260617937  0.38617801828214360  0.39875672569803733  0.41047551535483856
  0.41755489879597651  0.42340537959944785  0.42865618169372749  0.43266434987343139
  0.43586889964933884  0.43889960359239077  0.44201042140149316  0.44736487844373185
  0.45984662232036205  0.47204843637085808  0.48368942242913210  0.49546534134497267
  0.50708821157723283  0.51790407610981715  0.52767822765239136  0.53697303704105304
  0.54808109489015644  0.55932875327175935  0.56956125441397809  0.57863744703692443
  0.58752235199557967  0.59759901796836035  0.60744103073668976  0.61668334088111287
  0.62602923162773161  0.63645956289828820  0.64809515208717738  0.65530279281068760
  0.66188305178057039  0.66737207339479399  0.67213060036286509  0.67872407616882735
  0.69111754633100719  0.70699688894752710  0.72160463921815798  0.73741090898773454
  0.75452285081837067  0.76852877277458209  0.77983978241101026  0.79177840116325793
  0.80501937346332630  0.81928588892954890  0.83358741105607204  0.84799662941750176
  0.86071589796070380  0.87110427613717190  0.87994869152799404  0.88784482083439598
  0.89718415135375862  0.90739752260588347  0.92177403682670489  0.94061234590381981
  0.95770059417893594  0.97048109148932427  0.98324587084553960  1.00000000000000000
  0.00016640554495152  0.00018445573193051  0.00020098961142407  0.00021752349091762
  0.00022853361632165  0.00023240801130448  0.00023628240628731  0.00024322438488963
  0.00025271125352027  0.00026163775393220  0.00026975410019871  0.00027769398972774
  0.00028674061712119  0.00029372478446552  0.00029978112290838  0.00030689691430358
  0.00031489969097980  0.00032418557418987  0.00033623381186257  0.00034593957456151
  0.00035168709744426  0.00035665845128289  0.00036212848836223  0.00036863055181746
  0.00037631744684076  0.00038378230000176  0.00039223491526231  0.00040126508408743
  0.00040971652202534  0.00041708184805287  0.00042324506050484  0.00042982857856190
  0.00043734522428681  0.00044504988938202  0.00045420896511969  0.00046336804085736
  0.00047831550930191  0.00049381147759508  0.00050979016037841  0.00052668836700478
  0.00054328981262077  0.00056341363100884  0.00057980894836408  0.00060038142404742
  0.00062137880193523  0.00064703200701691  0.00067929763647948  0.00072363253990946
  0.00077080237016404  0.00080879204186187  0.00083964614461971  0.00086527764386752
  0.00088400556150020  0.00089434519827022  0.00090521596972243  0.00091547131124747
  0.00092555522974648  0.00093592722123842  0.00095142412610373  0.00098959232884977
  0.00104602948539457  0.00110701092561177  0.00117521458716998  0.00123500104595325
  0.00126746162488840  0.00129279678070949  0.00132946711998852  0.00137714874494585
  0.00142916520913285  0.00150593767785874  0.00163590288751378  0.00177945997537412
  0.00190934435686805  0.00203715713700653  0.00220633933194448  0.00232846343524715
  0.00240997674207414  0.00247007389944129  0.00253015167792063  0.00262617275863260
  0.00274510992964286  0.00291097758325158  0.00334947090619857  0.00386759692122295
  0.00434865823369178  0.00478305890732914  0.00521005793606284  0.00568077837848343
  0.00631481228985353  0.00740636626814433  0.00863661501851087  0.00977335687732602
  0.01140984103031781  0.02087881555863053  0.20676625058209860  1.00000000000000000
  0.00237939223292366  0.01678641557194503  0.02589225637112769  0.03386525594801171
  0.03956008878099645  0.04673096228014433  0.05499958212342544  0.06429665205259161
  0.07886205097001425  0.09633810175498519  0.11481472030994316  0.13758847259329243
  0.16225512003204906  0.18185819805837905  0.19877984185190617  0.21338145723718527
  0.22720190374875474  0.24129544270860198  0.25546000643733480  0.26659999358645103
  0.27765250181804113  0.28864831822897197  0.29997336008278375  0.31395799062630569
  0.32891642677604493  0.34470788761527804  0.36006425077597698  0.37471706020410156
  0.39087613294088319  0.40280224550323729  0.41161378863933440  0.41513501920766527
  0.41768472748567737  0.42008907207039708  0.42233592464969177  0.42464168877690095
  0.42720312721255604  0.42976456564821119  0.43664709665328766  0.44511854026318759
  0.45599941423493878  0.47017147278657856  0.48314831506551226  0.49158015374886255
  0.49942760857434310  0.50579094361888499  0.50909650794633521  0.51634306904503979
  0.52503102560174686  0.53158157629605773  0.53745119688239529  0.54742917141024316
  0.55703392323618761  0.56955137023832814  0.57803826453880980  0.59092433547848477
  0.60540283201428524  0.61265240105657348  0.61713584189330073  0.62249355085062053
  0.62773595130576476  0.63153381164422639  0.63469046761444903  0.64391292324233762
  0.65158084004663874  0.65775108884562805  0.66687952490077140  0.68120785575461495
  0.69863566616612738  0.71447938145027079  0.72919733866116521  0.74447588624225858
  0.75901639187160286  0.77337929145315953  0.78486056429051454  0.79648158079798959
  0.80790206813020893  0.82101394647251291  0.83787545149823583  0.85419592065327754
  0.86479661251950046  0.87038989787591825  0.87436943564348679  0.87803451189163162
  0.88150444223893309  0.88729511788712367  0.89660418467362135  0.90764082570143567
  0.92025906553285297  0.93406817881848936  0.94676605099489308  0.95875373398345487
  0.96801852334032701  0.97582017040914337  0.98781331005980377  1.00000000000000000
  0.00005684567242525  0.00005797452667305  0.00005871178116394  0.00005912735208943
  0.00005955175622397  0.00006003506455861  0.00006044506779313  0.00006091003520382
  0.00006186157295433  0.00006283696584336  0.00006356439847606  0.00006442783966957
  0.00006565301108235  0.00006684204334613  0.00006764121944650  0.00006821157194107
  0.00006875807550952  0.00006936490019964  0.00007010393563004  0.00007097134611170
  0.00007185990073318  0.00007229057842513  0.00007266287438310  0.00007310701390432
  0.00007355698193429  0.00007419638920732  0.00007538095054035  0.00007695819218040
  0.00007841604144509  0.00007958430163081  0.00008040887922830  0.00008117571534286
  0.00008226401709081  0.00008383007653458  0.00008528643746371  0.00008652324964885
  0.00008766440404715  0.00008874558833226  0.00008990196620368  0.00009132218553210
  0.00009282978985741  0.00009409924385759  0.00009550030793730  0.00009749323802906
  0.00010008576858102  0.00010312936794446  0.00010669622424292  0.00011019057770718
  0.00011333947019378  0.00011641385355933  0.00011998870525850  0.00012373825349672
  0.00012716660574643  0.00013007548335016  0.00013231563081850  0.00013414355866123
  0.00013532734203473  0.00013651112540824  0.00013785390234562  0.00013923930249656
  0.00014061023195335  0.00014196311180170  0.00014363561447600  0.00014673981897157
  0.00014983876535964  0.00015291882542878  0.00015587924602258  0.00015901963848630
  0.00016609159975059  0.00017299594328535  0.00017626229854457  0.00017927701577777
  0.00018180629690009  0.00018412112658109  0.00018636465595436  0.00018818987272278
  0.00018940218011842  0.00019206136916986  0.00019749323497235  0.00020310804156381
  0.00020827806953610  0.00021464286543606  0.00022219098763927  0.00023234411533515
  0.00024567366464131  0.00026355994617826  0.00028695432121350  0.00032896951134972
  0.00037374368942361  0.00041573479543671  0.00048764628259571  0.00057473608913952
  0.00077845234471562  0.00160561371951460  0.31281385360042474  1.00000000000000000
  0.99678365333200547  0.99714731853857552  0.99724493156079341  0.99729753037951741
  0.99732726538948968  0.99735334818065502  0.99739623015653001  0.99744427295841642
  0.99749928598248183  0.99754670542716140  0.99758442629603428  0.99761582422571216
  0.99766371563975931  0.99773193375847202  0.99779324876518161  0.99783729070698723
  0.99787562589567569  0.99791880094714291  0.99795685670786105  0.99799579408195382
  0.99804147277134769  0.99809936563772483  0.99815104147608613  0.99820214847248634
  0.99825524391399756  0.99830611278131964  0.99834286538185502  0.99837971765573175
  0.99841708062031487  0.99845535374410677  0.99849065541907722  0.99851076630372371
  0.99852987465620091  0.99854917293012369  0.99857276682218787  0.99860929729068815
  0.99865399356140905  0.99869408066369814  0.99873443683918739  0.99877997119343243
  0.99882265576589646  0.99886153466617389  0.99890220678627173  0.99894701057076130
  0.99898992922329743  0.99902410648549655  0.99905463130889949  0.99908370735150953
  0.99910767978785275  0.99913567917042456  0.99917073042583326  0.99921697919778585
  0.99925963813267116  0.99930079066032518  0.99933909888144745  0.99937439623750668
  0.99940545929842906  0.99943343587777533  0.99946026627106188  0.99948637065547330
  0.99951589129937091  0.99955395926847357  0.99959234587909040  0.99961070573514210
  0.99962281661961028  0.99963451102252232  0.99964613655970935  0.99965774130094243
  0.99966973101503509  0.99969694961898747  0.99973013753665840  0.99975928616356036
  0.99977764601436558  0.99979662416330317  0.99981425724844453  0.99982600611192596
  0.99983583280740862  0.99984542631975004  0.99985359760748171  0.99986007660871778
  0.99986643444527279  0.99987300129163137  0.99988039512329174  0.99989031382054994
  0.99990050755935911  0.99991310365860731  0.99993970031851520  0.99995453933684242
  0.99996482887822857  0.99997137770489930  0.99997639691031703  0.99998066668104701
  0.99998524349115425  0.99998991760921108  0.99999494076427686  1.00000000000000000
  0.00001527706518608  0.00004794586409091  0.00007352803427987  0.00009241807906053
  0.00010188413848611  0.00010801501215082  0.00011352416925770  0.00012012364994127
  0.00012921634273348  0.00013934614669789  0.00014783207864008  0.00015609844440576
  0.00016566985801263  0.00017744874885345  0.00018936654834872  0.00019890004180282
  0.00020970457249638  0.00021936235948469  0.00023026648775660  0.00024453590599090
  0.00026003138022587  0.00027426363760024  0.00028752549599817  0.00030094391006130
  0.00031659403762351  0.00033516929770923  0.00035426011367186  0.00037522311237118
  0.00038933997706982  0.00039771104710425  0.00040462627042529  0.00041181653809472
  0.00042098985502078  0.00043428428655862  0.00044900663947703  0.00046866130614178
  0.00048656869872301  0.00050444816383331  0.00052342096754565  0.00054796906676895
  0.00057966604189689  0.00060825948507088  0.00062652243613129  0.00064713891267826
  0.00067267191483174  0.00069585734837687  0.00072355302468097  0.00076243178849248
  0.00080438912672899  0.00085417879398268  0.00090838546369252  0.00096545319922852
  0.00102258197231898  0.00107749715507454  0.00113006840944934  0.00118999943702563
  0.00126301325105861  0.00134538019879602  0.00141876660182724  0.00147451690570729
  0.00153283870263734  0.00160743165382615  0.00171213624142788  0.00184748034206182
  0.00196120678419314  0.00202740989503531  0.00207431607914223  0.00210982182024904
  0.00215501717529966  0.00222229162324043  0.00229965468171920  0.00242427860904490
  0.00255106299344529  0.00268003952923135  0.00278397207267578  0.00289183080829145
  0.00298955817257680  0.00307900913487778  0.00316492042113195  0.00325887171905676
  0.00335653138683698  0.00346524236749389  0.00370179978895343  0.00414237047042533
  0.00479915547306254  0.00574512052378641  0.00639764596225682  0.00705274905662532
  0.00769454832629509  0.00841744541142293  0.00928028406026548  0.00989091743895572
  0.04472790697344672  0.12226746230576745  0.20286803655481850  1.00000000000000000
 -0.00164534697893013  0.00910398210526221  0.02169901705738176  0.03249711185325340
  0.03899572534662218  0.04367914721863404  0.04815336621025336  0.05420058682431033
  0.06218844288992936  0.07305158979045588  0.08354580941348469  0.09474466901818326
  0.10784045333843881  0.11965038931945834  0.13065287803768563  0.14042063778353212
  0.14792860284898807  0.15556872465972144  0.16209001954791788  0.16807941886485742
  0.17218377256130898  0.17755123592967176  0.18456480086447014  0.19211577898390358
  0.19923468090310870  0.20441532324679015  0.20837250480467490  0.21154714931017063
  0.21453786755332821  0.21661390311520395  0.21991548636150160  0.22465114719282545
  0.23265810676411630  0.23815446808624038  0.24593382297579400  0.25522911620272903
  0.26295480640641000  0.27132683573782085  0.28282747972465228  0.29587233364751248
  0.30556680451172602  0.31769335530217063  0.32884750097052934  0.33792521661902891
  0.34563472320154270  0.35268776066328894  0.36213356277184644  0.37307664548147484
  0.38511861007894616  0.39668282047854952  0.40812200591192199  0.42122187338436168
  0.43461441911482857  0.44909408364239978  0.46522835557554776  0.47920556813050008
  0.49147854220571607  0.50377326780903642  0.51566781032354303  0.52536912045164630
  0.53416182203955631  0.54224626003660970  0.55015859121537869  0.55988514516092003
  0.56959410815157407  0.57858200595746068  0.58694502560154405  0.59444341922678168
  0.60305456097858812  0.61027813236778028  0.62059492253775805  0.63174820146048427
  0.64344332765977541  0.65585576570356996  0.67015444426124859  0.68861488074258415
  0.70950226976809472  0.72295746308437903  0.73034893732900419  0.73675961709323701
  0.74175784436984060  0.74574859825097950  0.74777091524209194  0.75052636769059866
  0.75503779142528371  0.75976055604249360  0.76585924603242705  0.77336840833118725
  0.78222226818028673  0.79366114929135512  0.82219055841470745  0.84967955570510634
  0.87902041679161669  0.92044609291861268  0.96371039450617402  1.00000000000000000
 -0.00119138355303276  0.00618348247270127  0.01074072521016223  0.01594367672628737
  0.02196924657648892  0.02986098363524833  0.03633941316770953  0.04172479830765585
  0.04611017753658807  0.05048184833517457  0.05489535214970485  0.05934565062898340
  0.06384829926774263  0.06804073105043111  0.07483721040122523  0.08685332372544681
  0.09816574936169983  0.10724992145230346  0.11337095771895965  0.12097391038352676
  0.13078250871832400  0.14310810127443291  0.15653649840723868  0.16604992081135425
  0.17349148743251835  0.18607632358502457  0.20090724888865574  0.21248975401672870
  0.22227485731299290  0.23194502987382987  0.24193331102104243  0.25628732434052726
  0.27295113508686414  0.28801844145412159  0.30056924577588712  0.31062307110590442
  0.32118049210174915  0.33190195196337213  0.34228039508991315  0.35299265728027718
  0.36454925926809545  0.37530491934796079  0.38723549134449253  0.39858043510614305
  0.40913186487203312  0.42048028098116463  0.43098961864297630  0.44208439559861767
  0.45767365145325578  0.47313253633403968  0.48137390186862028  0.48825821797448637
  0.49528363202458670  0.50232715786576299  0.51190911589823562  0.52558522865224644
  0.54277574262534811  0.55918250312805551  0.57166379315264659  0.58220988467484491
  0.59243822510545852  0.60502429575153516  0.61958289056538196  0.63503583633944471
  0.65241380543816507  0.66515485222586346  0.67577557555563639  0.68813428311339364
  0.70172340817025580  0.71623801865993697  0.73069402990207599  0.74036712526129156
  0.74772717195237803  0.75245049301782430  0.75587140705159039  0.75892073920231828
  0.76292407178670374  0.76935063903990053  0.78230643439497338  0.80205341340382263
  0.81656184337892801  0.82182706849095299  0.82715515755042068  0.83276567075387786
  0.83875327061300520  0.84674852432791203  0.85513905744690155  0.86987593221055159
  0.88246903118696485  0.89376813739931160  0.90648559252222638  0.92233483304462960
  0.94183420815290497  0.96356631073181831  0.98272199918145109  1.00000000000000000
 -0.00309824267953515  0.01511926041733750  0.02460038563509754  0.03337848083063513
  0.04163163831853051  0.05016827721553171  0.06187660175569743  0.07316644215800724
  0.08101310134417405  0.08915339923470836  0.09962810076621663  0.10879050087713933
  0.11723760905614104  0.12441182122493062  0.12909500008978175  0.13593323651223796
  0.14248263617789719  0.14831984300942364  0.15415840384266286  0.15939874300908788
  0.16405745357213242  0.17102824571421987  0.18284173731629602  0.19218274966015772
  0.20018122361277638  0.20633283603277053  0.21357554419903119  0.22586069407628720
  0.23913073130633614  0.24726520008971370  0.25498347976334262  0.26329013766535536
  0.27267188309143214  0.28293862716989404  0.29334024945833481  0.30376822035266116
  0.31786284712459012  0.33502700405150271  0.35430334468605013  0.37387227577148968
  0.39051226250872001  0.40412763079295344  0.41771579458354008  0.42836484940899916
  0.43707290261588344  0.44344429793741164  0.45160742480490368  0.46060572581175557
  0.47080842282848301  0.47860985988658628  0.48589576675065105  0.49370664891157451
  0.50448109200971081  0.52239475787107048  0.54317747581498443  0.56108964624965607
  0.57159188335824163  0.57901535173014673  0.58615100341204163  0.59458186136767488
  0.60519792060513800  0.61533909770507389  0.62707878738909395  0.64056613298297904
  0.65486524172091964  0.66858077742007849  0.68216456914165091  0.69193233813754929
  0.70145218919708319  0.71253933447408280  0.72811932077993058  0.74259369214583915
  0.75559235283824400  0.76915759943094042  0.78220633137818507  0.80155722013752373
  0.81887802374982954  0.83200501277284356  0.83857355783501841  0.84670921937676413
  0.85633396359542024  0.86750552100043432  0.87579629150053961  0.88395255277076890
  0.89167939461915791  0.89917681198746280  0.90609959023082043  0.91195218910470621
  0.91780478797859189  0.92896380330540806  0.94057015959100188  0.95345807507149671
  0.96791531169688705  0.97900168508270613  0.99048210941366610  1.00000000000000000
 -0.00384385305094796  0.01759026784259957  0.03398447108893701  0.04572117782063465
  0.05646581801025560  0.06567474006809894  0.07627820142581999  0.08697584933958422
  0.09906608165698766  0.11056214024968110  0.12565174373517471  0.14455879912352954
  0.16164997393908814  0.17520227989896442  0.18752774305987191  0.20589062754329218
  0.22362705424045828  0.23729792077641701  0.24592596309770842  0.25210042876044853
  0.25550435789090237  0.26086330732098739  0.26800838624360290  0.27441341736305885
  0.28193279010120020  0.29094743317518973  0.30273924825320042  0.31395201369539977
  0.32268048762157608  0.33121637015816507  0.34092538715698278  0.35044125908767165
  0.36068727075180779  0.37368437982610914  0.38833977110413348  0.40121202621419805
  0.41221336656684598  0.42651741161586082  0.44226055386979379  0.45366591044591814
  0.46175025210225906  0.47019053811657419  0.48018408955435604  0.49200588007814583
  0.50419118185911582  0.51729444811553549  0.52968625285835513  0.54200885401308807
  0.55232033563838556  0.56242360468925123  0.57282381117677583  0.58584455633530919
  0.59954382518812521  0.61233913217140801  0.62527510608803871  0.63839921069212613
  0.64321782547540796  0.64755348112734368  0.65252354293285042  0.65784893373491682
  0.66404552943930828  0.66833098377965783  0.67204027342280692  0.67838218176030252
  0.68634255227899976  0.69436583349059655  0.70220877035487583  0.71057199201410204
  0.71745896424779732  0.72512975830088144  0.73366063723219244  0.74412732099871337
  0.75639680293760880  0.76729291921838871  0.77742312674793579  0.78690174158406545
  0.79684292129418899  0.80800551455793446  0.82135660362302509  0.83631274411386392
  0.84947354258329266  0.86410442326822134  0.88151723482315014  0.89717452036268541
  0.90989762461004065  0.91836310989832337  0.92573696384599125  0.93328324790189721
  0.94270539459555935  0.95579437501066977  0.97029468644390093  0.97695330034681571
  0.98360615577703259  0.98930346904762678  0.99465173452381328  1.00000000000000000
 -0.00417984076836676  0.01352271193930502  0.03116949778139131  0.04934112898271744
  0.06885973177339505  0.09069919026601990  0.10992541148876540  0.12515783221223725
  0.14190933174268602  0.15605664351664156  0.16981645379448590  0.18461161194829501
  0.19548140694515725  0.20649221933876205  0.22069820843323804  0.23412662683882013
  0.24363870214522831  0.25151198752634696  0.25833988901790594  0.26515451489961417
  0.27135419078842682  0.27672758627877020  0.28171655519185301  0.28693235666876293
  0.29278842132600980  0.29818808949603709  0.30240412118215643  0.31167905390495942
  0.32167876849229177  0.33348319976549162  0.34700763272254948  0.35758888233632419
  0.36820108937711005  0.37827410001424139  0.39081241402214117  0.40704333268087239
  0.42333521209188296  0.43434580492474267  0.44055129468002735  0.44363294382299995
  0.44677459759171051  0.45209889536093967  0.46029716871154414  0.46625976034751848
  0.47180757520070815  0.47845838151639436  0.48604353291123276  0.49530048910093938
  0.50568333157582745  0.51621027494911331  0.52630211798291748  0.53340168238975494
  0.53925589698496235  0.54476124782951485  0.55054799240072116  0.55826950343113435
  0.56698420184685983  0.57563033558847920  0.58361764004310757  0.59286569585045645
  0.59988238801355698  0.60538024571022453  0.61144857386061124  0.62105623982272884
  0.63214868631266741  0.64730562245494239  0.65739042645274037  0.66789453923114417
  0.67878344114711786  0.68979586741633481  0.70438739816234497  0.72092068736403303
  0.73789996822306292  0.75289375536211700  0.76640077430928333  0.77910520611808320
  0.79253043587785255  0.80738229470495271  0.82310183923959768  0.83917461384960890
  0.85208889674320154  0.86435069802487463  0.87494384937832759  0.88616060818550368
  0.89674404963378107  0.90161773482438579  0.90649142001499050  0.91227541587833094
  0.91830246967972651  0.92509854351317600  0.93264357632731798  0.94136961303241395
  0.96013796038423127  0.97526379271596764  0.98850875874567834  1.00000000000000000
 -0.00255329693583941  0.01295208410737145  0.02430690744089803  0.03447313692478902
  0.04476859977747071  0.05502416593377090  0.06632731518175569  0.07867267464132269
  0.09137047435970788  0.10497885078427020  0.11276356214481537  0.11762161775790679
  0.12304418167792629  0.13197875715547233  0.14360219658125997  0.15468408409580786
  0.16706771780328167  0.18082378039406211  0.19599748186790530  0.21636776048822565
  0.23263480436070819  0.24442244445394667  0.25567183569395119  0.26382026679047571
  0.27024501249878813  0.27695594557620690  0.28224067958019144  0.28672902477460810
  0.29233865531969877  0.30016444456768543  0.31271284855388981  0.32857228964723767
  0.34431454121183958  0.35901813153079987  0.37329749027898651  0.39014128157137967
  0.40501776997070277  0.41788409251836278  0.43029374898221540  0.44225363768620252
  0.45468791392813057  0.46872146703110851  0.48408431206415947  0.50171034887652144
  0.51918822848878532  0.53564353392346842  0.55169991499860027  0.56861802082655999
  0.58507089567267845  0.59625052820817814  0.60119657446342145  0.60590063227017099
  0.61137930572756183  0.61643724615091700  0.62398701344977081  0.63387467629654104
  0.64428105707841876  0.65475398092057302  0.66615543920750564  0.67763521009427907
  0.68815903827827474  0.69884129738882050  0.70976078273666177  0.72148306589980593
  0.73142515330619495  0.74067370333898974  0.75315087504237976  0.76497237800187667
  0.77386059560501963  0.78023242735036580  0.78641254544522787  0.79179514468246703
  0.79717774391970608  0.80213920737360023  0.80706069292670424  0.81725040289182216
  0.82945095140290082  0.84306315640013940  0.85711950300606166  0.86747031930476570
  0.87635149209512975  0.88418392429522374  0.89457233032601491  0.90953390261453659
  0.92150907473195431  0.93187478499401089  0.94091003826548780  0.95004842909147613
  0.96029168302102930  0.97789096263290198  0.98386815500886293  0.98749421682227900
  0.99098231603396281  0.99419693839337864  0.99715667772324579  1.00000000000000000
 -0.00356430814160160  0.01100103733753774  0.02515630818896806  0.03996333353760798
  0.05464100907797548  0.06551650352844234  0.07268863054784096  0.08033045560667038
  0.08904970038920040  0.09830422939729087  0.10702626329531738  0.11063237851010070
  0.11436387161681895  0.11972154531966823  0.12622881103704983  0.13236132139127221
  0.13823685324966117  0.14470666980398220  0.15746534741917467  0.17253321845825978
  0.18528916767648854  0.19384739584659652  0.20216811612101476  0.20863249282942581
  0.21404177880472042  0.21909703203591274  0.22378845692171651  0.22870690939930313
  0.23413398095409921  0.24116306145422725  0.25615104019787860  0.27237813481889800
  0.28623448685275815  0.29654756156416012  0.30391896678183333  0.31187379099178830
  0.31901744826813810  0.32722976702926998  0.33513458626717807  0.34190699233258670
  0.35071025298856567  0.35949730083102938  0.36944327337020261  0.38089782633768410
  0.39293358448192489  0.40664389643496240  0.41735924550024855  0.42561883170269554
  0.43242214922706368  0.43936627649280674  0.44852760207578962  0.45680207515081361
  0.46926623915449817  0.48084369688633810  0.49056042049654230  0.50299221635843894
  0.51312832306243217  0.52153753106072454  0.52994389603575476  0.54040545576399701
  0.55386349081081188  0.56466546556326214  0.57093369689985485  0.57645709358434727
  0.58252686070107895  0.59002078108746092  0.59862688058735491  0.60816237718063892
  0.61841701212447420  0.62840577122957253  0.63825800974058478  0.65178214822533065
  0.66509921469451183  0.67924036614366090  0.69556178274809144  0.70440118724760004
  0.71356187059371989  0.72290524192763106  0.73139025472805452  0.73991345359661520
  0.74854271839706943  0.75969422422088706  0.77099614592504706  0.78174928129095844
  0.79558417318076979  0.80524519843954900  0.81228025498757184  0.81895578326380791
  0.82615680314852757  0.83543976073594584  0.84831598994457458  0.86657835617979162
  0.88387486261359105  0.90603788530105678  0.93754950056186559  1.00000000000000000
 -0.00121782302133276  0.00644079812485014  0.01411484834132902  0.02278616476826022
  0.03251484492614420  0.03993093169476737  0.04830610946145467  0.06013775749314485
  0.07712827773390286  0.09609197183549463  0.10970566214860872  0.11925017886567839
  0.12729124812754611  0.13519106972987135  0.14416171637860925  0.15522542713189036
  0.16926889928934963  0.18487077608276128  0.19097914051678563  0.19719444457490620
  0.20442192714146723  0.21112949006059242  0.21823094766140702  0.22576028303934376
  0.23969501734411214  0.26137262475253997  0.27480446164672717  0.28145122802933642
  0.28682877425898273  0.29518532496329480  0.30963070787349184  0.32240111833350210
  0.33332147558411246  0.34337164812968801  0.35211086030363165  0.35981696417083997
  0.36759075691023424  0.37755337770447012  0.38943936559057529  0.40017798346434086
  0.41139734781694848  0.42165738752394266  0.42829518424628044  0.43498607163581815
  0.44409352254484785  0.46076341673569476  0.47686915657428236  0.48901341710775426
  0.49897477801773943  0.50868811080002940  0.51892909444816659  0.53009233413650880
  0.54047870167036527  0.55178964942885367  0.56234950670832307  0.57617665941261376
  0.59062809317740383  0.60625203019395368  0.61697450626862416  0.62564034576420258
  0.63289148594035860  0.64120058488031906  0.65101042207546367  0.66045658174983368
  0.66805997732650091  0.67554006858308047  0.68488365441632459  0.70061425372460151
  0.72242359531417344  0.73849102342204720  0.74932812607623034  0.75658183062627959
  0.76371058498263333  0.77281078413246840  0.78312568020840734  0.79199152616857649
  0.79995806048388229  0.80815379085385608  0.81639120252315234  0.82681919451021313
  0.83709948890220653  0.84469428195443186  0.84922955523424648  0.85375873888305220
  0.85817193865831121  0.86258513843357021  0.86757785550789268  0.87276568396766585
  0.88414528785905966  0.90135684874436917  0.91864741994633170  0.93617559468151301
  0.94991394641093807  0.96458647893578331  0.98089721291625531  1.00000000000000000
 -0.00438125948349810  0.01331839375974325  0.02711185345683365  0.03895967742139757
  0.05015068584438027  0.06147636224789883  0.07192117846712567  0.08108520435279204
  0.08913399963107495  0.09638434167044178  0.10328653554291797  0.11077476422495476
  0.12011499382538790  0.12849373923650886  0.13756490014239850  0.14591284959338710
  0.15345906953480071  0.16064053439735029  0.16786269816029870  0.17302917486556707
  0.17807893746698814  0.18460503045677143  0.19173189821994469  0.19780725462656587
  0.20259518192690740  0.21057788567044125  0.22213981949889375  0.23234285825057011
  0.24452442372506392  0.25304484257550558  0.26253311716435374  0.27043453573838960
  0.27836385791218321  0.28703197328371421  0.29802598762306004  0.30933639268596974
  0.31998982200947013  0.33017299904938979  0.34212184204842983  0.35275308836898334
  0.36400045593782782  0.38006928227443137  0.39986222691834694  0.41436054768180680
  0.42664676413896330  0.43613554661279480  0.44481945502927883  0.45270166000543621
  0.46109980124769467  0.47068617082119757  0.48062935658947958  0.49014264653735301
  0.49911868703557349  0.50753703542110906  0.51602150905951183  0.52748146858994294
  0.53699601710282907  0.54665759867622477  0.55851892819811766  0.57234870159890316
  0.58989059187931991  0.60330639724358481  0.61405789960301493  0.62636964903228753
  0.63973737657199514  0.65529768006713551  0.67117597769601689  0.68636504097058704
  0.69828121689398459  0.70727628079137184  0.71627192532493245  0.72798692860832970
  0.74490929536640949  0.76588074061326517  0.78150680800395933  0.79625471676920689
  0.81106464108062626  0.82613038967669683  0.83799971319314315  0.84932804087403302
  0.86007070827469512  0.86980732882565281  0.87954394937661051  0.88589270269617948
  0.89207247653488142  0.89810480143586635  0.90365443586248895  0.90782268266575550
  0.91508321107145230  0.92107045131322762  0.92389741759099664  0.92947133585847619
  0.94088735576974969  0.95496229747931416  0.97450366477914341  1.00000000000000000
 -0.00421296846463302  0.01870707841436784  0.03367060897694678  0.04836654636627315
  0.06179417535102336  0.07334286366943547  0.08222331935436428  0.09025352492746554
  0.09951706490944691  0.10999321131286727  0.12499753274555991  0.13329275432575557
  0.14519988194741446  0.15674951305572846  0.17192781480912778  0.18550110073848894
  0.19744217954207377  0.20757696381987967  0.21696206177336380  0.22598763252613380
  0.23343227247372472  0.24089193907524109  0.24812838389429479  0.25486877451055484
  0.26635299259954420  0.28119406181784151  0.29614351857949722  0.30762618989428514
  0.31776866569187950  0.32552789585721575  0.33330973859414825  0.34500497308569134
  0.36424185031033474  0.37480666619074360  0.38355057109471458  0.39212552402007944
  0.39953987436530963  0.40591564224790960  0.41165163547134198  0.41679267261708747
  0.42268050379616307  0.43046578684307785  0.43888871803453755  0.45341071432343055
  0.47214689791495018  0.49104340419902331  0.50756920309646947  0.51921394656412156
  0.52765824607215872  0.53556416734747503  0.54494447713569494  0.56049899624274202
  0.57649293211912156  0.59129576752453861  0.60141015762479855  0.61242067326636918
  0.62250490806584158  0.63307198655392583  0.64265421834070668  0.65244430870273573
  0.66431304581081696  0.67575873035863165  0.68686878566677390  0.69853771263397169
  0.70570400933742894  0.71481508182973152  0.72509548678514857  0.73343735356209239
  0.74080716219606857  0.74950195018518895  0.75851965070588712  0.76886848192566504
  0.77650343729104976  0.78182897788656180  0.78708573199457110  0.79216867808701408
  0.79722769515256497  0.80198666615058611  0.80674563714860736  0.81818592278911395
  0.82816930165634439  0.83741378855118020  0.84838539569838689  0.86014685700698745
  0.87370532867000350  0.89215925492773707  0.90427263310512629  0.91370543868605358
  0.92184664910982961  0.92875797131779136  0.94095266881710804  0.95358515249969655
  0.96580227260080975  0.97633438794146543  0.98775234734057915  1.00000000000000000
 -0.00457402475310729  0.00543141789756580  0.01417780650879472  0.02266274606832672
  0.02926537039598071  0.03586799472363469  0.04703090191401856  0.06102404359648550
  0.07620528414475007  0.09148251575610174  0.10360705094420451  0.11497534045616396
  0.12638562697355374  0.13885960318758978  0.16017915768411975  0.18211499996148284
  0.20175254369954090  0.21818251515672990  0.23234269476061720  0.24036976305284399
  0.24691592464827566  0.25331390198033510  0.26041766083822548  0.26787438553351972
  0.28139533920151771  0.29678688774776563  0.30528137945156447  0.31373558437378968
  0.32260615560256495  0.33207915192521997  0.34577705892508653  0.35884233708469276
  0.37074285743038926  0.38257967586545893  0.39456301211736788  0.41189980336216131
  0.42850606303178274  0.44086799924653702  0.45112300097924524  0.45902104358519130
  0.46473917397524622  0.46824377630579045  0.47059001003401218  0.47416872395736787
  0.48018808478358277  0.49246931641013475  0.50664647252180839  0.51780988643477688
  0.52504510636751633  0.53107790197145299  0.53594596104143233  0.53951876118032305
  0.54258385802740272  0.54748171550390912  0.55746192693548091  0.57216741345991584
  0.58516211990169786  0.59562284044315794  0.60497367339770591  0.61545973432479928
  0.62553376309289521  0.63188553683077586  0.63821856590494341  0.64483505747920733
  0.65154329191669502  0.65766916499036332  0.66344013762199716  0.66823197182365457
  0.67188487906578864  0.67566080534325079  0.68381449148442897  0.69274508834396975
  0.70101230022237182  0.70931833170233116  0.72201067388686191  0.73529401329847899
  0.74825400259048036  0.76103105770082236  0.77337818563771554  0.78502395669564240
  0.79515834641266392  0.80444046633120614  0.82007490067725775  0.83393544368281680
  0.84923641118473847  0.86721128517082668  0.88486641868293803  0.90068544198791400
  0.91605908942786796  0.93119880855758341  0.94370648074894381  0.95519949922217962
  0.96677720328882311  0.97837938950320558  0.98953071279653526  1.00000000000000000
 -0.00188229310849063  0.00606825799042214  0.01476752570343319  0.02146080520455064
  0.02664323412255141  0.03121881616464531  0.03936744964875807  0.05473642849992175
  0.06848903675996089  0.07860109698422302  0.08700096401934707  0.09745737759126660
  0.11183324755124451  0.12855906088586125  0.14179591349904463  0.15228179862021624
  0.15854577198832798  0.16699246906791937  0.17476483087369407  0.18231100411225268
  0.19241915079470151  0.20618433144648332  0.21940652781330292  0.23216041626841277
  0.24330795866160265  0.25720170723372365  0.27141574299783411  0.29200330319205564
  0.30889495129084921  0.32458834720070923  0.33036860376018162  0.33517736641714224
  0.33987811190096556  0.34453802939942030  0.34933868206368096  0.35424752439541524
  0.36231295195876972  0.37432153273054175  0.38519109021611819  0.39490478962222797
  0.40691082353005370  0.42133218253812615  0.43768918970728365  0.45555869713339192
  0.47453701165510292  0.49438078456455548  0.51388180458362942  0.53028244704051086
  0.54418387413214631  0.55801502443482487  0.57120485186481196  0.58345188969840112
  0.59735772614971117  0.61258100716509845  0.62622840647360145  0.63874045226955911
  0.65181892634804683  0.66230581836953273  0.66977379668277270  0.67868356868536317
  0.68954670672094165  0.70024049619075235  0.70915726256066325  0.71963148558148404
  0.73137433820825049  0.74148875545620507  0.75228081775494737  0.76638865798386402
  0.78119925281711600  0.79407857758993194  0.80513217321211272  0.81460144133771462
  0.82234857414952267  0.82951089509565534  0.83567469719935605  0.84349516695619542
  0.84986817144292215  0.85714964319167775  0.86587681026350338  0.87481828776180037
  0.88272593268255517  0.89122974297618285  0.89979476506407619  0.90951367984353282
  0.92184422620004447  0.93483443727271276  0.94536072632633317  0.95228220010295939
  0.95810555454980273  0.96363625726289381  0.96990718094536421  0.97668027298466387
  0.98356611118689408  0.99035251797258661  0.99539275173685560  1.00000000000000000
 -0.00373432549047369  0.01466803380324135  0.03112311864803546  0.04826324330979768
  0.06436221023204222  0.07828064099202107  0.09007505334564650  0.10151842625332781
  0.11209556919890820  0.12275135070541690  0.13249017412253752  0.14255601034362944
  0.15412420970582985  0.16537897801683224  0.17877408901923453  0.19173710949729389
  0.20025968637230515  0.20631768765165390  0.21144457475721878  0.21658299629139116
  0.22185682307680440  0.22794867069746452  0.24030101371637985  0.25411174354836247
  0.26559144594264977  0.27473723684284668  0.28259488060343391  0.29345819222706204
  0.30973231142904784  0.32667367483449977  0.33746586958915575  0.34600002210762032
  0.35373841483064250  0.36088654920935082  0.36673488567747853  0.37471294645965597
  0.38870558080909023  0.40412207045420911  0.41326482206979925  0.42003938301328148
  0.42675101553941763  0.43338417773165588  0.43960142622370912  0.44443966853074163
  0.44937428572410082  0.46039813648824651  0.46722020227540073  0.47604535954514871
  0.49281387881526395  0.50809178505042119  0.51344486014887325  0.51697622799974619
  0.52074461817438722  0.52548072439060900  0.53065673927473167  0.53555696137955133
  0.54060208508271745  0.54606144437694848  0.55945795020916445  0.57189319957361917
  0.58215999805291829  0.59327000020031728  0.60845181863866538  0.62485741225602454
  0.63673603245421706  0.64362621729488367  0.65366883271238296  0.66495162085180248
  0.67249726411736865  0.68191771488838915  0.69587068494872339  0.70886991860424142
  0.71881189564198000  0.73017224933399405  0.74297460571564200  0.75743446239869094
  0.77346616567961024  0.78690545858615779  0.79943483353290068  0.81180977860994552
  0.82242298980443340  0.83312743390201305  0.84354007568697786  0.85190521904461392
  0.86284632076081036  0.87264645860344470  0.88110916458037059  0.89018287056498291
  0.90222733304212988  0.91586761062590138  0.92846842765359217  0.94103483299926516
  0.95392108549183130  0.96800680601087630  0.98350214435566929  1.00000000000000000
  0.68595445563394641  0.69387176606951340  0.69794218703740263  0.70571538762526786
  0.71153458634311528  0.71524787282769131  0.71897724597841717  0.72873253863682752
  0.73656943716851597  0.74450835010360794  0.75415617697228554  0.76708340588416024
  0.77982179671231089  0.78889629861860178  0.79513133838673788  0.80064803281973695
  0.80808537265089087  0.81671557193716315  0.82300854240820343  0.82767229251705565
  0.83141342252982586  0.83482524188474583  0.83760222706836018  0.83983921926441318
  0.84195161296643439  0.84417577744181216  0.84673664856769559  0.85104057760390184
  0.85525800827801057  0.85944860801567924  0.86342537624263949  0.86723938621499908
  0.87029318065814720  0.87309507451911783  0.87581378372900243  0.87788573153898908
  0.87997961648719925  0.88219422740248943  0.88428619928966123  0.88697565606930373
  0.88993183010650900  0.89293682222977244  0.89572902625582762  0.89767043402422353
  0.89937340076478800  0.90099114636514654  0.90236593178938307  0.90386518113038850
  0.90627475846476857  0.90905595043025034  0.91204629884311617  0.91447295701848741
  0.91669407903261879  0.91871084570333683  0.92069108517913112  0.92254456186183831
  0.92420142741836031  0.92585735168096195  0.92800227331195950  0.93099464667307374
  0.93358292842102131  0.93621153584338168  0.93859304938605159  0.94108742189839112
  0.94357334238514390  0.94596596461232574  0.94849231855198224  0.95060894476335289
  0.95165301780688105  0.95255613619237878  0.95333255394069438  0.95408850722426697
  0.95488565945132042  0.95569113492252677  0.95720867860160408  0.95913158372625140
  0.96132063478390617  0.96395483177876562  0.96700402531612362  0.96820402837241670
  0.96970089412023175  0.97106321020325903  0.97229130330073488  0.97338377117545971
  0.97460086547557767  0.97677760180052620  0.97937734086589878  0.98128674454889731
  0.98290296449213954  0.98437748437362949  0.98571989981872632  0.98721345362022739
  0.98867211235373809  0.99017396023955129  0.99319944628344581  1.00000000000000000
 -0.04025795186393928  0.17938013258687652  0.23425988920099589  0.25570248377496479
  0.26342016457329631  0.27025487671038534  0.27710890591445525  0.28331790342682295
  0.29691152978382035  0.31374002907534543  0.33138076580629738  0.35063646703276335
  0.36724731096074376  0.38034285581369648  0.39235905575843938  0.40675112667894575
  0.42140434056295367  0.43208959458978941  0.43916654380615466  0.44504136253451687
  0.45120507463914339  0.45829167693967843  0.46515116958684660  0.47055683994858349
  0.47610316683333131  0.48000141885668707  0.48387100978947173  0.48790274781844212
  0.49203990818560722  0.49662460521036172  0.50216085461815752  0.51003043075976306
  0.51709992705273122  0.52329156911527597  0.52919398029387654  0.53418700651619444
  0.53949968089083167  0.54516246327100482  0.55052032598913636  0.55601279165110229
  0.56112031573621080  0.56648632184605796  0.57198899805713599  0.57791090330543027
  0.58495018090554640  0.59027984037677483  0.59409584682918437  0.59739187919609760
  0.60063130763836903  0.60456692912253207  0.60993782038025068  0.61464887023740555
  0.61844848376367745  0.62226972768376732  0.62609710812577390  0.62974995580641602
  0.63279647588082066  0.63554809878959273  0.63882610365534553  0.64214102850180532
  0.64656468106477061  0.65105066627181229  0.65610657483641621  0.66347660949181975
  0.67126062547205978  0.67682176354256784  0.68088755658976408  0.68492243205082359
  0.68883176119544220  0.69274109034006082  0.69593800351949564  0.69896271575271207
  0.70271656752411615  0.70782056778832325  0.71307964583823558  0.71720494728935313
  0.72124224476823884  0.72489662798982812  0.72902014054504272  0.73521320747079455
  0.74116408907501863  0.74862333745517728  0.75877901690877614  0.77313665482833960
  0.78330052105812242  0.79027349867963681  0.79678352603220004  0.80436655222922071
  0.81367710485727018  0.82486071028040153  0.83620606205677117  0.84853497165595759
  0.86363377684091103  0.88492376634199454  0.92284060495729736  1.00000000000000000
   7.8436951443220381E-016  -1.0000000000000000     
 F F F F F F F F F F F F F F F F F F F F F F F F F F F F F F F F F F F F F F F F F F F F F F F F F F F F F F F F F F F F F F F F F F F F F F F F F F F F F F F F F F F F F F F F F F F F F F F F F F F F F F F F F F F F F F F F F F F F F F F F F F F F F F F F F F F F F F F F F F F F F F F F F F F F F F F F F F F F F F F F F F F F F F F F F F F F F F F F F F F F F F F F F F F F F F F F F F F F F F F F F F F F F F F F F F F F F F F F F F F F F F F F F F F F F F F F F F F F F F F F F F F F F F F F F F F F F F F F F F F F F F F F F F F F F F F F F F F F F F F F F F F F F F F F F F F F F F F F F F F F F F F F F F F F F F F F F F F F F F F F F F F F F F F F F F F F F F F F F F F F F F F F F F F F F F F F F F F F F F F F F F F F F F F F F F F F F F F F F F F F F F F F F F F F F F F F F F F F F F F F F F F F F F F F F F F F F F F F F F F F F F F F F F F F F F F F F F F F F F F F F F F F F F F F F F F F F F F F F F F F F F F F F F F F F F F F F F F F F F F F F F F F F F F F F F F F F F F F F F F F F F F F F F F F F F F F F F F F F F F F F F F F F F F F F F F F F F F F F F F F F F F F F F F F F F F F F F F F F F F F F F F F F F F F F F F F F F F F F F F F F F F F F F F F F F F F F F F F F F F F F F F F F F F F F F F F F F F F F F F F F F F F F F F F F F F F F F F F F F F F F F F F F F F F F F F F F F F F F F F F F F F F F F F F F F F F F F F F F F F F F F F F F F F F F F F F F F F F F F F F F F F F F F F F F F F F F F F F F F F F F F F F F F F F F F F F F F F F F F F F F F F F F F F F F F F F F F F F F F F F F F F F F F F F F F F F F F F F F F F F F F F F F F F F F F F F F F F F F F F F F F F F F F F F F F F F F F F F F F F F F F F F F F F F F F F F F F F F F F F F F F F F F F F F F F F F F F F F F F F F F F F F F F F F F F F F F F F F F F F F F F F F F F F F F F F F F F F F F F F F F F F F F F F F F F F F F F F F F F F F F F F F F F F F F F F F F F F F F F F F F F F F F F F F F F F F F F F F F F F F F F F F F F F F F F F F F F F F F F F F F F F F F F F F F F F F F F F F F F F F F F F F F F F F F F F F F F F F F F F F F F F F F F F F F F F F F F F F F F F F F F F F F F F F F F F F F F F F F F F F F F F F F F F F F F F F F F F F F F F F F F F F F F F F F F F F F F F F F F F F F F F F F F F F F F F F F F F F F F F F F F F F F F F F F F F F F F F F F F F F F F F F F F F F F F F F F F F F F F F F F F F F F F F F F F F F F F F F F F F F F F F F F F F F F F F F F F F F F F F F F F F F F F F F F F F F F F F F F F F F F F F F F F F F F F F F F F F F F F F F F F F F F F F F F F F F F F F F F F F F F F F F F F F F F F F F F F F F F F F F F F F F F F F F F F F F F F F F F F F F F F F F F F F F F F F F F F F F F F F F F F F F F F F F F F F F F F F F F F F F F F F F F F F F F F F F F F F F F F F F F F F F F F F F F F F F F F F F F F F F F F F F F F F F F F F F F F F F F F F F F F F F F F F F F F F F F F F F F F F F F F F F F F F F F F F F F F F F F F F F F F F F F F F F F F F F F F F F F F F F F F F F F F F F F F F F F F F F F F F F F F F F F F F F F F F F F F F F F F F F F F F F F F F F F F F F F F F F F F F F F F F F F F F F F F F F F F F F F F F F F F F F F F F F F F F F F F F F F F F F F F F F F F F F F F F F F F F F F F F F F F F F F F F F F F F F F F F F F F F F F F F F F F F F F F F F F F F F F F F F F F F F F F F F F F F F F F F F F F F F F F F F F F F F F F F F F F F F F F F F F F F F F F F F F F F F F F F F F F F F F F F F F F F F F F F F F F F F F F F F F F F F F F F F F F F F F F F F F F F F F F F F F F F F F F F F F F F F F F F F F F F F F F F F F F F F F F F F F F F F F F F F F F F F F F F F F F F F F F F F F F F F F F F F F F F F F F F F F F F F F F F F F F F F F F F F F F F F F F F F F F F F F F F F F F F F F F F F F F F F F F F F F F F F F F F F F F F F F F F F F F F F F F F F F F F F F F F F F F F F F F F F F F F F F F F F F F F F F F F F F F F F F F F F F F F F F F F F F F F F F F F F F F F F F F F F F F F F F F F F F F F F F F F F F F F F F F F F F F F F F F F F F F F F F F F F F F F F F F F F F F F F F F F F F F F F F F F F F F F F F F F F F F F F F F F F F F F F F F F F F F F F F F F F F F F F F F F F F F F F F F F F F F F F
  <DiscreteSampler_grid>
  grouped_processes
  1 # 1 for a reference and 2 for a running grid.
  10 # Attribute 'min_bin_probing_points' of the grid.
  1 # Attribute 'grid_mode' of the grid. 1=='default',2=='initialization'
  0.0000000000000000 # Attribute 'small_contrib_threshold' of the grid.
  0.5000000000000000 # Attribute 'damping_power' of the grid.
 # binID   n_entries weight   weight_sqr   abs_weight
    61   10   7.252878052840052E-015   4.777266106972488E-028   7.252878052840052E-015
    62   10   7.252878052839977E-015   4.777266106972431E-028   7.252878052839977E-015
    64   10   1.450575610568010E-014   1.910906442788995E-027   1.450575610568010E-014
    65   10   1.450575610567995E-014   1.910906442788972E-027   1.450575610567995E-014
    67   10   2.647936303115318E-011   7.011097765815072E-021   2.647936303115318E-011
    68   10   2.647936303115310E-011   7.011097765815033E-021   2.647936303115310E-011
    70   10   5.295872606230635E-011   2.804439106326029E-020   5.295872606230635E-011
    71   10   5.295872606230620E-011   2.804439106326013E-020   5.295872606230620E-011
    106   10   7.252878052840057E-015   4.777266106972490E-028   7.252878052840057E-015
    107   10   7.252878052839983E-015   4.777266106972443E-028   7.252878052839983E-015
    109   10   1.450575610568011E-014   1.910906442788996E-027   1.450575610568011E-014
    110   10   1.450575610567997E-014   1.910906442788977E-027   1.450575610567997E-014
    112   10   2.647936303115320E-011   7.011097765815089E-021   2.647936303115320E-011
    113   10   2.647936303115313E-011   7.011097765815050E-021   2.647936303115313E-011
    115   10   5.295872606230640E-011   2.804439106326036E-020   5.295872606230640E-011
    116   10   5.295872606230627E-011   2.804439106326020E-020   5.295872606230627E-011
    151   10   1.190540477168838E-012   1.417260151275448E-023   1.190540477168838E-012
    152   10   1.190540477168828E-012   1.417260151275424E-023   1.190540477168828E-012
    154   10   2.381080954337676E-012   5.669040605101790E-023   2.381080954337676E-012
    155   10   2.381080954337656E-012   5.669040605101696E-023   2.381080954337656E-012
    157   10   1.341032673221043E-012   1.797482886437039E-023   1.341032673221043E-012
    158   10   1.341032673221034E-012   1.797482886437016E-023   1.341032673221034E-012
    160   10   2.682065346442086E-012   7.189931545748156E-023   2.682065346442086E-012
    161   10   2.682065346442068E-012   7.189931545748062E-023   2.682065346442068E-012
    196   10   1.190540477168839E-012   1.417260151275449E-023   1.190540477168839E-012
    197   10   1.190540477168830E-012   1.417260151275429E-023   1.190540477168830E-012
    199   10   2.381080954337678E-012   5.669040605101797E-023   2.381080954337678E-012
    200   10   2.381080954337660E-012   5.669040605101715E-023   2.381080954337660E-012
    202   10   1.341032673221044E-012   1.797482886437041E-023   1.341032673221044E-012
    203   10   1.341032673221036E-012   1.797482886437019E-023   1.341032673221036E-012
    205   10   2.682065346442088E-012   7.189931545748163E-023   2.682065346442088E-012
    206   10   2.682065346442071E-012   7.189931545748078E-023   2.682065346442071E-012
  </DiscreteSampler_grid>
