 -0.00004496811989840  0.01709759593741073  0.03459032133516419  0.05284630507363265
  0.07285381365676440  0.09229753847007610  0.11211582837884951  0.13268063103016697
  0.14659881123686763  0.15826113319588173  0.16802838423887648  0.17452639492309971
  0.18020624657136353  0.18836932797913031  0.19621210533071878  0.20412621933349781
  0.21297297983811364  0.22474461778105070  0.24016601491094106  0.25201159237006038
  0.26040864729534929  0.26795399629641592  0.27532414653589021  0.28455806700959990
  0.29429480732232505  0.30475809946962534  0.31416607772494010  0.32239414899735297
  0.33082811093035608  0.33945352346687319  0.34719696164047031  0.35467288683019876
  0.35966608778888037  0.36401997754416981  0.36850497899492962  0.37326617943522877
  0.37826460767808950  0.38302880412020507  0.38696834114592260  0.39022829886523508
  0.39338694959598919  0.39728867057316786  0.40325544433637162  0.40967212750497251
  0.41338501973531760  0.41639995111287864  0.42025383006748984  0.42523175890171627
  0.43028107001626759  0.43822115686434837  0.44542871337687290  0.45432418909515393
  0.46458664808931721  0.47523536531589416  0.48747909275141904  0.50518351661967409
  0.52084928602524549  0.53701278742533376  0.54788813946741799  0.55695028174150762
  0.56358374850262749  0.56994405673119342  0.57736656258913877  0.58718195721564370
  0.60156035147882025  0.61541192074574325  0.62809966962616237  0.63938990699724052
  0.65062336944935883  0.66547540290693985  0.68317727897552305  0.69971882883361192
  0.71126591600638223  0.71971394138862388  0.72799465233071603  0.73665968910199586
  0.74307489828908380  0.74929800534086921  0.75490687145692847  0.75788892682193121
  0.76094834275120338  0.76550811834867671  0.77781205005550036  0.79378379334100302
  0.81100930511521174  0.83005667750768519  0.84723932546011949  0.86095421701608632
  0.87384356247411610  0.88731036144669062  0.90119225286285998  0.91739786693015024
  0.93453189065014886  0.95219113149638990  0.97178911265912216  1.00000000000000000
  0.00650020518930780  0.02350227197030186  0.03923165771947845  0.05307765732665607
  0.06531533434100442  0.07666921917801330  0.08724419958558262  0.09893545056816938
  0.11407070842504832  0.13514756300222625  0.15226825693796353  0.16040341255966478
  0.16609963386640295  0.17122362443939279  0.17638924054180086  0.18194754366845950
  0.18795252616622096  0.19408522069773973  0.20048187436981341  0.20625714327321482
  0.21171481519307428  0.21756134943294683  0.22595290940524293  0.23412825175986668
  0.24266484412944567  0.24864920325240258  0.25380718268127767  0.25798797877542395
  0.26216512548283261  0.26839157346760134  0.27813021460991916  0.28891429909649086
  0.29929998122815155  0.31058502239083224  0.32143813935702559  0.33617463719324980
  0.35508921975746432  0.37251899522056098  0.39109345032150111  0.40009099893092387
  0.40609436479979022  0.41155241956711125  0.41834622619824197  0.42665345672068966
  0.43642991384904523  0.44406724579804524  0.45153386479830371  0.46136229278259538
  0.46928065517045675  0.47993376245786029  0.49129870402054815  0.50135770140296454
  0.51343532143936399  0.52607470872659268  0.53758478985942781  0.54923724222491788
  0.56039866572186425  0.57283244641097442  0.58696830643325315  0.60200222137795378
  0.62092216815535484  0.63974645946709896  0.65413668678597470  0.66529977568122645
  0.67445681309867489  0.68203374770214498  0.68949135615024781  0.69656654379036653
  0.70427756369210126  0.71727465464803064  0.73663253976145071  0.75912685731728380
  0.77895798189628807  0.79304009640476913  0.80443721548159208  0.81518234153462821
  0.82494306346778568  0.83305204713727043  0.83774110485430331  0.84275605668920028
  0.84840224224351124  0.85576024182589394  0.86655745689969532  0.87975941069787134
  0.89408103410740403  0.90804184556314249  0.92230152689049505  0.93296702974133694
  0.94147912960967506  0.95074021092320771  0.96078836811601864  0.96777300469573690
  0.97592896174701860  0.98470779084136573  0.99041294055366746  1.00000000000000000
  0.00018436588388065  0.00021956240524175  0.00023371592813044  0.00023807795115837
  0.00024218926871763  0.00024512869723511  0.00024742864721160  0.00024950280170716
  0.00025172536607390  0.00025366894855325  0.00025512286297610  0.00025643347515997
  0.00025794749292028  0.00025950594996853  0.00026112438715246  0.00026308918493070
  0.00026486229796290  0.00026673937675554  0.00026882852710357  0.00027097227901409
  0.00027276358359184  0.00027414346633208  0.00027552033574074  0.00027708862428410
  0.00027858559346276  0.00027991664368541  0.00028179860625676  0.00028436725168127
  0.00028706933630824  0.00028946849896254  0.00029160706500862  0.00029406468038233
  0.00029694414869227  0.00030084733614712  0.00030542636358355  0.00030989169348411
  0.00031369877930599  0.00031710456303887  0.00031995668871745  0.00032210065736708
  0.00032461594392914  0.00032756511902330  0.00033148003889795  0.00033516945158599
  0.00033810618256620  0.00033968004429391  0.00034085101239086  0.00034195518522096
  0.00034334027692974  0.00034473578911554  0.00034634049757201  0.00034906639398153
  0.00035141425100011  0.00035360687282006  0.00035601741971809  0.00035869456919965
  0.00036281856663040  0.00036537820162629  0.00036705733872030  0.00036869574774144
  0.00037069955485411  0.00037334839812371  0.00037677599633517  0.00038081812132958
  0.00038555598150774  0.00038910581673654  0.00039232930176763  0.00039592639144595
  0.00040021414525886  0.00040562673814382  0.00041171078518648  0.00041619033855321
  0.00042088384288377  0.00042579279451195  0.00043051601065007  0.00043515309804601
  0.00043912604300467  0.00045076457519461  0.00046348858585980  0.00047766735795545
  0.00049433718120341  0.00051545823882866  0.00053946993846586  0.00056766291916192
  0.00060528249554069  0.00065178623248063  0.00071080217536555  0.00077431759822493
  0.00084442789146269  0.00091500911603642  0.00104611925348434  0.00121703286084627
  0.00153444769216143  0.02492438967923211  0.24274436728334703  1.00000000000000000
  0.00005402388856421  0.00005418060510402  0.00005451657380378  0.00005499579438479
  0.00005558011373335  0.00005621135353040  0.00005681567979705  0.00005734986809193
  0.00005786647271508  0.00005839563855370  0.00005900081496769  0.00006001684193162
  0.00006098617668000  0.00006181820840597  0.00006252844234521  0.00006303930522265
  0.00006353965518998  0.00006396522517243  0.00006437622495721  0.00006480669497566
  0.00006533262135504  0.00006590166655272  0.00006649434780060  0.00006739973742074
  0.00006873801038497  0.00006975889129279  0.00007035256003097  0.00007087420859756
  0.00007149935360762  0.00007253736322273  0.00007336746655032  0.00007420922474014
  0.00007479253851365  0.00007547095598791  0.00007631709219077  0.00007737302336889
  0.00007849315837949  0.00007967623794993  0.00008069168971693  0.00008155502265900
  0.00008251852795222  0.00008348475487849  0.00008448424162223  0.00008549998884271
  0.00008683615198078  0.00008827747475092  0.00008995232875813  0.00009134321614899
  0.00009248305732037  0.00009367042731114  0.00009468051982270  0.00009546403745967
  0.00009638777543503  0.00009728991078549  0.00009795798096747  0.00009910167758807
  0.00010071875902474  0.00010274200229303  0.00010523893926430  0.00010748671981830
  0.00010970593048241  0.00011214779105615  0.00011400775153130  0.00011576185615688
  0.00011764021964680  0.00011954711173940  0.00012193039028640  0.00012503930741082
  0.00012893494824150  0.00013257889392090  0.00013699715180847  0.00014183850188418
  0.00014658253349343  0.00015183923104910  0.00015833167825811  0.00016727777231133
  0.00017863732866073  0.00018638446891290  0.00019139343846107  0.00019660403302811
  0.00020014724284314  0.00020404889863910  0.00020709126259834  0.00021340422597731
  0.00022648508293142  0.00025102278307148  0.00028145724852395  0.00030534705606334
  0.00034634635488738  0.00042418744014128  0.00052619301570362  0.00058601558329712
  0.00069704734555672  0.00115385740162923  0.74427497501424011  1.00000000000000000
  0.00054632593362804  0.00057278449634447  0.00059935451028157  0.00062589977113908
  0.00064925080441771  0.00066677954998132  0.00068472883277520  0.00070325957565733
  0.00072169302821856  0.00074255932906621  0.00076237303149471  0.00077990189952863
  0.00079537472846023  0.00080921800089238  0.00081966688912883  0.00082935346612678
  0.00083920095197611  0.00084966349785382  0.00086023785090184  0.00086863932983115
  0.00087744018400123  0.00088598828284150  0.00089697474569192  0.00090906554672719
  0.00092520563924624  0.00093754395373554  0.00094677932855809  0.00095658935879695
  0.00096494512479400  0.00097302527460539  0.00098185422418600  0.00099134450027721
  0.00100300903117659  0.00101479371426964  0.00102218580139537  0.00102927032871807
  0.00103667634196607  0.00104533642285352  0.00105641946334242  0.00106659803178718
  0.00107374411662121  0.00108112289621241  0.00108971203434783  0.00109965564260852
  0.00111232093287714  0.00112781211180903  0.00114454779711914  0.00115660115388272
  0.00116755261468631  0.00117839510187520  0.00118742827414051  0.00119834248875466
  0.00120980499819512  0.00122131424923036  0.00123478829972263  0.00125335277968709
  0.00127162891807458  0.00129261312552179  0.00131907398280196  0.00135775381552081
  0.00140097967967154  0.00143920951089821  0.00147280177828415  0.00150227841526977
  0.00153290810759416  0.00157174573046747  0.00161543089860390  0.00166715898357821
  0.00173372146418866  0.00177989644601449  0.00180853648608522  0.00184369039211531
  0.00187185351431808  0.00189328250356058  0.00191921300085407  0.00195224498991928
  0.00198987201724848  0.00202965720710593  0.00207159504906498  0.00214057800397292
  0.00220883779837490  0.00228539309662555  0.00236849424762772  0.00247609748985807
  0.00262388129441313  0.00275118633445504  0.00290950540156680  0.00305710285457153
  0.00327510062212066  0.00371192017188720  0.00430718715348184  0.00568012979955936
  0.00797316969620285  0.10300270684177937  0.83463684852261710  1.00000000000000000
 -0.00282229413072011  0.02554900769172817  0.04703653997592999  0.06425858072602043
  0.08468661880676633  0.10303708461227673  0.11844444425807177  0.13120852116561288
  0.14281180194550705  0.15488078125199548  0.16427348811011686  0.17271800375708651
  0.17687519990227041  0.18049094904026350  0.18423056696303011  0.18917721167207291
  0.19635055916121033  0.20400395240182295  0.21094642632146143  0.21906005390985597
  0.22464257482258904  0.23093632868274397  0.23928658248453077  0.24949552514716886
  0.26186054063509534  0.27581661962058163  0.29081284432165228  0.30771653983553121
  0.32072567206710084  0.33183145455275198  0.34019222818041989  0.34774169134294947
  0.35677596493147318  0.36476734142536982  0.37121456173736039  0.37908399539458992
  0.38915395968824434  0.40072205224627999  0.41549560523010554  0.42820234370506632
  0.43862823859324346  0.44437050607725070  0.44923539025965858  0.45286195669998369
  0.45826263497587272  0.46431054326896326  0.47015380412878344  0.48347226055967163
  0.49528341043230800  0.50535115089055505  0.51566899301465863  0.52680897114783787
  0.53660235238964149  0.54457623777453290  0.55204803449071360  0.56113007182958663
  0.57136692839605796  0.58223361914620086  0.59296090151376490  0.60596421257688426
  0.62414533543721995  0.63993486741843320  0.65550739732965557  0.67197077608106837
  0.68489485874660283  0.69614528759277539  0.70602675638185808  0.71447446004797721
  0.71950114276152610  0.72392714872878361  0.72899210568972850  0.73556558403389694
  0.74565041957657408  0.75850889640971475  0.77281794167587603  0.78768088352117571
  0.80433082758170704  0.82121719269738735  0.83442326692067148  0.84403912200640152
  0.85113994785135727  0.85731112765999873  0.86376209343801524  0.87127884485890028
  0.88384946196993797  0.90194926757746718  0.91424621497166347  0.92449093621092848
  0.93363373042212783  0.94293091095473636  0.95236499141172248  0.96239774931843580
  0.97248810643056971  0.98314057594381543  0.99278488840220835  1.00000000000000000
 -0.00024585490553050  0.00311708087256062  0.00803213092993207  0.01595691065584326
  0.02576336534175409  0.03699187286425158  0.04917880897268243  0.05653365312299144
  0.06337315827997154  0.07248575490586016  0.08257635649590488  0.09305446663146419
  0.10632259038433438  0.11565118757615547  0.12468580503922484  0.13117485681877036
  0.13680547158975517  0.14368414140561564  0.15290373534646184  0.16610192428072210
  0.18071153130176659  0.19211719222756510  0.20093289052796043  0.20839017635388779
  0.21340682452128326  0.21968751890999969  0.22480645116167050  0.23013075404146996
  0.23566466598126970  0.24211678266638031  0.24881103538084232  0.25416117312973252
  0.26048791836802876  0.26534975488425638  0.27248721132128534  0.28079916360918084
  0.28976892563639517  0.30144916208019140  0.31250779422627900  0.32255583662872583
  0.33141470759950237  0.34048828447503154  0.34882626947192763  0.36119536410845343
  0.37181408962105300  0.38071167882640428  0.38768355115547992  0.39321741623647205
  0.39792588424223491  0.40217898434475507  0.40670676190379096  0.41155117561993415
  0.41902509285617234  0.42459413053849598  0.42919380047736211  0.43489265779354103
  0.44133064535334954  0.44970640061067846  0.45564371477291504  0.46245523703934227
  0.47017412921679858  0.47908425491796724  0.49280711551485756  0.50549597510169442
  0.51924775337402151  0.53496105125446791  0.54834692589499423  0.56240228145016558
  0.58020097728028330  0.59816640453732861  0.61325622738819718  0.62796127234176946
  0.64580689978940509  0.66798014210615453  0.69284894835092903  0.71631438758089105
  0.72782235896596925  0.73529414072682497  0.74343705765355539  0.75310495109209896
  0.76234257212895351  0.77295876161449040  0.78586143312790657  0.80202496772409848
  0.82034785018332879  0.83898186149520715  0.84914350609040523  0.85836095178295990
  0.86682730094439164  0.87723573975513702  0.88770810141832368  0.89830307148405508
  0.91118095732808246  0.92699752314086792  0.95114301364344300  1.00000000000000000
 -0.00078248605221448  0.00484626140695572  0.01122100549441048  0.01867846209968365
  0.02227592794909840  0.02638294995540976  0.03268829027467155  0.03963516088726836
  0.04592165113278254  0.05152367082496117  0.05631606003639278  0.06360424395090404
  0.07467220263468288  0.08170997548886956  0.08919817001945657  0.09685315658662444
  0.10521489198297851  0.11412459472310964  0.12279964582320728  0.13782730541348215
  0.15339920829783674  0.16762189442949649  0.17980486719698707  0.18923632198354137
  0.19683190283025889  0.20362875109353154  0.21007180806463041  0.21778082398817117
  0.22632294645653367  0.23536007260688482  0.24749927838749247  0.26296346487609235
  0.27862910758887804  0.28875852331502294  0.29956481665405194  0.30840416499435119
  0.31715548565979179  0.32788306593854943  0.33926359334554029  0.34913554040913397
  0.35995120903283873  0.37298715564245633  0.38645707316195083  0.39684524122980558
  0.40568898654446628  0.41397220826393810  0.42497983177473414  0.43919253773206846
  0.45437587007666419  0.47175027055585794  0.49020106980523426  0.50320153961405600
  0.51576700514774199  0.52717701268772865  0.53817216486070496  0.54957995595548403
  0.55808465235228677  0.56311467004764360  0.56711383574924357  0.57107738374105765
  0.57736594678956776  0.59082993098832237  0.61018243250183324  0.62552922256148658
  0.63606833350961822  0.64645638977183317  0.65551694592844345  0.66458243014650142
  0.67563800391591633  0.69093730541696741  0.70892620782808691  0.72508785152692123
  0.73456045691717031  0.74330090125687631  0.75489063549094959  0.76850690571967306
  0.77794780568921784  0.78685097462791376  0.79703650845902396  0.80791857564331127
  0.81584605719240222  0.82418815366242182  0.83419174155361497  0.84494552577911874
  0.85673037919934258  0.86786913110151243  0.87820923489699743  0.88709515089639135
  0.89712131188650446  0.90911343388812682  0.92178042857580211  0.93842486585276497
  0.95461372785305720  0.96973858061916762  0.98486903842249951  1.00000000000000000
 -0.00488912028688058  0.01316644592118522  0.03098144899588622  0.04648126381078883
  0.05972972615764931  0.07114608377084315  0.07992536859074015  0.08877800563607474
  0.09733437299339673  0.10672630056133602  0.11894294172188377  0.12973640050716956
  0.14414016698439733  0.16593580136044414  0.18529297496284144  0.19290363184794515
  0.19717288020989235  0.20145264008526614  0.20882346222220874  0.21979600076401409
  0.23250788806352368  0.24391909865851391  0.25503010030151602  0.26685011968869715
  0.27696163287311693  0.28703333386491919  0.29499533475387135  0.29959635011970048
  0.30332101267143780  0.30760141362630278  0.31242378024195627  0.32498578324512473
  0.34255819696561518  0.36307440661738932  0.38479163156909257  0.40426178728758300
  0.42153540366204806  0.43434364468663100  0.44522180223852859  0.45705407720257640
  0.47131935816463910  0.48804213583269834  0.50235518620136344  0.50644143552540966
  0.50859119095275018  0.51132127650061565  0.52255670791003705  0.53141336155613061
  0.53948829673523968  0.54396818985713535  0.54864942382944681  0.55304594998821188
  0.55931639624578189  0.57048106069852877  0.58302130822331777  0.59571253550047365
  0.60703323388529218  0.61659739543590786  0.62638690404071484  0.63807480612794421
  0.65387085210573836  0.66435208312738236  0.67470022995666834  0.68504252232048479
  0.69581001094354056  0.71668557877729011  0.73345799687646651  0.74289231401889511
  0.74756282766727467  0.75084113119347273  0.75365581470841869  0.75639837829147638
  0.75930479338861168  0.76146543206458650  0.76385014426501618  0.76690846662863665
  0.77079512168399167  0.77689799647765911  0.78604256460941413  0.79615005522483528
  0.80502012766622044  0.81685163511493242  0.82983940818882707  0.84103455761202528
  0.85232378742871129  0.86431636436051318  0.87550555043421063  0.88337449448165506
  0.89103810150849916  0.90050771132499130  0.91617326175295588  0.93774999936584646
  0.95689810485388704  0.97106527578780788  0.98508383292558577  1.00000000000000000
 -0.00086201482407806  0.00787345642577150  0.01611179233828694  0.02181694033209833
  0.02925638840180254  0.03854229244245344  0.05022145404609292  0.06444822958720778
  0.07739280342416115  0.08966139275017859  0.10272432655251849  0.11422979694378160
  0.12738144999493148  0.14158147413753211  0.15196003812399050  0.16102599723215363
  0.17089774005740699  0.18137265760423191  0.18976042638551410  0.19603144117768781
  0.20148538564457910  0.20655158436897114  0.21111397136663215  0.21740174023976219
  0.22763111973271191  0.23805585463654333  0.24593010181863703  0.25324239878684524
  0.26093675704420050  0.27143475922356619  0.28602744091578280  0.29914545866594422
  0.31165511799719126  0.32697890572711830  0.34725164089167482  0.36102462460348550
  0.37414603189128315  0.38562516850226125  0.39378932939766492  0.40310257317699627
  0.41550087063981805  0.42465493563329187  0.43402903411341326  0.44592691949761193
  0.45415967098866999  0.46040644788678081  0.46678419305964797  0.48110839506777769
  0.49621571277663384  0.50916251985403593  0.51931864795895710  0.52863570917227032
  0.53918974224757232  0.55093466949971914  0.56451061992541474  0.58009477099452877
  0.59531592548715384  0.61040273094137210  0.62454066944857234  0.63864951037944406
  0.65252357063081479  0.66618033265727283  0.67944520329524916  0.69332873799385697
  0.70748682455873624  0.72183753105824600  0.73733661253384009  0.74958703402291116
  0.75814155251032112  0.76664896125649029  0.77384497624771342  0.77899040075004078
  0.78455679343341467  0.79047697961826036  0.79782720067295976  0.80999369212041883
  0.82776067288866684  0.83473243475391457  0.84182018416871685  0.84906056611411196
  0.85640852104046339  0.86340011135070149  0.87082351735639252  0.87904697214352867
  0.89079190393987762  0.90776825855097765  0.92410410841103896  0.93491992826081582
  0.94207661770902562  0.94840714942696291  0.95573609109710789  0.96568755470663203
  0.97383555862194571  0.98038159925359236  0.98823431827459596  1.00000000000000000
 -0.00347517193193375  0.01438669312508785  0.02356741957207094  0.03382924478804814
  0.04403658972680830  0.05752496255221656  0.07235285046859243  0.08746501810819042
  0.09858754450252202  0.10964111209137654  0.12058456301690094  0.13231086582617771
  0.14215399372126697  0.14999987784882482  0.15549408303846077  0.16020180955471000
  0.16544164802180120  0.17060675170107123  0.17605408962197516  0.18176311262747202
  0.18753277884142130  0.19165001873333273  0.19476987313518118  0.20090000022745499
  0.21065324114375938  0.22100148663092131  0.22889397644875503  0.23706821610814152
  0.24559669223109015  0.25419243387939217  0.26293762272564924  0.27228240274536686
  0.28195498228874266  0.28964483857429207  0.29691705865734819  0.30262343484238963
  0.30836623499681404  0.31335067209968520  0.31789770777081444  0.32344576846687889
  0.32827706865146616  0.33531839961083398  0.34286027250131879  0.35175079529753822
  0.36091813944081658  0.36915774116613953  0.38066574712367812  0.39457361454766959
  0.40625681433598176  0.41438357230954159  0.42272634287451305  0.42854118811538811
  0.43392124249992775  0.44098666019053667  0.45115589774101894  0.46500560446340083
  0.47926136686795212  0.49087842125786352  0.50100443431934882  0.51204797366623456
  0.52680027718684219  0.54940788474603963  0.57178273462335139  0.58464429187752287
  0.59845093292794704  0.61300961214216521  0.63353889984552336  0.65156868678141233
  0.66504064997272216  0.67788055942868652  0.69291857035843651  0.70822074297132009
  0.72132597299438561  0.73368335198408730  0.74610240960366692  0.75607467795511285
  0.76440397057172438  0.77140295734429942  0.78280128964516116  0.79544659159861053
  0.80851765471594406  0.82898810065754303  0.84615111451879776  0.85398762468981204
  0.86350462131697159  0.87665952562633620  0.89121588061696766  0.90860363562440338
  0.92670341998000616  0.94271940463529258  0.95329409412360866  0.96195106789845664
  0.97017236283964681  0.97937652789883867  0.98984105042829418  1.00000000000000000
 -0.00513948841714620  0.01620788690755373  0.03227589334765989  0.04635271271474794
  0.05936221249315206  0.07053262864319089  0.08196300801377987  0.09310764345040111
  0.10444255089200771  0.11687851242494354  0.12885020704293335  0.14288025419748368
  0.16209117055771818  0.17541822602166299  0.18325278869662631  0.18701526331754084
  0.19464805178080422  0.20338904417681450  0.21143020309638388  0.22096206837596921
  0.23667383654899227  0.25346360966612791  0.26418531764016717  0.27412999791419129
  0.28375121770327133  0.29218454703118052  0.30115546255380649  0.31623661691875860
  0.32728498685663732  0.33531738618008522  0.34414723197605718  0.35246939872319377
  0.35833723961889763  0.36457431234645937  0.37086803603859131  0.37605378208966633
  0.38151097521159510  0.39051843617678406  0.39943768419987996  0.41236236065349169
  0.42863041020797227  0.44955457173550900  0.47226041345265313  0.49038789117216858
  0.50836602963653188  0.52372081713816498  0.53820056431480046  0.55343870630754755
  0.56867824132514677  0.58089337835993649  0.58967881203321260  0.59660742181979043
  0.60300499047803646  0.60772481686295576  0.61265565920005927  0.61927038268766055
  0.62718824739359891  0.63460400087585100  0.64397628088912018  0.65276872944117459
  0.66059073697889992  0.67059823116795081  0.68538319733735931  0.69302198420737371
  0.70171795663858860  0.71128100118659709  0.72232600043941320  0.73485385783376911
  0.74663116016005304  0.75561000245749999  0.76455684270761037  0.77313670572458604
  0.78421320108960269  0.79646797062015784  0.81445877426746982  0.82730140964409482
  0.83791021856947923  0.84919048668611496  0.86179712683676346  0.86911166857994282
  0.87624234360763087  0.88304234279248950  0.89172933635377827  0.89925086132057463
  0.90653512386792556  0.91119862481874403  0.91897498260321409  0.92823494699759723
  0.93678075112817105  0.94475997382124066  0.95413751100580491  0.96529797460613886
  0.97317469709447579  0.98113372078973549  0.99012130285042865  1.00000000000000000
 -0.00625677582303541  0.02280440484439207  0.04111409151926358  0.05532854264749568
  0.06869125860872713  0.07919130296280263  0.08599626407776194  0.09358767902333620
  0.10443154624211612  0.11689006304123772  0.12787160935063613  0.13808598210694223
  0.15068431973370666  0.16269965467880718  0.16869757257877679  0.17319598044894766
  0.17766729738412704  0.18211695830596458  0.19071155854441080  0.19924672043977845
  0.20839644186398010  0.21514222674813202  0.21849056803307215  0.22272949062030198
  0.22798391194844528  0.23365987534956598  0.23921015757217715  0.24309484406613568
  0.24798479392559217  0.25603663955128736  0.26694740462285393  0.28119674385719645
  0.29097644608997780  0.29778155317022509  0.30332178296925316  0.31067316668664485
  0.31771906612157969  0.32486672132815492  0.33650317942793345  0.35194148403072750
  0.36663204998268262  0.38161793909128078  0.39677717291453501  0.40780985732252195
  0.41700222938228071  0.42343858402745316  0.42927172717431794  0.43597997688577528
  0.44379966113846681  0.45375175045238658  0.46471985826708495  0.47577006264628485
  0.48441619568082694  0.49158453611071151  0.49817152537137366  0.50689101086858479
  0.51625225161968857  0.52600435691851777  0.53512577999141231  0.54115551798242689
  0.54806812139559236  0.55620305841463413  0.56463301255959664  0.57675426788551420
  0.59513378865339084  0.60980876932902839  0.61869002749021329  0.62795924377764767
  0.63779041745995446  0.64733588619268156  0.65557515990913184  0.66330720846013891
  0.67083529143557918  0.67748741624761066  0.68345370714935327  0.68973177471676428
  0.69763134915138447  0.70594240255641938  0.71482862938217384  0.72827026516661197
  0.74610291618699953  0.76467239116178720  0.78110036581843900  0.79385328237693487
  0.80436906217213355  0.81424645362024894  0.82341935887360385  0.83477245534457456
  0.84761500046437654  0.86314459121426523  0.88151166415459326  0.90082223916984394
  0.91904102503185914  0.93902624164829540  0.96322202569963533  1.00000000000000000
 -0.00126993016679216  0.00803120304914166  0.01401217145834937  0.01862155591128469
  0.02470932622709841  0.03459694593014607  0.04219731372848661  0.05306229704267830
  0.06563071420432520  0.07456899493712774  0.08375871715806245  0.09553453002326054
  0.10796095600511979  0.12002673638899616  0.13169187512950417  0.13945650019700012
  0.14467881968978571  0.15098302610479980  0.15721177600328196  0.16284545438540465
  0.16937981762487761  0.17653664115552989  0.18069111164845525  0.18602071564332737
  0.19190723864584958  0.19747013256616086  0.20395053847296107  0.21059148135622166
  0.21737881539238285  0.22654133525094156  0.23756214702406420  0.24718725728450111
  0.25516139008708971  0.26114285209516519  0.26947046809801928  0.27960573821107593
  0.29452370673290068  0.31178456983378960  0.32441951625384591  0.33421779379142263
  0.34242594193784964  0.34928813294886879  0.35674210228527092  0.36663733379591201
  0.38283522208604953  0.39897003438602729  0.41105706361234251  0.42211474751795930
  0.43321511079213026  0.44438191973488106  0.46320513648852080  0.48613720423732837
  0.50680335822518896  0.52034043687143794  0.53238649619230116  0.54400194655420664
  0.55248574562652353  0.56050569958779972  0.57046935897992723  0.58072154716811542
  0.58569893050859501  0.59365341324434395  0.60298267560710417  0.61108025490511275
  0.61812347667741807  0.62538205368224009  0.63531429957751606  0.64548735905849730
  0.65564146535106604  0.66797027402023956  0.67756230099763659  0.68353094994788266
  0.68955771377132546  0.69560452248239790  0.70165371451055436  0.70878293952091465
  0.71800292094411011  0.72952244691540924  0.74877713895489606  0.76389427993426062
  0.77599961203144185  0.78952710269313531  0.80163803229251196  0.81763807794198784
  0.83337643761292868  0.84878038694592051  0.85892836940474881  0.87175375309359393
  0.88106095110994775  0.89180526943825811  0.90552193755223553  0.92108741716605380
  0.93903176990893533  0.95913339493956562  0.98007145330928747  1.00000000000000000
 -0.00491988815542191  0.01705457757185943  0.03935560004509760  0.05180434812083338
  0.06403782961081339  0.07193463877187756  0.07687019358528788  0.08206298624345822
  0.08856189806996846  0.09896707201333588  0.11646717971433501  0.13516978711759009
  0.15322978199353615  0.16971834679894940  0.18538379227495561  0.20089618646738258
  0.21364657104433118  0.22633053499141390  0.24184053445579401  0.25136739424460075
  0.25836353134434964  0.26467138931037237  0.27141023617157395  0.27927728068185803
  0.28759904679591786  0.29630332800627979  0.30514947019519151  0.31451637909896762
  0.32416946730998381  0.33426870308525314  0.34651524787215027  0.36191197822574195
  0.37916218150558173  0.39917670941328054  0.41797211754023567  0.43475397393852661
  0.45088839449292151  0.46494775806785116  0.47672470881693446  0.48900532957922727
  0.49844821182875165  0.50631126051713504  0.51417108375505050  0.52083387951051752
  0.52709861781588530  0.53353438034817868  0.54397312487132898  0.55550429824901049
  0.56215763623322190  0.56882548622341111  0.57639785005171196  0.58493970376693805
  0.59345914359675922  0.60178849522626565  0.61012507663502302  0.61739079869248992
  0.62388775316905476  0.63059223718708923  0.63961991905303561  0.65160781659716305
  0.66378997141236817  0.67606340600316450  0.68856950853258014  0.69823312856243736
  0.70293377737625551  0.70571590978638699  0.70808038618362423  0.71072872287190492
  0.71590075218625215  0.72327432918347800  0.73060203706591675  0.73865731705261906
  0.74834506355412966  0.75473952773224418  0.76396478706224746  0.77213704069335221
  0.77959213961506413  0.79194106149159982  0.80464280196741944  0.81302224350558627
  0.82109484236038788  0.82982536001842999  0.83805517060678159  0.84486545527456469
  0.85244786858547650  0.86011349688365712  0.87960233261403964  0.90284824065063540
  0.92590652795024908  0.94154082583379517  0.95562895035953466  0.96607099822748188
  0.97251819992109423  0.97996333137758074  0.98817983503960027  1.00000000000000000
 -0.00358564936630914  0.01015334357970568  0.02295834370754716  0.03390477178263693
  0.04397579447976850  0.05437768428331130  0.06400259836340047  0.07196831790817669
  0.07877843672401666  0.08484995797933073  0.09312844498167147  0.10336504690520949
  0.10894093335464028  0.11252797500137619  0.11627505922119048  0.12022313842965850
  0.12520109872226262  0.13473255727964784  0.15793807534898407  0.17640098587264805
  0.19028593999776869  0.20302325842630031  0.21310982383113333  0.22139977251944112
  0.22978297963127289  0.23873333968800384  0.25070536590649306  0.26687765053176155
  0.28608577841184901  0.30090541913934021  0.31407398387474628  0.32591138488370702
  0.33488117073229595  0.34627152199376571  0.36235643940917012  0.38886486430334433
  0.41727577876175614  0.44023015651943853  0.45731488835473355  0.47084734057564626
  0.47693277964717673  0.48673178326996774  0.49747766653292474  0.50798663701315805
  0.51408180633443268  0.52076967938711471  0.53265561848172427  0.54964804016895397
  0.55718892861852687  0.56313151292524444  0.57014620793687620  0.57819722668533569
  0.58613149806132236  0.59716975209453604  0.61051396837369265  0.62401985563791906
  0.63694828929486036  0.65171319500444103  0.66565605957183693  0.67773169633419217
  0.69068117902808479  0.70276541148689364  0.71418052116985242  0.72406583729783058
  0.73155023668674379  0.73734112960853970  0.74494962861143899  0.74969182764484621
  0.75740595777112174  0.76705014794504744  0.77658052348149242  0.78444218707678837
  0.79519703792023699  0.81183474477572204  0.82715886389876148  0.83734713267727368
  0.84592938392462480  0.85483244392277136  0.86523862286784115  0.87773424826438329
  0.89078681291074868  0.90483791114458523  0.91238678173789467  0.91865966264144949
  0.92539135002967621  0.93060086992446667  0.93660571731179898  0.94248314676598044
  0.94973035035989495  0.95773160730879503  0.96420015217859967  0.97001930089742494
  0.97435952918701985  0.98037984910473830  0.98989484953545415  1.00000000000000000
 -0.00177647558264219  0.00168354826592614  0.00514357211449446  0.00943809962594884
  0.01383867909662048  0.01906520613027235  0.02434408693716594  0.03210882780842070
  0.04222805745522401  0.05136054097736861  0.05837575200176128  0.06333271906604103
  0.06818737212458854  0.07404849832068255  0.08192814028754725  0.09139461162832127
  0.09724246343048974  0.10114552075060466  0.10378294797454408  0.10776042397249024
  0.11158773223244202  0.11630283823951140  0.12202789754807748  0.13073087376110987
  0.14090605194968053  0.15094306944346139  0.16240789944272080  0.17458877478910312
  0.18136024238372295  0.18754322560464909  0.19510204085472677  0.20297793053310195
  0.21095785123801922  0.21997953797562622  0.23180311543817456  0.24436218532029877
  0.25669726964409889  0.26302543010342000  0.26867949907262212  0.27401251694459838
  0.27971605393334908  0.28643273271208403  0.29432249163280416  0.30399553504993243
  0.31927666658666659  0.32953424681978638  0.33642081551241149  0.34279670092618270
  0.34955827828787245  0.35453665489759562  0.35834031215919976  0.36220054120678497
  0.36827438458491529  0.37944510510658025  0.39106805038139369  0.40078467962832021
  0.40952057921813562  0.41534870214272357  0.42171752519822248  0.42813184295608125
  0.43464727138558579  0.44461200037065124  0.45260662516354117  0.46551211745355753
  0.47670623982250782  0.48799270195192657  0.50382684114110055  0.52349688727597399
  0.54646807753297000  0.57118601302379501  0.59412668495640164  0.61568224505376323
  0.63372557692824494  0.65139266429489617  0.66622886819528548  0.67972603146407140
  0.69431984174226358  0.70975522217036136  0.72644340587621903  0.74515210490398942
  0.75741391578768513  0.76587116919732734  0.77247556485961555  0.78198402163280956
  0.79246151411247867  0.80177825225692878  0.81346426699960006  0.82960054804888284
  0.84992679857506948  0.86867005577957834  0.88608869122893463  0.90107233356073624
  0.91545113876578676  0.93624010676135450  0.97042032310647020  1.00000000000000000
 -0.00323759951052075  0.01225875538355656  0.02529742419538234  0.03520331904999690
  0.04510728237766003  0.05495016030397277  0.06478497781405715  0.07350683024847109
  0.08436392476525051  0.09699663870627777  0.11036080702254342  0.12737121893165976
  0.14671002716648279  0.16214144315798310  0.17315440983535235  0.18387924195829750
  0.19641126694106004  0.21076571152485510  0.22463350897888310  0.23430654843019999
  0.24225200197092744  0.24945866102074385  0.25786268368215182  0.26476950582359449
  0.27195653152008759  0.28132843403732566  0.29984618549929642  0.31254213785506541
  0.32330848125689249  0.33764413895371903  0.35448309733499278  0.36579392208600764
  0.37611346735284773  0.38598012558222966  0.39617540437169435  0.41046546476164814
  0.42603794090538666  0.44118685194546586  0.45495575565169116  0.46763377570378922
  0.47954883225927064  0.48993748376150187  0.50177015774333844  0.50994633007002299
  0.51794220687848092  0.53080275996447390  0.54230981419902236  0.54896301324732111
  0.55563440250807128  0.56200521243807122  0.56529477896368885  0.57004754861700158
  0.57725527379195318  0.58570658948487186  0.59421168463379714  0.60280454076527457
  0.60948668040530207  0.61863962247965631  0.62822016388599367  0.63820978678077578
  0.64998415192694781  0.66236726222927100  0.67505299149266285  0.68572584903251066
  0.69495095061596779  0.70549180647129783  0.71790715355838985  0.73119265115048027
  0.74583344347401237  0.75978250729131824  0.77332512331787973  0.78684197945853807
  0.80268363180164171  0.82210999496090831  0.83909472391027551  0.85298761549988877
  0.86443447737040924  0.87402572828997316  0.88120083373669467  0.88713820671430621
  0.89588726759464010  0.90318975296427018  0.91080954466575104  0.91932198971102097
  0.92647762121528732  0.93437659946864537  0.94406287909569009  0.95291642161154022
  0.95906263249924717  0.96497970245126974  0.97143918331893331  0.97746961641323227
  0.98470564271908034  0.99249899426662835  0.99637818328599037  1.00000000000000000
 -0.03758458442697096  0.16242212383684473  0.20041037359790356  0.22460148544565403
  0.24501824348771070  0.26199876053936427  0.27391886250563513  0.28411791046487511
  0.29427837509349203  0.30186421114272755  0.31360670983902983  0.32632747886197738
  0.33315652666220996  0.33739507462666307  0.33992040184298838  0.34223945113505505
  0.34502604801969278  0.34976147064833163  0.35772882869200778  0.36728744333179258
  0.37685069325704829  0.38556454418756136  0.39328098437531406  0.39963699626876348
  0.40530302972596011  0.41134878024266902  0.41752994299087676  0.42470292377077129
  0.43076701402245260  0.43745266109871278  0.44369353402025391  0.44892904067208705
  0.45440743293229502  0.46002441921545245  0.46678736160314149  0.47384236383140355
  0.48159593143575069  0.48826049799221038  0.49521785884116470  0.50198773305444722
  0.50889812258585476  0.51635792902985278  0.52451320252200384  0.53189037621545276
  0.53707693281450408  0.54059626902681002  0.54320187555789401  0.54603857503465991
  0.54935251037445876  0.55416547704738306  0.55942799746634397  0.56400923749747700
  0.56871484467426381  0.57323721794177962  0.57684976244463737  0.57985535727256576
  0.58277320384893327  0.58546021787570435  0.58836518717128039  0.59096434030438461
  0.59444491838881641  0.59820688461518279  0.60163980394871508  0.60422445893746557
  0.60641239931367585  0.60895362854863377  0.61146206585612650  0.61359054389523360
  0.61527371692109323  0.61706015600380071  0.61910046244071992  0.62107143355439609
  0.62358092797342723  0.62582730849643220  0.62777690963019983  0.63033963400464921
  0.63338244190148518  0.63709919814652505  0.64022637172178498  0.64479525284588723
  0.65217712826279284  0.66168019797076227  0.66992654739045132  0.67956249669989244
  0.69116470737450175  0.70512485084329557  0.71982032447654209  0.73499756272995576
  0.74526884001639282  0.75725379277696614  0.77166322859000336  0.78704226898779772
  0.80038094816880656  0.81407593639856057  0.85344701958653935  1.00000000000000000
 -0.00206884484861226  0.00342323867439149  0.00985475187129397  0.01690405790123521
  0.02359272004666776  0.03300281520530536  0.04226967680026019  0.05476898568074021
  0.06245765749730190  0.06931053126034528  0.07897205242829985  0.09140494703276429
  0.10647393566676690  0.11894313401926669  0.13024866819577602  0.14297123805547859
  0.15569014932232297  0.16775567525017779  0.17878525401492160  0.18832324757123056
  0.19916038072821068  0.21053710407542631  0.22708498663517229  0.24436199171402165
  0.26557425111779498  0.28505821960126615  0.30092715448306773  0.31389001854753595
  0.32552563185253613  0.33404882510169981  0.33804391414862778  0.34210532190869569
  0.34742892437200767  0.35411331944168956  0.36309609221027328  0.37225483950554605
  0.37974781052099676  0.38666886281731216  0.39088462205913238  0.39332572731574444
  0.39561226150015982  0.39848042506760234  0.40283150622824004  0.40894698982820515
  0.41628589260193272  0.42632348575166323  0.44219905334828880  0.46402221309324837
  0.48048110786554415  0.49216346703579927  0.50043985685504855  0.50822894413684228
  0.51735071900023188  0.53043688640720876  0.54643223592308510  0.56129203971887953
  0.57565618827405296  0.58801467789975459  0.59697502345025233  0.60790692581094374
  0.61953979638348000  0.62841084728243968  0.64011876578529214  0.65017474875860415
  0.66242184535819626  0.67909590938963482  0.69497610796100628  0.70947788441785942
  0.72118285278515226  0.73015950335931423  0.73937226679441770  0.75295746286073040
  0.77039000906208255  0.78886092637441785  0.80342027737113653  0.81800366055203111
  0.83265773301411095  0.84217196615772349  0.84988844904197058  0.85741920693436113
  0.86193089899177133  0.86558322764905415  0.87291807957177725  0.88396181137531049
  0.89184633307972838  0.89853105405159073  0.90500644524969409  0.91003104300677329
  0.91816792107797696  0.92776445249811501  0.93685178218782461  0.94569566504924529
  0.95503503710258497  0.96445797574952796  0.98027004783718352  1.00000000000000000
  0.30122885424404600  0.52068173044164356  0.56261335724836270  0.64519662601983963
  0.68417638734134878  0.71273440848915193  0.72809457799854160  0.74338149743882909
  0.77188024662808186  0.78576014978002373  0.79496743293408267  0.80468718383486970
  0.81527374641580086  0.82492321785037259  0.83422426197138877  0.84634008326179144
  0.85629314397117828  0.86351347744066631  0.86925309022480690  0.87384328526783017
  0.87764166255181564  0.88036530696586046  0.88337095920956721  0.88665215755671267
  0.89013597850280046  0.89334325339839771  0.89583316681741720  0.89759190419164481
  0.89905997323643938  0.90060476049118809  0.90228632202800663  0.90350572011606511
  0.90492404700316087  0.90644150585441241  0.90831068983595376  0.91037826112204590
  0.91181337503386684  0.91262730705034933  0.91340695859113508  0.91468719524473197
  0.91570640621311938  0.91660100686742707  0.91905143544286283  0.92144054655482344
  0.92310625623490972  0.92449517122949831  0.92562209510359816  0.92674678414985912
  0.92806751770745610  0.92943582066154640  0.93112510892904277  0.93277258182330181
  0.93412630869538993  0.93509312945869716  0.93582896670786198  0.93638583549806342
  0.93680778949989296  0.93725510690438008  0.93787121242323157  0.93870903869673261
  0.93952904206331544  0.94050692435799421  0.94136672911716923  0.94345075425572011
  0.94511443206215595  0.94647099690792791  0.94751265472935831  0.94834474962422943
  0.94919719800899105  0.95003959583686726  0.95087642008016315  0.95196183229231579
  0.95308073446779740  0.95429098412614288  0.95553274370340058  0.95670483746015855
  0.95769453913094715  0.95881443280048972  0.96020248926429319  0.96171097110329118
  0.96390041809890514  0.96604327828971559  0.96826324363504535  0.97051049205165207
  0.97224314265878853  0.97393829258339693  0.97552406932304137  0.97691200192869798
  0.97837452337828268  0.97995906171520353  0.98163602330807742  0.98285638394673436
  0.98399498911307104  0.98617425426212935  0.98992953218627555  1.00000000000000000
 -0.03501728744786204  0.18201426439059146  0.22383553384146107  0.24014141349985510
  0.25358097857800305  0.26483187809816550  0.27622843681291109  0.28749581389718737
  0.30739205392732433  0.32467941924880578  0.33630082421365526  0.34802158596682831
  0.36066617539047502  0.36916205107169220  0.37779468262976235  0.38801799805014092
  0.39534070339330035  0.40196775100212068  0.41019557223277908  0.41920585977123381
  0.42927686310750729  0.44115125986365589  0.45131363133206664  0.45780854793446596
  0.46589130251092653  0.47560603469786872  0.48323930193454601  0.48966960521403236
  0.49644867563698730  0.50300358808838663  0.50812972711701143  0.51253092501250230
  0.51698292873604312  0.52032061568644594  0.52296089504229915  0.52574263414562494
  0.52885816404387243  0.53235398486121788  0.53723957046136339  0.54291944160642847
  0.54792916995033880  0.55373455008423800  0.55768323876183401  0.56175260559763918
  0.56488059566201043  0.56738750208483224  0.56984696910683030  0.57286894532280508
  0.57663521809364393  0.58013845331024805  0.58430189426065349  0.58921626385394499
  0.59483956287380391  0.60189025657022743  0.60923473817731910  0.61476312091748675
  0.61908409606358628  0.62316386734952134  0.62676322846864041  0.63031780612528232
  0.63385788424469058  0.63915473962310132  0.64302971021793076  0.64875967642738330
  0.65309906385910133  0.65827080355852341  0.66346353135656488  0.66936123127984737
  0.67549090025036818  0.68171188390277926  0.68816572047072255  0.69458960860972940
  0.70084647907153108  0.70737366857841222  0.71439792000235880  0.71940496270827481
  0.72261302827172735  0.72621437152768686  0.72925328205590423  0.73250181420081006
  0.73637310230271180  0.74059927560029248  0.74680498042676691  0.75339004609225146
  0.76045908948757046  0.77200924964559958  0.78573831615829659  0.79966197992734467
  0.81165109406625613  0.82313120172015031  0.83190424970370891  0.84446321298950866
  0.85735742679596239  0.87887509860211610  0.91977712611487983  1.00000000000000000
   3.1698413084865883E-019  -1.0000000000000000     
 F F F F F F F F F F F F F F F F F F F F F F F F F F F F F F F F F F F F F F F F F F F F F F F F F F F F F F F F F F F F F F F F F F F F F F F F F F F F F F F F F F F F F F F F F F F F F F F F F F F F F F F F F F F F F F F F F F F F F F F F F F F F F F F F F F F F F F F F F F F F F F F F F F F F F F F F F F F F F F F F F F F F F F F F F F F F F F F F F F F F F F F F F F F F F F F F F F F F F F F F F F F F F F F F F F F F F F F F F F F F F F F F F F F F F F F F F F F F F F F F F F F F F F F F F F F F F F F F F F F F F F F F F F F F F F F F F F F F F F F F F F F F F F F F F F F F F F F F F F F F F F F F F F F F F F F F F F F F F F F F F F F F F F F F F F F F F F F F F F F F F F F F F F F F F F F F F F F F F F F F F F F F F F F F F F F F F F F F F F F F F F F F F F F F F F F F F F F F F F F F F F F F F F F F F F F F F F F F F F F F F F F F F F F F F F F F F F F F F F F F F F F F F F F F F F F F F F F F F F F F F F F F F F F F F F F F F F F F F F F F F F F F F F F F F F F F F F F F F F F F F F F F F F F F F F F F F F F F F F F F F F F F F F F F F F F F F F F F F F F F F F F F F F F F F F F F F F F F F F F F F F F F F F F F F F F F F F F F F F F F F F F F F F F F F F F F F F F F F F F F F F F F F F F F F F F F F F F F F F F F F F F F F F F F F F F F F F F F F F F F F F F F F F F F F F F F F F F F F F F F F F F F F F F F F F F F F F F F F F F F F F F F F F F F F F F F F F F F F F F F F F F F F F F F F F F F F F F F F F F F F F F F F F F F F F F F F F F F F F F F F F F F F F F F F F F F F F F F F F F F F F F F F F F F F F F F F F F F F F F F F F F F F F F F F F F F F F F F F F F F F F F F F F F F F F F F F F F F F F F F F F F F F F F F F F F F F F F F F F F F F F F F F F F F F F F F F F F F F F F F F F F F F F F F F F F F F F F F F F F F F F F F F F F F F F F F F F F F F F F F F F F F F F F F F F F F F F F F F F F F F F F F F F F F F F F F F F F F F F F F F F F F F F F F F F F F F F F F F F F F F F F F F F F F F F F F F F F F F F F F F F F F F F F F F F F F F F F F F F F F F F F F F F F F F F F F F F F F F F F F F F F F F F F F F F F F F F F F F F F F F F F F F F F F F F F F F F F F F F F F F F F F F F F F F F F F F F F F F F F F F F F F F F F F F F F F F F F F F F F F F F F F F F F F F F F F F F F F F F F F F F F F F F F F F F F F F F F F F F F F F F F F F F F F F F F F F F F F F F F F F F F F F F F F F F F F F F F F F F F F F F F F F F F F F F F F F F F F F F F F F F F F F F F F F F F F F F F F F F F F F F F F F F F F F F F F F F F F F F F F F F F F F F F F F F F F F F F F F F F F F F F F F F F F F F F F F F F F F F F F F F F F F F F F F F F F F F F F F F F F F F F F F F F F F F F F F F F F F F F F F F F F F F F F F F F F F F F F F F F F F F F F F F F F F F F F F F F F F F F F F F F F F F F F F F F F F F F F F F F F F F F F F F F F F F F F F F F F F F F F F F F F F F F F F F F F F F F F F F F F F F F F F F F F F F F F F F F F F F F F F F F F F F F F F F F F F F F F F F F F F F F F F F F F F F F F F F F F F F F F F F F F F F F F F F F F F F F F F F F F F F F F F F F F F F F F F F F F F F F F F F F F F F F F F F F F F F F F F F F F F F F F F F F F F F F F F F F F F F F F F F F F F F F F F F F F F F F F F F F F F F F F F F F F F F F F F F F F F F F F F F F F F F F F F F F F F F F F F F F F F F F F F F F F F F F F F F F F F F F F F F F F F F F F F F F F F F F F F F F F F F F F F F F F F F F F F F F F F F F F F F F F F F F F F F F F F F F F F F F F F F F F F F F F F F F F F F F F F F F F F F F F F F F F F F F F F F F F F F F F F F F F F F F F F F F F F F F F F F F F F F F F F F F F F F F F F F F F F F F F F F F F F F F F F F F F F F F F F F F F F F F F F F F F F F F F F F F F F F F F F F F F F F F F F F F F F F F F F F F F F F F F F F F F F F F F F F F F F F F F F F F F F F F F F F F F F F F F F F F F F F F F F F F F F F F F F F F F F F F F F F F F F F F F F F F F F F F F F F F F F F F F F F F F F F F F F F F F F F F F F F F F F F F F F F F F F F F F F F F F F F F F F F F F F F F F F F F F F F F F F F F F F F F F F F F F F F F F F F F F F F F F F F F F F F F F F F F F F F F F F F F F F F F F F F F F F F F F F F F F F F F F F F F F
  <DiscreteSampler_grid>
  grouped_processes
  1 # 1 for a reference and 2 for a running grid.
  10 # Attribute 'min_bin_probing_points' of the grid.
  1 # Attribute 'grid_mode' of the grid. 1=='default',2=='initialization'
  0.0000000000000000 # Attribute 'small_contrib_threshold' of the grid.
  0.5000000000000000 # Attribute 'damping_power' of the grid.
 # binID   n_entries weight   weight_sqr   abs_weight
    61   10   1.042698735069940E-017   6.440155901491705E-034   1.042698735069940E-017
    62   10   1.042698735069852E-017   6.440155901490379E-034   1.042698735069852E-017
    64   10   2.085397470139879E-017   2.576062360596682E-033   2.085397470139879E-017
    65   10   2.085397470139703E-017   2.576062360596152E-033   2.085397470139703E-017
    67   10   1.871354592904907E-016   3.226876062837738E-031   1.871354592904907E-016
    68   10   1.871354592904937E-016   3.226876062837876E-031   1.871354592904937E-016
    70   10   3.742709185809814E-016   1.290750425135095E-030   3.742709185809814E-016
    71   10   3.742709185809874E-016   1.290750425135150E-030   3.742709185809874E-016
    106   10   1.042698735069930E-017   6.440155901491572E-034   1.042698735069930E-017
    107   10   1.042698735069844E-017   6.440155901490250E-034   1.042698735069844E-017
    109   10   2.085397470139861E-017   2.576062360596629E-033   2.085397470139861E-017
    110   10   2.085397470139688E-017   2.576062360596100E-033   2.085397470139688E-017
    112   10   1.871354592904904E-016   3.226876062837732E-031   1.871354592904904E-016
    113   10   1.871354592904935E-016   3.226876062837871E-031   1.871354592904935E-016
    115   10   3.742709185809809E-016   1.290750425135093E-030   3.742709185809809E-016
    116   10   3.742709185809870E-016   1.290750425135148E-030   3.742709185809870E-016
  </DiscreteSampler_grid>
