  0.00143807943830834  0.01764458716446321  0.02627934284359979  0.03108046573879247
  0.03514599641688295  0.03893032080719544  0.04253680015810025  0.04663209582516710
  0.05317014100925470  0.06141329659279939  0.06997206511787059  0.08201614747473254
  0.09746244511905551  0.11216610497945731  0.12264264444132252  0.13024422440728151
  0.13518157677861900  0.14133034216995480  0.14734771247733949  0.15063595804925625
  0.15413177890712709  0.15723881597267028  0.16038068524725352  0.16365490556662535
  0.16988199776283922  0.18733266905215246  0.20410445543608249  0.21652750581300176
  0.22784951445007545  0.23952072196376401  0.25183048479618547  0.26357878750073843
  0.27721145646610812  0.29382243758623955  0.30918591762811165  0.32355528198176570
  0.33941008656552940  0.35539025198302282  0.37114804999899526  0.38705950092018132
  0.40012900288081077  0.41736477388668103  0.43817849314462859  0.45510960436771125
  0.47037190648078275  0.48656730656647229  0.50396047198739902  0.51985454752152938
  0.53514247679969706  0.54753259943535160  0.55992272207100624  0.57169511104593584
  0.57961605970805541  0.58753700837017486  0.59563182950173255  0.60637142226670837
  0.61711101503168408  0.63880879257122380  0.66369243311380499  0.67212687591211095
  0.67493969767067541  0.67760470089441160  0.68049459713617144  0.68480255494689002
  0.69168155562867850  0.69810029420330144  0.70307536261878789  0.70552064572450757
  0.70782082062795748  0.71043766048613100  0.71529678552730191  0.72319967347120562
  0.73581707656710915  0.76112673437711220  0.78142320564423029  0.80465400240758556
  0.82145849337239385  0.83689020358498989  0.85020562403450761  0.85694244262832953
  0.86365782617791687  0.86933114013849622  0.87617341383680425  0.89003990771771846
  0.90980344276940528  0.92661625282882032  0.93621937738017680  0.94582135054295957
  0.95580240788574256  0.96296450761985997  0.96813276156646444  0.97383094863571973
  0.97996829039873634  0.98702504136325298  0.99214797674572985  1.00000000000000000
  0.00743417725250646  0.02560498427377622  0.04344833676987161  0.05567961834457169
  0.06726309893872738  0.07793698315011681  0.08845868862793768  0.10263790346964846
  0.12359854691478583  0.14289929146208588  0.15086098403303855  0.15743063459475498
  0.16328362352237855  0.16816100095114062  0.17421467291746195  0.18076600189330472
  0.19150374036393439  0.19923233331379908  0.20467862120633548  0.21019234180599997
  0.21598512795618705  0.22177791410637415  0.22786186688380908  0.23408581527549044
  0.24190685778717666  0.25852969054026137  0.27722501755230000  0.29489621866459576
  0.30923592103928671  0.31836107878979314  0.32597497727777469  0.33500827450497828
  0.34035735508569342  0.34515150409259937  0.34803213452565335  0.35130418387441775
  0.35578491035846038  0.36033704284871526  0.36510422700586803  0.37184033347013329
  0.38520518405518861  0.39866143367433038  0.40909515713639510  0.42052783906141622
  0.42904096404914188  0.44310843549520473  0.45430924026461827  0.46421848093243739
  0.47927569015218680  0.48822118261318603  0.49585553264813365  0.50327632248527576
  0.51172124588382306  0.52499256554818541  0.54057577369111087  0.55476351860815432
  0.56806113644089840  0.58087870766769878  0.59321317955513275  0.61196617481559901
  0.62943234602068032  0.64148581532407756  0.65009201504108305  0.65591071580543081
  0.66055345768177132  0.66386403711862962  0.66735685124132338  0.67485674867492895
  0.68346816988889780  0.69712197291342270  0.70614870191403811  0.71358924233193011
  0.72033993297619558  0.72607444508176933  0.73236903342520010  0.73772249902566456
  0.74621064072581000  0.76143118761097917  0.77164807439814831  0.77862159273383580
  0.78616441419066552  0.80613057480530304  0.82461850584070451  0.84246310750922071
  0.86057740222862222  0.87618442107611205  0.89111949942074176  0.90436305965036135
  0.91464315341191926  0.92515576201564420  0.93704546746072093  0.95042652222255908
  0.96123221717041574  0.96851932263932805  0.98364718185115330  1.00000000000000000
  0.00017781455926728  0.00019401609142528  0.00020805133365407  0.00022208657588287
  0.00023264072069765  0.00023349943004500  0.00023435813939235  0.00023583783683783
  0.00023931167333236  0.00024214790956283  0.00024448815358278  0.00024675918422490
  0.00024931290116073  0.00025172744302470  0.00025425687994810  0.00025779163862180
  0.00026122033241754  0.00026381228993449  0.00026595223239811  0.00026805660383074
  0.00026994641195555  0.00027183622008037  0.00027326750350151  0.00027455158818197
  0.00027612366464849  0.00027753493911461  0.00027873177491295  0.00027969954527059
  0.00028098627053538  0.00028352298354086  0.00028554899586424  0.00028725571315166
  0.00028914943109402  0.00029129221517732  0.00029328690390421  0.00029500898188310
  0.00029744941296122  0.00030026230235764  0.00030411283736518  0.00030795427050283
  0.00031097658195861  0.00031451306006288  0.00031752326896405  0.00031950326713078
  0.00032195758579368  0.00032505858033184  0.00032949123390031  0.00033462825963796
  0.00033938081532602  0.00034441867583730  0.00035099815116399  0.00035874953308029
  0.00036505403051208  0.00037093911021142  0.00037441943437441  0.00037793044956382
  0.00038211281036791  0.00038626320699465  0.00038905165258834  0.00039409815811596
  0.00039877365680664  0.00040189709438392  0.00040479092682097  0.00040711872372306
  0.00040936270611982  0.00041187960431741  0.00041513684754142  0.00041759746106434
  0.00042077274706912  0.00042477877134603  0.00042924586944144  0.00043390526262753
  0.00044344145484421  0.00045306532948733  0.00046292001987738  0.00047278946972691
  0.00048358267053266  0.00049825306259359  0.00051050169233959  0.00052436272572298
  0.00054116691715390  0.00056516225014505  0.00061068730001053  0.00064819482108096
  0.00068158250775096  0.00070885609709628  0.00073816894087915  0.00076490309095372
  0.00079956575701230  0.00087703677620725  0.00097680443773174  0.00109241264241779
  0.00123846340383271  0.00165303824679975  0.31266059136694924  1.00000000000000000
  0.00023221824618213  0.00028079761043914  0.00031455031147557  0.00033385219783813
  0.00034402840498173  0.00035420461212534  0.00036313128987609  0.00036943830776246
  0.00037574532564884  0.00038165496753231  0.00038716000972413  0.00039266505191596
  0.00040177643059848  0.00041299426125681  0.00042366599105508  0.00044011289481302
  0.00045464744818021  0.00046597833205321  0.00047675953217846  0.00048831799497171
  0.00050373554584200  0.00052302161881160  0.00054236329360523  0.00055185310197876
  0.00056160110728425  0.00057259186275074  0.00058287256807659  0.00059113695398762
  0.00059944615479201  0.00060820481177396  0.00061908002271278  0.00063225547126520
  0.00064759804146294  0.00066391560728633  0.00067337606151846  0.00069272224638232
  0.00071824096070707  0.00074463262663454  0.00077448786054838  0.00080122486307913
  0.00082372166638779  0.00083698118442417  0.00084757166093853  0.00085911084832500
  0.00086952531269109  0.00087831384073600  0.00088797533316041  0.00089860447686773
  0.00091265538854670  0.00093909930382835  0.00097379430965051  0.00101065714997952
  0.00103526418292722  0.00105023615401633  0.00106729688793619  0.00108867717516188
  0.00111841068938725  0.00114819340504977  0.00116626221796452  0.00118444161609553
  0.00120563770001434  0.00122833670256366  0.00124441979687611  0.00125435875161566
  0.00126185848693239  0.00127332095238314  0.00128863494674626  0.00130368590772013
  0.00132054045941803  0.00133395923904309  0.00134748766262241  0.00135998009560460
  0.00137812354697364  0.00140087405418472  0.00146074098757716  0.00154742732631485
  0.00162185624491267  0.00169521548550460  0.00178064755633689  0.00189069210842739
  0.00203378690469239  0.00221601090174555  0.00239896322958319  0.00259508924618329
  0.00274830202597087  0.00287170671060226  0.00303858992481102  0.00332420917476568
  0.00354359179340120  0.00372236320763989  0.00393075261150432  0.00508810298752517
  0.00695288724322035  0.09064093210536794  0.54601642131461303  1.00000000000000000
  0.00044682941503941  0.00114584997900494  0.00154743609892231  0.00184823391775228
  0.00206075339267711  0.00220208688029682  0.00231464379011954  0.00245736530491865
  0.00258438469442651  0.00269847644446807  0.00295523181094266  0.00330517135317001
  0.00364926241566604  0.00388592570855091  0.00415817414085226  0.00447651519448711
  0.00483554618101132  0.00520465753541888  0.00556362685553481  0.00589718466317394
  0.00623329610356353  0.00655087231925822  0.00679004852839963  0.00706962030823246
  0.00740786119774942  0.00771548696640951  0.00798770034728302  0.00833501258024728
  0.00859077381304311  0.00881378162577891  0.00904434382751408  0.00927117009937576
  0.00949198306349573  0.00969938391624567  0.00988744479420737  0.01005120136263134
  0.01020025139788511  0.01039629288928607  0.01055920492100729  0.01066970024809085
  0.01077093217259412  0.01087902102170746  0.01100374327659364  0.01110518584161327
  0.01117100942155806  0.01132117013392737  0.01151092229465259  0.01164587828271922
  0.01180448203643605  0.01200582375652365  0.01232807462308633  0.01262514737760276
  0.01291435467632339  0.01321608909565665  0.01363144646266471  0.01399140351734628
  0.01447584451950936  0.01491266441546311  0.01522631157142690  0.01555739227956026
  0.01591240354689310  0.01626046874360139  0.01685657333934928  0.01803487114350777
  0.01915405645458644  0.02009905561233910  0.02089022546575574  0.02164864326938968
  0.02244279892032938  0.02337230552054075  0.02427541964909571  0.02516487232501410
  0.02608770227607879  0.02710096977931288  0.02803052246623518  0.02880083644646941
  0.02978514856613221  0.03072003864770614  0.03169912070651483  0.03329743236152707
  0.04114950727938458  0.04563538557809884  0.04908215285922390  0.05222393549325520
  0.05500310357545698  0.05775191473962649  0.05955466331346787  0.06135741188730925
  0.06575346499868319  0.07173010182051454  0.07495329578141974  0.07855738051240679
  0.08321156921845554  0.15640255596090580  0.36632617581816912  1.00000000000000000
  0.00276644109576427  0.01280437558475945  0.02565372185876155  0.03866182648669167
  0.05058811341230461  0.05872008225632741  0.06960419954666988  0.08878886058429845
  0.11064647303016888  0.13020378004639860  0.14491610923018464  0.15933079092612193
  0.17522987890627889  0.18726674209957883  0.19798488896036426  0.21086402957381156
  0.22401801747457761  0.23320340583162036  0.24334166648294364  0.25429961450436295
  0.26617650689908184  0.27855676724105483  0.30105456233571787  0.32364028553860513
  0.33597867949535248  0.34705898832931664  0.35690821453164590  0.36408346988368834
  0.37379594035409014  0.38457834908746819  0.39412845944459146  0.40127521080677281
  0.41627822759125710  0.43277160149649169  0.44663742541401730  0.45407115257059905
  0.46174442382416414  0.47235679955156873  0.48207395908727257  0.49447349969589111
  0.51226454735410731  0.52925125354462965  0.54620741214382751  0.56275489389581512
  0.57747510433235183  0.59839078305784243  0.60903906842787858  0.61797828918078246
  0.62539909137592031  0.63107011800548862  0.63777037421417004  0.64414065530502784
  0.65025115317062299  0.65805079898789165  0.67105540611830394  0.69060673836307629
  0.70737912570851968  0.72085786194349910  0.73381959567863930  0.74540067135178079
  0.75374392956914471  0.76002502057213916  0.76576899213130145  0.77196463769544454
  0.77632655406839224  0.77909003565482848  0.78234204376527305  0.78785218641061694
  0.79786709508039155  0.81066384518370393  0.82133012755339663  0.82805424206972733
  0.83421004722428471  0.83973360632451199  0.84677026723336923  0.85630665798366823
  0.86842216741814315  0.88387549334868787  0.89550997701459167  0.90185272536073458
  0.90929229564858061  0.91705149637411487  0.92408564421821882  0.92640903062483815
  0.92873241703145737  0.93242812599495017  0.93672364143287246  0.94095782359403279
  0.94501425225929492  0.94907068092455704  0.95650559623151266  0.96557953942860797
  0.97397898551470585  0.98387547435411415  0.99204040670719495  1.00000000000000000
  0.00000431449591346  0.00001774788712041  0.00002672558836364  0.00003573333063700
  0.00004274872833121  0.00004842221577823  0.00005517958025248  0.00006270414139235
  0.00007151555549931  0.00007893116668360  0.00008501864182905  0.00009015337949272
  0.00009360588963603  0.00009554861495688  0.00009735552168812  0.00010131842325966
  0.00010475063311895  0.00010763507473331  0.00011065571807356  0.00011391190811668
  0.00011684134889740  0.00011830304875224  0.00011977041115731  0.00012372051152745
  0.00012872382014695  0.00013256376076233  0.00013501768222718  0.00013856847164503
  0.00014523139169507  0.00015345303695386  0.00016419239331878  0.00017637287797205
  0.00019488971824386  0.00021282518431076  0.00022572643139647  0.00023650643932828
  0.00024779420926180  0.00025959362750898  0.00027955265223261  0.00031303789787849
  0.00034753798277560  0.00037957977375884  0.00040183616184924  0.00040873413764385
  0.00041337731400541  0.00041739224285333  0.00042123764825071  0.00042504546893030
  0.00042883653920134  0.00043755858914880  0.00046244417582864  0.00049322465457558
  0.00051442603903808  0.00053862158359506  0.00055966238845938  0.00058431244871562
  0.00060955023871249  0.00063324080149729  0.00066116568837660  0.00069765595650085
  0.00074056179083717  0.00080645316892106  0.00090854707055400  0.00101579151544229
  0.00110882333365509  0.00120639785696155  0.00134660001103746  0.00152461690968175
  0.00176338791713511  0.00193258852805830  0.00206800938930471  0.00220542718533642
  0.00235997885748872  0.00251862149355240  0.00271146928172529  0.00296192076618246
  0.00329001368841538  0.00367445002437409  0.00405325513130981  0.00436130374913734
  0.00465934407903952  0.00491972848451021  0.00516076538420700  0.00547388826995471
  0.00578422767568593  0.00603537604745451  0.00621813198022257  0.00648501102589151
  0.00697395410331745  0.00781438718363312  0.01006179676730135  0.01188395770014042
  0.01521936699113242  0.03354721205133553  0.08227765056684939  1.00000000000000000
 -0.00655527158914303  0.02686226578281416  0.03555257133259776  0.04294537133898142
  0.04891064996432624  0.06385466303847559  0.08066387409503045  0.09379984473288300
  0.10434843017635999  0.11584188658806222  0.12721682450347921  0.13441515285502223
  0.14203959184159173  0.15431533565038405  0.17017907858294934  0.18967681860364810
  0.20384243534975921  0.21070212067496724  0.21752392873571147  0.22378897075703524
  0.23005401277835902  0.23544184535273655  0.24029835915762454  0.24563413943596760
  0.25388031879402106  0.25951836623270030  0.26598283451967397  0.27278605720052868
  0.28045078949837782  0.28795676111628449  0.29940345274807845  0.31436820335567517
  0.33024993247498768  0.33755466502561005  0.34534084894726497  0.35206667620488041
  0.35862593076495874  0.36413729597273903  0.36930310798569033  0.37430643505223293
  0.38002347364127442  0.38800143852141855  0.39590594935141016  0.40503999232699583
  0.41551594537711045  0.42355480445717097  0.43141635289040237  0.44002772195801854
  0.44799081850048350  0.45451748689608995  0.46064502790300432  0.46907325044720299
  0.47800365379811544  0.48457821097963244  0.48944019821541812  0.49561721222309418
  0.50273971587865629  0.51069341948610414  0.51897167642179176  0.53045192289730259
  0.53628088577219335  0.54195902090539783  0.54648046450302190  0.55235860587188390
  0.55995262806313661  0.56875083840867291  0.57439599407586961  0.58013090519564814
  0.58551040286474698  0.59377019359896199  0.60441526031898685  0.61679383486450423
  0.63048972778118983  0.63928828841599417  0.64834394627248149  0.65851722264584955
  0.67005840450149878  0.68086671455909753  0.69404920916224566  0.70912010465117137
  0.72328653187189562  0.73793541082196690  0.75012561716047632  0.75957814137589830
  0.76651974390114452  0.78201834972510009  0.80159541981623250  0.82038125690511587
  0.83656150861328282  0.85399696362779121  0.87254859170871857  0.89326407319551970
  0.91329019365629849  0.93503760950380987  0.96367883667511045  1.00000000000000000
 -0.00231443579318869  0.00913688656720935  0.01847366769962536  0.02731238780785008
  0.03573165329503070  0.04333243582156305  0.05093321834809541  0.05665851208932801
  0.06111593011419981  0.06556888970353136  0.06999192393241774  0.07441495816130411
  0.08564566155779647  0.09997401080034042  0.11661714796720700  0.13323864981405717
  0.15619298675412194  0.18303669533522787  0.20367110945617714  0.21878043456437879
  0.22697670428676445  0.23637224486476255  0.24736697341045050  0.26249758233223142
  0.27444925899225092  0.28066823847700473  0.28666034028839971  0.29228528108967100
  0.29718163219064703  0.30354939008060228  0.31307097703161091  0.32567281672286447
  0.34165338290324970  0.36305190766028012  0.38040945052445652  0.39759106913000092
  0.41471808212397104  0.43523622751917995  0.45380888765165084  0.46920738894522240
  0.47851461469063311  0.48259468272013623  0.48625039051961971  0.48965391550956577
  0.49238468171263988  0.49751105721607719  0.50051228784215507  0.50230368965722771
  0.50561776756319254  0.51741710064975577  0.52983919104636235  0.54404832442933637
  0.56183127455234638  0.57829378027832712  0.58667629288137746  0.59194045311783972
  0.59728482698062779  0.60454233379218303  0.61402198007954523  0.62352103146877702
  0.63081563868026425  0.64180257175068312  0.65862659260904799  0.68018432532783579
  0.70222228070878401  0.71863885500850522  0.73227402516785611  0.74388515613495199
  0.75358181843562533  0.76295695091255322  0.77040857125851225  0.77420698020328071
  0.77927361552940910  0.78599491504583907  0.79325676144577306  0.80094738640020113
  0.81134700329763221  0.82316978518522665  0.83594882995088460  0.85040578099897224
  0.86282558342019389  0.87113124211502979  0.87825923690262830  0.88562244361695452
  0.89581628777698341  0.90389999986070269  0.91035567182520694  0.91715513222385758
  0.92582019273509342  0.93438032746866129  0.94258295985572815  0.95109906444488068
  0.95943858522681313  0.97073479975062638  0.98433123974355030  1.00000000000000000
 -0.00784182633510684  0.00340979045789333  0.01466140725089351  0.02591302404389368
  0.03447437398960075  0.04122057266687921  0.04796677134415767  0.05942706256095707
  0.07041088297566477  0.07787815126978639  0.08634910812140328  0.09258940934236719
  0.10148941449507504  0.11253138225569390  0.12771988383991337  0.14881199288396918
  0.16799679909344162  0.18309880308812584  0.19097339325448295  0.20255117835477082
  0.21887446229992141  0.23196178650718113  0.24159545604087124  0.25178771181146209
  0.25912907876972185  0.26532739502571323  0.27096532357835423  0.27883639215422007
  0.28889118918391821  0.29964143814875221  0.31021711074469555  0.32083279907909440
  0.33154493254647549  0.34059427730834418  0.34867684271958188  0.35522020990588116
  0.36199289257961575  0.36885881271155585  0.37536373970510700  0.38325075154322574
  0.39216564333978027  0.40821125182610046  0.42020644393786694  0.43056342127714059
  0.44119086401418578  0.45586279650647132  0.46803245251085823  0.48170688162891517
  0.49347259685209649  0.50693913841613814  0.52010814141115980  0.53167413430911337
  0.53866350366129168  0.54411832212435707  0.54905172141706571  0.55381351382310084
  0.55925171421539199  0.56534176982494155  0.57292040373197894  0.58517875202329794
  0.60564055888466850  0.62558699108947058  0.64248997708238420  0.65832083390429397
  0.67336590996217560  0.68310282673690226  0.69216946578772987  0.69859547084376428
  0.70742990840745423  0.71968157982354164  0.73043657801445050  0.74155734006181617
  0.75122728892280133  0.75991393714246602  0.77006214084954860  0.78230919184479852
  0.79418387385140810  0.80578659841089362  0.82210270843068844  0.84058355075158131
  0.85445927438219982  0.86501009894673819  0.87447561835911181  0.88266983690074208
  0.89068473916596358  0.90186300028400934  0.91605857881864017  0.92713919139433010
  0.93874800635459288  0.94798015470138675  0.95873019844712237  0.96842286272790945
  0.97476182385236976  0.98326057652948884  0.99283754017816883  1.00000000000000000
 -0.00447250887927278  0.01508282348286686  0.02754708894870652  0.03687625549554258
  0.04583946195025744  0.05290817545902542  0.05894275553218919  0.06560357939189249
  0.07599726460254458  0.09619360650388151  0.11597365273454502  0.12863239591984701
  0.13778008151980994  0.14722273059876262  0.15911125110708643  0.17318902064577191
  0.18834542132650109  0.20229622551970977  0.21734197319878637  0.22844902535098355
  0.24351460206680162  0.25751627329576227  0.26329731296847519  0.26895394300852998
  0.27463881420408826  0.28101911937467822  0.28789317039606810  0.29624696043303755
  0.30689023061244991  0.32083161973093122  0.33506701624458679  0.34172250173054630
  0.35111061529304360  0.36211210437958169  0.36913904212583820  0.37153251859677072
  0.37405912474468334  0.37554272528633981  0.37674811937159514  0.37967549835130404
  0.38368985188614546  0.38928921227213864  0.39600500357561635  0.40465749006285789
  0.41992053355074149  0.43336753691702623  0.45640700672064444  0.46535756182976690
  0.46856203081339048  0.47188790469081265  0.47535856556365441  0.47885659494022692
  0.48247481663130670  0.48609303832238648  0.49017428077652181  0.49430667639193243
  0.49717379298483844  0.50011014757366112  0.50352271665983928  0.50814260515404042
  0.51783150815820667  0.52585811015513317  0.53392740697872176  0.54047273705508014
  0.54956688108108831  0.55755359307955166  0.56422697644266917  0.57210585964298610
  0.58932717559615433  0.61643748495582751  0.64960592463796285  0.68773494814366709
  0.72071697869103168  0.74115240530937598  0.75584944398111475  0.77037408543663355
  0.78200337656488583  0.78994399355506884  0.79369840893768517  0.79743404615891000
  0.80212492962097770  0.81081021735104708  0.82296113809323646  0.83805797106855950
  0.85500422560537481  0.87152553326085413  0.88425829257539890  0.89286817505409577
  0.90099440659248820  0.91168626172468981  0.92586188716471562  0.94290892207054411
  0.96109521880939752  0.97461724706574815  0.98696829098066063  1.00000000000000000
 -0.00615586218656186  0.02734388511082207  0.04380559056980769  0.06678328782059112
  0.08856053743897534  0.09631720330762497  0.10480375975008967  0.11242523255151399
  0.11953268827475685  0.12704584153753107  0.13369680616261087  0.14058396927508676
  0.15032171071880968  0.15850952772192212  0.16690782019573999  0.17522688910588050
  0.18203716665534020  0.18835193692160226  0.19362319363455172  0.20058394155138842
  0.20813577126328928  0.21682939369731383  0.22685967571635146  0.23689830309745613
  0.24231822336011408  0.24824043359378989  0.25508608271514083  0.26197280519955513
  0.26858284316411740  0.28058222108899372  0.29827196243584808  0.31292023768876104
  0.33045726062237513  0.35065836516281829  0.37392965806691497  0.38748754622297826
  0.39792800466432920  0.40825007755735693  0.42045251790524474  0.42956026911330109
  0.44069878736895801  0.45094088498634283  0.45821673500297433  0.46568208443209935
  0.47344804260822154  0.48134201564964318  0.48499596676628637  0.48864991788292961
  0.49233928695774876  0.49605207969769738  0.49975862374906271  0.50343133834423326
  0.50710405293940386  0.51640388088610900  0.52998855892121166  0.54727934292176839
  0.56192996102449677  0.57474363058461819  0.58627500818766209  0.59632456404245915
  0.60559819207440602  0.61840641475648583  0.63907459911270614  0.65365588407596831
  0.66086794772454993  0.66556242655479558  0.67122320151773218  0.67637799779244212
  0.68388444209810140  0.69500875724912203  0.70814059900921889  0.71856249104529979
  0.72831764855549008  0.73550248610512114  0.73996457329932586  0.74469156320015339
  0.74967904116373940  0.75546193580912213  0.76170379033725566  0.77594821926463131
  0.79491815534055910  0.81330521539278666  0.83366578288550075  0.85129299506191802
  0.86739600343580137  0.88164882530870103  0.89139749667416046  0.90062991977374629
  0.91036392181819792  0.92126616200503353  0.93323332479560894  0.94625201819463789
  0.95942131154218080  0.97183820151456590  0.98589230857957699  1.00000000000000000
 -0.00115046067718581  0.00304349404808410  0.00840787715219100  0.01566063394096860
  0.02356009750630514  0.03437424077044256  0.04457887536935544  0.05286104336329493
  0.06093324693764422  0.06955494829232811  0.07956366928093954  0.08974073861247403
  0.09784648278649705  0.10133680516674674  0.10706938771299802  0.11599593768833598
  0.12729091219193156  0.14401515360130826  0.16191031215964535  0.18202447968180258
  0.20907562019291800  0.23178540858270516  0.24973104441357985  0.26784584900496411
  0.28456599137331851  0.29990197770453653  0.31746364253432180  0.33355669219071110
  0.34169321056505764  0.34866623929092627  0.35709668460633937  0.36719904300862077
  0.37718003228152541  0.38514757588027726  0.39311511947902911  0.40464430752076447
  0.41425611090244002  0.42340580348111201  0.43194986593613960  0.43632275155010447
  0.43791137733560337  0.43963206820167461  0.44165511225094256  0.44435966993293141
  0.45455598788368595  0.46767594943070556  0.47975540420152951  0.49168250553038723
  0.50420590004550658  0.51928629132910364  0.53605275994091561  0.54943434817172321
  0.56223561079746320  0.57035174519918463  0.57609843145890038  0.58285787707617931
  0.59421394313113673  0.61261115751638473  0.62644135148365931  0.63930046232782656
  0.65119782523789793  0.66202383879923321  0.67179509125692027  0.68162396828056371
  0.69289972834874525  0.70325362699225713  0.71198627396041425  0.72443415396536726
  0.74262477791100545  0.76178002366107944  0.77664179294916047  0.78779249440331189
  0.79350570140073695  0.79945449078563224  0.80542307998586660  0.81092608564139479
  0.81855812524636185  0.82500182137289857  0.82918283522025960  0.83452270280698493
  0.84145535056554022  0.84891616091140731  0.85704920715873867  0.86909947047414360
  0.88800024256612575  0.90840159934439813  0.93012298639318713  0.94474287594572548
  0.95814496792589321  0.96560195686327688  0.97205397308130070  0.98031589007777853
  0.98643857072925178  0.99121927897771556  0.99533770785667974  1.00000000000000000
 -0.00440198969318857  0.02314748380509584  0.04936132074500726  0.07043982547085890
  0.08013824938123205  0.09101622768522999  0.10199201327300975  0.11487272164684866
  0.12779946416445256  0.14071862130115972  0.15230740456625669  0.16372288595705978
  0.17521340204816949  0.18684751944105310  0.20364519870656667  0.22036628387590521
  0.23158872092720259  0.23923807477533768  0.24765821251673867  0.25841330810508928
  0.27428029335247095  0.29536133132848963  0.31318430309107126  0.32468202646678884
  0.33440504146798444  0.34153435112708214  0.34861641811918909  0.35951828003035813
  0.37384843622338226  0.39123747624242555  0.40640877532354419  0.41867074299816481
  0.42929934598294561  0.43861773047145997  0.44519077808488861  0.45110911449877383
  0.45801865245431805  0.46266044886424984  0.46690983241304207  0.46972562833803533
  0.47155538534853914  0.47586765600591541  0.48059375283343830  0.48580020228279652
  0.49675579768807104  0.51839728483279923  0.54166825137444541  0.55835769187276152
  0.56823259178497354  0.57632418800400576  0.58442982537157018  0.59138859912193587
  0.59785065935803694  0.60602066668485954  0.61470944664583216  0.62187911141349494
  0.62909719485413695  0.63546406061695637  0.64306140337808104  0.65110929244500415
  0.65994028616253797  0.66740640783838967  0.67340401087445723  0.67810061587124448
  0.68206101167423971  0.68998461017438562  0.69817948123003470  0.70261034720453863
  0.70555937898903576  0.71254031154879016  0.72297466793657550  0.73302750172449083
  0.74822665256192822  0.76365513671380025  0.77899377246858370  0.80670503230249679
  0.82755344425670785  0.84613632828199958  0.85524194211404292  0.85685283303862569
  0.85846372396320836  0.85989307772111057  0.86130842370457672  0.86269675402277668
  0.86406523168299720  0.86639998145155506  0.87400745182876460  0.88737394253468549
  0.90674260377515636  0.92641722948398808  0.94167077148045841  0.95233014881937428
  0.96264327954518347  0.97428361279157571  0.98530648727315528  1.00000000000000000
 -0.00154419153291818  0.00750805563664565  0.01103192826752347  0.01441822690021205
  0.01862589260956819  0.02857288597545598  0.04408671529434762  0.06344554264934123
  0.07617233032364362  0.08704679159134433  0.09849891667242976  0.11033989371303894
  0.12290566046471697  0.13706426487502871  0.15279551555455895  0.18074592720379584
  0.20515515541926563  0.22169141971548073  0.23548741911730955  0.24170692562174650
  0.24792643212618345  0.25533498718658759  0.26312256198267214  0.27140476810711400
  0.28124837247931406  0.29109197685151411  0.30117564801078633  0.31181909030986427
  0.31905126468944073  0.32597593197044711  0.33614312773183536  0.34360062680078984
  0.34807520014180543  0.35399021337631514  0.36498782908129307  0.38046315667061603
  0.39283593665169592  0.40208228225669046  0.40936925442508215  0.41703856355063351
  0.42836862144739285  0.43958789635331841  0.44982716318283122  0.45982096213420504
  0.46799902639209440  0.47834454518831965  0.49156651422036163  0.51156226515332714
  0.53102651744786744  0.54049689172724424  0.55012344487497855  0.56293954430518589
  0.57360360141253386  0.58266339415474755  0.60243169066329172  0.62053747354706090
  0.63506692597684467  0.65061596484747675  0.66315833282580405  0.67307919694569729
  0.68333755595785295  0.69306364620114491  0.70207636789330041  0.71177651050548851
  0.72190004544905251  0.73932906777551766  0.75036728287467946  0.75404163146212977
  0.75783784570678525  0.76145952637429293  0.76635837249471572  0.77131255766306372
  0.77756689766832487  0.78559751834484770  0.79426047282812706  0.80142239250666847
  0.81151889615073158  0.82555631496620097  0.84036752771264434  0.85408196920108270
  0.86455277040884659  0.87257718012099295  0.88069150868683510  0.88717664491288917
  0.89241076961174892  0.89852319134417069  0.90664963236279261  0.92016191676069814
  0.93433037873398839  0.94752383405519736  0.96007214267644359  0.97036185335754133
  0.97999647423141045  0.98762594617953969  0.99412047859861119  1.00000000000000000
 -0.00260681377364527  0.01143467732982009  0.02393873683220613  0.03693938923706650
  0.04965364821048887  0.06234070306072295  0.07245479911262734  0.08136942260040432
  0.09142436064527627  0.10556622242655503  0.12092659942509379  0.13176763946657999
  0.14088326921201372  0.14914757443526247  0.16049319206672241  0.17475987229109616
  0.18486143837393226  0.19261269170828352  0.20109973140360110  0.21155678013357410
  0.22350822418181643  0.23248981490053691  0.23956265625814388  0.24710348561753490
  0.25639432774370796  0.26711244822067326  0.27894796766580393  0.29191645249315695
  0.30647781872500390  0.31556751876656991  0.32222911312526509  0.32896078205018969
  0.33589787400156174  0.34308779910101800  0.35021556099069534  0.35995311724122248
  0.37362216037772855  0.39098208396437140  0.40814848492362144  0.42481557800288983
  0.44198446323319890  0.45733475327322759  0.47139363145157842  0.48346311292752592
  0.49268095482647972  0.49845337846019006  0.50395945018508026  0.50864362049704315
  0.51221595369481621  0.51727583425168899  0.52320257700923400  0.52699243144046348
  0.52958942036755396  0.53287920624738794  0.53494261741376736  0.53700602858014690
  0.54273153247210182  0.54907890466584564  0.55477892676840701  0.55960595117061074
  0.56443297557281447  0.57081270972511611  0.57906013635361253  0.58784810887671979
  0.59719449192179697  0.60796809114800876  0.62029110961728628  0.62836036560656594
  0.63716510594022702  0.64416470876732534  0.64784861843608899  0.65459824131027877
  0.66127577609362720  0.66712668388742291  0.67398031470170738  0.68159869925290029
  0.68853611629377576  0.69752712202420986  0.70601742847522508  0.71267610654793234
  0.72203829767507111  0.73214630678892678  0.74292196502076657  0.75555796889599403
  0.77886448093870353  0.80011282598786115  0.81808777372681618  0.83213881775495546
  0.84626638184749947  0.85910967415917427  0.87259928463257119  0.88728949943168167
  0.90260225774366321  0.91768693110795896  0.95609402468718652  1.00000000000000000
 -0.00104976022834096  0.00397372550840417  0.01162819072891687  0.02331890685038919
  0.03226307093988651  0.04219442426253651  0.05303035543480295  0.06920896913358224
  0.08742360594060802  0.09598389457621490  0.10474953650109280  0.11415628153600849
  0.12688944308351224  0.14138252946963792  0.15550158401423353  0.16835447510925972
  0.17816920091698057  0.18414350698279508  0.18953217690929608  0.19519289690748182
  0.20152040529453438  0.21595618650038331  0.23141497884336165  0.24411054591244541
  0.25399889379959684  0.26301051192898328  0.26846711022842323  0.27498742558323491
  0.28312811343285332  0.29780565810013399  0.31328708951370843  0.32950182697417135
  0.34366520133293743  0.35674336044574395  0.36989366861513739  0.38048213118307139
  0.38749008178910621  0.39587788576917160  0.40534008672646066  0.41188926465934800
  0.41799184833633074  0.42392443970382826  0.43064091537903870  0.43947363477428730
  0.45481138285340172  0.46969499737163467  0.48207811633584446  0.49055523948295021
  0.49676041214104089  0.50221200079943340  0.50721639832700771  0.51309018837496134
  0.51921764079895460  0.53032527124346207  0.54275221189741585  0.55165338707122002
  0.56025710885708357  0.56703547141203736  0.57333652374754729  0.57788485022061353
  0.58411681894227685  0.59320887266291844  0.60146910761035299  0.61103858889933271
  0.61867632797501515  0.62990459418130862  0.64521626683075084  0.66544634567698380
  0.67867205033050737  0.69312380815374008  0.71114892414210207  0.72349194975766928
  0.73207080861644225  0.74218793643585002  0.74842597813087230  0.75466401982589471
  0.75961425122014137  0.76420002928682051  0.76862391955688403  0.77276099751152427
  0.77689807546616441  0.79014855896221114  0.81344708377174535  0.84642731691625506
  0.87721635220127081  0.88901178313897533  0.89798151198695708  0.90813531459735053
  0.92403753268619304  0.95044687346852152  0.96367049975332031  0.97410877165508358
  0.98251305041105930  0.98912949981732090  0.99421847169110944  1.00000000000000000
 -0.00311851404590509  0.01261599800455331  0.02885814306050070  0.04631401882198923
  0.06255900156889389  0.07371313124391168  0.08012332774188850  0.08582530610861913
  0.09341723590691442  0.10186289531168001  0.11753223306421384  0.12570879119980799
  0.13352226656829083  0.14065095240795239  0.14769758499971591  0.15429565516124535
  0.16048905701303465  0.16569545792377938  0.17073308896448872  0.17646396883460022
  0.18280088858653518  0.18950336236993848  0.19802275680603670  0.20654215124213493
  0.22381414746431233  0.24141864069070740  0.25593317606538163  0.26810337049701261
  0.27930620726301680  0.29332153984110004  0.31067516372944398  0.32019368818372551
  0.32570967320519068  0.33248949120406096  0.34506823704718032  0.36060092549051093
  0.37720446521780182  0.39234179993664081  0.40247295800655847  0.41098119442555586
  0.41736107445699255  0.42298640434493717  0.42684574613568371  0.43416690018349835
  0.44279877605829449  0.44932420366445874  0.45305487207154688  0.45710238298842659
  0.46174296760459738  0.47252885359723984  0.48672361172739642  0.49712121780691487
  0.50581683492824381  0.51197002757711652  0.51692804427940064  0.51996590650307939
  0.52343016751157023  0.52788949594487000  0.53401418828395297  0.53847210150839209
  0.54249519002961899  0.54525742021598700  0.54859437255255250  0.55251595397632125
  0.56639397734351482  0.58421135113476741  0.60155534962960722  0.61605614948400789
  0.62850678631707113  0.64486791068453109  0.66660908886901282  0.68239781734460847
  0.69230870025718538  0.69804548940002376  0.70225660709767579  0.70613615666007357
  0.71004627080583493  0.71422286992965855  0.71916499187895278  0.72525892060614794
  0.73198104861906210  0.74034670670932157  0.74768618915101370  0.75183278638023232
  0.75649814266617332  0.76294839063542341  0.77401145363814139  0.78892954893870526
  0.80139743038335598  0.81287565303296005  0.83313307285223337  0.86067771473344834
  0.88778711875579341  0.91435853214810192  0.94084476692413177  1.00000000000000000
 -0.00678268571819639  0.02543796734162832  0.04914279138267181  0.06294315245478847
  0.07147831236363224  0.07945033494125055  0.08427185823279337  0.08827635211477261
  0.09398890154864453  0.10123110076678116  0.10894669220506517  0.11833983756836888
  0.12773298293167257  0.14602981333157397  0.16083667280943065  0.17254084528927591
  0.18550916572816253  0.19916222074200976  0.20897248263774756  0.21684561939119543
  0.22446128280252542  0.23552229837317282  0.25329086182141219  0.27035413333506098
  0.27814069028012667  0.28555572152257525  0.29232890399248246  0.29870028491149636
  0.30466706687556749  0.31282222901061219  0.32279040104893630  0.33271746397155760
  0.34474866735438175  0.35960096881204578  0.37074334019419508  0.38005042676981571
  0.39222988219754162  0.40596694566924724  0.41879388603498607  0.43019110860944421
  0.44238565088177179  0.45712221077151549  0.47118176353999436  0.48341695892872422
  0.49328798389318185  0.50270561111276657  0.51182819215679709  0.52068159358424171
  0.53013203470029935  0.54087063082997566  0.55327473014381534  0.56353146187253811
  0.57217085899417319  0.57777918215946733  0.58222944314137293  0.59346690840068050
  0.60810393070460178  0.62201146060335755  0.63377192660151938  0.64415671241026984
  0.65194531297178360  0.65746564569457622  0.66516198492003475  0.67056259899105597
  0.67500746707145431  0.67955282658423810  0.68525070199398674  0.69691111630566926
  0.71142145859710326  0.71906133137709083  0.72598277206692097  0.73328867739976722
  0.74464779468102527  0.75366687306495161  0.76317904100480449  0.77378442838722050
  0.78197221203523137  0.78661843231564132  0.79173705604582811  0.79708436323470377
  0.80208932110679254  0.80806459692418975  0.81470980658157921  0.82422257234114438
  0.83682882430410777  0.84927730804810309  0.85859960024203619  0.86660623668247783
  0.87644083173034115  0.89137998801046081  0.91037420414383707  0.92672041845991049
  0.94005970323241173  0.95358972800061237  0.97033160027020715  1.00000000000000000
 -0.00429363512789718  0.00994157706885695  0.02322512754937350  0.03415327994926103
  0.04101542244396440  0.04816613653469585  0.05917400643544703  0.07090727316342570
  0.07763598441723367  0.08383721189227482  0.08941353205142470  0.09435008355093408
  0.09964675142169598  0.10568525264789758  0.11230995352653643  0.11853288156639748
  0.12549277517565471  0.13349163049775026  0.14459998326537174  0.16081645501210801
  0.18029717933317299  0.19697808073634224  0.20936841446464535  0.22190174344238431
  0.23264611915806591  0.24080299421797277  0.24768424322037152  0.25331076353692050
  0.25801533303543045  0.26365339955219985  0.27094933475352456  0.27928273286842514
  0.28862899612703485  0.29766213374592282  0.30495071376479332  0.31436256777818167
  0.32580168727293773  0.33648504515257172  0.34362445221214843  0.34961390125202646
  0.35731891064389765  0.36902641476160369  0.38359537653089026  0.40211785785615384
  0.42007412526887533  0.43539028006577707  0.44659776079794344  0.45583930379965054
  0.46113032096011386  0.46518487280016718  0.46944019940406517  0.47752165520154166
  0.48709081512469177  0.49675537246485280  0.50433331438349638  0.50973428272633048
  0.51496160589120943  0.52136341532363095  0.52984537112149865  0.54123392690626659
  0.55323786339914949  0.56492543474496526  0.57794881107948093  0.59458221843958892
  0.61721140629711313  0.63055472071796559  0.64079767842727953  0.65317415698431969
  0.67130585661425624  0.69243318665789610  0.71181939328272281  0.72621256369531773
  0.73946201054963767  0.75159336631322360  0.76522845815290319  0.78240684344511635
  0.80241452309617423  0.82340164160452067  0.84115554360321831  0.85717215539779512
  0.86639022591938974  0.87430969038800355  0.88298952623731819  0.89164862042192983
  0.89890642181334612  0.90746533445029343  0.92261370450177704  0.93996768485188986
  0.95121336189955263  0.95821774339615173  0.96530672141710672  0.97269811923529570
  0.98008951705348468  0.98680793997611338  0.99340396998805669  1.00000000000000000
  0.58697100903375621  0.80295814986077618  0.86663471975061734  0.88440644198861218
  0.90079714013310153  0.91008049582843198  0.91852730362977253  0.92286720296152802
  0.92600661699536313  0.92888618407709422  0.93133869997395757  0.93622977312299005
  0.93856732732614734  0.94031900054922468  0.94199813514036013  0.94322888780569447
  0.94445964047102882  0.94567298444642556  0.94685812174155559  0.94804325903668574
  0.95028764371027685  0.95322606471602522  0.95569445809316889  0.95747929616206562
  0.95882904843384364  0.96017244771418175  0.96185756574437042  0.96344392804116707
  0.96467902316794318  0.96606686587785850  0.96793336053774293  0.96919226976270989
  0.96975179304246684  0.97017391252041774  0.97049569620709231  0.97074477862629127
  0.97099170554794390  0.97122047286021074  0.97142416740392568  0.97160992045732597
  0.97183122030127811  0.97218691755409681  0.97262382609422948  0.97306421269477006
  0.97345513695644326  0.97383899866820545  0.97416790885708260  0.97429638764194093
  0.97443238996342207  0.97467798496527080  0.97490716515633391  0.97511670327529965
  0.97547876779626241  0.97611770582432666  0.97646255294679907  0.97668501114427375
  0.97691185996780594  0.97715494784791290  0.97742134176899265  0.97782410034941603
  0.97833186556461638  0.97895201659238729  0.97971808587135101  0.98091554980240525
  0.98204118374504490  0.98290270463510088  0.98349436348012864  0.98395643492778506
  0.98432286905669797  0.98462574460648278  0.98486234871933076  0.98522032360660750
  0.98561963520282359  0.98601305767978009  0.98645554301617111  0.98686238349584010
  0.98744360020584099  0.98792081098149520  0.98829003136822380  0.98863628303401097
  0.98896819437461458  0.98930735847804308  0.98965912437157355  0.99002934429033462
  0.99065630946319783  0.99158517557600900  0.99235416010276389  0.99318622424898673
  0.99389828684423964  0.99448593491197346  0.99508864847495626  0.99560953456412360
  0.99603454152736470  0.99636273066878700  0.99746418714860230  1.00000000000000000
 -0.03873510749744156  0.18928315943486179  0.25759903298156361  0.29847756742023923
  0.32354070080329417  0.33963401413470945  0.35378403527917457  0.36630712293241358
  0.37388296501442236  0.37966497863054777  0.38658885922375918  0.39521240472368518
  0.40865786697076395  0.41922719494821153  0.42743650557587026  0.43216334838294002
  0.43690200205194524  0.44402902439800973  0.45073260546454624  0.45574195452571836
  0.45977983446734061  0.46325321176776463  0.46633773016062163  0.46928438585078697
  0.47248541938509714  0.47498068261693882  0.47955164554788016  0.48844886784335945
  0.49598526781061941  0.49839393534976184  0.50156538077871382  0.50586259138562106
  0.50975242695051337  0.51372469954359945  0.51825826154790056  0.52183669312171910
  0.52537238503912798  0.52802283519948390  0.53016385844459402  0.53230974552645227
  0.53446739477857974  0.53662504403070710  0.54175626277487654  0.54566929029833622
  0.54927900221297377  0.55294609780322679  0.55802083962474303  0.56485473868172842
  0.57219448974990272  0.58013898000653175  0.58597431867862559  0.59156300891112656
  0.59688392103753574  0.60212452606602518  0.60641668972748397  0.61414367432988060
  0.62260597205084611  0.62606168479962021  0.62920253023714123  0.63235681087563012
  0.63575478311006051  0.64170353782869893  0.64870556642130239  0.65403563515782592
  0.65829392569157974  0.66207404982434415  0.66627372904971094  0.67010447392033945
  0.67365347249351215  0.67659288271183260  0.67917465990435566  0.68229947033771554
  0.68559568734138687  0.68862700601769689  0.69157646860868938  0.69505970861095367
  0.69954759953025081  0.70554742006493021  0.71369439995658834  0.72157095485032663
  0.72869952161235785  0.73596995100124529  0.74182887270516007  0.74670883926382980
  0.75183188397302203  0.75705106586433946  0.76314002729587382  0.76939714801201309
  0.78223009365891061  0.80188126970292994  0.82430811316536312  0.84170358938949308
  0.85766770112922497  0.87554448935274931  0.89968472437353486  1.00000000000000000
   1.2888504747681164E-017  -1.0000000000000000     
 F F F F F F F F F F F F F F F F F F F F F F F F F F F F F F F F F F F F F F F F F F F F F F F F F F F F F F F F F F F F F F F F F F F F F F F F F F F F F F F F F F F F F F F F F F F F F F F F F F F F F F F F F F F F F F F F F F F F F F F F F F F F F F F F F F F F F F F F F F F F F F F F F F F F F F F F F F F F F F F F F F F F F F F F F F F F F F F F F F F F F F F F F F F F F F F F F F F F F F F F F F F F F F F F F F F F F F F F F F F F F F F F F F F F F F F F F F F F F F F F F F F F F F F F F F F F F F F F F F F F F F F F F F F F F F F F F F F F F F F F F F F F F F F F F F F F F F F F F F F F F F F F F F F F F F F F F F F F F F F F F F F F F F F F F F F F F F F F F F F F F F F F F F F F F F F F F F F F F F F F F F F F F F F F F F F F F F F F F F F F F F F F F F F F F F F F F F F F F F F F F F F F F F F F F F F F F F F F F F F F F F F F F F F F F F F F F F F F F F F F F F F F F F F F F F F F F F F F F F F F F F F F F F F F F F F F F F F F F F F F F F F F F F F F F F F F F F F F F F F F F F F F F F F F F F F F F F F F F F F F F F F F F F F F F F F F F F F F F F F F F F F F F F F F F F F F F F F F F F F F F F F F F F F F F F F F F F F F F F F F F F F F F F F F F F F F F F F F F F F F F F F F F F F F F F F F F F F F F F F F F F F F F F F F F F F F F F F F F F F F F F F F F F F F F F F F F F F F F F F F F F F F F F F F F F F F F F F F F F F F F F F F F F F F F F F F F F F F F F F F F F F F F F F F F F F F F F F F F F F F F F F F F F F F F F F F F F F F F F F F F F F F F F F F F F F F F F F F F F F F F F F F F F F F F F F F F F F F F F F F F F F F F F F F F F F F F F F F F F F F F F F F F F F F F F F F F F F F F F F F F F F F F F F F F F F F F F F F F F F F F F F F F F F F F F F F F F F F F F F F F F F F F F F F F F F F F F F F F F F F F F F F F F F F F F F F F F F F F F F F F F F F F F F F F F F F F F F F F F F F F F F F F F F F F F F F F F F F F F F F F F F F F F F F F F F F F F F F F F F F F F F F F F F F F F F F F F F F F F F F F F F F F F F F F F F F F F F F F F F F F F F F F F F F F F F F F F F F F F F F F F F F F F F F F F F F F F F F F F F F F F F F F F F F F F F F F F F F F F F F F F F F F F F F F F F F F F F F F F F F F F F F F F F F F F F F F F F F F F F F F F F F F F F F F F F F F F F F F F F F F F F F F F F F F F F F F F F F F F F F F F F F F F F F F F F F F F F F F F F F F F F F F F F F F F F F F F F F F F F F F F F F F F F F F F F F F F F F F F F F F F F F F F F F F F F F F F F F F F F F F F F F F F F F F F F F F F F F F F F F F F F F F F F F F F F F F F F F F F F F F F F F F F F F F F F F F F F F F F F F F F F F F F F F F F F F F F F F F F F F F F F F F F F F F F F F F F F F F F F F F F F F F F F F F F F F F F F F F F F F F F F F F F F F F F F F F F F F F F F F F F F F F F F F F F F F F F F F F F F F F F F F F F F F F F F F F F F F F F F F F F F F F F F F F F F F F F F F F F F F F F F F F F F F F F F F F F F F F F F F F F F F F F F F F F F F F F F F F F F F F F F F F F F F F F F F F F F F F F F F F F F F F F F F F F F F F F F F F F F F F F F F F F F F F F F F F F F F F F F F F F F F F F F F F F F F F F F F F F F F F F F F F F F F F F F F F F F F F F F F F F F F F F F F F F F F F F F F F F F F F F F F F F F F F F F F F F F F F F F F F F F F F F F F F F F F F F F F F F F F F F F F F F F F F F F F F F F F F F F F F F F F F F F F F F F F F F F F F F F F F F F F F F F F F F F F F F F F F F F F F F F F F F F F F F F F F F F F F F F F F F F F F F F F F F F F F F F F F F F F F F F F F F F F F F F F F F F F F F F F F F F F F F F F F F F F F F F F F F F F F F F F F F F F F F F F F F F F F F F F F F F F F F F F F F F F F F F F F F F F F F F F F F F F F F F F F F F F F F F F F F F F F F F F F F F F F F F F F F F F F F F F F F F F F F F F F F F F F F F F F F F F F F F F F F F F F F F F F F F F F F F F F F F F F F F F F F F F F F F F F F F F F F F F F F F F F F F F F F F F F F F F F F F F F F F F F F F F F F F F F F F F F F F F F F F F F F F F F F F F F F F F F F F F F F F F F F F F F F F F F F F F F F F F F F F F F F F F F F F F F F F F F F F F F F F F F F F F F F F F F F F F F F F F F F F F F F F F F F F F F F F F F F F F
  <DiscreteSampler_grid>
  grouped_processes
  1 # 1 for a reference and 2 for a running grid.
  10 # Attribute 'min_bin_probing_points' of the grid.
  1 # Attribute 'grid_mode' of the grid. 1=='default',2=='initialization'
  0.0000000000000000 # Attribute 'small_contrib_threshold' of the grid.
  0.5000000000000000 # Attribute 'damping_power' of the grid.
 # binID   n_entries weight   weight_sqr   abs_weight
    61   10   1.195085741465483E-016   1.283861347636149E-031   1.195085741465483E-016
    62   10   1.195085741468919E-016   1.283861347643907E-031   1.195085741468919E-016
    64   10   2.390171482930966E-016   5.135445390544597E-031   2.390171482930966E-016
    65   10   2.390171482937838E-016   5.135445390575627E-031   2.390171482937838E-016
    67   10   2.621921679348546E-016   3.247203200539463E-031   2.621921679348546E-016
    68   10   2.621921679351194E-016   3.247203200546891E-031   2.621921679351194E-016
    70   10   5.243843358697092E-016   1.298881280215785E-030   5.243843358697092E-016
    71   10   5.243843358702388E-016   1.298881280218756E-030   5.243843358702388E-016
    106   10   9.922927054030112E-017   8.949435077746085E-032   9.922927054030112E-017
    107   10   9.922927054029580E-017   8.949435077744794E-032   9.922927054029580E-017
    109   10   1.984585410806022E-016   3.579774031098434E-031   1.984585410806022E-016
    110   10   1.984585410805916E-016   3.579774031097918E-031   1.984585410805916E-016
    112   10   4.237183586335548E-016   1.144712077669030E-030   4.237183586335548E-016
    113   10   4.237183586340007E-016   1.144712077671948E-030   4.237183586340007E-016
    115   10   8.474367172671095E-016   4.578848310676122E-030   8.474367172671095E-016
    116   10   8.474367172680014E-016   4.578848310687791E-030   8.474367172680014E-016
    151   10   1.195085741465556E-016   1.283861347636311E-031   1.195085741465556E-016
    152   10   1.195085741469233E-016   1.283861347644619E-031   1.195085741469233E-016
    154   10   2.390171482931112E-016   5.135445390545244E-031   2.390171482931112E-016
    155   10   2.390171482938466E-016   5.135445390578476E-031   2.390171482938466E-016
    157   10   2.621921679348140E-016   3.247203200538318E-031   2.621921679348140E-016
    158   10   2.621921679351599E-016   3.247203200548028E-031   2.621921679351599E-016
    160   10   5.243843358696281E-016   1.298881280215327E-030   5.243843358696281E-016
    161   10   5.243843358703197E-016   1.298881280219211E-030   5.243843358703197E-016
    196   10   9.922927054030169E-017   8.949435077746199E-032   9.922927054030169E-017
    197   10   9.922927054029541E-017   8.949435077744728E-032   9.922927054029541E-017
    199   10   1.984585410806034E-016   3.579774031098480E-031   1.984585410806034E-016
    200   10   1.984585410805908E-016   3.579774031097891E-031   1.984585410805908E-016
    202   10   4.237183586334465E-016   1.144712077668329E-030   4.237183586334465E-016
    203   10   4.237183586339899E-016   1.144712077671881E-030   4.237183586339899E-016
    205   10   8.474367172668930E-016   4.578848310673315E-030   8.474367172668930E-016
    206   10   8.474367172679799E-016   4.578848310687525E-030   8.474367172679799E-016
  </DiscreteSampler_grid>
