  0.00005403372767461  0.00005413289175686  0.00005434315694341  0.00005466895213163
  0.00005506408609990  0.00005546587510392  0.00005581526351078  0.00005611116864303
  0.00005647327364474  0.00005684724865038  0.00005720009017395  0.00005746822751680
  0.00005775021098635  0.00005810421963775  0.00005854109504258  0.00005900698922085
  0.00005937791322908  0.00005972687976761  0.00006011164044678  0.00006049704343650
  0.00006081360540200  0.00006110073414984  0.00006139203805897  0.00006168651703983
  0.00006204374125065  0.00006244078356721  0.00006285506211063  0.00006318343568967
  0.00006341642809880  0.00006364676098258  0.00006390576886640  0.00006415973333133
  0.00006445849488001  0.00006480025203733  0.00006529402624537  0.00006587907534830
  0.00006649684635064  0.00006711044940030  0.00006772657901416  0.00006844497224183
  0.00006932507182186  0.00007000045444255  0.00007054864506060  0.00007094008973504
  0.00007128507407834  0.00007158202046790  0.00007193886255672  0.00007259563279905
  0.00007333763800108  0.00007412819879831  0.00007489637038799  0.00007608426228709
  0.00007755456042201  0.00007906297415619  0.00008071733221765  0.00008246608826879
  0.00008346097921041  0.00008418918426537  0.00008497735717937  0.00008580156909213
  0.00008667730149699  0.00008755275077351  0.00008854195289043  0.00009006482425470
  0.00009175128127619  0.00009348226257611  0.00009513319369911  0.00009660579426042
  0.00009799031145927  0.00009933343678240  0.00010077598808148  0.00010236380611317
  0.00010385377059773  0.00010561705769035  0.00010751122169941  0.00010963249457342
  0.00011212641184495  0.00011376577092967  0.00011487260506904  0.00011625726122706
  0.00011765387196613  0.00011936992625818  0.00012245640517061  0.00012604683791456
  0.00012888733746906  0.00013161650048091  0.00013486834190945  0.00014101515741236
  0.00014957181438826  0.00016148302972432  0.00017675901638543  0.00019825940563001
  0.00024266020058235  0.00039613284815165  0.47635487739602789  1.00000000000000000
  0.00543187672961767  0.02415100570989895  0.04134786268728931  0.05716903889331314
  0.07184482313109819  0.08619207739117327  0.10174876657646334  0.11416684537436105
  0.12496142031814804  0.13448310578467201  0.14328269510686911  0.15234328020777307
  0.16042129335825001  0.16785249260152157  0.17504564686321752  0.18126654511706569
  0.18950775049356405  0.19886697543967888  0.20948065227913826  0.22153776175449302
  0.23369285241733509  0.24444611039149181  0.25466428238749639  0.26645594797583405
  0.27944554732114557  0.29038132129562166  0.30035637926085945  0.31090570911019144
  0.32245153381702579  0.33202347046127706  0.34131488158703577  0.35778960949245303
  0.37478085248182974  0.39103720999962138  0.40327017909588331  0.41268334722881450
  0.42446512028226685  0.43709863313832692  0.44775224063963681  0.45790903452870257
  0.46973275709429324  0.48189928168501533  0.49162349255190008  0.50010309592369406
  0.51012614778880983  0.52057067128076162  0.53128101686115503  0.54174689041962965
  0.54940955120088009  0.55648863825612271  0.56397874137009329  0.57250570139600210
  0.58442100145427345  0.59755550500533705  0.61190270919078182  0.62761641585162664
  0.64232043983832243  0.65198824421577239  0.65775505122699895  0.66284892306318177
  0.66903369913524768  0.67633660091666015  0.68611607697590549  0.69318138869711132
  0.69808822005899995  0.70527339310932824  0.71344150954589003  0.72076886180255162
  0.72954832407416026  0.73414437264980559  0.73697193773132463  0.74051416353759758
  0.74572936582420957  0.75503698389022234  0.77017803254555939  0.78600664417031230
  0.79635702474904335  0.80460142993331074  0.81266470935397872  0.82215756073921020
  0.83349810740653274  0.84459118691672819  0.85518935146558483  0.86453951794650385
  0.87314175373875758  0.88154145648265270  0.89114851133952200  0.90085810501174068
  0.91088741091805647  0.92233974296058430  0.93617115608121637  0.94925091937137029
  0.96104765467063435  0.97245395480180363  0.98384799736548112  1.00000000000000000
  0.00028267929952184  0.00028978917047355  0.00029357887740017  0.00029713201789045
  0.00029988624303259  0.00030244316747719  0.00030550598215135  0.00030853410249413
  0.00031104282433700  0.00031338456202975  0.00031557955650889  0.00031762198568327
  0.00031960400437468  0.00032215513322091  0.00032591930674439  0.00033007810980178
  0.00033308853897569  0.00033485713057676  0.00033648703521736  0.00033835688695737
  0.00034043894518710  0.00034289975561861  0.00034526199665243  0.00034813488786389
  0.00035033295642841  0.00035206644566859  0.00035337656267269  0.00035454586764404
  0.00035573031094652  0.00035806860343337  0.00036225269905495  0.00036661724924315
  0.00036900014913015  0.00037182131133507  0.00037524213709824  0.00037848810148201
  0.00038168194640210  0.00038451982020291  0.00038718539707358  0.00038950583507390
  0.00039184832539930  0.00039453273673977  0.00039794572023321  0.00040153359791842
  0.00040516247807119  0.00040908393563770  0.00041293376953128  0.00041581333096990
  0.00041855295213618  0.00042070473686824  0.00042298214250316  0.00042549776983926
  0.00042811432833096  0.00043074619743282  0.00043456088322086  0.00043897808634495
  0.00044308211167041  0.00044720422061860  0.00045159610409174  0.00045645674555135
  0.00046143838809933  0.00046604506460549  0.00047030579190645  0.00047645647667088
  0.00048095401320158  0.00048664418693643  0.00049390279041164  0.00050096006206588
  0.00050765186747468  0.00051413185919459  0.00051974020939057  0.00052421011518246
  0.00052812590048428  0.00053230307064825  0.00054012123101534  0.00055304157915622
  0.00056876337456871  0.00058590918874363  0.00060299175400446  0.00061802830987115
  0.00062962414391166  0.00064213686318942  0.00065562930974227  0.00066768463633366
  0.00067984897763465  0.00069981172177714  0.00072591939417093  0.00075899259736124
  0.00081336957551769  0.00089508410738533  0.00098207674446963  0.00107245710621960
  0.00120320509048955  0.00149206470774068  0.00235830997711417  1.00000000000000000
 -0.00001723215553144  0.02051528881797120  0.03499597062847335  0.04872392920374606
  0.06348470792388929  0.08115744035116716  0.09870774765374918  0.11373280936391190
  0.12718710499554539  0.13840221268789660  0.15216873915925913  0.16580358490430372
  0.17815307971512598  0.18890231575229421  0.19848804629724226  0.20676092740801480
  0.21507026243365127  0.22584726000566169  0.23980464791672707  0.25556003709384051
  0.26905842829922633  0.27919706256987131  0.28851368585116222  0.29533907039715357
  0.29924193043526659  0.30356278280514987  0.30821504264123262  0.31376351734431501
  0.32038476865487175  0.33676542705345230  0.35221532555156032  0.36763021987217920
  0.38369778243357688  0.39896373218895048  0.40873985912086058  0.41808635591975774
  0.42719582372998910  0.43785246655597299  0.45595488059667227  0.47707056001702991
  0.49536560083553111  0.51070896866936755  0.52247124243705934  0.53329030400408040
  0.54529929630085916  0.55939574067577436  0.57473890307656994  0.59043906558096515
  0.60371461375378654  0.61308514232397093  0.62180457630778974  0.62948830069776240
  0.63643140472147441  0.64315325076615770  0.65011641941562737  0.65650885530688929
  0.66787332723443782  0.68492025945878354  0.69894497155692881  0.70767741210404544
  0.71234758471398085  0.71607010007841665  0.72070839446229040  0.72658438814262172
  0.73322267402269370  0.74006567187000383  0.74852391802792095  0.75628807736298942
  0.76358090217242225  0.77141709187996188  0.78057335984715015  0.78792886663476536
  0.79587069202035599  0.80500235208703930  0.81603825244352568  0.82676309988801033
  0.83683416871671179  0.84921820409768911  0.86123514216418851  0.87083598635637616
  0.87811742077956900  0.88375677944435249  0.88979411968289357  0.89731738325017762
  0.90783714680494243  0.91808628301784012  0.92612127110592746  0.93406838962757588
  0.94368835790391037  0.95350628179750774  0.96246925614142109  0.97102970295510560
  0.97988318953569586  0.98717042769898600  0.99377896141577060  1.00000000000000000
  0.00054140384120717  0.00059218316619539  0.00060039302167971  0.00061032490350141
  0.00061960689046814  0.00062759236237893  0.00063570373099553  0.00064541496746882
  0.00065671596100665  0.00066690517114733  0.00067817791805821  0.00068933314837696
  0.00069832142213786  0.00070455127219371  0.00071000050939519  0.00071520773201246
  0.00072021713081929  0.00072445769632273  0.00073124363828607  0.00073968356621559
  0.00075128734822855  0.00076695750607254  0.00079510518801351  0.00082591556706855
  0.00085467594156819  0.00088375527854727  0.00091088785150812  0.00092606496741466
  0.00093535681221246  0.00094101787191326  0.00094866789614806  0.00095745222737306
  0.00096907806501853  0.00098470045457944  0.00100227958114613  0.00101883766772953
  0.00102914931545498  0.00103738231349662  0.00104564273774202  0.00105647295682118
  0.00107062956636197  0.00108408137019230  0.00109704764547659  0.00111159197785384
  0.00112731026579913  0.00114235449051608  0.00115647693813616  0.00117110365737782
  0.00118763477216261  0.00120476715171838  0.00122223647122321  0.00124168914207432
  0.00126359865803250  0.00128700495524141  0.00131337974540970  0.00135022282023290
  0.00138259169891931  0.00141164162895694  0.00143692296276262  0.00146146355976565
  0.00148825115198073  0.00151732138785097  0.00154668233449699  0.00158662305157107
  0.00163611335074881  0.00168891034970631  0.00174057403987693  0.00180787443633110
  0.00189358216326643  0.00198280793573303  0.00207200341570442  0.00217096821009531
  0.00227863347155159  0.00236647788498685  0.00243400197226854  0.00251171717996388
  0.00258057210304251  0.00263585755891468  0.00274446200527860  0.00286142673353024
  0.00298929116321427  0.00314275716287638  0.00330936990469526  0.00347997375240641
  0.00365189083984552  0.00384397835756687  0.00402897913615746  0.00426540544748458
  0.00454388548843170  0.00495123840048068  0.00569601436663003  0.00699910197432606
  0.00890925878427403  0.01890258901695654  0.77761302378340158  1.00000000000000000
 -0.00233264121040383  0.02732789054579638  0.05258865386981642  0.07396261000593808
  0.09164776852005610  0.10536431380367385  0.11468339942045021  0.12245549369431305
  0.13058011601730699  0.13980937054714704  0.14841803385187760  0.15383868794956262
  0.15999013242293311  0.16528985383537567  0.17317152949884718  0.18458170172755570
  0.19988420104497348  0.21824762824696628  0.23681388368280659  0.25591529524751783
  0.27026545050679046  0.28406576171049658  0.29697856329802508  0.30988478737845487
  0.32277948416680124  0.33318064504536193  0.34192321474854159  0.34915015145120554
  0.35411561387924417  0.35894589815119571  0.36700517744996436  0.37580050554788436
  0.38501481016254663  0.39709222268761701  0.40832540365168057  0.41697631539292396
  0.42474599369278776  0.43397869897280239  0.44409572823343063  0.45342687650925201
  0.46140105158817502  0.46958554563543448  0.47698734199989379  0.48463430331773399
  0.49192207930492116  0.50227251621584734  0.51473356687964178  0.52653857320649300
  0.53683703566229057  0.54604034440943683  0.55531351545105490  0.56716116794709659
  0.58552145502865649  0.59481409803550156  0.60445723619725444  0.61300729178537328
  0.62115750198136066  0.62995555241275258  0.63910977666432245  0.64748228849003087
  0.65545642241470581  0.66599363570339676  0.67945109739356868  0.69594171179387820
  0.70889665787657541  0.72498282844518036  0.73903204418927992  0.75267768677801805
  0.76578330822302421  0.77697384438569095  0.78687783130227962  0.79680120426442447
  0.80623105315492438  0.81751383399042743  0.82727685127106487  0.83618405628278802
  0.84477017344838068  0.85223925395163946  0.85934151079325238  0.86564959724026891
  0.87344334740953133  0.88279126926492280  0.89032237548301663  0.89628496394343826
  0.90196896707741525  0.90511637442158044  0.90898569009364483  0.91371045516261351
  0.91843782721119249  0.92364812067529145  0.93266302015916547  0.94470264726024300
  0.95880460073570606  0.97116432349633686  0.98486750237568310  1.00000000000000000
 -0.00049053583795802  0.00249472025628769  0.00452588758010429  0.00746951454480187
  0.01479341058084267  0.02452687060335938  0.03222100981516338  0.04034874455092961
  0.04806796435162914  0.05615569236531813  0.06515198779288524  0.07555479743803929
  0.08621577024478402  0.09259862807747919  0.09582449170925543  0.09907475351831138
  0.10389312005045888  0.11355747948982235  0.12614339599709257  0.13487074576443145
  0.13949369293530131  0.14348345464983919  0.14717044611017319  0.15110829093498154
  0.15600153637758504  0.16403830269851927  0.17268650730750634  0.18006575631191959
  0.18735015082680626  0.19563393687879990  0.20558042187881970  0.21763083873547537
  0.23090982581726199  0.24294489747918102  0.25312541668994060  0.26378323912291263
  0.27598768732770551  0.28985672324587852  0.30383203186392699  0.31489414251012487
  0.32415675248520881  0.33492810808629975  0.34427847544592810  0.35275072518897999
  0.36163028945573927  0.36699898448084728  0.37275186310221886  0.37822283691899933
  0.38565629112480648  0.39659193225697087  0.40952041201205963  0.42518144761214949
  0.44148596924652833  0.45686596683327174  0.46996613299098638  0.48305752411842812
  0.49600862735841567  0.50855352269559573  0.52011085561537995  0.53108879345684423
  0.54220791991757256  0.55165969472005405  0.56084758371314636  0.56768255064653994
  0.57288003305820390  0.57869872063672589  0.58569920561205413  0.59414108912141050
  0.60268343995511042  0.61051206149950632  0.61837397756600587  0.62576474857173936
  0.63318764618136103  0.64002590273398974  0.64669862608223938  0.65279401056205177
  0.65781046716141733  0.66315825017222563  0.67001705098123476  0.67761593108557605
  0.68415793044293194  0.69308245652611722  0.70624616315911881  0.72132727141433428
  0.73862732239060580  0.75876613288786665  0.78142617605450415  0.80394801878744193
  0.82340608295842876  0.84295327500312978  0.86443123370172681  0.88545210796227292
  0.90785068276963610  0.93520442375171708  0.96745127028443045  1.00000000000000000
 -0.00106045447407310  0.00513011225924672  0.01160078911934152  0.01850095883399059
  0.02727964087724625  0.03805158204971053  0.04834104550238583  0.05539768240990282
  0.06321657586658426  0.07048283230967092  0.07758431668793526  0.08454019489950508
  0.09128572716818316  0.09764466389253097  0.10311620819099768  0.11066772988287760
  0.11770364364313099  0.12377790643131946  0.13080862621346606  0.13834790137542785
  0.14536258923322420  0.15055134591805103  0.15705959251001192  0.16409734111182284
  0.17521185159173497  0.19233689523182537  0.20709923280228212  0.22396265579889768
  0.23994625301771705  0.25580172918566774  0.27153987849345074  0.28596486812080274
  0.29991067524226539  0.31329566166468431  0.32387922511865541  0.33014253118316528
  0.33794645018253261  0.34681020537101626  0.35967962926906732  0.38065272855805471
  0.39976943343037546  0.41283115156745587  0.42239259065218565  0.43056517616644097
  0.43758081881062683  0.44432907448099374  0.45743859810915560  0.47065038271535009
  0.48392797980499358  0.49619379803511260  0.50641625450883976  0.51533238163874628
  0.52484090588402577  0.53681683057070195  0.54673427226872784  0.55817150058807730
  0.56902425469512241  0.57810714356346438  0.58719235332050235  0.59790686701117901
  0.60957024307280938  0.61840205979768037  0.62809083662598975  0.63953968484344370
  0.64909916150779989  0.65794812157617466  0.66916950659855678  0.68284827655592106
  0.69731089670577473  0.71153781161415475  0.72305810091787137  0.73349415569380338
  0.74594987618390485  0.75985740234034171  0.77478296002181679  0.78922302372879971
  0.80340986763124933  0.81751921314660758  0.83389638929236776  0.84642227652219393
  0.85510288386437383  0.86193162199842654  0.86882432089505279  0.87568401402680041
  0.88307271278346000  0.89161841873789904  0.90112709163063254  0.91261991699858047
  0.92034928502219548  0.92723535661348211  0.93508965059904259  0.94983933518890040
  0.96234274894092220  0.97364430123199852  0.98614397161891154  1.00000000000000000
 -0.00316855398662306  0.01412118423023000  0.03173812903311783  0.04806722194913335
  0.06634901766223363  0.08022339018965541  0.09272140853140461  0.10865461789827593
  0.12428585647880244  0.13953164235763521  0.14939882264696572  0.15843096171578711
  0.16791365773001526  0.17600217633740439  0.18418806971335125  0.19441989289178183
  0.20406960343743361  0.21186932736765490  0.21931999371037536  0.22997699581477937
  0.24615728475125168  0.26586485455407716  0.28335878538855913  0.29634772883114108
  0.30325212167496679  0.30978051291868114  0.31681785617085045  0.32440675420458209
  0.33446356183562787  0.34568738534902949  0.35693406697849894  0.37079923308748758
  0.38378052229202136  0.39615064918747733  0.40908758518776644  0.42233070867736922
  0.43712302359862543  0.45129751552991937  0.46386292229782139  0.47559371014942114
  0.48828528610516286  0.50275138918668194  0.52008784769081218  0.53280823338611372
  0.54461193471008784  0.55610933835845378  0.56673843474176866  0.57848189015915963
  0.59182208740641162  0.60135703138862528  0.60783565341142876  0.61511600357023888
  0.62364416006447976  0.63464042533609699  0.64620157134651401  0.65966332050630327
  0.67263935976720601  0.68422884237509962  0.69471248242369010  0.70432147508535170
  0.71428540999192147  0.72489645013081605  0.73449261055038106  0.74562881749430032
  0.76268007432252249  0.77875605448154694  0.79451269913164702  0.81167450777921912
  0.82753914655092697  0.83858235452424090  0.84542311326143038  0.85203000028673037
  0.85921077153721259  0.86702196148595911  0.87618493536064279  0.88745190208991842
  0.89387247323657415  0.89817488372307286  0.90198244967194896  0.90546993993855240
  0.90836836727110992  0.91067095170748014  0.91340153397784485  0.91697568993438883
  0.91987590341344216  0.92317542479084325  0.92703015051312254  0.93041314935638442
  0.93427816774966532  0.94123855245113752  0.94798600699071467  0.95205959187764455
  0.95647604146434650  0.96515995834347490  0.97988504518780351  1.00000000000000000
 -0.00141639623131013  0.00924757617107914  0.01873063078923996  0.02886422617327081
  0.04226524531730091  0.05715507607560717  0.07300232596429294  0.08974777568993209
  0.10636508693199727  0.12018181616757265  0.13236119284540029  0.14281913652790129
  0.15385526528002716  0.16659212926297889  0.17848750555993859  0.18920754792031036
  0.19833226532717627  0.20718678398697390  0.21580285845295252  0.22298169525878453
  0.22879928300020599  0.23652266112641626  0.24475330944468379  0.25741002315578071
  0.27092364967646421  0.28674949911054193  0.30226174260262989  0.31830480193483002
  0.33483018225788486  0.35090320473761416  0.36971974768169602  0.38801263805769637
  0.40506460914292292  0.42313400036624732  0.43998931137148523  0.45560746185215628
  0.46875238745873304  0.47552324622729431  0.47992778097871230  0.48466928920770486
  0.48906440632915754  0.49247248138528443  0.49600412914425779  0.50156707014389668
  0.51002459248946796  0.52249410809359642  0.53417326238792684  0.55173884194128708
  0.56914055458038915  0.58649751526729121  0.60030250901113891  0.60986421192497819
  0.61980494243878304  0.62981153869557760  0.64086590907960705  0.64900146439458273
  0.65769220860695976  0.66675417823705385  0.67432875406651749  0.68410807837833121
  0.69406747527730994  0.70291630408586381  0.71206465275936426  0.72200827129529743
  0.73269445976233061  0.74231393652164035  0.75009846909742595  0.75764067280829850
  0.76601337284918958  0.77439984676494300  0.78201345745410400  0.79014883299547534
  0.79746170501814229  0.80279110999820769  0.80612338073456802  0.81294794807818171
  0.81915685081331069  0.82229546633292205  0.82533401698265985  0.83101587287271261
  0.84223787029484454  0.85614059902963102  0.86684407459422097  0.87656463925933537
  0.88570364706139226  0.89490933436991582  0.90481412831571839  0.91536811614663838
  0.92493324185689374  0.93248361282953496  0.94082142758360865  0.95081536611550310
  0.95993890791867054  0.96835022170575336  0.98311767538606920  1.00000000000000000
 -0.00814015504189552  0.02531224389897264  0.04408173444413270  0.05731042308875743
  0.06768349543784158  0.07410637312272485  0.07861411305498467  0.08196335764937888
  0.08578798548250660  0.09455594533306960  0.11228562534894704  0.13411262980015587
  0.15215584775007923  0.16598012493851100  0.17563902714210794  0.18329776631926062
  0.19244509646715746  0.20160812641937775  0.20829370219892135  0.21454500922209332
  0.22051080321242772  0.22505690173347379  0.23123863296191047  0.24217840985074274
  0.25167220443902977  0.25973862161580036  0.26898166494381032  0.28180983824933126
  0.29484922578945860  0.30552116936266399  0.31369931540379803  0.32104506341572919
  0.32797086389496821  0.33411558437971051  0.34227176650801761  0.35077489689232388
  0.35743690160760627  0.36394807928100664  0.36984011136313466  0.37668191446179444
  0.38294017389960755  0.39184858301078107  0.39980756344871887  0.40837293650043993
  0.41652732337660303  0.42381461838881473  0.43381764211860652  0.44437556330785805
  0.45420732047552803  0.46455034874004703  0.47577140910672788  0.48724313934724328
  0.49573969552638658  0.50238461093996967  0.50901150218203217  0.52019175228688863
  0.53444199668102277  0.55031370839643090  0.56411710517328884  0.57777469760502831
  0.59214472293926990  0.60667247163829308  0.62115768133901517  0.63171056416170579
  0.64172473707004551  0.65141557910004255  0.66027185538277844  0.66805394936210583
  0.67512997568589972  0.68325816228292391  0.69213652981666385  0.70359062020182028
  0.71864463500264186  0.73453119720618754  0.74904490472721086  0.76254123895941217
  0.77658359911395292  0.79183102988209964  0.81017005641576789  0.81953325711722458
  0.82670006658828576  0.83333849571252772  0.84031946765548216  0.84792035211523453
  0.85502459827100907  0.86059823950996672  0.86629967592443990  0.87329066814523837
  0.88192656728049601  0.89452909806358161  0.90680037058511487  0.92073116606691818
  0.93845125336977386  0.95607527403643233  0.97569300384071678  1.00000000000000000
 -0.00460540641943763  0.00352801131117630  0.01166142904179024  0.01987508395791699
  0.02827892390671099  0.03671380095272395  0.04788123870607476  0.06051558641288741
  0.07480926429293146  0.08914897279617934  0.10190349705954989  0.11141454088779419
  0.11765887313682109  0.12438448870683771  0.13201483189371505  0.13957271406273686
  0.15015622845108442  0.16113707988080028  0.17331581027990886  0.18791786039281377
  0.20562763472944132  0.22701585670631977  0.24788250293731962  0.26727133991816932
  0.28284928482925431  0.29920886289007875  0.31325127160247773  0.32356430625216709
  0.33414529886145933  0.34456008764377710  0.35352928766400576  0.36240953973792345
  0.37349751982214785  0.38736117484908622  0.39829390528479552  0.40717652400001636
  0.41555356815548578  0.42550941648852225  0.43745087015390943  0.45165459890362136
  0.46678484263494385  0.48067533354670078  0.49237192120453799  0.49975357586571023
  0.50686138036467421  0.51378950402424339  0.52053769463551636  0.52842872953414266
  0.53982005116376952  0.55284637628842404  0.56317940370855879  0.56956578049487450
  0.57591143982373216  0.58196220090867956  0.58710645499675196  0.59579224607330572
  0.60494667611510189  0.61155373681413683  0.61715488530176998  0.62333592593417742
  0.63774521787006466  0.64996606713134553  0.65846679517684803  0.66401667175339008
  0.66966561985253015  0.67853651820494398  0.69141469872882455  0.70256897924875761
  0.71653656838544422  0.72902362164209589  0.73992898406165741  0.74924275539759011
  0.75926496235037355  0.77077644910037446  0.78392516402763834  0.79674041630270642
  0.80749697945107757  0.81526736946170164  0.82152563437175674  0.82809351945659093
  0.83598387197171475  0.84502594749081206  0.85788764406762819  0.87500415685754718
  0.89338804720340292  0.91073294878793298  0.92403561956531943  0.93273937934997098
  0.94219025278520296  0.95259205477347397  0.96152482877548506  0.96878941271115815
  0.97709281503174072  0.98534215786365376  0.99315401978563422  1.00000000000000000
 -0.00298208740650065  0.01398968214905645  0.02559163857900813  0.03574330660632988
  0.04478711661128811  0.05253578836110966  0.06068674136916839  0.07052541626839533
  0.07982680253517893  0.08674593449344171  0.09399188574719552  0.10135866519105881
  0.10799470251710147  0.11413916877330836  0.12236312115795306  0.13006306299055093
  0.13723566237129320  0.14539424074756879  0.15416791928134155  0.16360872356971520
  0.17568172395423809  0.18607794378298792  0.19679103039546822  0.20837997213716744
  0.22141095858269105  0.24070666180460004  0.25610480185017653  0.26822944303967317
  0.28008151462896080  0.29307569341473017  0.30653076747194796  0.31894228629677251
  0.33062460415284811  0.34318638030012094  0.35492298997162369  0.36505513647553745
  0.37344054452987252  0.37956919103931436  0.38551487175444626  0.39151463523260099
  0.39817131921103288  0.40581241853696304  0.41971928045565221  0.43115606368446507
  0.43923687829650770  0.44520058018628578  0.45098591460531018  0.45665139551107120
  0.46359224304913088  0.47389257028442916  0.49050534619360747  0.51014554868085227
  0.52618145860823795  0.54050529761901056  0.55392856362494702  0.56700866418310791
  0.57696799028638956  0.58619343489201159  0.59529137326238246  0.60349485651603541
  0.61071324608473654  0.61827825659732971  0.62661126819164792  0.63452026713811660
  0.64150769255048068  0.64893420318632333  0.65867711155775632  0.66741593606520278
  0.67412776437642341  0.68051891874820414  0.68871476148969157  0.69743705995440852
  0.70592263030969549  0.72140206806018381  0.73208922239991459  0.74004453680969939
  0.74548247904288789  0.75134369838294490  0.75925341034856886  0.76855671336367126
  0.77535758690785583  0.78213950830939616  0.78843536489242161  0.79296188561768943
  0.79895232496785662  0.80563585683852790  0.81276026715442062  0.82330101612285178
  0.83785761586188523  0.85105476974794025  0.86593995835915660  0.89109633549313372
  0.92005944981114640  0.94584530901759678  0.97302502414730374  1.00000000000000000
 -0.00234276005802938  0.01172007646706230  0.01905063068553797  0.02582278521034594
  0.03408532253166525  0.04005643238103532  0.05423692630199824  0.06498692458313128
  0.07122769273101887  0.07750646735296753  0.08422937503699431  0.09264340761822153
  0.10187645143196711  0.11610267786997303  0.13330526102541390  0.14401385988569057
  0.15287350454462645  0.16111449840057640  0.17041492636917691  0.18280004757852497
  0.19618405259677585  0.20771249783948426  0.21767637352883989  0.22800490060497269
  0.23774533340506623  0.24577245510905213  0.25227577091931574  0.25943810562194425
  0.26803435454521818  0.27890247019373876  0.29091594645641866  0.30373587190481488
  0.31701437951507921  0.33136758832515978  0.34472066042414645  0.35632568596650899
  0.36829190770429659  0.37859125036079500  0.38749995817974342  0.39529951830782517
  0.40198354884365278  0.41051637084940079  0.42039467138384873  0.43002449593252601
  0.43741881199781019  0.44300676538307787  0.44929015950748186  0.45869391479246019
  0.46934837780076960  0.47652678367271240  0.48465825714397137  0.49359904874058763
  0.50412446295757640  0.51521609089226950  0.52376375551226995  0.53422956458481519
  0.54637604086401559  0.55409775555469365  0.56039556399839585  0.56726804719077095
  0.57515865471157690  0.58591913661831208  0.60280311982821122  0.62602563742668049
  0.64862590762179173  0.66330069630078281  0.67699330402064761  0.68838917219212570
  0.69923837304146996  0.71106231496710648  0.72324398773632326  0.73131006341688776
  0.73702998837842082  0.74285879649719744  0.74791423350261499  0.75232233308349883
  0.75825371176434986  0.76472838629287898  0.77406016520705245  0.78631736383840600
  0.80283865492646045  0.82041921349962466  0.83863491752240893  0.86019707232696485
  0.87253410212378246  0.88431382884081466  0.89622807894890488  0.90707872114353405
  0.91611905817060435  0.92365947077270649  0.93109223239480465  0.94150936016159392
  0.95397015954525444  0.96482133233213663  0.97812845716997787  1.00000000000000000
 -0.00641503316476341  0.02274601891602152  0.04512100538115963  0.06085517139371820
  0.07458649250503974  0.08498350870413690  0.09679319236475768  0.10989356898156057
  0.12218503990722686  0.13286247760758796  0.14265095330832991  0.15199957578648196
  0.16155559070141040  0.17008533972178050  0.17638056745799499  0.18266797013587446
  0.18865922067306276  0.19464777682162632  0.20095340361218270  0.20896082259812102
  0.21811620128194253  0.22774952862584658  0.23787887892472098  0.24955113866249273
  0.26174742008432050  0.27392828207028191  0.28490871925305744  0.29363874080885594
  0.30132659937114498  0.30972849485511200  0.32090122313288599  0.33252405725206829
  0.34501986732596573  0.35658072404372282  0.36561304155571500  0.37407455931134842
  0.38229139814225183  0.39221640195787139  0.40139915082974076  0.41218137362058366
  0.42657211760713831  0.44548185058672241  0.46919242248314175  0.48869976190404768
  0.50661046538835164  0.52257686084790200  0.53545753914479377  0.54377596384899551
  0.55348386638978309  0.56053486007617015  0.56545819626878491  0.56972072034873500
  0.57544815074296463  0.58187425053104813  0.58981148505398973  0.60065815618114016
  0.61543618211886630  0.63279893081861416  0.64973347807273796  0.66339386450524374
  0.67333837347510817  0.68325166146819238  0.69188854816861212  0.69943761490365652
  0.70806715234863604  0.71727179248782835  0.72771007734364435  0.73793255882273878
  0.74573572983251568  0.74908972917600170  0.75173387144778403  0.75527597882147701
  0.75894962476561445  0.76296943600268030  0.76699712314744506  0.77194990219041204
  0.77993796523523229  0.78860211011738790  0.79401803103799229  0.79809685779354045
  0.80546655297478964  0.81622596166130201  0.83342232447030684  0.84927238596083920
  0.86344221122959897  0.87796318720115030  0.89263023256362728  0.90804542677540245
  0.92237104892958932  0.93784086532087385  0.95265866475406269  0.96140259986100807
  0.97226915750066889  0.98212940649644831  0.99169465060981898  1.00000000000000000
 -0.00230196517983398  0.01101345906749982  0.02249328293384582  0.03266012161401927
  0.04276908404218801  0.05405902958563100  0.06706448704642412  0.07900050169486189
  0.09138139368504167  0.10452661463779195  0.12057907725118285  0.13782627582720999
  0.15513191933912690  0.17146971552958110  0.18348624671230418  0.19377526105548110
  0.20338583164290999  0.21347963904449035  0.22309815527451649  0.23286589160171098
  0.24339044043167732  0.25738436661789876  0.27796113701688308  0.30090697382269205
  0.31593658596745794  0.32670065729428005  0.33752438392451162  0.34897071664047818
  0.35986478637899894  0.36964092992432479  0.38194948363770487  0.39756606570474989
  0.41070137751083324  0.42094805133670143  0.42844674995908189  0.43727936034695258
  0.44541851706298052  0.45234139450085259  0.46109181904938706  0.46914032510732112
  0.47551098655862206  0.48112579035581171  0.48978114955110358  0.49782824700370404
  0.50572147354680230  0.51259505021835827  0.51850068697410723  0.52725129565627649
  0.54061575531308437  0.55775548560591304  0.57179075395733181  0.58499372242484393
  0.59688171261217304  0.60546054103367941  0.61129389281091695  0.61702661533435421
  0.62395110673870480  0.63098213906164469  0.63781037513748340  0.64452422331736481
  0.65226359202290807  0.66166820674428406  0.67837730128810381  0.69088947917829879
  0.70177871529237168  0.71151496460974495  0.72014753190565406  0.72893009364551675
  0.73678092108807058  0.74464835352151348  0.75233970491355917  0.75871820049824890
  0.76433112477173837  0.76955468956616335  0.77613434012826432  0.78280248847523026
  0.79012577520553906  0.79877014190313866  0.80856075310595632  0.81750163084123628
  0.83237675443021997  0.84786633324370930  0.86068807770507549  0.87298300145932339
  0.88621314571425203  0.89705065827736097  0.90423905165527474  0.90819485136782696
  0.91235290502550614  0.92003357306517541  0.93032364810960200  0.94108522539795136
  0.95564020618157408  0.97024527702795138  0.98512263851397563  1.00000000000000000
 -0.00234839392029388  0.00745839671495487  0.01698916609894945  0.02649401980690148
  0.03638287526870888  0.04581234750974506  0.05660389214295355  0.06662947647329981
  0.07541288679720488  0.08299910095567101  0.08977713918039315  0.09571694790327666
  0.10119874164018378  0.10684495400091321  0.11337538642418324  0.11924932478637372
  0.12637884793105270  0.13484329688219768  0.14308691450981875  0.15030574835611987
  0.15605608419150957  0.16077742920880200  0.16456722526167225  0.16852618297581815
  0.17332598270131189  0.18053439585968861  0.18631961975573780  0.19090608003036785
  0.19555546630914672  0.20030410093336329  0.20490867530218579  0.21128841160132822
  0.21820451665742599  0.22307163995907878  0.22799174937730973  0.23832337266795484
  0.25402168866312158  0.26834313438059459  0.27824850810180113  0.28778172955693743
  0.29587229496303508  0.30221011902928518  0.30778417548021147  0.31364942332641960
  0.31850181189099480  0.32218501376591036  0.32873287161192938  0.33300211483594933
  0.33725683862274192  0.34312089604143520  0.35053988793126839  0.36103754458295467
  0.37497095417133958  0.38602097810131258  0.39621686505564757  0.40629856907008910
  0.41662131036775224  0.42729792708388936  0.43799126220754891  0.44910373340906418
  0.46251585568044062  0.47585543177515416  0.49019029574273260  0.50264551932289969
  0.51437236471233905  0.52746182401125152  0.54363483452305983  0.56090628738439918
  0.57475165388572791  0.59003471864214252  0.60183200005695703  0.61503957650133001
  0.62881785286182768  0.64405890325437598  0.65708561311424385  0.66845158385731696
  0.68317694638923943  0.69651288246502674  0.71152391803019688  0.72788331795286698
  0.73940995558612099  0.75312744449906088  0.76790790641684581  0.78255143218437462
  0.79813756393826429  0.81369012674134467  0.82360698175511682  0.83276850183343287
  0.84321594869737981  0.85839008124374139  0.87116697707258572  0.88745394618216833
  0.90918635512708468  0.93224763344136452  0.95593766428086890  1.00000000000000000
 -0.00208237509948638  0.00643702031561380  0.01615351162987332  0.02629095833812314
  0.03662367261330929  0.04453345712888995  0.05290739874940702  0.06095681487757013
  0.07085179437017632  0.08028640495000255  0.08910933894159578  0.09577832611717743
  0.10397355325465851  0.11245304166463321  0.12156444681745898  0.13248799300848524
  0.14349888069420505  0.15271645773831774  0.16111800301305473  0.16967621577413008
  0.18315741246086101  0.19226246541527264  0.19890753694223257  0.20771405087983741
  0.22126948354999773  0.23823807743804412  0.25253848258722439  0.26703888705212830
  0.28143905026442806  0.29465933283959062  0.30954176623704710  0.32609987791524392
  0.34499579274807540  0.36496703144252218  0.37857623969747239  0.39185255566770549
  0.40505653559371047  0.41928402376600693  0.43566678217798727  0.45417941448833593
  0.47318332137563290  0.49253877954787811  0.50864338506712492  0.52128115822707166
  0.53225161093268536  0.54285815727304043  0.55493369961284111  0.57030981397896729
  0.58451407336156902  0.59314682969947097  0.59801005367485349  0.60159235916610376
  0.60661226370693977  0.61175049792161507  0.61863189169323496  0.62929168101920674
  0.64027321924607528  0.64730783255697688  0.65613742809413922  0.66756354077493851
  0.67709465422937631  0.68877242570959429  0.70200539615941504  0.71256583822959729
  0.72329658937122887  0.73474673530701740  0.74562248015225696  0.75560147058544369
  0.76698887908401814  0.77434296890980481  0.77959867010091211  0.78474856322666697
  0.78992655279286916  0.79501030549510165  0.80093087433832033  0.80741210574854061
  0.81234940854702031  0.81710701094001359  0.82464207873290363  0.83692510151637622
  0.85042764461985276  0.86579930524246362  0.87903704338544209  0.89097312114493987
  0.90435109507405820  0.91358136407083379  0.91878393786516432  0.92428647846375667
  0.92996011167831893  0.93830044861322837  0.94818459601098737  0.95846353441939569
  0.96903925828005488  0.97982238816541400  0.99011164995685563  1.00000000000000000
 -0.02924122456365174  0.14215579451146854  0.20666446211616726  0.23734589261595479
  0.25079411772292909  0.25935324605015453  0.26705106725313582  0.27461041561414540
  0.28301289943524965  0.29392256109050940  0.30528804143652516  0.31673036914638891
  0.32638783383920411  0.33360275884390894  0.34013885227725943  0.34606057305874049
  0.35215616147918399  0.35829858783334123  0.36418195755986937  0.37094829642122717
  0.37765777081048668  0.38473609387461116  0.39268305653237612  0.39920869640795598
  0.40414982864702337  0.40839230164599721  0.41261034035514288  0.41684943513380313
  0.42089517214851935  0.42499443332478243  0.42894812429008261  0.43444729753249983
  0.44020990224615814  0.44427837039594209  0.44738454773399999  0.45055928515044907
  0.45448367473523704  0.45851286868953478  0.46491314451147792  0.47194328410929076
  0.47796709814305721  0.48111727497447798  0.48319113999213853  0.48482357980529345
  0.48684789102942472  0.49002474441396060  0.49285960081950747  0.49525108062462059
  0.49945368218467112  0.50452156061899178  0.50753375809074497  0.50977156708191573
  0.51168298550222424  0.51372008767199928  0.51623185377947634  0.51916741617354101
  0.52224741511409400  0.52448048254139035  0.52657287481120851  0.52961833670258651
  0.53419631028573911  0.53985371542315752  0.54647539060771588  0.55282724836075170
  0.55752396207494270  0.56186879992937211  0.56592119639225991  0.56959912737429796
  0.57317987664012182  0.57833952195860239  0.58355723504047496  0.58865518840905418
  0.59280995819642990  0.59671516368852251  0.60061929855361196  0.60440332667521313
  0.61048160773849436  0.61864915403611775  0.62695738359728403  0.63325125198766419
  0.63797164605655288  0.64318073810387622  0.64927528018375991  0.65743630345748227
  0.66929580299134128  0.68405976164808902  0.70086965457409689  0.72082710814117978
  0.74497397900377771  0.76934152710568926  0.78932955657969772  0.80450206937501656
  0.81869706082502391  0.84567036289377029  0.88468460220933975  1.00000000000000000
 -0.00231795961676319  0.01134094591769053  0.02160588109875740  0.03198124901920432
  0.04386428301054178  0.05716507369789421  0.07353333816581142  0.08928789671230584
  0.10485670169366647  0.11871198200009662  0.13079855810833696  0.14448538452972814
  0.15927286120037373  0.17280664578510169  0.18477518607465926  0.19425033551998269
  0.19988437620296612  0.20623227854630014  0.21347508420560626  0.22200783672018706
  0.23169273607484053  0.24238929594301636  0.25366393971146023  0.26460332856280133
  0.27367113070651777  0.28018304649386599  0.28782633340378455  0.29619028315265056
  0.30320553245974990  0.31058385201176486  0.32009725648868859  0.33041516681891731
  0.33819825484004279  0.34480521516118684  0.35228477174348788  0.35770496049465855
  0.36225646373982823  0.36697292623836553  0.37407572447934573  0.38217769082561515
  0.39081100275019043  0.39972720485521696  0.40835893175835963  0.41594595885167646
  0.42120874014425247  0.42897851518525842  0.43706424304208263  0.44570055202047087
  0.45501886276995518  0.46024941883212545  0.46653494512360189  0.47326649878833288
  0.48081792635264364  0.48774704935720614  0.49314602537406682  0.50029331014325329
  0.51018678647548577  0.52280923856786476  0.53893145767297457  0.56022930604899279
  0.58325855873364263  0.60215222450074612  0.61596521612319799  0.62810082056531147
  0.63928759863101536  0.64769201493956829  0.65553575058665381  0.66507451082491698
  0.67248686215093112  0.67885082405537556  0.68720588638477398  0.69699237094677713
  0.70686289724385154  0.71690218465115330  0.72694757543073263  0.73773496760554857
  0.74891763959586544  0.76171778696201020  0.77101342729286382  0.77789350234267041
  0.78414645121780291  0.79507459260789759  0.80530269894094475  0.81518716974110617
  0.83015429813932262  0.84998173842805957  0.87056229681665920  0.88978069261733195
  0.90654339165540543  0.92252473867930562  0.93483327074221378  0.94537856292502309
  0.95580191040194795  0.96744421205792608  0.97780397000457797  1.00000000000000000
  0.27607971820976457  0.53504860043263314  0.60042970338999668  0.66084438302322090
  0.69732085873926408  0.71672598709932311  0.73166396579487103  0.74735681210360261
  0.75705515171141002  0.76542530227723349  0.77784047687503399  0.79145644988442743
  0.79744427730610290  0.80428151461633246  0.81184326589247813  0.81977170257128829
  0.82920394855870849  0.83730290136192920  0.84441428226293358  0.85047290045835544
  0.85659245833484798  0.86079520772897833  0.86475037317597059  0.86857706411738855
  0.87399582917099417  0.88246684805805864  0.88908623199899450  0.89412518939457819
  0.89784164232149255  0.90065152551891758  0.90331403539742117  0.90582518416053615
  0.90808299333912668  0.91004593333829686  0.91163359711289715  0.91330606333638986
  0.91516884241839713  0.91707631884685947  0.91924776902577332  0.92133509233190203
  0.92355878194784380  0.92596259079006826  0.92847847570131947  0.93109288753406838
  0.93368757411364844  0.93577866311370184  0.93754528422462602  0.93914065482811881
  0.94055741930344516  0.94194435299160584  0.94333803912767522  0.94503821745561611
  0.94644923089317212  0.94775164982830329  0.94911960664992712  0.95047950679867332
  0.95165697856549492  0.95245541578295601  0.95313254173027839  0.95389655366818160
  0.95459075398188153  0.95529395522520288  0.95618184960852182  0.95757034739304747
  0.95899842573866356  0.96013305543802885  0.96118804874148422  0.96236683544512525
  0.96348883061560664  0.96431917651290466  0.96544484962108146  0.96680852460486710
  0.96787838364522871  0.96885420837765790  0.96997360888177908  0.97106943072123530
  0.97205714601114945  0.97304403808278295  0.97423745313266574  0.97573649557830222
  0.97718127872369187  0.97827844743209813  0.97899518196940893  0.97944549208401743
  0.97988277528351542  0.98030602998679450  0.98066822802200104  0.98132231270229475
  0.98237511458924287  0.98354476727879070  0.98505637639670474  0.98672594161926830
  0.98883924002091339  0.99091470001862536  0.99389956784853195  1.00000000000000000
 -0.04135369073562477  0.19070529430579669  0.24290554759793856  0.26049871150029524
  0.27599201609100305  0.28417118623670706  0.29331476454289962  0.30065256283679703
  0.30543887643674927  0.31839192666248828  0.33197197618715218  0.34044445140694579
  0.34713037270297958  0.35334078873178232  0.35950491670684503  0.36442180520920098
  0.36929789769347859  0.37617531206538257  0.38326575467611756  0.39009942277955750
  0.39840945856537768  0.40665162722405923  0.41635103172120480  0.42738271881946888
  0.43721765817557723  0.44585928216924614  0.45313034634917232  0.46125044406586868
  0.47242375410438736  0.48268888316778619  0.49132470329386829  0.49900880511296647
  0.50619764003610956  0.51215694064363804  0.51825079885645231  0.52221657145598888
  0.52688901067691996  0.53283524443960473  0.53929286382092534  0.54556329460228137
  0.55290199433833387  0.56130050693030364  0.56767226238111379  0.57213521383276267
  0.57607207632208179  0.58012062471479697  0.58419546079801721  0.58763206600042239
  0.59056913616085593  0.59416638218118056  0.59804708005643681  0.60244715888063327
  0.60729447819980487  0.61216152629180642  0.61680622317450029  0.62203327677084885
  0.62748963032470839  0.63216227273992132  0.63688537300917936  0.64251727248924273
  0.65033072074266829  0.65719856290601453  0.66312349297586781  0.66850263608245619
  0.67299645784844597  0.67640255488259127  0.67932680584521277  0.68313933713856922
  0.68658594418847740  0.68967597489480725  0.69240933268121196  0.69501459725288739
  0.69821895617735108  0.70235535351366263  0.70825051969634056  0.71412427699748282
  0.71997211155907603  0.72634109149735759  0.73381535585313085  0.74214471323060904
  0.75027484165741654  0.75788047891302812  0.76588043753524981  0.77549694084839116
  0.78466126984937967  0.79273329038917040  0.80136330390046484  0.81168098620677187
  0.82263667905746884  0.83291837698313786  0.84194567837243972  0.85482991912113415
  0.87069923305156693  0.88707119897558673  0.90756304617555839  1.00000000000000000
   1.5503212648361130E-019  -1.0000000000000000     
 F F F F F F F F F F F F F F F F F F F F F F F F F F F F F F F F F F F F F F F F F F F F F F F F F F F F F F F F F F F F F F F F F F F F F F F F F F F F F F F F F F F F F F F F F F F F F F F F F F F F F F F F F F F F F F F F F F F F F F F F F F F F F F F F F F F F F F F F F F F F F F F F F F F F F F F F F F F F F F F F F F F F F F F F F F F F F F F F F F F F F F F F F F F F F F F F F F F F F F F F F F F F F F F F F F F F F F F F F F F F F F F F F F F F F F F F F F F F F F F F F F F F F F F F F F F F F F F F F F F F F F F F F F F F F F F F F F F F F F F F F F F F F F F F F F F F F F F F F F F F F F F F F F F F F F F F F F F F F F F F F F F F F F F F F F F F F F F F F F F F F F F F F F F F F F F F F F F F F F F F F F F F F F F F F F F F F F F F F F F F F F F F F F F F F F F F F F F F F F F F F F F F F F F F F F F F F F F F F F F F F F F F F F F F F F F F F F F F F F F F F F F F F F F F F F F F F F F F F F F F F F F F F F F F F F F F F F F F F F F F F F F F F F F F F F F F F F F F F F F F F F F F F F F F F F F F F F F F F F F F F F F F F F F F F F F F F F F F F F F F F F F F F F F F F F F F F F F F F F F F F F F F F F F F F F F F F F F F F F F F F F F F F F F F F F F F F F F F F F F F F F F F F F F F F F F F F F F F F F F F F F F F F F F F F F F F F F F F F F F F F F F F F F F F F F F F F F F F F F F F F F F F F F F F F F F F F F F F F F F F F F F F F F F F F F F F F F F F F F F F F F F F F F F F F F F F F F F F F F F F F F F F F F F F F F F F F F F F F F F F F F F F F F F F F F F F F F F F F F F F F F F F F F F F F F F F F F F F F F F F F F F F F F F F F F F F F F F F F F F F F F F F F F F F F F F F F F F F F F F F F F F F F F F F F F F F F F F F F F F F F F F F F F F F F F F F F F F F F F F F F F F F F F F F F F F F F F F F F F F F F F F F F F F F F F F F F F F F F F F F F F F F F F F F F F F F F F F F F F F F F F F F F F F F F F F F F F F F F F F F F F F F F F F F F F F F F F F F F F F F F F F F F F F F F F F F F F F F F F F F F F F F F F F F F F F F F F F F F F F F F F F F F F F F F F F F F F F F F F F F F F F F F F F F F F F F F F F F F F F F F F F F F F F F F F F F F F F F F F F F F F F F F F F F F F F F F F F F F F F F F F F F F F F F F F F F F F F F F F F F F F F F F F F F F F F F F F F F F F F F F F F F F F F F F F F F F F F F F F F F F F F F F F F F F F F F F F F F F F F F F F F F F F F F F F F F F F F F F F F F F F F F F F F F F F F F F F F F F F F F F F F F F F F F F F F F F F F F F F F F F F F F F F F F F F F F F F F F F F F F F F F F F F F F F F F F F F F F F F F F F F F F F F F F F F F F F F F F F F F F F F F F F F F F F F F F F F F F F F F F F F F F F F F F F F F F F F F F F F F F F F F F F F F F F F F F F F F F F F F F F F F F F F F F F F F F F F F F F F F F F F F F F F F F F F F F F F F F F F F F F F F F F F F F F F F F F F F F F F F F F F F F F F F F F F F F F F F F F F F F F F F F F F F F F F F F F F F F F F F F F F F F F F F F F F F F F F F F F F F F F F F F F F F F F F F F F F F F F F F F F F F F F F F F F F F F F F F F F F F F F F F F F F F F F F F F F F F F F F F F F F F F F F F F F F F F F F F F F F F F F F F F F F F F F F F F F F F F F F F F F F F F F F F F F F F F F F F F F F F F F F F F F F F F F F F F F F F F F F F F F F F F F F F F F F F F F F F F F F F F F F F F F F F F F F F F F F F F F F F F F F F F F F F F F F F F F F F F F F F F F F F F F F F F F F F F F F F F F F F F F F F F F F F F F F F F F F F F F F F F F F F F F F F F F F F F F F F F F F F F F F F F F F F F F F F F F F F F F F F F F F F F F F F F F F F F F F F F F F F F F F F F F F F F F F F F F F F F F F F F F F F F F F F F F F F F F F F F F F F F F F F F F F F F F F F F F F F F F F F F F F F F F F F F F F F F F F F F F F F F F F F F F F F F F F F F F F F F F F F F F F F F F F F F F F F F F F F F F F F F F F F F F F F F F F F F F F F F F F F F F F F F F F F F F F F F F F F F F F F F F F F F F F F F F F F F F F F F F F F F F F F F F F F F F F F F F F F F F F F F F F F F F F F F F F F F F F F F F F F F F F F F F F F F F F F F F F F F F F F F F F F F F F F F F F F F F F F F F F F F F F F F F F F F F F F F F F F F F F F F F F F F F F F F
  <DiscreteSampler_grid>
  grouped_processes
  1 # 1 for a reference and 2 for a running grid.
  10 # Attribute 'min_bin_probing_points' of the grid.
  1 # Attribute 'grid_mode' of the grid. 1=='default',2=='initialization'
  0.0000000000000000 # Attribute 'small_contrib_threshold' of the grid.
  0.5000000000000000 # Attribute 'damping_power' of the grid.
 # binID   n_entries weight   weight_sqr   abs_weight
    61   10   1.115954241656665E-016   1.239118992724776E-031   1.115954241656665E-016
    62   10   1.115954241656327E-016   1.239118992724024E-031   1.115954241656327E-016
    64   10   2.231908483313330E-016   4.956475970899102E-031   2.231908483313330E-016
    65   10   2.231908483312655E-016   4.956475970896097E-031   2.231908483312655E-016
    67   10   1.625991478706952E-016   2.506416351345816E-031   1.625991478706952E-016
    68   10   1.625991478706483E-016   2.506416351344331E-031   1.625991478706483E-016
    70   10   3.251982957413904E-016   1.002566540538326E-030   3.251982957413904E-016
    71   10   3.251982957412967E-016   1.002566540537732E-030   3.251982957412967E-016
    106   10   1.115954241656656E-016   1.239118992724757E-031   1.115954241656656E-016
    107   10   1.115954241656329E-016   1.239118992724027E-031   1.115954241656329E-016
    109   10   2.231908483313312E-016   4.956475970899026E-031   2.231908483313312E-016
    110   10   2.231908483312657E-016   4.956475970896109E-031   2.231908483312657E-016
    112   10   1.625991478706935E-016   2.506416351345761E-031   1.625991478706935E-016
    113   10   1.625991478706482E-016   2.506416351344327E-031   1.625991478706482E-016
    115   10   3.251982957413870E-016   1.002566540538304E-030   3.251982957413870E-016
    116   10   3.251982957412964E-016   1.002566540537731E-030   3.251982957412964E-016
  </DiscreteSampler_grid>
