  0.00448517071998420  0.01059092712396772  0.01673055497389647  0.02098048914084189
  0.02595752954317078  0.03101836598910720  0.03862815239630040  0.04859234986464051
  0.05752701019191036  0.06753250574159012  0.07657785790701338  0.08426398167785525
  0.09087160238022700  0.09762202145432194  0.10692582845264463  0.11986437947385314
  0.13616483453892711  0.15683672806807927  0.17873276899447146  0.19459662303007974
  0.20790413635277485  0.21407331422888012  0.21926301654673619  0.22354384629778690
  0.22800608269222575  0.23249928002869594  0.23823732486299093  0.24458259558134304
  0.25227616462183022  0.26000782457889776  0.26806033428200615  0.27822173751618584
  0.29335321716909701  0.30572398483337593  0.31562561973804043  0.32533547150837994
  0.33474568036010383  0.34458712628624610  0.35515894533546055  0.36951284661463973
  0.38585447217443009  0.39759527541946543  0.40551179736522858  0.41469775120882452
  0.42387175138544370  0.43368110815845567  0.44536509404494096  0.45439505279047282
  0.46378014958946223  0.47608749016963153  0.48691236165867069  0.49670270465948085
  0.50759971558616768  0.52266610902469823  0.54263704565947457  0.55651328851574788
  0.56835160149862973  0.58007057194861733  0.59156511083248309  0.60443182709683763
  0.62627347979004000  0.64494053777499272  0.65567693256183712  0.66497561579002640
  0.67447952191588090  0.68380960605305263  0.69571639420202813  0.70991814012523202
  0.72416663301623407  0.73850699383638096  0.75386754545690615  0.76957475225240479
  0.78258213038317903  0.79444306390397834  0.80449312182047816  0.81384143082463489
  0.82260200554762286  0.83273345112477448  0.84153461817511443  0.85070275898779202
  0.85939725024731706  0.87121434582651514  0.88334776848196739  0.89748966197868685
  0.90796754053987949  0.91415650071540333  0.91903993166739750  0.92364755405281740
  0.92810544756045177  0.93258321676813227  0.94280417289527119  0.95483710613020134
  0.96520963372388990  0.97481335260167756  0.98525902974207646  1.00000000000000000
  0.00003114390199439  0.00003873245647407  0.00004342652788235  0.00004700088685134
  0.00005004176241476  0.00005273149862287  0.00005567204637254  0.00006063463103301
  0.00006484316191276  0.00006821454750333  0.00007159233811755  0.00007425501094326
  0.00007748921279984  0.00008062833174944  0.00008396021706801  0.00008773528623989
  0.00009225209986370  0.00009718684315658  0.00010210896191858  0.00010636941287636
  0.00011001054765049  0.00011374310679317  0.00011779270407262  0.00012249215848691
  0.00012675885187140  0.00013038099999954  0.00013437856175401  0.00013891209973883
  0.00014402545769458  0.00015176439561311  0.00016044496715319  0.00017004146706543
  0.00017953624039669  0.00018695211848498  0.00019474547344963  0.00020288911517065
  0.00020967653567936  0.00021639551583240  0.00022338284990849  0.00022950745706719
  0.00023433368568380  0.00024005720481246  0.00024632374307521  0.00025616647523402
  0.00026239457384357  0.00026887825096046  0.00027563562477813  0.00028238315486327
  0.00028912683264133  0.00029879034755477  0.00031144620660319  0.00032799298799639
  0.00034140178100423  0.00035326596169554  0.00036273832932800  0.00037186578765582
  0.00038419088740109  0.00039861060790931  0.00040918792137397  0.00041921545321275
  0.00042942771782393  0.00044272700726534  0.00046307169364130  0.00047569429656858
  0.00048514694954873  0.00049364185742469  0.00050298819807928  0.00051922673672821
  0.00054155074442633  0.00055967525494845  0.00057181039282805  0.00058209372568784
  0.00059368679162429  0.00060609193334191  0.00062740515852533  0.00066173204912372
  0.00073960914980511  0.00083662590439418  0.00093176539306247  0.00102185370905635
  0.00111803665881403  0.00120218455405833  0.00129530114669234  0.00138368836179413
  0.00148307376852942  0.00160035239147433  0.00176141976599116  0.00219073733039795
  0.00258859648085860  0.00320213213124323  0.00388387762758908  0.00469753997643390
  0.00586203685284538  0.01048126441985511  0.11926994067478522  1.00000000000000000
  0.00222279821187724  0.01631265360419777  0.03023675394856370  0.04133085690987004
  0.04991299577876509  0.05835002890811457  0.06561900330060201  0.07673231569731656
  0.08904729504062431  0.10581317220370966  0.12389364205566684  0.14477284420647885
  0.16345095515659083  0.17992102686629460  0.19118759929961529  0.20066078113519450
  0.20988395608767568  0.21580212391836526  0.22599212025026785  0.23807991044540605
  0.25009719280269943  0.25905622842884557  0.26921991775370163  0.27786667014234318
  0.28488991239537975  0.29210954153698421  0.29903142094221102  0.30801481478385329
  0.31915420870060313  0.33338593572446001  0.35427385809969497  0.37524726497807548
  0.39127695504469751  0.40530919438053853  0.41702687375111236  0.42860837672263702
  0.44060613907725749  0.45578476342004354  0.46523171377048606  0.47364555271560987
  0.48233855830687306  0.49120069630688529  0.49976921040807837  0.50867532981765751
  0.51871073423712144  0.53070459878934861  0.54625396854691466  0.56447744765617658
  0.57687667834147027  0.58775797270767771  0.59745219276622441  0.60526714621801914
  0.61276155459553872  0.62062200736558581  0.62922744567194488  0.63841144999067678
  0.64661970261888979  0.65346464440110497  0.66153142543900822  0.67087940503343391
  0.68425387420131423  0.69986653390790832  0.71251034388589862  0.72441211523635918
  0.73437883885441546  0.75164178064222120  0.76570252222698876  0.77582375935452130
  0.78554264216581127  0.79461460321506305  0.80363195864497583  0.81255248103016386
  0.81693073369789548  0.82031444701752376  0.82363072891702060  0.82698791099010471
  0.83097308169589579  0.83757480692391661  0.84598991021795544  0.85411908075579424
  0.86467700740830644  0.87393152965528698  0.88224880256263549  0.88823808051259512
  0.89503890741716230  0.90316765030833379  0.91017759004565446  0.91708566490055476
  0.92138557775434837  0.92694626978620343  0.93262673370736504  0.93820558478379790
  0.94778463374974475  0.96021992135610690  0.97720345591536373  1.00000000000000000
  0.00893460404898735  0.01405592385046979  0.02077908219199730  0.03118716628417192
  0.04198542500703781  0.05530759169769794  0.07123301524217417  0.08475597128953330
  0.09873073629118280  0.11324114775870153  0.12348405204702007  0.13158834438488015
  0.13849869394136086  0.14431785523144985  0.15046146272462529  0.15729506970429932
  0.16686581850874793  0.17918579168535029  0.19162333788646252  0.20279771398466345
  0.21007244877394426  0.22211194426934211  0.23078256216906470  0.24215051844437385
  0.26026759933189891  0.27339091684905259  0.28464501802857012  0.29439341938825569
  0.30172782979985746  0.31167599649642846  0.32502752924214062  0.34102115574462799
  0.36128166659839211  0.37967740047620230  0.39257437626969249  0.39978235018076452
  0.40449426946857631  0.41243933340463845  0.42153867387383098  0.42985104008022329
  0.43652883706252499  0.44307063297651667  0.45051977631807028  0.45749786025837103
  0.46443228468097864  0.47075687806081795  0.47723263130074439  0.48476076734038703
  0.49508840152981676  0.51072397695122529  0.52143132223374367  0.52762573943200941
  0.53334622265426124  0.53940435747864390  0.54712045118373831  0.56251088967635976
  0.57769010853137637  0.59397401519214421  0.61127751254982632  0.62628171251797138
  0.63807643340839149  0.64818832584049679  0.65789762922767470  0.66759647808915878
  0.68187491791657939  0.69258276639741800  0.70229433637358563  0.71128181197068174
  0.72157786095924048  0.73113566062941482  0.73595588182818372  0.74021915198266253
  0.74465125011713429  0.74886671254583148  0.75196096617915076  0.75566829068566599
  0.76299283314956867  0.76940395929173011  0.77716847224783858  0.78573786071739482
  0.79523850679389074  0.80649033467400222  0.81534291841243278  0.82708263665127457
  0.83859669550502236  0.84633663952846028  0.85583314735075910  0.86518797106681145
  0.87653314974404728  0.89221568107214499  0.91341743674779297  0.93910066479515930
  0.95361136791491052  0.96542511281324483  0.97709905770949612  1.00000000000000000
  0.00019330041733423  0.00021497840414282  0.00022206531974852  0.00022568275558696
  0.00022993254544157  0.00023601981942945  0.00024179199317325  0.00024658569115999
  0.00025077382744892  0.00025446233759675  0.00026045467541565  0.00026732215692716
  0.00027473381247403  0.00028302970974579  0.00029139485346236  0.00029804579945052
  0.00030355471137355  0.00030889464316260  0.00031337319603768  0.00031721792256656
  0.00032058249376281  0.00032384168237744  0.00032688348610326  0.00033000493505600
  0.00033326327460589  0.00033711818930011  0.00034149332813397  0.00034731888661768
  0.00035546664859753  0.00036386915575680  0.00037047590293928  0.00037693872858531
  0.00038360463393890  0.00039057106636822  0.00040208240672719  0.00041549302834317
  0.00042600583818788  0.00043490724334526  0.00044315724574272  0.00045362433122735
  0.00046659856467593  0.00047891102653224  0.00048961357021945  0.00049909885944056
  0.00051008259074946  0.00052264301310538  0.00053470475527149  0.00054585892520826
  0.00056108858457776  0.00058244164750643  0.00060563988229498  0.00062835851276822
  0.00064946138781203  0.00066673164747208  0.00068668495642737  0.00070851096474184
  0.00073137944368793  0.00075486969945201  0.00077125158371320  0.00078809295899080
  0.00080649327960622  0.00083257623809632  0.00084838072502527  0.00086274555976603
  0.00087798578218142  0.00089631037570035  0.00091717734305140  0.00094437333970173
  0.00097629116660618  0.00101467144390168  0.00107120024470113  0.00112531407466072
  0.00119061316077708  0.00128748748144844  0.00144093744636151  0.00158105433275120
  0.00169979481834218  0.00179526514943322  0.00189358130473576  0.00196760639991414
  0.00206039024200431  0.00218335398903022  0.00232879577388503  0.00256963080437358
  0.00291147057429321  0.00327764514902696  0.00361244780803402  0.00382408250433465
  0.00405155148499612  0.00432663584497758  0.00475832377416583  0.00614088789687947
  0.00917237281937023  0.01901721011609704  0.08170295935543076  1.00000000000000000
  0.00002011907100175  0.00005321679557712  0.00005853984862769  0.00006260262921088
  0.00006369905820951  0.00006479548720813  0.00006589191620676  0.00006683403326850
  0.00006774691706782  0.00006865980086713  0.00006950066068379  0.00007030520421966
  0.00007110974775553  0.00007340314082546  0.00007696737726073  0.00008181113148675
  0.00008888613999469  0.00010348452505535  0.00011649976793249  0.00013019436204208
  0.00013958482148147  0.00014970957946548  0.00016068358588414  0.00016913957439732
  0.00017560169012667  0.00017902289865658  0.00018299446301467  0.00018794915277941
  0.00019272102281574  0.00019501972892262  0.00019972429420730  0.00020605563097922
  0.00021166305798921  0.00021734862928175  0.00022603192447893  0.00023413291173972
  0.00024826812735028  0.00026910551023330  0.00028575512088387  0.00030148640755142
  0.00031545167396107  0.00032788459387663  0.00033971732691147  0.00035043942087723
  0.00036035544019582  0.00037026660460754  0.00038087050520878  0.00039751214682595
  0.00041842114542641  0.00043954821893827  0.00046998745789481  0.00051769161926285
  0.00056141533463343  0.00060027094760624  0.00063106610172831  0.00066034212510826
  0.00069001193811857  0.00072032208835545  0.00074939902004973  0.00077739851102310
  0.00080439398468320  0.00083622033939055  0.00086937502116446  0.00089582759759144
  0.00092443855766990  0.00096147060629988  0.00103055895870989  0.00112012467296963
  0.00120958197602338  0.00127674915083796  0.00135061257422940  0.00143358447842071
  0.00154352579733294  0.00179278787630194  0.00211501376019701  0.00244827605414970
  0.00278817434145966  0.00316747996041310  0.00349023126207389  0.00381521419277814
  0.00407366088554678  0.00436979379195554  0.00470392752806357  0.00522728756030030
  0.00574142323578685  0.00617493084381692  0.00666286700648429  0.00730385746040579
  0.00837899344851474  0.00961484662819044  0.01083881075578422  0.01367512524254574
  0.01695405953529284  0.02176156049768849  0.25466589252668859  1.00000000000000000
  0.00000056082944380  0.00000124362830353  0.00000167749967427  0.00000241883775651
  0.00000332447161219  0.00000433637395261  0.00000611124983678  0.00000832428639142
  0.00001004269320541  0.00001196685148478  0.00001452925862336  0.00001831365803786
  0.00002126725964593  0.00002438736613296  0.00002751741934651  0.00003070573039209
  0.00003330200779689  0.00003550292057747  0.00003750929892004  0.00003904731459968
  0.00004048116969802  0.00004182203129626  0.00004380617842653  0.00004606101406348
  0.00004839196182391  0.00005102864553555  0.00005473758911520  0.00006288524364923
  0.00007044722635609  0.00007893850287450  0.00008826031514853  0.00010017376141747
  0.00011858326829099  0.00013914913915831  0.00015923500913388  0.00017790968390840
  0.00019419973178337  0.00021056309255373  0.00022870047486680  0.00024896825479287
  0.00027168240482020  0.00029535603125428  0.00031870114483943  0.00034598342438064
  0.00036760666718877  0.00039365748325885  0.00042388086542122  0.00045675009870621
  0.00049318528684669  0.00054069209428591  0.00061139634751766  0.00067576356374232
  0.00071602484610435  0.00075735713844434  0.00080672737183204  0.00085576542925218
  0.00090372473496122  0.00096195737183392  0.00103073911920707  0.00107550887321025
  0.00111374132776882  0.00115133922175424  0.00119075337670163  0.00123343208521022
  0.00128654505337643  0.00139101377165251  0.00154947850978937  0.00169678228427976
  0.00180231591104785  0.00190080916138731  0.00202243188558933  0.00212815119702928
  0.00218893699729057  0.00222240881005887  0.00225620446627717  0.00229002551464875
  0.00232369134484609  0.00245044780849721  0.00260523941995957  0.00274549926604936
  0.00285707711349029  0.00298292733900839  0.00313203775344446  0.00330337152378258
  0.00355843576509310  0.00409967196684134  0.00483544280084460  0.00540948968436871
  0.00604418965591082  0.00673014236401514  0.00783224006571380  0.00979516330525146
  0.01128333461557060  0.01303811523459385  0.21501715291673529  1.00000000000000000
 -0.00183464358444267  0.00751870629872564  0.01908328251748152  0.03954194294265342
  0.06115421932541711  0.06902265584663575  0.07627014163589686  0.08226945066496080
  0.08780978625843290  0.09271314322872687  0.09811177536948863  0.10449011630836808
  0.11837063432559151  0.13120654773368343  0.14312072584209709  0.15424432877683594
  0.16989476265562686  0.18395298679611641  0.19393136140646758  0.20080463463209827
  0.20702852483141382  0.21377995995514004  0.22120580995314698  0.23022412605704165
  0.24008773773556852  0.25171339849872643  0.26332988398024076  0.27700755943694388
  0.29085295625317148  0.30227072075900369  0.31144999968762738  0.32048388647567605
  0.32928793208967294  0.33971473748439901  0.35248368719888185  0.36629722686752997
  0.37734736366381966  0.38822711499603990  0.39940001823051369  0.41274714596801770
  0.42738327286226269  0.44165011469137511  0.45643686577317066  0.47110801560588295
  0.48477662640138958  0.50007846415199131  0.51351058916140091  0.52525223372563257
  0.53578918573589751  0.54750068560644460  0.56079529819131935  0.57292421296519258
  0.58314673093217828  0.59134202277591907  0.59863052305963504  0.60745323445143373
  0.61686805723287297  0.62605636567688583  0.63361054765436453  0.63990519664820567
  0.64802386036487780  0.65639337052894420  0.66635746900260773  0.68020178290236122
  0.68969103202541049  0.69941780913530560  0.70915422479405099  0.71829972430354205
  0.72632388501675715  0.73355448361135733  0.73839993426245543  0.74115636145627239
  0.74373758080218644  0.74625252780985907  0.74867730645962671  0.75197667538552260
  0.75710604443500940  0.76290644026598120  0.76921093838234145  0.78157048796401973
  0.79497204378361597  0.80660523580731069  0.81817706628753739  0.82971392210924610
  0.84501581166472672  0.86453508301227799  0.88799836283258771  0.90725528221371210
  0.92504929406211267  0.93983803684814715  0.95173525286465555  0.96725141563588524
  0.98055332186311261  0.99035681389096986  0.99534012549350781  1.00000000000000000
 -0.00238163257904366  0.01124609766227120  0.02238550073609608  0.03400670442903393
  0.04504964145721604  0.05689094115760664  0.07078999722447885  0.08169835349126725
  0.09313526045241105  0.10854564022436164  0.12414738039565568  0.14040881572971967
  0.15088285869745130  0.16174903835686427  0.17260111979158774  0.18302970166121682
  0.19205851358204634  0.20223437837293204  0.20883275015717134  0.21393810992805146
  0.21977931380854585  0.22594547619422284  0.23151301695023377  0.23744492491887961
  0.24125112676980964  0.24546391477554480  0.24942064323364121  0.25545977795805469
  0.26207696138704084  0.27200488609562490  0.28877030629856221  0.30934327009242074
  0.32981325329404909  0.34635141242722356  0.36248189467221581  0.37605981637738789
  0.38788949028105579  0.39926252313934157  0.41104275786217453  0.42508385984554320
  0.44016064578165015  0.45297204856866713  0.46540199568011115  0.47736438881791277
  0.48885033525174315  0.49898313870373617  0.50722939896299735  0.51626695998924010
  0.52593946114320855  0.53630824275223332  0.54824505207688412  0.56332740293721695
  0.57533429141336345  0.58462204723845168  0.59271037240769964  0.59876070384491087
  0.60433023086974691  0.61054238290437801  0.61722187199219214  0.62423482286056187
  0.62998822065641591  0.63506188908182237  0.64456415339991158  0.66322227256916677
  0.68016074064249143  0.69008106302135142  0.69729625920475669  0.70374516546122634
  0.71089989904090878  0.71898059155842875  0.73000036081086594  0.74235737582375450
  0.75378342892691486  0.76200110070130833  0.76982658513733493  0.77822758168007122
  0.78826518016308011  0.80012368529725908  0.81356931710232139  0.82753838170216765
  0.83542395619870080  0.84338430429964006  0.84970742227055063  0.85656641559184576
  0.86358591899783543  0.87157098499855434  0.88237186366173304  0.89190320915953025
  0.90263340050939833  0.91810028010759226  0.93239690959529709  0.94271845032366108
  0.95195839939240123  0.96358867065727449  0.98108694782668848  1.00000000000000000
 -0.00591553842708208  0.02158860407532060  0.03023423477257485  0.03532646004320235
  0.04000361961185661  0.04361777358196564  0.04856629211639623  0.05836009384992066
  0.06943615788897539  0.07478355033544257  0.07900950415404832  0.08478635152893632
  0.09722853957963305  0.10897349598976311  0.12046352978491054  0.13248530104809114
  0.14804174462569139  0.16011356394283299  0.17284191897806492  0.18548044311312031
  0.20421324136279975  0.21393272033355257  0.22289034197324842  0.23213522239536707
  0.24102698514958024  0.24857887183584199  0.25611924540990755  0.26364625062494468
  0.27206184685663931  0.28093344190797448  0.29537732705856501  0.31180472314466467
  0.32969756949025686  0.34283853272995635  0.35133197698548152  0.35829637710545970
  0.36168417335843395  0.36507173143670646  0.36845854975652281  0.37183449702156995
  0.37518618847722812  0.38058033697907812  0.38950222790850830  0.39708441654293997
  0.41217290792174227  0.42523631537031548  0.43755170800688731  0.44774408143799743
  0.45727995994444870  0.46979477226968969  0.48095139711468760  0.49317852905419368
  0.50368412070281010  0.51653395370611321  0.52674563985094647  0.53315364368176588
  0.53697689963174999  0.54106711936589902  0.54504066838938203  0.54802120261469633
  0.55075232797811136  0.55472063333578348  0.56171722201046337  0.57001480695617524
  0.57911994222014429  0.59224286913655255  0.61335361718943593  0.62828868682355843
  0.64065355885392372  0.65051778835600660  0.65971453679253456  0.66748262769872091
  0.67749033945734938  0.68710896612649985  0.69615479345369768  0.70487478958791072
  0.71039734258712195  0.71577696155852155  0.72090111050559325  0.72736548814228863
  0.74253504535836901  0.76020718865358983  0.77379306076888799  0.78743430388165103
  0.79654910170967053  0.80653531742722706  0.81776955938163698  0.83450948921703449
  0.85824124596749607  0.87893277716651508  0.89530318390645702  0.91212692441167176
  0.93029823509458875  0.95611835492806529  0.97852530866801957  1.00000000000000000
 -0.00085944137671245  0.00338077622142427  0.00967607849424572  0.01478219047620872
  0.01957464337777760  0.02437909766920975  0.03019316453423462  0.03570124013917706
  0.04117671521710252  0.04699908996894687  0.05483319956576203  0.06296489987567944
  0.07090180312474784  0.08671667371120202  0.09850625655241826  0.10899432214195703
  0.11540808480273780  0.12316731391653891  0.13321155070056559  0.14622218915114713
  0.16023298096505006  0.17186935991123467  0.18027813435721471  0.18889648011095961
  0.19647121499000281  0.20871769398191162  0.22253283059145601  0.23820138072901775
  0.25628761532809824  0.27266661617945237  0.28953540459154170  0.30497588927925301
  0.31636711411655494  0.32438609705061011  0.33268165344003858  0.34172447392434796
  0.35115366220547745  0.35972646010440634  0.36662577059846430  0.37684349197044720
  0.39820902271243791  0.40669392867993798  0.41417673842622998  0.42101658566466638
  0.42771523696645164  0.43962340467528138  0.45609328011325145  0.47186765121168783
  0.48729480750458509  0.50456002903187425  0.52246034817075315  0.53539794642833760
  0.54549389876887366  0.55609879062843470  0.56521703765707954  0.57340169054394419
  0.57949920960379031  0.58644935833455936  0.59369437888345844  0.60814912008929223
  0.62256408951826259  0.63785792398361552  0.66302062846838794  0.67718191967655095
  0.68638939281973377  0.69274215478653411  0.69946585485810531  0.70599571347427736
  0.71222341756916541  0.71772085237924865  0.72251209909940584  0.72913842673510654
  0.74147716643403416  0.75355419301404880  0.76598445991425324  0.77940732644783173
  0.79839763381652962  0.81826715640870762  0.83407407774340081  0.84861100249233845
  0.86188310532645307  0.87075484067758890  0.87957601586025158  0.89400033320391681
  0.90388436962333263  0.91246325284776608  0.92168926231338932  0.93073335805776813
  0.93926173396044044  0.94711722871144166  0.95437780376574943  0.96291923656570777
  0.97179183250883139  0.98100744997284994  0.99050372498642503  1.00000000000000000
 -0.00295367551159750  0.01690464389460163  0.03607895350139351  0.05002839079378458
  0.06233679249554237  0.08079297266634092  0.10703248083230818  0.13116190439451414
  0.14843006947745971  0.16612959967286359  0.18309299998041267  0.19349759560221647
  0.20273916625966115  0.21175079159365265  0.22318309295080041  0.23660940590338950
  0.24854467316433626  0.26290169050144130  0.27074988347914691  0.27862354979004167
  0.28656912353546593  0.29498473644499335  0.30804885014633615  0.32513345765688323
  0.34136102175977234  0.35583355073698225  0.36861110132742081  0.37989741633837237
  0.38876308160599837  0.40055542534730654  0.41059611793443851  0.42141759452010835
  0.42828242809346534  0.43470443891489663  0.44240056975342740  0.45015537827405611
  0.46043884715603262  0.47047700293331107  0.47925954479329141  0.48644761503329048
  0.49256485351213541  0.50012540019431873  0.50650160482695639  0.51394170596169730
  0.52311704033721251  0.53416510490594427  0.54278850441031146  0.55251114396173617
  0.56128017583391554  0.56836983188478585  0.57346324367323620  0.57830484320923359
  0.58343678929216825  0.58830209766552743  0.59368584056597196  0.60035125656487942
  0.60887015114940102  0.61578920672638382  0.62147338760438742  0.63051671692889055
  0.64667637076254669  0.66156193662220997  0.67661910393814551  0.69290307811137153
  0.70927752788272269  0.72260541766855002  0.73399182715134548  0.74591230542617470
  0.75372616194719810  0.76061646449905485  0.76694027697456835  0.77525874262791927
  0.78349444583744732  0.79097080176270185  0.79807379707108617  0.80419122659340359
  0.81063641892445182  0.82268736873527515  0.83279097141965142  0.83676288078239602
  0.84013199491047774  0.84339924695380286  0.84668283590239835  0.85053891807596871
  0.85512956768062331  0.85979013792314585  0.87028518325893101  0.88661450243740647
  0.90214486651328585  0.91954710337631396  0.93576608590907717  0.94930411846728657
  0.96276169332022310  0.97612371827443356  0.98806185913721667  1.00000000000000000
 -0.00112613966020651  0.00545928530675950  0.01153042237615184  0.01878990979059864
  0.02534722534093236  0.03127445874614801  0.03724011283859559  0.04775301123985009
  0.05496614052812109  0.05829959991809200  0.06260035353228141  0.06924771220270534
  0.08076974069277142  0.09307847489070853  0.10841586737551857  0.12443187965577931
  0.13922409695975663  0.15084584831070263  0.16060276840560403  0.16917050355268104
  0.17760466948596784  0.18678151742067908  0.19393392309054003  0.19932059542995614
  0.20979856239088135  0.22777620782599148  0.23852187068891573  0.24524115929451326
  0.25198825409181969  0.25917538127339934  0.26637181290155076  0.27161112550459016
  0.27915687573089815  0.28952973495789375  0.30093063993344482  0.31064484022320454
  0.31915151865737768  0.32729617052359372  0.33681673473785267  0.34481712474450110
  0.35662759909484976  0.37018392812260270  0.38294341511286795  0.39388292882619019
  0.40303178571016574  0.41160264805854646  0.42021015821125940  0.43178033275871947
  0.44302725255717762  0.45589884456606711  0.46616011080897418  0.47875690894026229
  0.49293467887936721  0.50916777253554080  0.52502445402901188  0.53752243674073064
  0.54627447961799280  0.55486079414106149  0.56238360351368222  0.56679570610822005
  0.57194077821975187  0.57849088991452979  0.58602722565739429  0.59521303880102905
  0.61192290401776595  0.63156029824167836  0.64590691634187758  0.65822639026860885
  0.66843270663280441  0.67789835719329417  0.68922316615294421  0.70298305424740382
  0.71646076540195769  0.72899138277393771  0.74049297793863167  0.75168794051262955
  0.76416355300415550  0.77669893538060364  0.79153849946382837  0.81372012078665878
  0.82283589730689266  0.82866622051551142  0.83528958859956681  0.84400658434904219
  0.85244269096949465  0.85951320028015810  0.86661791807796351  0.87436193979719379
  0.89526426391074487  0.92026250475145321  0.93883150771837687  0.95388683473501445
  0.96791562540251130  0.98077642631244022  0.99005499639392258  1.00000000000000000
 -0.00217517467553389  0.01021740959823069  0.02100183751316450  0.03128504373068498
  0.04199326144709790  0.05636697322573814  0.07198551688659627  0.09279644502690561
  0.10903955146336911  0.11974639563079090  0.13005770966392119  0.14265248982112694
  0.15512706569743212  0.16720336839177663  0.17721498484742823  0.18625726443247076
  0.19553456969712371  0.20441910259846019  0.21892338982638004  0.23593671597161961
  0.25249406052096429  0.26877336111364619  0.28425121358526761  0.29714121859421083
  0.30882659821823966  0.31717174402901704  0.32525239912815784  0.33325277510519508
  0.34008691775597377  0.35032049127915577  0.35868371743652377  0.36486176112184832
  0.37273377795923895  0.38134525662235980  0.39024761913528327  0.40052257755915116
  0.41040035287627075  0.41700617500759485  0.42329093868216805  0.42906044264919990
  0.43567434878749017  0.44311740002205607  0.45102854860561137  0.45715405184857227
  0.46772769693239957  0.47770802125767914  0.48652033778771847  0.49831542217326569
  0.50934196587121527  0.52192041594154670  0.53477486423852671  0.54684926054360861
  0.55611467595868513  0.56762697571402598  0.58068581233622107  0.59359726604340968
  0.60714517865950690  0.62216398492522296  0.63422001285046892  0.64476987860728796
  0.65407137815091898  0.66222648969885822  0.66974643298823422  0.67840970313378923
  0.68809779901999013  0.69759057638935118  0.71064551273119159  0.73267964577184375
  0.75109390017358635  0.76761805933869864  0.78596105532823290  0.80574221728855111
  0.82589467556486673  0.84427992179434808  0.85762336477546719  0.86568392851989484
  0.87425432990548158  0.88350756991592438  0.89423048757565826  0.90493728630780434
  0.91349997071855693  0.92278903198729101  0.93514793197554302  0.94581641768586655
  0.95401093447423513  0.96235081836040803  0.96853742846082969  0.97326718720576277
  0.97568989321158661  0.97831519178545634  0.98091764508283597  0.98357036341083637
  0.98560647690522696  0.99065451749773048  0.99541042452334416  1.00000000000000000
 -0.00399672560220598  0.02700888930709040  0.04993211262347149  0.06557402527450919
  0.08042433689915100  0.09092244951813548  0.09706321708581228  0.10359814318534120
  0.10999506300271622  0.11630821829031088  0.12197705225623184  0.12991542847873497
  0.13999929233285427  0.14955811056164781  0.15628978721931178  0.16378309724122847
  0.17338886932863060  0.18619691915123970  0.21124418055864627  0.23510005558808289
  0.25535891674362454  0.26783809396185837  0.27651987447542986  0.28505067761938330
  0.29321482103575114  0.30120861703350416  0.30929522152874828  0.31889060876487313
  0.33006970380342432  0.34540899238495282  0.36013445171563480  0.37189172078489374
  0.38299885254559518  0.39260163876454335  0.40246476478910925  0.41292808479783022
  0.42465225585155097  0.43690476891098362  0.44986045257987622  0.46247338846390185
  0.47461275157889488  0.48588809278296735  0.49623119554531125  0.50539998711853296
  0.51333415675144378  0.52491182722649177  0.53810038292291684  0.55209810233172296
  0.56452096264267726  0.57393106166653385  0.58273756210783456  0.58734019855083719
  0.59201579746786825  0.59639471279450351  0.60003704837725536  0.60466942811016433
  0.61004254974359451  0.61630526530359209  0.62119263296338623  0.63442118324684005
  0.64988847235457325  0.65999152985954768  0.66968706404511913  0.67730124529935498
  0.68541640386962621  0.69313136174877843  0.70095873375963313  0.70915324377744204
  0.71707455471188031  0.72565471519092828  0.73452658128084125  0.74327869206244623
  0.75191719672182933  0.76164658163806243  0.77329118047161038  0.78870461832364025
  0.80335696354558506  0.81523520299567631  0.82414067773570465  0.83286675981902969
  0.84156258056731348  0.85072405277591046  0.86063794437398045  0.87046516020069498
  0.87909187285283019  0.88686998790006777  0.89445551632018938  0.90242874370003334
  0.91241349172148467  0.92661954193577678  0.94078254285561214  0.95348545696873444
  0.96424539069394477  0.97486676848022880  0.98730395838491436  1.00000000000000000
 -0.00169112031718735  0.00504909362336485  0.01339611883008607  0.02164951781955589
  0.03086668429892242  0.03775962204529579  0.04403177088313056  0.05022617851579830
  0.05594603984726003  0.06603870006733967  0.07575366721316741  0.08869356231256749
  0.10111947436016221  0.11760778391448302  0.13475364787073058  0.14976995827055539
  0.16098477005071060  0.16977558262616296  0.17905328868200412  0.18985021276170647
  0.20142477726612709  0.21448798451749215  0.22105142536200803  0.22715632210253656
  0.23314193452756196  0.23916092281221543  0.25138312150424236  0.26416990824560926
  0.27476344345760406  0.28313691051199119  0.29027651247365566  0.29736623757878416
  0.30432768188569836  0.31143880671234675  0.31887356953688367  0.32937824921603442
  0.34092537888819618  0.35300207913739007  0.36341431624271947  0.37319406111415077
  0.38233133696624833  0.39046119834166604  0.39994782585224570  0.41373263085703760
  0.42774819625509197  0.43940885490050907  0.44694873939398549  0.45493512984361101
  0.46009294702899839  0.46565299135213040  0.47193450803179970  0.47953421867649787
  0.48956521055036190  0.49905548168997171  0.50968952254311117  0.52174782832998534
  0.53261131981120968  0.54211008197770816  0.55191611903719118  0.56052744333248417
  0.56942258594822481  0.58100501812476602  0.59370245394170884  0.60523250456908639
  0.61481206826333235  0.62475211749181481  0.63806790407702074  0.65618853951543399
  0.66992321661973386  0.67554938407737264  0.68196437952097555  0.68973085213675545
  0.69784834776941429  0.70518018243988223  0.71173055308530686  0.72078614119154261
  0.72618368852958592  0.73479305868852407  0.74713470977029683  0.75593381964157202
  0.76361047092566547  0.77317701267897576  0.78306427418560909  0.79545553138288916
  0.80929186309782331  0.82716316133628998  0.83894120225889834  0.84728704103989017
  0.85632605856425859  0.86592490750358964  0.87386727163493683  0.89515282147127939
  0.91473037119760425  0.94460728724030274  0.97410214907208470  1.00000000000000000
 -0.00107087461218756  0.00508753851245848  0.01225857162576949  0.02168945067904526
  0.03087031854161016  0.03869734353502852  0.04786258350592346  0.06031771951724345
  0.07211841896786053  0.08424545567789886  0.09794532459030714  0.10791530333942419
  0.11633507040168022  0.12550665880938872  0.13721107797812868  0.15250869948084311
  0.16415547929871860  0.17498379231833605  0.18594171110099769  0.19885095175344678
  0.20739387435738685  0.22030626002936304  0.23151526037226150  0.24107588922494375
  0.25301185801520282  0.26310808093059929  0.27443730595485072  0.28555517272120223
  0.29633198432468216  0.30969284992539159  0.32650746963537186  0.34598270183234237
  0.36127673011086897  0.37257794322184279  0.38244243757603585  0.39258064465650178
  0.39986343860857515  0.40474333225506892  0.40969938269523487  0.41594053696359001
  0.42708421488204051  0.43904573025476867  0.44814622394069342  0.45699959748214197
  0.46535116838411655  0.47490010223141904  0.48692155823163702  0.50360254817856465
  0.51447591974620899  0.52257148544010956  0.53000873266292947  0.53702816596463421
  0.54478278889184450  0.55160290352533348  0.56150058054931884  0.57212846319428057
  0.58050858969346852  0.58889743892086599  0.59733582351347081  0.60565898722082434
  0.61348947832284195  0.61972711264473557  0.62583972108836772  0.63205838905539924
  0.63883226488179057  0.65061884663958924  0.66524605278841620  0.67450034479557341
  0.68014812245070266  0.68585488702151765  0.69076019806762334  0.69672952461633542
  0.70578069972585100  0.71436089700839733  0.71751906933260523  0.72061059562948326
  0.72407387681394719  0.72842902655496222  0.74141401527025397  0.75775559528614023
  0.77415213080510548  0.79215461045296010  0.81583714401516694  0.83178716474358938
  0.84801751061906006  0.86573965989066903  0.87769797681092232  0.88776893914570565
  0.89771396007218718  0.90765296835703657  0.91893230003076865  0.93566267027171801
  0.95202842759749184  0.96863628138067315  0.98475448967148860  1.00000000000000000
 -0.00376064870609769  0.01226335805594204  0.02750353875802203  0.04563156807445373
  0.05590236406238790  0.06304225976628927  0.06893559131239281  0.07581409405633047
  0.08270508966375500  0.08962438324149626  0.09683294858267796  0.10430083250648167
  0.11180288766116449  0.11903825391233616  0.12609818864889483  0.13334587544063253
  0.14037587717958572  0.14643384517026906  0.15062940432766017  0.15615194478903885
  0.15801974588878223  0.15991494565509359  0.16278824772981507  0.16618414857818153
  0.16935094452785318  0.17883384549153503  0.19124736815827664  0.20202761312631687
  0.21034511393672126  0.21817756134703659  0.22645595182590003  0.23662054939258984
  0.25291765677697159  0.26787768382768040  0.28241549007650163  0.29688124138326033
  0.31090335478480463  0.32688859922267732  0.34323066613745545  0.35176304429861194
  0.35873981609881594  0.36420117354446219  0.36877149786667857  0.37468698704642489
  0.38233053087397961  0.39116804624980278  0.40180986005215596  0.40774639929562240
  0.41283158704248796  0.41916607056441041  0.42789838589500134  0.43729018948315485
  0.45025328453311120  0.46552658294649668  0.47833655717478785  0.48754204265684226
  0.49832929094949890  0.51277920016807188  0.53071548043086658  0.54639103360267227
  0.56096101996166181  0.57538801711024878  0.59088495535645547  0.60786971235353948
  0.62464619164667745  0.63803540556244442  0.65026232232658576  0.65993736440302952
  0.67018072145704155  0.67988079640304244  0.68975992142144016  0.70561547188671903
  0.72724538381880577  0.75009926965946971  0.77360431932757934  0.79131752294569913
  0.80495664019796065  0.81496676964892767  0.82474970412403814  0.83209421644825121
  0.83928166569144691  0.84633999354157241  0.85365100878321831  0.86370197517011960
  0.88146526017525073  0.90275113798457096  0.91323333090108005  0.92490501759247701
  0.93579734511539647  0.94405038952505238  0.95247316129923965  0.96078545063212872
  0.96796211849371538  0.97755902251329430  0.98821651594536297  1.00000000000000000
 -0.00012759346688595  0.00055826024668911  0.00123609955295534  0.00184158410040271
  0.00234212278002048  0.00280573951926125  0.00329267822101205  0.00377353242405564
  0.00426539513996899  0.00476353543601322  0.00529492549371464  0.00591258230821976
  0.00648900619656658  0.00701346565967130  0.00750264769245831  0.00796566104405858
  0.00842527390991710  0.00887546351022069  0.00942009370259946  0.01009424481602702
  0.01084209597457629  0.01143006543581799  0.01190499971454903  0.01220361622333843
  0.01245683171708564  0.01269786601955690  0.01293947588288676  0.01318177695320674
  0.01353730497129160  0.01400656923418424  0.01479075060507778  0.01574636554780248
  0.01700261362432230  0.01809505278504138  0.01858835813356395  0.01902938108480349
  0.01934752661248636  0.01965224761964207  0.01993472427501477  0.02022096761406740
  0.02054490415362386  0.02107041181436898  0.02168881483980943  0.02235698866286008
  0.02308509182122259  0.02383614135939926  0.02453638257758627  0.02501160047496923
  0.02549093795511788  0.02593498173687914  0.02631061606990911  0.02668347865603344
  0.02714373233626606  0.02766066195215355  0.02814722757515153  0.02874210706790469
  0.02938590909085402  0.03007111575993089  0.03075161226734856  0.03165821175109790
  0.03270308631497326  0.03361623548802047  0.03418806704061354  0.03475989859320662
  0.03545784333559162  0.03619809520042445  0.03690104332858749  0.03743398603310980
  0.03796692873763211  0.03904394936452212  0.04029381905272435  0.04129033352848840
  0.04266266800171008  0.04428651544975021  0.04587997108885333  0.04738913349365263
  0.04878632583794119  0.04982807040258987  0.05045041846695732  0.05095413510649556
  0.05144904862614425  0.05194176704704608  0.05243508630655848  0.05293037565842914
  0.05395893328822767  0.05685019637044279  0.06234038490574489  0.06592179663067170
  0.07049052947420875  0.07392598236146188  0.07703618428371242  0.08057927860872294
  0.09237147201892641  0.10563640546611458  0.40947825867931459  1.00000000000000000
 -0.00477430502043257  0.01636486624606341  0.03373930280160113  0.04966594453811530
  0.06444178754330322  0.07516068202229238  0.08707340179018642  0.09902043851873867
  0.11082840256894270  0.12503306477596660  0.13550504271173283  0.14500563732432842
  0.15590470469590600  0.16515461086030733  0.17456109016606547  0.19104405580075756
  0.20980334908327408  0.22669635770453930  0.23630174389028058  0.24364646784609553
  0.25099438692821840  0.25768021682113906  0.26577362442366270  0.27400457759554864
  0.28119320981644214  0.28763355783594602  0.29644892021711494  0.30901242716121424
  0.32112059071820043  0.33452493322210192  0.34437261012664683  0.35347129868097588
  0.36236835724937327  0.37252917655603840  0.38620194772569527  0.40104960281924212
  0.41459678435185060  0.43136634139767283  0.45702125130070026  0.47182300446817332
  0.48376090615672640  0.49361878190535202  0.50156208824672976  0.51057144764509688
  0.52088486822383084  0.53374370120640524  0.54837187891058514  0.55795837707817886
  0.56694176353454762  0.57672284124438544  0.58745157260508141  0.59782616826065704
  0.61024582575714170  0.62125190296326660  0.63034139504029985  0.63819724570023084
  0.64614219085406088  0.65652863237251569  0.66888367239207391  0.68064648009697326
  0.69094635077982780  0.69931022849133884  0.70687047193805297  0.71482430831277133
  0.72178987618460155  0.72740043197233173  0.73160109594671807  0.73582946437990560
  0.74008255401500789  0.74540940385589283  0.75382546846816301  0.76166014285447314
  0.76893527174835774  0.77653782430912077  0.78427617361389146  0.78987822942887520
  0.79412174856080475  0.80176320044994842  0.81008230613010779  0.82025405049879796
  0.83401762692397141  0.85866600611010258  0.87912762390477306  0.89329372353627901
  0.90538876603699325  0.91402093795719608  0.92246867863766002  0.93120177990638753
  0.93815230687297901  0.94366041454779115  0.94925353557734904  0.95482087809614780
  0.96481870950797310  0.97505372560417580  0.98592870487002726  1.00000000000000000
  0.63989579517904549  0.74860777261039857  0.79562332144096726  0.81796666045481781
  0.82657017715599879  0.83611033829348436  0.84676621039823552  0.85541646231927138
  0.86467907041259717  0.87693292236697984  0.88463045628580583  0.89007497583898953
  0.89333691205290044  0.89618832282403516  0.89913148380897223  0.90331372723596381
  0.90973216881527696  0.91579895336905881  0.91987507929269896  0.92243376186979453
  0.92434983199781573  0.92628801438593922  0.92836339420618674  0.93226689876290381
  0.93616424150817279  0.93823698289584445  0.93979134021647504  0.94145702799962039
  0.94409453365844787  0.94626076142056370  0.94835987758235840  0.95039093333300306
  0.95249142492008443  0.95448342071632963  0.95642339381980779  0.95806209479390980
  0.95924039024501040  0.96042534704442029  0.96168866868376079  0.96301711307674653
  0.96415062400017670  0.96540861650148357  0.96648159260607713  0.96726617766049605
  0.96789626204610169  0.96853502366940913  0.96937996664749582  0.97037605771957347
  0.97139627283272156  0.97229680997168300  0.97315283495215521  0.97403867589320636
  0.97488455304123722  0.97567506337763199  0.97672819845458980  0.97792418478954590
  0.97923576638869647  0.98036493247671297  0.98132363659426025  0.98192873225025001
  0.98246368639972947  0.98304078562983577  0.98354085776163136  0.98401599271887286
  0.98445430992295613  0.98483226419780145  0.98510510008455299  0.98539344573291221
  0.98567980012263012  0.98607395883794735  0.98633025648800654  0.98654551162008641
  0.98675818956853267  0.98696525642714950  0.98724697549608431  0.98772810256075094
  0.98828102181757660  0.98880723816241811  0.98938940819522636  0.99014171736039058
  0.99106580026055757  0.99180325686749549  0.99240197704326538  0.99294225759750632
  0.99331225671129741  0.99363689603356031  0.99393592484506543  0.99422845689003780
  0.99452047338803962  0.99488125489931256  0.99525856108711630  0.99575725613676702
  0.99639441399484874  0.99736984885347202  0.99849219013981583  1.00000000000000000
 -0.01075517419408624  0.10491927822619872  0.14039939428451023  0.16073055172096326
  0.17507794924112580  0.18515174973310922  0.19758871958887861  0.21518317970709075
  0.22960278566596770  0.23673506931421665  0.24378649611873363  0.25013605978792491
  0.25611893225145943  0.26210779518589861  0.26819200962379713  0.27551238906965453
  0.29059588125148755  0.30250949245604897  0.31233864422927327  0.32169108775800609
  0.33029390490958477  0.33710568121011480  0.34463626052884899  0.35034131938790547
  0.35571430176673452  0.36047332280819555  0.36692694871951670  0.37414310327184841
  0.37984017073001397  0.38620107545821747  0.39450037786509012  0.40979495026351237
  0.42711908973598373  0.43881500191061912  0.44845320798009430  0.45618955624353363
  0.46426941722653248  0.47295087517885470  0.48289744634265880  0.49428266702618900
  0.50206585711912377  0.50605317836207797  0.51008658177159438  0.51283416143322524
  0.51653013062049946  0.52041177149207318  0.52615333997175773  0.53088713260543785
  0.53491484581447402  0.53856985853371486  0.54183794686087705  0.54541204067596072
  0.54952804756755813  0.55301400407719259  0.55597933857146598  0.55965141324154899
  0.56408527919732887  0.57238612846476922  0.57899460681338522  0.58374110160516712
  0.58715968522854389  0.59017280234912750  0.59350305980459050  0.59645571639015316
  0.59935663028257513  0.60266049176284742  0.60698842444507750  0.61204623364261834
  0.61732610918234909  0.62149394857791118  0.62475010610855541  0.62794521314764318
  0.63190999009201299  0.63841585742695539  0.64670413397724835  0.65809629484784471
  0.66946845680660960  0.67915098118468553  0.68833662904166659  0.69716482515529410
  0.70546880341230789  0.71392604868502285  0.72321171576726517  0.73223468566169225
  0.74113012850905202  0.75155550121024262  0.76262908599453405  0.77365064188729760
  0.78526778448791812  0.79601235009446381  0.80929744471713672  0.82833508712837767
  0.85095059211041146  0.87328045225056927  0.90053698235401125  1.00000000000000000
   6.8260979508532882E-014  -1.0000000000000000     
 F F F F F F F F F F F F F F F F F F F F F F F F F F F F F F F F F F F F F F F F F F F F F F F F F F F F F F F F F F F F F F F F F F F F F F F F F F F F F F F F F F F F F F F F F F F F F F F F F F F F F F F F F F F F F F F F F F F F F F F F F F F F F F F F F F F F F F F F F F F F F F F F F F F F F F F F F F F F F F F F F F F F F F F F F F F F F F F F F F F F F F F F F F F F F F F F F F F F F F F F F F F F F F F F F F F F F F F F F F F F F F F F F F F F F F F F F F F F F F F F F F F F F F F F F F F F F F F F F F F F F F F F F F F F F F F F F F F F F F F F F F F F F F F F F F F F F F F F F F F F F F F F F F F F F F F F F F F F F F F F F F F F F F F F F F F F F F F F F F F F F F F F F F F F F F F F F F F F F F F F F F F F F F F F F F F F F F F F F F F F F F F F F F F F F F F F F F F F F F F F F F F F F F F F F F F F F F F F F F F F F F F F F F F F F F F F F F F F F F F F F F F F F F F F F F F F F F F F F F F F F F F F F F F F F F F F F F F F F F F F F F F F F F F F F F F F F F F F F F F F F F F F F F F F F F F F F F F F F F F F F F F F F F F F F F F F F F F F F F F F F F F F F F F F F F F F F F F F F F F F F F F F F F F F F F F F F F F F F F F F F F F F F F F F F F F F F F F F F F F F F F F F F F F F F F F F F F F F F F F F F F F F F F F F F F F F F F F F F F F F F F F F F F F F F F F F F F F F F F F F F F F F F F F F F F F F F F F F F F F F F F F F F F F F F F F F F F F F F F F F F F F F F F F F F F F F F F F F F F F F F F F F F F F F F F F F F F F F F F F F F F F F F F F F F F F F F F F F F F F F F F F F F F F F F F F F F F F F F F F F F F F F F F F F F F F F F F F F F F F F F F F F F F F F F F F F F F F F F F F F F F F F F F F F F F F F F F F F F F F F F F F F F F F F F F F F F F F F F F F F F F F F F F F F F F F F F F F F F F F F F F F F F F F F F F F F F F F F F F F F F F F F F F F F F F F F F F F F F F F F F F F F F F F F F F F F F F F F F F F F F F F F F F F F F F F F F F F F F F F F F F F F F F F F F F F F F F F F F F F F F F F F F F F F F F F F F F F F F F F F F F F F F F F F F F F F F F F F F F F F F F F F F F F F F F F F F F F F F F F F F F F F F F F F F F F F F F F F F F F F F F F F F F F F F F F F F F F F F F F F F F F F F F F F F F F F F F F F F F F F F F F F F F F F F F F F F F F F F F F F F F F F F F F F F F F F F F F F F F F F F F F F F F F F F F F F F F F F F F F F F F F F F F F F F F F F F F F F F F F F F F F F F F F F F F F F F F F F F F F F F F F F F F F F F F F F F F F F F F F F F F F F F F F F F F F F F F F F F F F F F F F F F F F F F F F F F F F F F F F F F F F F F F F F F F F F F F F F F F F F F F F F F F F F F F F F F F F F F F F F F F F F F F F F F F F F F F F F F F F F F F F F F F F F F F F F F F F F F F F F F F F F F F F F F F F F F F F F F F F F F F F F F F F F F F F F F F F F F F F F F F F F F F F F F F F F F F F F F F F F F F F F F F F F F F F F F F F F F F F F F F F F F F F F F F F F F F F F F F F F F F F F F F F F F F F F F F F F F F F F F F F F F F F F F F F F F F F F F F F F F F F F F F F F F F F F F F F F F F F F F F F F F F F F F F F F F F F F F F F F F F F F F F F F F F F F F F F F F F F F F F F F F F F F F F F F F F F F F F F F F F F F F F F F F F F F F F F F F F F F F F F F F F F F F F F F F F F F F F F F F F F F F F F F F F F F F F F F F F F F F F F F F F F F F F F F F F F F F F F F F F F F F F F F F F F F F F F F F F F F F F F F F F F F F F F F F F F F F F F F F F F F F F F F F F F F F F F F F F F F F F F F F F F F F F F F F F F F F F F F F F F F F F F F F F F F F F F F F F F F F F F F F F F F F F F F F F F F F F F F F F F F F F F F F F F F F F F F F F F F F F F F F F F F F F F F F F F F F F F F F F F F F F F F F F F F F F F F F F F F F F F F F F F F F F F F F F F F F F F F F F F F F F F F F F F F F F F F F F F F F F F F F F F F F F F F F F F F F F F F F F F F F F F F F F F F F F F F F F F F F F F F F F F F F F F F F F F F F F F F F F F F F F F F F F F F F F F F F F F F F F F F F F F F F F F F F F F F F F F F F F F F F F F F F F F F F F F F F F F F F F F F F F F F F F F F F F F F F F F F F F F F F F F F F F F F F F F F F F F F F F F F F F F F F F F F F F F F F F F F F F F F F F F F
  <DiscreteSampler_grid>
  grouped_processes
  1 # 1 for a reference and 2 for a running grid.
  10 # Attribute 'min_bin_probing_points' of the grid.
  1 # Attribute 'grid_mode' of the grid. 1=='default',2=='initialization'
  0.0000000000000000 # Attribute 'small_contrib_threshold' of the grid.
  0.5000000000000000 # Attribute 'damping_power' of the grid.
 # binID   n_entries weight   weight_sqr   abs_weight
    49   10   1.603072707929244E-010   2.371770985962800E-019   1.603072707929244E-010
    52   10   3.206145415858488E-010   9.487083943851200E-019   3.206145415858488E-010
    55   10   3.255455475608834E-010   9.803516041599446E-019   3.255455475608834E-010
    56   10   3.255455475608720E-010   9.803516041598725E-019   3.255455475608720E-010
    58   10   6.510910951217669E-010   3.921406416639778E-018   6.510910951217669E-010
    59   10   6.510910951217439E-010   3.921406416639490E-018   6.510910951217439E-010
    61   10   1.043007025644670E-010   8.956684418331159E-020   1.043007025644670E-010
    62   10   1.043007025644583E-010   8.956684418329532E-020   1.043007025644583E-010
    64   10   2.086014051289339E-010   3.582673767332464E-019   2.086014051289339E-010
    65   10   2.086014051289166E-010   3.582673767331813E-019   2.086014051289166E-010
    73   10   1.078485877878426E-010   9.588953945325811E-020   1.078485877878426E-010
    74   10   1.078485877878329E-010   9.588953945323921E-020   1.078485877878329E-010
    76   10   2.156971755756852E-010   3.835581578130324E-019   2.156971755756852E-010
    77   10   2.156971755756658E-010   3.835581578129568E-019   2.156971755756658E-010
    79   10   5.745107254005841E-011   2.769634747709972E-020   5.745107254005841E-011
    82   10   1.149021450801168E-010   1.107853899083989E-019   1.149021450801168E-010
    85   10   1.121255219139728E-010   1.051402281397308E-019   1.121255219139728E-010
    86   10   1.121255219139659E-010   1.051402281397166E-019   1.121255219139659E-010
    88   10   2.242510438279456E-010   4.205609125589233E-019   2.242510438279456E-010
    89   10   2.242510438279319E-010   4.205609125588665E-019   2.242510438279319E-010
    94   10   1.603072707929233E-010   2.371770985962765E-019   1.603072707929233E-010
    97   10   3.206145415858465E-010   9.487083943851062E-019   3.206145415858465E-010
    100   10   3.255455475608813E-010   9.803516041599307E-019   3.255455475608813E-010
    101   10   3.255455475608787E-010   9.803516041599141E-019   3.255455475608787E-010
    103   10   6.510910951217625E-010   3.921406416639723E-018   6.510910951217625E-010
    104   10   6.510910951217575E-010   3.921406416639657E-018   6.510910951217575E-010
    106   10   1.043007025644665E-010   8.956684418331076E-020   1.043007025644665E-010
    107   10   1.043007025644585E-010   8.956684418329564E-020   1.043007025644585E-010
    109   10   2.086014051289330E-010   3.582673767332431E-019   2.086014051289330E-010
    110   10   2.086014051289170E-010   3.582673767331826E-019   2.086014051289170E-010
    118   10   1.078485877878419E-010   9.588953945325670E-020   1.078485877878419E-010
    119   10   1.078485877878331E-010   9.588953945323953E-020   1.078485877878331E-010
    121   10   2.156971755756838E-010   3.835581578130268E-019   2.156971755756838E-010
    122   10   2.156971755756662E-010   3.835581578129581E-019   2.156971755756662E-010
    124   10   5.745107254005794E-011   2.769634747709920E-020   5.745107254005794E-011
    127   10   1.149021450801159E-010   1.107853899083968E-019   1.149021450801159E-010
    130   10   1.121255219139718E-010   1.051402281397287E-019   1.121255219139718E-010
    131   10   1.121255219139657E-010   1.051402281397160E-019   1.121255219139657E-010
    133   10   2.242510438279437E-010   4.205609125589148E-019   2.242510438279437E-010
    134   10   2.242510438279313E-010   4.205609125588642E-019   2.242510438279313E-010
    139   10   1.603072707929243E-010   2.371770985962802E-019   1.603072707929243E-010
    142   10   3.206145415858486E-010   9.487083943851206E-019   3.206145415858486E-010
    169   10   5.745107254005529E-011   2.769634747709653E-020   5.745107254005529E-011
    172   10   1.149021450801106E-010   1.107853899083861E-019   1.149021450801106E-010
    184   10   1.603072707929234E-010   2.371770985962772E-019   1.603072707929234E-010
    187   10   3.206145415858467E-010   9.487083943851089E-019   3.206145415858467E-010
    214   10   5.745107254005501E-011   2.769634747709619E-020   5.745107254005501E-011
    217   10   1.149021450801100E-010   1.107853899083847E-019   1.149021450801100E-010
  </DiscreteSampler_grid>
