  0.00305486984093966  0.00799319718664330  0.01369378694606563  0.02214342959396930
  0.03058612058762736  0.03937680371885524  0.05233394483305089  0.06506700362529243
  0.07828875624288302  0.09222983053660673  0.10565432880201021  0.11782763100107338
  0.12850214519969483  0.13791856114796028  0.14736586810468311  0.15912048625437514
  0.17256316638625804  0.18823144516392015  0.20195919459226014  0.21064539416364444
  0.21976804453516771  0.22979994001721088  0.23801940966985582  0.24765521198964871
  0.25942338998642400  0.27219953505496947  0.28809212726979611  0.30475000517320494
  0.31770259884439966  0.32698801979840803  0.33439262096900524  0.34158287539963139
  0.35019195948616982  0.35781601752559400  0.36257465581331966  0.36834302815878650
  0.37720470955975455  0.38786358007891120  0.39801410157249006  0.40983978454421188
  0.42023682697113413  0.43029929599135236  0.44080013297062715  0.45355816523228049
  0.46752726606366363  0.47725275631883607  0.48603269257914899  0.49537539864465374
  0.50535341225589581  0.51820254310186020  0.53484073914114161  0.54913053591436267
  0.55840061143829045  0.56481946002338390  0.57127442417752694  0.58111754892245082
  0.59257727142611571  0.60113519451211050  0.60777109920437589  0.61663712285567951
  0.62377804235434420  0.63073985029565360  0.63832447235611711  0.64645117015310416
  0.65410593241696136  0.66117754753530056  0.66882370337139085  0.67737787714879660
  0.68965108548430931  0.70559383350437188  0.71942823886416551  0.73392446262524424
  0.74965061042308045  0.76641005314259891  0.78155327389248852  0.79350267530989416
  0.80761893502998461  0.82466783259047727  0.84112381821603055  0.85618965812025150
  0.86669800429845989  0.87465530447361284  0.88319188186959130  0.89324387104443492
  0.90246580770967888  0.90994302876997246  0.92043251767491674  0.93464127792304064
  0.94906122165717954  0.96026136318481403  0.96912774046580930  0.97533120553752717
  0.98170570204654473  0.98759282475581400  0.99196179802621853  1.00000000000000000
  0.00806836382036930  0.01739256846148424  0.02783459900055834  0.04039756342973092
  0.05466919596631553  0.06921475953061533  0.08247502743156671  0.09370545074645317
  0.10291501630360576  0.10995838170934900  0.11557430634546371  0.12040844218677052
  0.12538139514594610  0.13315562370559264  0.14299371730311253  0.15386874051582292
  0.16536279044466454  0.17618310390518888  0.18605734112579145  0.19992151554471710
  0.21815381715757212  0.22747306410261411  0.23492198969590594  0.24161829973278923
  0.24776962507400463  0.25569203407661933  0.26636281567452841  0.27555783705855741
  0.28193551358450336  0.28752355996444023  0.29245911224166282  0.30012594007158011
  0.30875066775380267  0.31572826503511459  0.32187210092746310  0.32818544803482702
  0.33678824436185290  0.34586092306204413  0.35745883463034323  0.37089420071829610
  0.38638279227284100  0.40207266796748897  0.41918793988466119  0.43333164877556940
  0.44657685649556683  0.46139757308201695  0.47526010323797835  0.48719022830056313
  0.49799799534344003  0.50850423876729445  0.52027525918054462  0.53405065378191585
  0.54684897703313318  0.55708713241894303  0.56684214291922708  0.57670461750958135
  0.58710192379742687  0.59746785541004865  0.60916395388995392  0.62051594192513326
  0.62962006325638376  0.63852097364278904  0.64743493358968340  0.65836943360740230
  0.66998521398647015  0.67993332262095763  0.68673685108725513  0.69559305653709991
  0.70599276726800420  0.71685071489927876  0.72834151126861935  0.73958164583271591
  0.75061097006797517  0.76550069126215370  0.78011910776245830  0.79377303257452991
  0.80382167011025130  0.81028154793223983  0.81608801975850298  0.82291941268913915
  0.83216274922587286  0.83973277888879794  0.84556881644941717  0.85328400041790975
  0.86916216494537657  0.88687006926125644  0.90570735435985616  0.91717585499217213
  0.92674063574546384  0.93547448600237149  0.94175865679349491  0.94962401975649746
  0.96020235887647909  0.96922942326859696  0.98012722302568456  1.00000000000000000
  0.00020689579275428  0.00021827160860224  0.00022690294245332  0.00023049120399935
  0.00023358719873628  0.00023553971704878  0.00023752291613829  0.00024018147223428
  0.00024314044154386  0.00024539093534555  0.00024756790378066  0.00024949954661865
  0.00025167799813948  0.00025425125415325  0.00025637444267373  0.00025790925417021
  0.00025934798234279  0.00026068241285570  0.00026202525136414  0.00026363254266533
  0.00026572893405377  0.00026756597060423  0.00026939919238144  0.00027162349027202
  0.00027419245481108  0.00027703054399076  0.00027899986985772  0.00028095259932952
  0.00028280490752855  0.00028504302801140  0.00028856111679184  0.00029287801165664
  0.00029627380078003  0.00029806407498718  0.00029981223273183  0.00030133774299449
  0.00030284090034979  0.00030450035652277  0.00030631592082692  0.00030867448657103
  0.00031118924579691  0.00031559958371252  0.00031934627629151  0.00032284924192704
  0.00032693307150127  0.00033067015050913  0.00033426514085382  0.00033809966746857
  0.00034160972204706  0.00034525766830297  0.00034906412068247  0.00035300940151507
  0.00035698291205945  0.00036122278036227  0.00036563420474889  0.00036960297659048
  0.00037292662275782  0.00037630387813884  0.00038074513842290  0.00038500791683739
  0.00039024538540581  0.00039659056217799  0.00040343792953369  0.00041072765419995
  0.00041875935689482  0.00042808099095320  0.00043982656972050  0.00045195196554872
  0.00046458569619355  0.00047624066976638  0.00048643988638266  0.00049653282837925
  0.00050575889568675  0.00051406268930092  0.00052328133943410  0.00053370007210597
  0.00054949853825934  0.00056771357350483  0.00058481445886218  0.00060170073913697
  0.00061938869894997  0.00063966708056298  0.00066429304113036  0.00068838742316384
  0.00070980570856955  0.00074078677793776  0.00077354692132004  0.00080782894197396
  0.00086575247093145  0.00093997200305274  0.00106718939021967  0.00127832998085697
  0.00159367957039487  0.00211996527989743  0.65973799813010137  1.00000000000000000
  0.00021433254478019  0.00037216342347354  0.00044249971816573  0.00049957502809836
  0.00055922456252518  0.00061131437665522  0.00065292571810192  0.00068486948600042
  0.00071147061269114  0.00073442259874345  0.00075378622097197  0.00077199788797674
  0.00080022364877062  0.00082421587375862  0.00084017675011911  0.00085826174664899
  0.00088217344630334  0.00091426951206642  0.00095593668895118  0.00098787440941377
  0.00100566535287236  0.00102211663842429  0.00103912761239627  0.00105832611984717
  0.00107981541353530  0.00110415831030510  0.00113214005117645  0.00115653169874328
  0.00118040709867151  0.00121020577407747  0.00124934439361287  0.00129269975701665
  0.00133704356963100  0.00137675935881000  0.00141295089438669  0.00145623988817415
  0.00150192413177073  0.00154793452778760  0.00159638543608335  0.00164663930662618
  0.00169896417388543  0.00175841869475408  0.00181354068209741  0.00184456093830356
  0.00186737585729825  0.00189365804135703  0.00193077353382763  0.00197329996462780
  0.00201429057250389  0.00206769735069410  0.00213391560026561  0.00219333959531712
  0.00224100313735636  0.00229049400224382  0.00234429094746070  0.00238651864131475
  0.00244420220994779  0.00250460755918805  0.00258048411020192  0.00267302745232238
  0.00276121187744509  0.00284217340257312  0.00292791217398091  0.00301033706626460
  0.00310873813059133  0.00323552221917997  0.00335767141371238  0.00347643777764566
  0.00359376559633929  0.00370187111061149  0.00380051089981945  0.00388583703925868
  0.00402070360687612  0.00418699412546982  0.00432534104508184  0.00448101905305271
  0.00467476632922985  0.00486075347839422  0.00508670109873709  0.00537005683917654
  0.00569346961445006  0.00603105361277284  0.00638884994169748  0.00683719848702359
  0.00722607977170879  0.00765054034073661  0.00820985394799735  0.00883268301728971
  0.00962053232803299  0.01088385162071757  0.01266242777716307  0.01469879389093183
  0.01821092676972758  0.02227174351096060  0.03216365514145867  1.00000000000000000
  0.00390202251554665  0.00858918271157859  0.01371731943817808  0.01984552682605339
  0.02954964981381238  0.03872154077798198  0.04865902875360020  0.05516862477441706
  0.06399087731536003  0.07356843880468249  0.08244174314847594  0.08806355709532375
  0.09427304278403524  0.10487189792016630  0.11880950416614555  0.12898242462921319
  0.13860608819676806  0.15051990157224829  0.16194643991210952  0.17239944105773750
  0.18203850798229423  0.19130755294439039  0.20218992868127175  0.21120075162361554
  0.22064291413347648  0.23073629830874157  0.24423283966787906  0.25881205289751280
  0.27470889352635230  0.28857984841183754  0.30162119052061731  0.31401910866888771
  0.32413010766924394  0.33296192975507072  0.34006174168560038  0.34749889897038022
  0.35548202754586572  0.36444084871327898  0.37536484349409216  0.38525030313057024
  0.39338127901358799  0.40166156524380719  0.40974569111828768  0.41725241244335509
  0.42848215461624617  0.44266147417301321  0.45309831136790435  0.46518379243296459
  0.47493764826581936  0.48508344503235479  0.49539315871389850  0.50794689203902132
  0.52191674958069756  0.53319111194713098  0.54156477298357442  0.54811377777583992
  0.55759708811017961  0.56448628693876257  0.57180783101046218  0.58242789943495876
  0.59479849735313950  0.60611919062632269  0.61710555803908240  0.62801440975821954
  0.64053723832614728  0.65349417148548072  0.66574603876793315  0.68158271495373302
  0.69840780991909646  0.71617092630291634  0.73497469493997680  0.75013672726642133
  0.76112073231622956  0.77070811223306479  0.77898850493364935  0.78851349957540540
  0.80242665147139602  0.81493033114324420  0.82886007762538338  0.84528951292109733
  0.86235566156127963  0.87191125572639794  0.88352207690476681  0.89720226378215473
  0.91063787569895893  0.92257192553261602  0.93365876011331572  0.94414370237011369
  0.95377230427299264  0.96212625411209052  0.96991557218528224  0.97807647096551797
  0.98406853694477636  0.98890225504867479  0.99155247405100877  1.00000000000000000
 -0.00000072557356646  0.00001679652372855  0.00003096849762882  0.00004155939588133
  0.00005498261605427  0.00006950932372833  0.00008269356371877  0.00009318991385472
  0.00010213601733256  0.00011120976329555  0.00012087622736748  0.00013043588995437
  0.00013871373145307  0.00015152688590765  0.00016553688142447  0.00017855531641334
  0.00019113658979806  0.00020525827506237  0.00021794679000211  0.00022933511516502
  0.00023985167963611  0.00025012110701434  0.00026177359582398  0.00027236091440767
  0.00028848409368656  0.00030894185065306  0.00033098706427029  0.00035891226812479
  0.00040107292975530  0.00044847889798901  0.00049609971607174  0.00054388700422404
  0.00059136206417763  0.00063604403506972  0.00067471960137935  0.00071033463805294
  0.00074673232933510  0.00078678273354172  0.00083368821273122  0.00087635442218401
  0.00090629200172206  0.00092924764948885  0.00095112328740344  0.00098423681868147
  0.00104023831887544  0.00109771224649173  0.00113657538350433  0.00117403980065594
  0.00122540142132180  0.00128703179987787  0.00135445220944878  0.00141783932950287
  0.00148633105000628  0.00156370010987879  0.00163651600849631  0.00170046365770526
  0.00176678362137731  0.00183907013919842  0.00193858842083651  0.00205317492733595
  0.00213757627213766  0.00221463724217504  0.00230159220085100  0.00241469007519107
  0.00253342078934298  0.00263394555558613  0.00271750537638396  0.00279180545740010
  0.00289290060199432  0.00298121016421182  0.00307529430694227  0.00320423169495851
  0.00335069762380050  0.00352062598665261  0.00368372629118798  0.00390677077668458
  0.00415266473496398  0.00432340704435330  0.00447239863338532  0.00463621248115207
  0.00486938083558237  0.00514663048514994  0.00541939091889462  0.00577310393372716
  0.00626550520723273  0.00681588310442000  0.00751979583950841  0.00848365406086361
  0.00934220681507411  0.01032996285818009  0.01120189552165973  0.01200597713870412
  0.01394700417420540  0.01768257199540109  0.02436661302700084  1.00000000000000000
  0.00000031888902066  0.00000206508551464  0.00000321396738409  0.00000413114503490
  0.00000509781569713  0.00000649269805200  0.00000814118854484  0.00001003460596025
  0.00001224598930699  0.00001490929546569  0.00001777552139569  0.00001979493065966
  0.00002149495488158  0.00002326719351448  0.00002539034535942  0.00002794644812698
  0.00003049977642871  0.00003304404140458  0.00003549041755567  0.00003706784532383
  0.00003908113143680  0.00004170942208839  0.00004462515522539  0.00004738182226507
  0.00005036540199617  0.00005354642323328  0.00005755879947756  0.00006194254095967
  0.00006589707751257  0.00006903617703412  0.00007225995444676  0.00007648053149872
  0.00008236397998503  0.00008984520000795  0.00009762598738313  0.00010478709296297
  0.00011352461336562  0.00012417442292831  0.00013619310359681  0.00015009554968442
  0.00016630321549208  0.00018079328968699  0.00019589644395473  0.00021123424952255
  0.00022580294818112  0.00023870513228789  0.00025379125567561  0.00026722288033792
  0.00028042282799108  0.00029495692840578  0.00031273102944865  0.00032664481874164
  0.00034178633751582  0.00036335719941989  0.00039094456408841  0.00041596790039261
  0.00044183261774408  0.00046690530914214  0.00049797557159610  0.00053028752979469
  0.00056272139432504  0.00060302801357309  0.00062892787473122  0.00066634795244141
  0.00070077865112553  0.00073802787648722  0.00076663976496021  0.00079451891391374
  0.00082864226589508  0.00090322991777042  0.00099813011678024  0.00105618462663643
  0.00110649229981871  0.00115437037408586  0.00122316665613052  0.00131686490460094
  0.00143658288417353  0.00158538883171929  0.00173115379369143  0.00183215381718561
  0.00191211398889873  0.00203996361396173  0.00227156663189689  0.00252695768679186
  0.00282389751095300  0.00321605877681843  0.00356417370080927  0.00391310161316204
  0.00429252125321614  0.00486301986197661  0.00672922097300572  0.00986424345652212
  0.01225664327037814  0.12436461662810583  0.26078444348149771  1.00000000000000000
 -0.00532787686885566  0.01812571182207505  0.03770533607991744  0.05367315918490430
  0.06784991112052688  0.08211490692214909  0.09268385074105009  0.10388148759517310
  0.11620772555342759  0.12672839609525691  0.13708613648071008  0.14585473608015448
  0.15382073546247588  0.16154849189782627  0.17092522946013192  0.17940688173823577
  0.18661901515897192  0.19512788447597929  0.20212068325150334  0.21173674170228970
  0.22637469709797420  0.24108983039754842  0.25665145663839933  0.26793034426612777
  0.27524861933320260  0.28185876776935526  0.28977851413364969  0.30081228470733506
  0.31071202497490003  0.32135641857282160  0.32996012889328075  0.33821388077118553
  0.35028972298698524  0.36445251933227418  0.37817648438874529  0.38793145928239953
  0.39941594196989738  0.41006387200513456  0.42018048360838045  0.42966286560681505
  0.43911455713997571  0.44861830677389591  0.45944986833883444  0.47200812227701872
  0.48697614096061115  0.50452428214923595  0.51450542827922585  0.52326153909499573
  0.53129655034554057  0.53932304894120175  0.54816823656224123  0.55759112065801897
  0.56558741209534957  0.57298140616173787  0.58064049320367683  0.58801692889936374
  0.59486896926663468  0.60208788205816932  0.60717507944574833  0.61226223409284353
  0.61635078525224718  0.62134783963227980  0.62805126295931268  0.63669377534702598
  0.65128169487655252  0.66501492175934485  0.67794030772717107  0.69146120624719032
  0.70405039504717015  0.71580234674646137  0.72698242293117299  0.73519395555589795
  0.74374660873600684  0.75328325681597053  0.76031207539146228  0.76774829973746750
  0.77639863517690066  0.78517982891033578  0.79675467577905412  0.80926636412486930
  0.81816413627024531  0.82663821344417099  0.83635371651295631  0.84639896807074311
  0.85734239842644222  0.86741641907062117  0.88086576694908869  0.89402919108925882
  0.90868874956944545  0.92380922024372070  0.93838956950731145  0.95450631638994210
  0.96703392266588428  0.97700799307019837  0.98852788097780975  1.00000000000000000
 -0.00154469096800662  0.00692925156258371  0.01593929740606433  0.02570623976167180
  0.03344900179628056  0.03927042165142498  0.04813227936459111  0.06252816027955539
  0.07645391693119921  0.08417437709126860  0.08884065344118300  0.09374558413852867
  0.09962576782938509  0.10915537728062720  0.12461923002014512  0.14337360721391501
  0.16131779448944536  0.17654543230546371  0.19207473606296610  0.20939703579499944
  0.22251268522423445  0.23474049472294142  0.24774374021949078  0.25847545037664138
  0.26849528299914188  0.27775191060388793  0.28902924767078098  0.30288348825355027
  0.31495046954840455  0.32477174984089613  0.33406047284022494  0.34357209812285272
  0.35470572070430745  0.36832214110201078  0.37881730452953211  0.38862437640625502
  0.40091359007090688  0.41241181381136727  0.42065974800770395  0.42999234069064707
  0.43951036204043925  0.44917899826749830  0.46055072853799889  0.47010429259088504
  0.48098185804371180  0.49427633330516479  0.50854623763387452  0.52127199011707359
  0.53086585330904190  0.54057096001497884  0.55166873556592311  0.56236139036074617
  0.57102843264202974  0.57881421752555873  0.58809144819466641  0.59904708112364546
  0.60827579243066221  0.61618263666483519  0.62123843706356496  0.62728039930154766
  0.63413223344716840  0.64384339825442449  0.65704354183475544  0.67160968268025067
  0.68704420116182752  0.70124599868420734  0.71428693390046960  0.72475371768713959
  0.73295552910265549  0.74249997331332007  0.75515940475194943  0.76787992003602712
  0.78078484884170285  0.79573435196821996  0.80966540281537691  0.82052027904401204
  0.82876531509960938  0.83465586088163890  0.84268076312786189  0.85311586094261804
  0.86401181906553870  0.87269586242411679  0.87968514209614790  0.88768848389614052
  0.89575129982642920  0.90140410732897280  0.90622303239364355  0.91250817623811575
  0.92214962025489566  0.93363616327456311  0.94727726198566742  0.96250982270813779
  0.97567202759091864  0.98465911287809038  0.99214228210187683  1.00000000000000000
 -0.00166668350541506  0.00900440498357630  0.01890133633331962  0.02859304983303449
  0.03939243912406473  0.05242954479244366  0.06854315766156974  0.08346213767226866
  0.09668215648358947  0.10699013337450299  0.11630178824049020  0.12600271323405662
  0.13649999959410924  0.14654401603217651  0.15300599445140950  0.15823497843830139
  0.16550452135223412  0.17256054825617737  0.17893303957917575  0.18533340138851434
  0.19044402928017359  0.19692480087209913  0.20317438957551229  0.21104097056542326
  0.22045974449082259  0.23262664906673650  0.24546197102548117  0.25604496661947296
  0.26981193593471031  0.28379414459094249  0.29478445474164516  0.30396484583750655
  0.31215658621885733  0.32098189881502737  0.33225513058624495  0.34507051413551559
  0.35781405821666756  0.37091747177990703  0.38187150775753065  0.38989681352565808
  0.39695452983261997  0.40518776915743754  0.41434166810813822  0.42503349094881654
  0.43639998835776589  0.44728747449486583  0.45698417986879447  0.46692279105359658
  0.47423373432599447  0.49026619834222751  0.50806463228985743  0.52253213631242945
  0.53553202591508542  0.54668203350594580  0.55682697037393114  0.56809322213493185
  0.57612118582261407  0.58333472876597281  0.59007351165042043  0.59942849023673417
  0.60806117031816076  0.61586120729984961  0.62364518030555349  0.63265089582136991
  0.64245903366676704  0.65725499142107036  0.66868457424969374  0.67832186563689323
  0.68745359521011717  0.69642534231868636  0.70733945592958669  0.72376794611844297
  0.74177231775939290  0.75863146663051229  0.77296458734170970  0.78792402505252712
  0.79988715869603921  0.80916662825562191  0.81826757751768253  0.82526615154035277
  0.83075386484490510  0.83713093179623954  0.84282601289820924  0.84883604452373895
  0.85584500557624954  0.86597496554029529  0.88115510237083861  0.89980174975488969
  0.91991482140113445  0.93820066326323914  0.95270000213672490  0.96378169443611372
  0.97258340011081590  0.98430548271153395  0.99327240834114938  1.00000000000000000
 -0.00434904006969269  0.01232717146820780  0.02422960872961890  0.03486921129233569
  0.04645338797223063  0.05739365701808507  0.06747444557410526  0.07666051074127389
  0.08541594793499846  0.09594230392040864  0.10678652760425034  0.11585154743000342
  0.12409147632841576  0.13253025478316813  0.14588230965160606  0.15978680747796767
  0.17408942961940957  0.18670278448454752  0.19870404162733016  0.21003156254197902
  0.22313790881231010  0.23775790581350079  0.25190189297246363  0.26295177762516381
  0.27289753272103900  0.28333164154577756  0.29463210039726262  0.30678571087204409
  0.31981605393404322  0.33164795394885754  0.33815812831101622  0.34418194513139999
  0.35070823162146969  0.35720491182826047  0.36326343180548237  0.37166830644483145
  0.38335806592840233  0.40031021722678883  0.42042950632815190  0.43695646563946661
  0.45166901782632995  0.46374702434321968  0.47368130812393389  0.48377130295935883
  0.49444326667005667  0.50203154322956478  0.50898611983022590  0.51696796481436380
  0.52244826686130974  0.52866084950194159  0.53844264160153010  0.55064028101609408
  0.56261171134489707  0.56897522457844008  0.57512991415878023  0.58314214532113218
  0.58960637666837123  0.59326674724428330  0.59681659964804534  0.60115895784690121
  0.60785962993334319  0.61753943459106175  0.62947809440555824  0.64345692748380490
  0.65804398437455891  0.67152000948869017  0.68237214655554901  0.69130918904526861
  0.70057886755746479  0.70855753783141473  0.71781667161756868  0.72979575012017295
  0.73961222104373592  0.74758828158148893  0.75526198394599675  0.76472185156033801
  0.77368169638684092  0.78356879592030482  0.79349911935552542  0.79960254789375496
  0.80422033443105256  0.80843589477381161  0.81292418579762771  0.82156477757358937
  0.83458326146690953  0.85372571680750231  0.87278686977671960  0.89139291137714105
  0.90806113391575349  0.91939973783697748  0.92957705905636456  0.94036793460676060
  0.95173580503387545  0.96540291929716149  0.98082060962713558  1.00000000000000000
 -0.00475307254583447  0.01400014962066602  0.02969654709499164  0.04362901963690551
  0.05624198938239997  0.06857582746513240  0.08073042547364519  0.09180779598450031
  0.10052268595760554  0.10814336387696633  0.11414317523716710  0.12046423880485227
  0.12693698787118277  0.13578449057410605  0.14566495322104603  0.15585114382118759
  0.16661825867978139  0.17773485170443734  0.18766235677040585  0.19673091233211426
  0.20604169621833759  0.21709049199461089  0.22881017142581422  0.23863231957909686
  0.24565355863048094  0.25494941604898474  0.26306316286101833  0.26949732560948858
  0.27663867598533232  0.28653069405711662  0.29468919455839260  0.30119523942797072
  0.30865717806645965  0.31841370986544226  0.32968452424442607  0.33834761785672451
  0.34809178117417594  0.35776670133097810  0.36718656925653137  0.37696098361098623
  0.38672520548339651  0.39539968164945560  0.40315324774266670  0.40920345803119773
  0.41587428301533585  0.42400139026117528  0.43655286358452366  0.45001262651593871
  0.46425300045949464  0.48003487707274928  0.49487795676948981  0.50727311895787797
  0.51810314441361616  0.52820212486064133  0.53767818966864733  0.54826070612093103
  0.56132563889698972  0.57440164565455176  0.58691526344692901  0.59640165813056933
  0.60335310064940961  0.61063393317527404  0.61962914847957218  0.63149203137992505
  0.64718845409658410  0.66368131625143501  0.67470607917579895  0.68013539126459632
  0.68629636976096631  0.69327012330065163  0.70047981980426866  0.70871842040915900
  0.71986338684129014  0.72817164742773333  0.73454466606233404  0.74165060718553444
  0.74991924353845096  0.76033788723085982  0.76845688085549468  0.77577554125080783
  0.78604467192868532  0.79655886296581668  0.80584476517238535  0.81633380358759533
  0.83022095154763498  0.84394281745742084  0.85729289517419793  0.87227361469270792
  0.89047705770288221  0.91147077057833970  0.93312310800161025  0.95017114358154053
  0.95967273957720323  0.96814671826581145  0.98197603610025730  1.00000000000000000
 -0.00497559765826192  0.01464562426260948  0.03153126185658761  0.04530959098423330
  0.05723656975610163  0.06779348317408271  0.07684354028379502  0.08638776452803343
  0.09832177189780522  0.11263615857051276  0.13209417136901724  0.14771919597325406
  0.15419943607923062  0.16343870184785145  0.17283606398403048  0.18284057517606944
  0.19742604695938168  0.21259508176265254  0.22477184144141873  0.23536742076939202
  0.24558091084737765  0.25429503044725887  0.26368348268674308  0.27208333229727499
  0.27815909875564454  0.28622468377619503  0.29621652938329396  0.30789703492664078
  0.32256994416671009  0.33731277728294962  0.35085213240825303  0.36291871604804338
  0.37344277870594500  0.38314880377475735  0.39170665189638382  0.40106321709150872
  0.40863426727342600  0.41496215917485652  0.42231942397375144  0.43096789849186534
  0.44183451890766906  0.45779626007804475  0.46697596788881468  0.47517178432832791
  0.48204533535655164  0.48822503028669217  0.49437740847110628  0.50183425949155480
  0.51141244141883735  0.52222937504113609  0.53358918562350877  0.54456822010528283
  0.55601323460973151  0.56912897502212190  0.58436819825333597  0.59875938681235985
  0.60896265732801713  0.61597756652064251  0.62307298084135854  0.63123578278567261
  0.64302176774345565  0.65374803705961448  0.66046182448761748  0.66670522261561749
  0.67231071760657757  0.67865949000005588  0.68663567935335912  0.69565066059774927
  0.70764109726921920  0.72124834868821863  0.73373018527185652  0.74550028767967658
  0.75310847226524691  0.76023831152887278  0.76598027490059850  0.77573120030899789
  0.78521744658069370  0.79449096337020664  0.80638526665025767  0.81686824221712762
  0.82626513502399923  0.83748209641068794  0.84774924519323636  0.86019872197770431
  0.87086437968497288  0.88153591215972271  0.89206146984310264  0.90087180933083733
  0.90942854531501260  0.91729383491290295  0.92628264017340656  0.93848731372404404
  0.94976040295634712  0.96214782072118310  0.97932650407906430  1.00000000000000000
 -0.00092144297832325  0.00592458743586638  0.01528684366982783  0.02457024692386374
  0.03227075350146867  0.03812167021636126  0.04486744908775663  0.05295913369894972
  0.06133203049670909  0.06995598726931060  0.07897197034057866  0.08582258721855357
  0.09268377100786004  0.09961269561570622  0.10686633343163515  0.11740568511016916
  0.12695335602282964  0.13468645738013396  0.14198298625356429  0.14910746474562095
  0.15691258147907583  0.16527895277500479  0.17329566861603374  0.18196171591059979
  0.19002341748185125  0.19742633727914413  0.20355201491018143  0.20846252468611959
  0.21389979895942757  0.21717344588112594  0.21906508707578479  0.22108789006868895
  0.22278119763987908  0.22522342521336611  0.22918388776514034  0.23505874397513757
  0.24114725198618717  0.24495538868044353  0.24840616973170154  0.25303356772391594
  0.25661271674695540  0.26071766057211615  0.26623189331162495  0.27329328613797815
  0.28160186250123481  0.29024738198520877  0.29871073955526806  0.30774637944943628
  0.31705600732868133  0.32457159331209284  0.33069983364381711  0.33808590869792993
  0.34361769425168048  0.34904982450185890  0.35455436651428690  0.36169748295659959
  0.37019273869139702  0.37885120009840911  0.38737640206537327  0.39658815385365764
  0.40637223804312267  0.41514315429709903  0.42306269930000168  0.43224836706591108
  0.43912454957222119  0.44607891713938547  0.45229299155664449  0.45905967746943166
  0.46560842403233005  0.47203669250493729  0.47824236075147292  0.48333554748137642
  0.49030480123576337  0.50042826665920992  0.51169630360894269  0.52470122755635273
  0.54295140131028852  0.56117393025432494  0.57436454882978394  0.58517030541641013
  0.59580475811555622  0.61141142598297449  0.63193312257327672  0.65064857666964326
  0.66411318620313264  0.67569144745560561  0.68671967981403226  0.69940192838492909
  0.71183483788776780  0.72437814965404590  0.74397850254872600  0.76647457218537118
  0.78917085508264095  0.81904059053464473  0.87885199004407677  1.00000000000000000
 -0.00303409390345644  0.01112609385858276  0.02170592199255835  0.03132931796712064
  0.04051809637857659  0.04962725823171782  0.05802684344508978  0.06502624482153777
  0.07271159407323677  0.08515139279728751  0.10228179364141078  0.12474228586483903
  0.14382678811425323  0.16053230142149363  0.17710797873930006  0.19399202783159461
  0.21009007443202268  0.22661626426081263  0.24368795083886644  0.25435764598528321
  0.26314482919940840  0.27190161110054656  0.28081874912695420  0.29111289606148227
  0.30091664965761283  0.31147573242601390  0.32265706864057431  0.33220992334987465
  0.33859167197559381  0.34637951972157777  0.35558958850387140  0.36388792238913309
  0.37033619665083861  0.37764884523023207  0.38920857588069097  0.40772633804178515
  0.43026210414041877  0.44832817535652614  0.46077755129966652  0.47218481076229574
  0.48287991477904996  0.49144885114615089  0.49856033446817949  0.50424726900022965
  0.51087046956782245  0.51983014859782672  0.52987059240572720  0.54073803633422701
  0.55027173816445996  0.55863841458967578  0.56749500863078950  0.57711417701275280
  0.58562919054112494  0.59564030599658702  0.60722942227360788  0.61442249377152558
  0.61998625322226109  0.62506150207167543  0.62968124669598191  0.63495120913166614
  0.64064760153612177  0.64668658672708812  0.65319098473733617  0.66090972338274434
  0.67181536929785590  0.68419613065970808  0.69433985309593194  0.70337907432609315
  0.71434205480472324  0.72599713995903403  0.73773722061312985  0.75012855886065433
  0.76307020431834505  0.77288116100578175  0.78261879639618126  0.79208638520245367
  0.79931912831455254  0.80463754746428628  0.80987629578999543  0.81600334274006792
  0.82350039127762620  0.83541670166433191  0.84814861227504568  0.85729092234293980
  0.86496292575628253  0.87753566761322499  0.89468757662885445  0.91299680823944607
  0.92817485804503697  0.93837008540204803  0.95125313042730442  0.96607736285617374
  0.97769319898335794  0.98719684200187907  0.99430370228966469  1.00000000000000000
 -0.00265933968352198  0.00821759843972387  0.01681144607308462  0.02466733580480312
  0.03335668525906565  0.04282654791319056  0.05258925010426802  0.06218218035875028
  0.07063828597909828  0.08003263982654882  0.08914247605688072  0.09830714162880788
  0.10524838353162390  0.11335117271256158  0.12328611376724061  0.13686557947547542
  0.15424474842462335  0.16986709490138036  0.18148439025408325  0.19184703817283599
  0.19784051384282472  0.20367520750169429  0.21072965966067875  0.22045792333890582
  0.22991076473479843  0.23890097689352341  0.24770329826304197  0.25786500881736130
  0.26611370271480628  0.27277370773844739  0.27905567284640953  0.28481899964267277
  0.28978461132790212  0.29974809243280354  0.31334555800994085  0.32419491434116327
  0.33390626481815944  0.34572981201307168  0.35744174175958948  0.36838114817156264
  0.38197297547362957  0.39692029442789328  0.40943220543576331  0.41985142536170694
  0.42847815827354441  0.43465390736708442  0.44070034123841367  0.44751480385220027
  0.45635002834829097  0.46575598649143085  0.47360558374258910  0.47877627839113596
  0.48450408812255541  0.49027254409261461  0.49615822791982184  0.50804423271736343
  0.51995385966106311  0.53219820979338095  0.54514971947563728  0.55981846830568560
  0.57450410731635548  0.58829473389735132  0.60123840872477397  0.61402140514142944
  0.62260592795057090  0.62954316009030609  0.63613636364101700  0.64264686331619381
  0.65103903365215032  0.66228979258858878  0.67544689411243375  0.68868401638640286
  0.70112927757479770  0.71453082975215376  0.73061581434894507  0.74796197051082802
  0.76319295286950395  0.77664811054663130  0.78821254750608216  0.79954379948557419
  0.81144024319270547  0.82481015667613744  0.83680669615784797  0.84316345904703605
  0.84917592934265795  0.85415977985043323  0.86054230241469032  0.86968367045262907
  0.88185137284396031  0.89805199531452440  0.91884407557317915  0.94020219073557831
  0.95782003235246438  0.97279039066699202  0.98671430634887625  1.00000000000000000
 -0.00139231860405175  0.00718026000361013  0.01341484974448400  0.01929156672378027
  0.02476335882169318  0.03270584326489462  0.04189462967916496  0.05189171450041136
  0.06218300048731410  0.07058215816527824  0.08093785132991178  0.08979724753029600
  0.09947345212404128  0.10832030855731702  0.11599568774480778  0.12506737264471796
  0.13399613094328408  0.14491106632348630  0.15932415908408487  0.17275425582645698
  0.18539869490336541  0.19779717343130238  0.21181881967056798  0.22452250355336534
  0.23565920152801664  0.24858307889553538  0.26031955131247758  0.27147371653605146
  0.28271562654851551  0.29562079526892721  0.30826055223279153  0.32116215617735167
  0.33455261811367321  0.34643964405075134  0.35953838904293162  0.36940255261643418
  0.37959694712085701  0.38932688314620906  0.39628805408902151  0.40460351007105450
  0.41754260134663251  0.43145194710217027  0.44353521772512922  0.45347583508774708
  0.46268969150014028  0.47385413775556018  0.48703686311081107  0.49986114011995147
  0.51177265684648321  0.52317932132005118  0.53542148425635272  0.54896409244624966
  0.56226779381708514  0.57716589156992082  0.59411330140104923  0.60344686056920271
  0.61145808035925153  0.61639900647828449  0.62224517263436230  0.63033476371442076
  0.64138065322708171  0.65079243879626214  0.65902557875443779  0.66759908761186937
  0.67451775237678491  0.68159790898102368  0.69091433227633714  0.70475496830728124
  0.71885249364349635  0.72941416328682729  0.73789768111151466  0.74630114313089357
  0.75430615649007648  0.76247739999293851  0.77141630825288809  0.78050096813833825
  0.78895039329926742  0.79480399366043875  0.80018585569020151  0.80568777258382185
  0.81264799546181143  0.82646986827639357  0.84178509753408126  0.85468393304447055
  0.86484186514468642  0.87451514293818866  0.88398786084111236  0.89424496411403809
  0.90615327822881897  0.91876980491244920  0.93099332158019710  0.94482295666430272
  0.96078337100964351  0.97516389235080003  0.98812943608167270  1.00000000000000000
 -0.00084194285838264  0.00510652761536253  0.01336576161550039  0.02137031954024350
  0.02943956939211034  0.03898905419445204  0.04973165382574717  0.05940893162513789
  0.06888425189987517  0.08048907553480790  0.09410758373321321  0.10885767357984109
  0.12720030242401031  0.14669178611394487  0.16072198380098138  0.17274030375100521
  0.18308121766741448  0.19076226144803349  0.19938912744245776  0.20948680178196974
  0.21998108769433874  0.23305379570348383  0.24997843531198685  0.26527712743658999
  0.27746796537332113  0.28843361254647298  0.29765300804491629  0.30628051028499625
  0.31597667118086636  0.32670633522268944  0.33507520945276215  0.34198047709605378
  0.35307920127314779  0.36468198681079583  0.37292831149689515  0.38346093856716174
  0.39428997856376952  0.40590552608692820  0.41848937743461345  0.43120962530826396
  0.44158668972874870  0.45181350235989026  0.46017471189792120  0.46615674493007120
  0.47069997649526341  0.47459818043154045  0.47879319824748928  0.48446649533296654
  0.49266667385594776  0.50364418594046823  0.51424885419990674  0.52318773127546714
  0.53014347221920599  0.53724944195343438  0.54812575655345308  0.55918816775687341
  0.56964240140515510  0.58144177072487191  0.59275472153022213  0.60276728238247168
  0.61474084706217447  0.62774011324689549  0.63833909622069551  0.65103408083949055
  0.66545828239502347  0.67622508471155029  0.68263694434875144  0.68969598567490276
  0.69621335772621007  0.70331656276771448  0.71434204613362129  0.72918328936174959
  0.74374418688111932  0.75104363544543962  0.75987050170519088  0.76934320311210347
  0.77934390229246164  0.79158314574507627  0.80754192956418025  0.81893930537574611
  0.83102874644564539  0.84445630508313019  0.85603698199628897  0.86616998547347734
  0.87523135219764525  0.88481377862308452  0.89520279959987825  0.90668339179082202
  0.91568078849167234  0.92534957526730954  0.93515153334099899  0.94816526495002895
  0.96577085380608396  0.98038807555989260  0.99133148180836073  1.00000000000000000
  0.00000963243852254  0.00005864299740602  0.00013847339008182  0.00022505836037409
  0.00030905042008460  0.00038880578794169  0.00046443635936029  0.00057448720984716
  0.00069059429046672  0.00081317214471728  0.00094362790171324  0.00107871233069674
  0.00121300734488759  0.00132985454055367  0.00141180847487581  0.00148182852226185
  0.00154757622866198  0.00160328074485541  0.00165729525557842  0.00171754334079916
  0.00179256472484658  0.00186750081939571  0.00195189141522372  0.00206593987893195
  0.00218125815612495  0.00230061540837103  0.00242178629591666  0.00254709150676597
  0.00267248937604487  0.00279878044792290  0.00293024824989851  0.00306895773102628
  0.00323671199500162  0.00348137634228517  0.00380969473261374  0.00416210804267292
  0.00453068583834891  0.00491460254429521  0.00529248669182515  0.00562978470484016
  0.00587074746163433  0.00603735710014777  0.00617624801453546  0.00630880881566154
  0.00641619959843622  0.00654828206087284  0.00673252487190451  0.00700192583540087
  0.00707971528558352  0.00719110632005685  0.00731120393765714  0.00744101407641256
  0.00759784438434924  0.00782224266223785  0.00820274052060088  0.00859219221837837
  0.00893103173455831  0.00926212847029297  0.00951072818074663  0.00973713785797746
  0.00995208361517822  0.01012504821854392  0.01031129922529998  0.01059316853437318
  0.01107565207061263  0.01171132385508297  0.01255493985016238  0.01334356718680028
  0.01415785625794871  0.01504554176966234  0.01592381010827158  0.01685527339431974
  0.01777314201032202  0.01868038092844753  0.01982463297035748  0.02136937972709447
  0.02320441630852393  0.02487423349957009  0.02680848617829797  0.02822070945112060
  0.02934474641377941  0.03107627771846127  0.03501979324975817  0.04000463766478124
  0.04307374770917868  0.04504459437758378  0.04704755943495256  0.04910136330685887
  0.05206459727544882  0.05903329457427883  0.06696286848607004  0.25373245971815561
  0.61023281747674774  0.84099838443451669  0.92049919221725685  1.00000000000000000
 -0.00318859902783553  0.00884364017421587  0.02218677853700001  0.03613071018174645
  0.05024739807865819  0.06324794931239158  0.07293620051567901  0.08025606213512251
  0.08739768405042711  0.09527779360847692  0.10313222882726229  0.11073457533272479
  0.12014657504943682  0.13036919807203132  0.13926134108482344  0.14722629455753003
  0.15487014395574247  0.16320368425511242  0.17495450518701022  0.18420985448817007
  0.18879073202874319  0.19342396499739289  0.19892297062440384  0.20550645027662284
  0.21241424105281434  0.21925594030070694  0.22889277366369110  0.24118881156757860
  0.25487147775215041  0.27215373169501683  0.28520518694567315  0.29393632379057649
  0.30353579527705699  0.31241470649514153  0.32029395580588277  0.32758090016200442
  0.33786998060489848  0.35140014236223294  0.36313377367410626  0.37521325717078302
  0.38856455620798136  0.40345308723363910  0.41810620076643928  0.43188624574595091
  0.44683019571078486  0.46310786201591758  0.48015707343862146  0.50070719724571988
  0.52437423631708402  0.55013052366312798  0.57078429164996114  0.58687769438640325
  0.60079678479186738  0.61254920043889061  0.62304366509832232  0.63671484874674955
  0.65158566249541960  0.66584850262529494  0.67794837367027139  0.68930185743755057
  0.70228308695886632  0.71897621900174047  0.73726764915701692  0.74959016760051134
  0.75921128539395055  0.76927109461718013  0.77858089016592380  0.78581640911064365
  0.79249834908486738  0.79918105332286316  0.80645067698075479  0.81449679258285812
  0.82583788727957974  0.83839221839941447  0.84950971973551825  0.86151795713929025
  0.87325336052754299  0.88342850923731941  0.89338264588045835  0.90228908325047952
  0.90855699995283201  0.91379157774176523  0.91814004103783520  0.92278017023938141
  0.92778967604008122  0.93344546970074782  0.94151964211543815  0.94738713917458683
  0.95295975067860939  0.95904405481111399  0.96438884186815210  0.96880815716420399
  0.97461134544606332  0.98243470587590787  0.99108479303787500  1.00000000000000000
  0.60791546254779105  0.84388396114631936  0.91438127096444677  0.93389800817247826
  0.94462286641153237  0.95191801673900800  0.95828493542688464  0.96178025251788168
  0.96413384402017743  0.96662434450951751  0.96961047343364171  0.97175479724181613
  0.97281236219696798  0.97341674674501899  0.97397180327799904  0.97502177940248269
  0.97629098344804799  0.97729993417152272  0.97808317575962223  0.97874515261300032
  0.97939987313657850  0.98027702731579724  0.98124158676233653  0.98216432589387259
  0.98300085222075673  0.98368768055665246  0.98425615149436663  0.98477076152593346
  0.98533544465178591  0.98581151050949345  0.98618064122888260  0.98656374246913159
  0.98690555998662688  0.98716507790972197  0.98741055995955784  0.98770217467053323
  0.98809179897922372  0.98843394691435627  0.98875053140487557  0.98907628055042041
  0.98944023914513368  0.98981767302108248  0.99013167761473242  0.99040120209414551
  0.99070152445515158  0.99090609087427439  0.99109793761562204  0.99134381814548189
  0.99161304194804023  0.99190680230814043  0.99216988606558476  0.99237157912332652
  0.99254879713955246  0.99270153549014473  0.99284129684299993  0.99299323995851074
  0.99316102680605678  0.99330355032723650  0.99343378665243609  0.99356836471311305
  0.99371254906607986  0.99382021995414915  0.99390130578106139  0.99403463816230464
  0.99418009446933875  0.99427355233020298  0.99433493673523243  0.99440973439758407
  0.99449633330917619  0.99458781017694131  0.99471492810055107  0.99491750593779982
  0.99516388093973052  0.99537342731012390  0.99556017032768007  0.99572949358887641
  0.99589121917242518  0.99605512179587397  0.99619631798188268  0.99636014518035732
  0.99657045334462468  0.99673018037427175  0.99686413984909050  0.99700864598675976
  0.99715796091087983  0.99730750733428786  0.99749339296653750  0.99768886160511017
  0.99785199141962311  0.99801307019373975  0.99812591940618312  0.99822189838852582
  0.99836973009391594  0.99856270597554497  0.99890288982118614  1.00000000000000000
 -0.04444657106435108  0.18745686399527886  0.22318070841816712  0.23948785326308708
  0.25225520446095401  0.26642531923249840  0.28018713113229893  0.29260519611550057
  0.30461858309026146  0.31624260549878319  0.32779814886251102  0.33965961442085602
  0.35049767013654853  0.35827566099458291  0.36553705502592709  0.37347774632040509
  0.38096951085182973  0.38715444965447621  0.39342225675483333  0.39859041863247680
  0.40432118010937301  0.41042936581877154  0.41639715358813112  0.42442620567166661
  0.43242121254984406  0.43778610608035878  0.44174661370746560  0.44557899034856402
  0.44961862981330369  0.45433955194376630  0.45932415499921803  0.46256783001645208
  0.46508408866259404  0.46844204259933642  0.47392400453965927  0.48000055154946336
  0.48547029960112692  0.48875920633148084  0.49266220600609367  0.49751272986953632
  0.50217405085285094  0.50729560332391987  0.51196612016804022  0.51600974356919138
  0.52021593717180037  0.52471530844455794  0.52882641706998679  0.53266934846606295
  0.53713716491068553  0.54231699311274484  0.54792066712549603  0.55430851001691017
  0.56124408722783004  0.56622306254366495  0.57193252896718638  0.57644232725905620
  0.57982853323607197  0.58395587550704042  0.58858940498853918  0.59288121185630260
  0.59683837239798931  0.60379038447880584  0.61002325454047723  0.61637905205340171
  0.62270955596460387  0.62728949487093533  0.63228771187866728  0.63760608077402903
  0.64214571313105706  0.64563506640582746  0.64972887509571031  0.65653519683999906
  0.66301626315565942  0.66886685105926769  0.67451277591292513  0.68014792212500108
  0.68676790098106211  0.69533022552316370  0.70066889639786256  0.70424518681531101
  0.70902576553339458  0.71969305303892472  0.73298270456864412  0.74542427476061313
  0.75615157724361193  0.76472892005944326  0.77198195023340510  0.78147642131622597
  0.79384305315680526  0.80519222068949481  0.81709593011438564  0.83078575669918964
  0.84224440916677834  0.85946175954617565  0.90302194680271897  1.00000000000000000
   3.6141291590610467E-016  -1.0000000000000000     
 F F F F F F F F F F F F F F F F F F F F F F F F F F F F F F F F F F F F F F F F F F F F F F F F F F F F F F F F F F F F F F F F F F F F F F F F F F F F F F F F F F F F F F F F F F F F F F F F F F F F F F F F F F F F F F F F F F F F F F F F F F F F F F F F F F F F F F F F F F F F F F F F F F F F F F F F F F F F F F F F F F F F F F F F F F F F F F F F F F F F F F F F F F F F F F F F F F F F F F F F F F F F F F F F F F F F F F F F F F F F F F F F F F F F F F F F F F F F F F F F F F F F F F F F F F F F F F F F F F F F F F F F F F F F F F F F F F F F F F F F F F F F F F F F F F F F F F F F F F F F F F F F F F F F F F F F F F F F F F F F F F F F F F F F F F F F F F F F F F F F F F F F F F F F F F F F F F F F F F F F F F F F F F F F F F F F F F F F F F F F F F F F F F F F F F F F F F F F F F F F F F F F F F F F F F F F F F F F F F F F F F F F F F F F F F F F F F F F F F F F F F F F F F F F F F F F F F F F F F F F F F F F F F F F F F F F F F F F F F F F F F F F F F F F F F F F F F F F F F F F F F F F F F F F F F F F F F F F F F F F F F F F F F F F F F F F F F F F F F F F F F F F F F F F F F F F F F F F F F F F F F F F F F F F F F F F F F F F F F F F F F F F F F F F F F F F F F F F F F F F F F F F F F F F F F F F F F F F F F F F F F F F F F F F F F F F F F F F F F F F F F F F F F F F F F F F F F F F F F F F F F F F F F F F F F F F F F F F F F F F F F F F F F F F F F F F F F F F F F F F F F F F F F F F F F F F F F F F F F F F F F F F F F F F F F F F F F F F F F F F F F F F F F F F F F F F F F F F F F F F F F F F F F F F F F F F F F F F F F F F F F F F F F F F F F F F F F F F F F F F F F F F F F F F F F F F F F F F F F F F F F F F F F F F F F F F F F F F F F F F F F F F F F F F F F F F F F F F F F F F F F F F F F F F F F F F F F F F F F F F F F F F F F F F F F F F F F F F F F F F F F F F F F F F F F F F F F F F F F F F F F F F F F F F F F F F F F F F F F F F F F F F F F F F F F F F F F F F F F F F F F F F F F F F F F F F F F F F F F F F F F F F F F F F F F F F F F F F F F F F F F F F F F F F F F F F F F F F F F F F F F F F F F F F F F F F F F F F F F F F F F F F F F F F F F F F F F F F F F F F F F F F F F F F F F F F F F F F F F F F F F F F F F F F F F F F F F F F F F F F F F F F F F F F F F F F F F F F F F F F F F F F F F F F F F F F F F F F F F F F F F F F F F F F F F F F F F F F F F F F F F F F F F F F F F F F F F F F F F F F F F F F F F F F F F F F F F F F F F F F F F F F F F F F F F F F F F F F F F F F F F F F F F F F F F F F F F F F F F F F F F F F F F F F F F F F F F F F F F F F F F F F F F F F F F F F F F F F F F F F F F F F F F F F F F F F F F F F F F F F F F F F F F F F F F F F F F F F F F F F F F F F F F F F F F F F F F F F F F F F F F F F F F F F F F F F F F F F F F F F F F F F F F F F F F F F F F F F F F F F F F F F F F F F F F F F F F F F F F F F F F F F F F F F F F F F F F F F F F F F F F F F F F F F F F F F F F F F F F F F F F F F F F F F F F F F F F F F F F F F F F F F F F F F F F F F F F F F F F F F F F F F F F F F F F F F F F F F F F F F F F F F F F F F F F F F F F F F F F F F F F F F F F F F F F F F F F F F F F F F F F F F F F F F F F F F F F F F F F F F F F F F F F F F F F F F F F F F F F F F F F F F F F F F F F F F F F F F F F F F F F F F F F F F F F F F F F F F F F F F F F F F F F F F F F F F F F F F F F F F F F F F F F F F F F F F F F F F F F F F F F F F F F F F F F F F F F F F F F F F F F F F F F F F F F F F F F F F F F F F F F F F F F F F F F F F F F F F F F F F F F F F F F F F F F F F F F F F F F F F F F F F F F F F F F F F F F F F F F F F F F F F F F F F F F F F F F F F F F F F F F F F F F F F F F F F F F F F F F F F F F F F F F F F F F F F F F F F F F F F F F F F F F F F F F F F F F F F F F F F F F F F F F F F F F F F F F F F F F F F F F F F F F F F F F F F F F F F F F F F F F F F F F F F F F F F F F F F F F F F F F F F F F F F F F F F F F F F F F F F F F F F F F F F F F F F F F F F F F F F F F F F F F F F F F F F F F F F F F F F F F F F F F F F F F F F F F F F F F F F F F F F F F F F F F F F F F F F F F F F F F F F F F F F F F F F F F F F F F F F F F F F F F F F F F F F F F F F F F F F F F F F F F F F
  <DiscreteSampler_grid>
  grouped_processes
  1 # 1 for a reference and 2 for a running grid.
  10 # Attribute 'min_bin_probing_points' of the grid.
  1 # Attribute 'grid_mode' of the grid. 1=='default',2=='initialization'
  0.0000000000000000 # Attribute 'small_contrib_threshold' of the grid.
  0.5000000000000000 # Attribute 'damping_power' of the grid.
 # binID   n_entries weight   weight_sqr   abs_weight
    49   10   1.533887225612962E-013   2.036390386512240E-025   1.533887225612962E-013
    52   10   3.067774451225923E-013   8.145561546048961E-025   3.067774451225923E-013
    55   10   3.127086979746749E-013   8.453810835888715E-025   3.127086979746749E-013
    56   10   3.127086979746735E-013   8.453810835888651E-025   3.127086979746735E-013
    58   10   6.254173959493497E-013   3.381524334355486E-024   6.254173959493497E-013
    59   10   6.254173959493469E-013   3.381524334355460E-024   6.254173959493469E-013
    61   10   4.669697211575289E-013   1.599605216842677E-024   4.669697211575289E-013
    62   10   4.669697211575320E-013   1.599605216842679E-024   4.669697211575320E-013
    64   10   9.339394423150578E-013   6.398420867370708E-024   9.339394423150578E-013
    65   10   9.339394423150640E-013   6.398420867370717E-024   9.339394423150640E-013
    73   10   4.936102162780201E-013   1.922146152896514E-024   4.936102162780201E-013
    74   10   4.936102162780213E-013   1.922146152896514E-024   4.936102162780213E-013
    76   10   9.872204325560402E-013   7.688584611586056E-024   9.872204325560402E-013
    77   10   9.872204325560426E-013   7.688584611586058E-024   9.872204325560426E-013
    79   10   3.821342751658816E-013   1.366836754286077E-024   3.821342751658816E-013
    82   10   7.642685503317632E-013   5.467347017144310E-024   7.642685503317632E-013
    85   10   7.625733012450015E-013   5.460720524004453E-024   7.625733012450015E-013
    86   10   7.625733012449983E-013   5.460720524004418E-024   7.625733012449983E-013
    88   10   1.525146602490003E-012   2.184288209601781E-023   1.525146602490003E-012
    89   10   1.525146602489997E-012   2.184288209601767E-023   1.525146602489997E-012
    94   10   1.533887225612962E-013   2.036390386512240E-025   1.533887225612962E-013
    97   10   3.067774451225923E-013   8.145561546048960E-025   3.067774451225923E-013
    100   10   3.127086979746752E-013   8.453810835888723E-025   3.127086979746752E-013
    101   10   3.127086979746737E-013   8.453810835888651E-025   3.127086979746737E-013
    103   10   6.254173959493503E-013   3.381524334355489E-024   6.254173959493503E-013
    104   10   6.254173959493474E-013   3.381524334355460E-024   6.254173959493474E-013
    106   10   4.669697211575300E-013   1.599605216842684E-024   4.669697211575300E-013
    107   10   4.669697211575313E-013   1.599605216842673E-024   4.669697211575313E-013
    109   10   9.339394423150600E-013   6.398420867370737E-024   9.339394423150600E-013
    110   10   9.339394423150626E-013   6.398420867370691E-024   9.339394423150626E-013
    118   10   4.936102162780213E-013   1.922146152896522E-024   4.936102162780213E-013
    119   10   4.936102162780205E-013   1.922146152896507E-024   4.936102162780205E-013
    121   10   9.872204325560426E-013   7.688584611586088E-024   9.872204325560426E-013
    122   10   9.872204325560410E-013   7.688584611586030E-024   9.872204325560410E-013
    124   10   3.821342751658816E-013   1.366836754286077E-024   3.821342751658816E-013
    127   10   7.642685503317632E-013   5.467347017144307E-024   7.642685503317632E-013
    130   10   7.625733012450016E-013   5.460720524004453E-024   7.625733012450016E-013
    131   10   7.625733012449990E-013   5.460720524004423E-024   7.625733012449990E-013
    133   10   1.525146602490003E-012   2.184288209601781E-023   1.525146602490003E-012
    134   10   1.525146602489998E-012   2.184288209601769E-023   1.525146602489998E-012
    139   10   1.533887225612969E-013   2.036390386512265E-025   1.533887225612969E-013
    142   10   3.067774451225938E-013   8.145561546049061E-025   3.067774451225938E-013
    169   10   3.821342751658863E-013   1.366836754286105E-024   3.821342751658863E-013
    172   10   7.642685503317726E-013   5.467347017144422E-024   7.642685503317726E-013
    184   10   1.533887225612971E-013   2.036390386512268E-025   1.533887225612971E-013
    187   10   3.067774451225941E-013   8.145561546049073E-025   3.067774451225941E-013
    214   10   3.821342751658862E-013   1.366836754286104E-024   3.821342751658862E-013
    217   10   7.642685503317724E-013   5.467347017144416E-024   7.642685503317724E-013
  </DiscreteSampler_grid>
