  0.00351867337797317  0.01115438448125851  0.01969557257253537  0.02904677552614768
  0.03931269470657146  0.05095523241470466  0.06252807331437074  0.07162195538677514
  0.08096736810719020  0.09278077024938038  0.10576253271753784  0.11781596243433146
  0.12725169008038412  0.13503297949517976  0.14337162094975070  0.15127398227281469
  0.15869278622975369  0.16639235523697071  0.17422645637861403  0.18112438279789284
  0.18674894982450904  0.19506197613473025  0.20403066327106711  0.21405942423434388
  0.22647645997713356  0.23722194350715028  0.24603645155957135  0.25649792398479559
  0.26486499922392265  0.27251305634430939  0.28026798586440971  0.28847102347991255
  0.29847250556560656  0.31476714277546752  0.32964583241715223  0.34470917217918212
  0.35899759239263207  0.37050543139030040  0.38030484417306987  0.38536866125615260
  0.38992344764507836  0.39464362997624775  0.40000777674081450  0.40662003249238837
  0.41375338454510396  0.42364413813526869  0.43475330366610010  0.44653397647516591
  0.46027576585251895  0.47263307680676209  0.48450540457518498  0.49885025370922692
  0.51229044104544830  0.52566696307687333  0.53693641337208164  0.54753274964858967
  0.55562184519108970  0.56384779800985307  0.57205298946508076  0.57741113772430686
  0.58472519355266972  0.59265311610728555  0.60171475841444699  0.61220998077795807
  0.62302779591837187  0.63378559867032880  0.64656367548409144  0.66225620634853133
  0.67792213654686895  0.69173890587127107  0.70849569021378389  0.72697295326976286
  0.74236732743139977  0.75756285618703123  0.77296416389591860  0.79025816313003061
  0.80578782328307719  0.81793120468554037  0.82679297441037058  0.83554424301597985
  0.84458343003427949  0.85426428154334955  0.86606948970507580  0.87613999220065930
  0.88489778119795104  0.89280208569049702  0.90147462762904551  0.91244946656944581
  0.92249631354127815  0.92929872662390589  0.93648873967664170  0.94493482900770664
  0.95463780174508073  0.96739597052234361  0.98324010726249711  1.00000000000000000
  0.00003380405047470  0.00003606879881241  0.00003828347742134  0.00004042535462359
  0.00004205754604174  0.00004329479640842  0.00004437898380853  0.00004555901101715
  0.00004692092749840  0.00004794267292268  0.00004884953698492  0.00004982013832494
  0.00005093313021379  0.00005232103845729  0.00005381781438255  0.00005508736506218
  0.00005603311497332  0.00005686619342900  0.00005768828608988  0.00005853446472477
  0.00005947215330097  0.00006056017505296  0.00006148839192855  0.00006217294662602
  0.00006285220616038  0.00006352011905552  0.00006396093970976  0.00006440656239868
  0.00006486400977278  0.00006546792077455  0.00006605680871763  0.00006668082053236
  0.00006732357633969  0.00006809287505927  0.00006907055638216  0.00007022109541826
  0.00007142060469557  0.00007243812720815  0.00007315174289440  0.00007391812934050
  0.00007472259519153  0.00007567102717224  0.00007695058899914  0.00007825200957690
  0.00007939677565766  0.00008049043297131  0.00008165940060072  0.00008315296021476
  0.00008455488052550  0.00008622125512992  0.00008783855809908  0.00008960222228196
  0.00009136814763921  0.00009274661054828  0.00009464097694356  0.00009683137394606
  0.00009910554315782  0.00010111477933662  0.00010279080583561  0.00010428665879138
  0.00010572558038394  0.00010718718721952  0.00010882813369971  0.00011095072368097
  0.00011368136330050  0.00011654607852832  0.00011918308946393  0.00012198326824718
  0.00012531376275354  0.00012925174835700  0.00013393148385992  0.00013929455955349
  0.00014497852359543  0.00015013031389887  0.00015472337028593  0.00015903627643641
  0.00016425921516889  0.00016903376225305  0.00017306258902796  0.00017686087309790
  0.00018188746934087  0.00019021210977580  0.00020326195808475  0.00022051187964004
  0.00024221835739272  0.00026414077172549  0.00028228117791722  0.00030144697468935
  0.00032063400581215  0.00034591462662444  0.00038032266158684  0.00043183963705075
  0.00055902404843397  0.00426201936476888  0.34337104626972920  1.00000000000000000
  0.00018038756212165  0.00018990597757126  0.00019605042671437  0.00020127261194106
  0.00020673389697944  0.00021258647038311  0.00022226710871561  0.00023058972486564
  0.00023643890524642  0.00024100875188533  0.00024519066118134  0.00024878094685326
  0.00025210532851489  0.00025559719588552  0.00025884947826239  0.00026272991092774
  0.00026664957184434  0.00027055450053022  0.00027455891199050  0.00027849355314105
  0.00028169502248227  0.00028517933056682  0.00028844603161063  0.00029109934794139
  0.00029413713820417  0.00029801596453301  0.00030327076977532  0.00030869267723270
  0.00031384146686224  0.00031961117353418  0.00032625846938244  0.00033338661459986
  0.00034007845558815  0.00034978377938705  0.00035667462672946  0.00036345301352769
  0.00036998899984007  0.00037715193375802  0.00038405747633155  0.00039162479137101
  0.00040079152618027  0.00040868882548692  0.00041561728751473  0.00042286737298969
  0.00043175036156346  0.00044323632339069  0.00045702082792008  0.00046737350677348
  0.00047810297431752  0.00048832770547334  0.00049708948842522  0.00050471956611638
  0.00051393293066660  0.00053087201669741  0.00055105012416853  0.00056380685015067
  0.00057633384567151  0.00058850492137006  0.00060574049708570  0.00063005275699085
  0.00065159595495774  0.00067219569470666  0.00069258308623139  0.00070683579318944
  0.00072017666027490  0.00074123724945379  0.00076633385767226  0.00079485540388389
  0.00082285250998622  0.00085455444376261  0.00088994625093776  0.00092990493201286
  0.00098703247137258  0.00104783065381928  0.00110438789788770  0.00115045629041175
  0.00121133037719515  0.00130151156104765  0.00140126194764337  0.00149122381646092
  0.00159556839569993  0.00169280097895453  0.00182117606459940  0.00200988798298086
  0.00223955270880328  0.00247867621729713  0.00275352990195219  0.00299858676777152
  0.00318974912377066  0.00336474893783091  0.00355392297938436  0.00387693499655451
  0.00433059585503858  0.00535265056317235  0.01023313150979340  1.00000000000000000
  0.00087536356481067  0.02163732195181921  0.03888769324534876  0.05314492322504780
  0.06691916455317500  0.08076416791985835  0.08979305783028294  0.09484810059546875
  0.10078423757419075  0.10889702914526736  0.11627434978414070  0.12148556150936354
  0.12652697110378811  0.13297394901852050  0.14178298810382958  0.15238126876372318
  0.16717883934549413  0.18423131024250716  0.20184740892498979  0.21766176341586937
  0.23070359616557301  0.24156947122381328  0.25059927829044587  0.25853417238093673
  0.26554968779451760  0.27251205237067816  0.27869558072239209  0.28571382013522090
  0.29401133527739098  0.30327619975206999  0.31549517336981392  0.32835927408567039
  0.33800984868834522  0.34713647042075735  0.35630935234031852  0.36751771162964925
  0.38025215217897845  0.39429322738057082  0.40906685199370613  0.42371681050778637
  0.43740377242971001  0.44728093881787562  0.45577312257332386  0.46405611023974702
  0.47430636465020137  0.48323868532789721  0.49416354221361947  0.50756350496028591
  0.51977547859097006  0.53434635970655064  0.54784278902435457  0.56017718633774882
  0.56978286501433639  0.57932687229844215  0.58720458656596619  0.59493535183712110
  0.60252091025001353  0.61102459642895479  0.62364389286687261  0.63483464153051750
  0.64646430870614158  0.66099222405364988  0.67445377271637785  0.68590358390023398
  0.69523988840971818  0.70355608019908211  0.71125879301603079  0.71920205461709985
  0.72944869393934864  0.73924600069683333  0.74900004963399536  0.75837280059208467
  0.76855065093259223  0.77984132030861864  0.78797377140224445  0.79255989857256304
  0.79643826725930167  0.80106391584551262  0.80767820138334501  0.81562009507860489
  0.82357138470084001  0.83334692555023071  0.84403743913567375  0.85491547187514749
  0.86682121719539751  0.88016664950407331  0.89094401421466363  0.89952618068671530
  0.90791236159636357  0.91653021646433974  0.92633154784479099  0.93886561810074631
  0.95295542357884344  0.96815334664320252  0.98325123277190851  1.00000000000000000
  0.00867948559138409  0.02013821405333697  0.02988740708667586  0.04003984420167130
  0.05064784192943985  0.06049630875549841  0.07008552012669896  0.08664516488240259
  0.09949288268494580  0.10977425315605595  0.11759650531670066  0.12579821675484298
  0.13792569645573474  0.14978870206664155  0.15981246338201685  0.16920509868242134
  0.17894608410530097  0.18909911436876936  0.19847147185146538  0.20658097218890345
  0.21468274872841384  0.22337278818157189  0.23340858659967653  0.24361875163753827
  0.25212462651747614  0.25953039179031756  0.26798755532774798  0.28130200426583407
  0.29459642835523575  0.30660238819491753  0.31784736991203572  0.32763497254715834
  0.33780203262025982  0.34844680458812538  0.35912666802657467  0.36642112072922323
  0.37376775492471226  0.38288786143153553  0.39409686115759912  0.40701762894953969
  0.41800202380228674  0.42591165902282668  0.43232348481881205  0.43804410428616097
  0.44359353947406399  0.45251536921634866  0.46200221665223834  0.47418223698707584
  0.48798780278815229  0.49990142688777783  0.50896122551984457  0.51729288245037608
  0.52674584321411544  0.53507477679895066  0.54311762086013260  0.55290757215669006
  0.56014820115687203  0.56574866090902964  0.57099474076337775  0.57715070965901827
  0.58812079961550090  0.60084953462822999  0.61224151277223904  0.62378061901056714
  0.63706262767924748  0.64931346661992395  0.65933944555389390  0.66970104157788146
  0.68168819376673562  0.69262930937923128  0.70313433829006367  0.71467698752433495
  0.72815853387352869  0.74058009477042541  0.75208826091670333  0.76241003040903133
  0.77048530144281635  0.77720716523170019  0.78447294599145356  0.79250639894264918
  0.80050465015044425  0.80845102694557891  0.82041929441804695  0.83715770105641751
  0.85511984770232508  0.86966622913584146  0.88555811988680833  0.89805940116156036
  0.90796270311933713  0.91815237641111125  0.93041921011023565  0.94162767629224697
  0.95199859721734381  0.96490537849301639  0.98132362980357457  1.00000000000000000
  0.00016109040229875  0.00023379347907662  0.00025142236201573  0.00026310887663806
  0.00027345944807217  0.00028323195666019  0.00029212539161051  0.00030026588158057
  0.00030812031178367  0.00031570903386605  0.00032309680998496  0.00033051272229025
  0.00033797470073499  0.00034510928543715  0.00035179408351546  0.00035859780460482
  0.00036554967452920  0.00037581366985526  0.00038554721823753  0.00039504196791083
  0.00040472241410639  0.00041511218877857  0.00042643753765486  0.00043741572112074
  0.00044701551205611  0.00045524582870023  0.00046238413407477  0.00046948322719121
  0.00047752616592071  0.00048589469096189  0.00049558992832542  0.00050274611170457
  0.00050812233680839  0.00051541150998906  0.00052361631018709  0.00053481231577649
  0.00054711914435930  0.00055524464611167  0.00056194391373601  0.00056969888951646
  0.00057648091008083  0.00058197564693291  0.00058758977625882  0.00059712378029572
  0.00060786300605015  0.00061789144006796  0.00062634758798253  0.00063523179820026
  0.00064432127882319  0.00065668908487382  0.00067042992278409  0.00068243927747002
  0.00069283676772796  0.00070201828599097  0.00071110950037808  0.00072229066389263
  0.00073755960975811  0.00075184071841891  0.00076450600131279  0.00078251459927096
  0.00080434653945298  0.00082414240261669  0.00084545018482308  0.00087726618155941
  0.00091684530649442  0.00095353247546539  0.00098963757624345  0.00102691270955091
  0.00106190286554700  0.00109432745574307  0.00113264422181653  0.00117677867196782
  0.00122035355565008  0.00125590892331384  0.00128474497814354  0.00131346408258243
  0.00133018193801409  0.00134315492277376  0.00137908935910571  0.00141903413056366
  0.00147324031765738  0.00152885009929027  0.00161716533372936  0.00176512627366592
  0.00194863243046153  0.00205006892458114  0.00221235390044305  0.00238971372398574
  0.00248150210902856  0.00260351396931135  0.00273796748772067  0.00288229681260292
  0.00308214489588437  0.00426281581052451  0.17969928257131551  1.00000000000000000
 -0.00033776495169194  0.00351481089895005  0.00999882057467849  0.01554635246569617
  0.01925315127448739  0.02442432384237222  0.03083660478218185  0.03868528483039973
  0.04845389167560820  0.05909058772001911  0.06468295820514694  0.07317753798435861
  0.08413565040293090  0.09238183777740400  0.09823873231466854  0.10573276185561142
  0.11431110727870254  0.12362226749078903  0.13166182507942220  0.13734579133601901
  0.14236985732313767  0.14684418561458382  0.15170843269419429  0.15734076603218544
  0.16349542447423013  0.17198920832937689  0.18017296309199662  0.18941417948480899
  0.20071240246038410  0.20984966544692743  0.21925386490905616  0.22933200296853415
  0.24081215185965715  0.25127073195580890  0.25917846020269975  0.26738201459725075
  0.27811850579825886  0.28898553443951142  0.30091806709205482  0.31058426630812158
  0.31909410018130474  0.32781829931463707  0.33591947455887816  0.34329826051276136
  0.35273707913338170  0.36223970194638766  0.37112004560448641  0.38019674755319732
  0.39027552111700464  0.40131125699992753  0.41355661939615723  0.42449475533556802
  0.43424333196078813  0.44174717095203414  0.44893098844615587  0.45552168306131674
  0.46110848777337704  0.46818491191589179  0.47580215266604253  0.48429627415248716
  0.49394192521473429  0.50433088658993097  0.51351237738834687  0.52235888510907547
  0.53170304888359210  0.54193862051004882  0.55391351772136455  0.56695945685352667
  0.58312794041181859  0.59923061275366829  0.61449836008521130  0.62940065736489670
  0.64179959609567894  0.65468659002626495  0.66754235524891847  0.67958480857390569
  0.69203920895140947  0.70473099849622811  0.71518863413933986  0.72505416698419434
  0.73451317109960335  0.74528238312683315  0.75939856876741452  0.77778610539487092
  0.79420624523813887  0.80998669093091491  0.82682917534857525  0.84627555003013333
  0.86353855449630890  0.87683950014933865  0.88945460145481148  0.90116422265231622
  0.91664970631202658  0.94227946211043645  0.97174700852165674  1.00000000000000000
 -0.00135879908099199  0.00652720955928252  0.01609947094833504  0.02518981142652093
  0.03744318907994889  0.04948438090081224  0.05931424772560680  0.06760111870348046
  0.07575844908866047  0.08481587183867298  0.09600117685881158  0.10898264895793373
  0.11916281271225694  0.12797613520457740  0.13760924457087759  0.14774872479252310
  0.15898606012844796  0.17000091288494634  0.18157088720068154  0.18885644112451841
  0.19587264357030362  0.20264546928041238  0.20941873241787359  0.21663362601095273
  0.22854045896252942  0.24286188656629326  0.25532388107410148  0.26742697144449207
  0.27796540851067508  0.28761264692322930  0.29963114557941478  0.31741192625424997
  0.32962111950684597  0.33809370470499245  0.34580055226518347  0.35593795625901903
  0.36553551535557133  0.37517770118992450  0.38516933308820056  0.39651613765603350
  0.41029255657317648  0.42526718814058484  0.43947238740091621  0.45222985395896148
  0.46222957426399508  0.47098867522542504  0.47939826295368954  0.48736742069944217
  0.49479184538392657  0.50255887200366722  0.51021611540115397  0.51816042510342097
  0.52808471427531134  0.53925490298917933  0.54686257561283291  0.55342139655890543
  0.56012474835118531  0.57024018135530108  0.58011013743458228  0.58833130331775541
  0.59691045206630966  0.60675712901748025  0.61792041876455073  0.63182139674856053
  0.64725803895553669  0.65981187248820983  0.67134826610643550  0.68383057356566501
  0.69637908673118698  0.70884472962035250  0.72069307414655182  0.73231016518143022
  0.74419589270105035  0.75527087987529895  0.76473426628509400  0.77479358312233904
  0.78581059837313882  0.79773983764246648  0.80947958052963609  0.82132978024201386
  0.83682442893727038  0.85147196632751854  0.86316970981655050  0.87386310315313143
  0.88467574241985802  0.89636953534156838  0.90881197621317666  0.92129815971621387
  0.93391341246062864  0.94674114877536497  0.95860276355886875  0.96844271405612925
  0.97639592255419916  0.98459774093934316  0.99245526756397051  1.00000000000000000
 -0.00395484095469773  0.01288169943858521  0.02819216002367857  0.04373378681807443
  0.05376928122115500  0.06275332245846811  0.07151305269180841  0.07939333051832416
  0.08670542174934921  0.09606234590132258  0.10530125396050838  0.11442119450721133
  0.12141469705905079  0.12796757088756600  0.13493471889978284  0.14221209057874173
  0.15054498601102409  0.16036957112912067  0.16945403965374142  0.17839316287420445
  0.18804096165860307  0.19945500841133401  0.21183407655893599  0.22220337137151691
  0.23315037550245399  0.24058791105488692  0.24846170759469391  0.25767106172895804
  0.26832387885241560  0.28023608005037465  0.29386251899887444  0.30746122907850237
  0.32189948181663847  0.33589535592559694  0.35031598168130579  0.36513157732895207
  0.37773773160159652  0.38911195766440260  0.39961628410865391  0.40988269487326184
  0.41979336856074034  0.42889656982145269  0.43828126975426890  0.44783210789124039
  0.45889464700951677  0.47044840294552487  0.48483109471198338  0.50293489344377162
  0.51706747057260050  0.52668780306439722  0.53586128672254563  0.54434429793407935
  0.55208951806600259  0.56395419188527141  0.57516053481804330  0.58653094517103166
  0.59719892018833431  0.60824319569502971  0.62052137742162761  0.63153572144050374
  0.64300675531551443  0.65711044483580583  0.67397074697683912  0.68774754929659421
  0.69747558972061352  0.70725002591677599  0.71523114343244842  0.72177024920189770
  0.72808377008002267  0.73423404501637002  0.74357154044633378  0.75794423559444080
  0.76369434282242954  0.76769526243242125  0.77125112280940744  0.77698936488930814
  0.78556768362778073  0.79638825921807044  0.80562874920765226  0.81320267259387746
  0.82150521576038715  0.82973252877804460  0.83804174592442338  0.84829008644613080
  0.86186389837827060  0.87423024791097770  0.88400374706881557  0.89430093694651192
  0.90677059536776317  0.91949349693519133  0.93228889821595207  0.94497988138109290
  0.95678484136226705  0.96950046974963255  0.98400202030096173  1.00000000000000000
 -0.00414060766322628  0.01467849278603021  0.03157310739518901  0.04735483413811384
  0.06086699303330063  0.07493166938213341  0.08829128972906360  0.10020440319577004
  0.11409382186676487  0.12777217795422730  0.14039316841807234  0.15071777423610214
  0.15951030580006526  0.16979844148151468  0.17966291142032137  0.19047459863260519
  0.20065085731846072  0.21050783330796657  0.22208945107166070  0.23235271573952757
  0.24268838040652729  0.25391472847996832  0.26678818074295374  0.27974620960561147
  0.29306182003408016  0.30746138289865305  0.32250977970995026  0.33770479306489432
  0.35227144032827290  0.36550595421628074  0.37734497727772687  0.38789566285239369
  0.39671006148241744  0.40505980756348869  0.41335788404010732  0.42328447500163868
  0.43669394088101915  0.45068248785995874  0.46523975232487752  0.47920531014034540
  0.49266050534028583  0.50552357140001558  0.51454731288064814  0.52253448026043992
  0.52989421670033221  0.53655205569706677  0.54148605036671948  0.54651248425731924
  0.55191167852696577  0.55679506067384277  0.56204258112552197  0.56987893735468542
  0.57828674685029602  0.58835120491777748  0.59879745727529765  0.61025041841465555
  0.62184224633120833  0.63312933273766292  0.64279624506004973  0.65083870064902694
  0.65926938347377972  0.66973503317084182  0.68008581812019253  0.68718111428448592
  0.69298566904164860  0.69740123102640195  0.70341900418703107  0.70954095943149764
  0.71768708594357089  0.72892407163787620  0.73622595155669213  0.74486348270891578
  0.75454762550221732  0.76682950987512211  0.78187776286568467  0.79595557061049738
  0.81025372331575485  0.81874876692541232  0.82799380793788202  0.83782795753493289
  0.84803055461227483  0.85832776641723008  0.86835603464878608  0.87858294074901033
  0.88989887679425905  0.90090226002104778  0.91011449103810405  0.91816874820520533
  0.92668454584590776  0.93355239799897893  0.93934887213900109  0.94777701483550858
  0.95895620275612770  0.97164386709782313  0.98556836296479167  1.00000000000000000
 -0.00259020784888011  0.01447061232761346  0.02941333576289102  0.04454147912547139
  0.06304753801505156  0.07896676743363452  0.08964491068878641  0.10123738624481209
  0.11266834305546158  0.12326904504363843  0.13731074644275260  0.15475038408470917
  0.16986069971553922  0.18440787948332746  0.19743090312109565  0.21025817086788962
  0.22176208061363831  0.23018197260102757  0.23839908340918309  0.24777036169531938
  0.26035724110639380  0.27286516980057934  0.28003542265262893  0.28647062498461001
  0.29294749812826848  0.29886367202121095  0.30722428473700147  0.31615920058366126
  0.32733326785942557  0.33842171432810125  0.34810129634453668  0.35583385430054476
  0.36207885764368719  0.37215775734823209  0.38360070189231860  0.39119480415714236
  0.39824311438814480  0.40506009841452484  0.41407806409568698  0.42283044858030511
  0.43194098145700510  0.44081921732405555  0.44876828726127826  0.45776518625712537
  0.46321554601508075  0.46850354838924047  0.47416702578661429  0.48032524414590677
  0.48697035202812694  0.49749894259047350  0.50388116992175680  0.50945523699647943
  0.51498212438951685  0.52309925996059092  0.53248268972039980  0.54200349471388842
  0.54893094834007727  0.55576750380191176  0.56763792195404816  0.57927710799490084
  0.58924673028600283  0.59725861566026173  0.60229219919862564  0.60705818765935937
  0.61290095770504438  0.61923446781191060  0.62657851027003775  0.63737668666323299
  0.64931192254634784  0.65960737833590022  0.66700612459536424  0.67476432616373505
  0.68234708105901876  0.69018470824464495  0.70070280773059879  0.71411828882160011
  0.72817347440051428  0.74256795025515343  0.75391487472869201  0.76601182955309099
  0.77632759454124922  0.78567527456748232  0.79616469728418637  0.80881900513701677
  0.82005576672017388  0.83135067096311255  0.84543216355006623  0.86373011085150275
  0.88133410162350700  0.89680252864953358  0.91009577961068877  0.92363501124822323
  0.93735767490463839  0.95292831681275381  0.97159603216517709  1.00000000000000000
 -0.00197710153597619  0.01035333380377365  0.01834462466133048  0.02515264995671768
  0.02986676350005410  0.03386331925962941  0.03814753456126557  0.04337039231826258
  0.05308863028977559  0.06430292211633064  0.07321146547568863  0.08081342658737144
  0.09046014277120944  0.10198766685452053  0.11381852044994215  0.12540257428285434
  0.13340357200060562  0.13904074491223348  0.14486231321096985  0.15106011794100749
  0.16375901528757331  0.17773446320510125  0.18981768023617532  0.19776248956771489
  0.20637443816371612  0.21631347645612758  0.23005439459875196  0.24399894320209656
  0.25792329293601302  0.27160859875841298  0.28540989295134783  0.29999145427437235
  0.31468527347158620  0.32733838682994149  0.33754908480823398  0.34637134540867004
  0.35491019829407539  0.36451676817456730  0.37595420569439059  0.38814515148364537
  0.40226334553503096  0.41450011095396189  0.42825509321617594  0.44370897131525144
  0.45569072616985568  0.46614568475109258  0.47478779712576946  0.48334729483827121
  0.49202871311637408  0.50097745167003094  0.51002853163971384  0.52266804650574594
  0.53526318173109610  0.54411473792421450  0.55215761279688980  0.56197145003872451
  0.57904143958371412  0.59553939754735596  0.60674504223638059  0.61685809079563469
  0.62560612779892499  0.63226233289910705  0.64058515866423793  0.65338404512428849
  0.66972767936465605  0.68251902744920834  0.69172086931793486  0.69918906657462454
  0.70656557519770535  0.71482600898864901  0.72330704046581284  0.73213486037369990
  0.74218653340508101  0.75118280514416513  0.75871045837687512  0.76510583832683621
  0.77203574377209738  0.78113153466819985  0.79079925218870395  0.80062674778679876
  0.81236662470524323  0.82407745772822683  0.83865502779373768  0.85258793475425443
  0.86412994232086848  0.87638354166873389  0.88905206292672323  0.90021622676853830
  0.91036200016220170  0.92167309182751445  0.93210630805777439  0.94286510643562738
  0.95466134929819779  0.96819047241943867  0.98300280329893586  1.00000000000000000
 -0.00196029267136872  0.00665565823965473  0.01680336492431262  0.02752383647680064
  0.03492758813862432  0.03883580436475796  0.04416712936291167  0.05154680960850844
  0.05993853344504965  0.06658176722112549  0.07175112452143224  0.07789331979861423
  0.08766660819901002  0.10177635287194421  0.11989471840709726  0.13443880169185959
  0.14726821951096597  0.15874798541468926  0.17058270470896325  0.18162319807936214
  0.19172634548520218  0.20049864511554027  0.20935271738873013  0.21932156121087606
  0.22779038712424704  0.23819468747322028  0.24866497514472566  0.26129801116273033
  0.27538993289668362  0.28622764029434827  0.29438632358663375  0.30203678606137796
  0.31062558867997314  0.32124499814518415  0.33511549236775512  0.34875942356436812
  0.36087575211496536  0.37129624676043943  0.38100785771150902  0.38899755426748139
  0.39641044895680955  0.40315175719242480  0.40974091798813916  0.41526419086962879
  0.42321948199428849  0.43343379969198920  0.44459320407220726  0.45622302546209065
  0.46821665938415008  0.48050435865034863  0.49169422131570217  0.50112620739964486
  0.51026284616627238  0.51984361327627604  0.52719575866225710  0.53336945670507663
  0.54109291747408506  0.54969231379923322  0.55976695510695174  0.57008441801729404
  0.57942453049880316  0.58850028474377292  0.59782750042731814  0.60847633123723199
  0.61976924935782141  0.62715582885442489  0.63354823415831130  0.63985828467404782
  0.64656132166908309  0.65413939162174095  0.66178560452696822  0.66837246326018895
  0.67373049396193041  0.67978952077140109  0.68742021442613355  0.69394663091817288
  0.70475445577477358  0.71686185880443754  0.72919540702000407  0.74403399240508039
  0.76198967512263771  0.77161100310224295  0.77993987485680871  0.78738539241038019
  0.79458568571014609  0.80160037915520777  0.80930633147764119  0.81756942281022771
  0.83041405890210140  0.84694441930983255  0.86481274188089052  0.88942669393367735
  0.91251781616525796  0.93905498790544228  0.96844688170464788  1.00000000000000000
 -0.00175351392477693  0.00749626849809699  0.01724488811695037  0.02787561859222193
  0.03856902320942590  0.04933476239084299  0.06094013090161362  0.07326093283162610
  0.08676554702447377  0.09881185857305168  0.11122524878583852  0.12347127083652756
  0.13360915956837399  0.14234210203742478  0.14920820536337354  0.15877034479820984
  0.16946880281381801  0.18081039737285809  0.18910294402797773  0.19585646000201151
  0.20435924251363277  0.21735262113110346  0.23532797903652991  0.25175155151098527
  0.26522667892024060  0.27638639339824672  0.28710240133447690  0.29746305549115326
  0.30574728467757412  0.31542948722944419  0.32571748492000446  0.33691292967332320
  0.34942785384546138  0.36085731730364667  0.37123292931683405  0.38060033452973291
  0.38818788150948363  0.39364455570295875  0.39883526054570062  0.40416290546926431
  0.40989216499520381  0.42070912061841031  0.43317943503803269  0.44610394137137394
  0.46063605566935362  0.47568170099911300  0.48921504715422065  0.50017576890866733
  0.50902378382421332  0.51601103632768408  0.52296403778484180  0.53152287701116796
  0.53964472468326297  0.55111459067003687  0.56331144985265325  0.57318715736819958
  0.58485646662720603  0.59586413036956998  0.60725693505055600  0.61900008311749266
  0.62977288925866903  0.63921501347204568  0.64972475500786042  0.65933447538917511
  0.66444683731787102  0.66916105089084110  0.67525851078987964  0.68412424597249188
  0.69198286795364794  0.69886446532653390  0.70544873180964529  0.71438159486441766
  0.72269905054464378  0.73057230704073028  0.74041116662210826  0.75315636744287240
  0.76709382992435526  0.78291759438893527  0.79724919407682493  0.80911043217702816
  0.82090348270190794  0.83066971776177678  0.83992539263822230  0.84784494521588172
  0.85650957921646464  0.86602492475969162  0.87566135404811929  0.88473601685299286
  0.89655794416638201  0.90997370416767120  0.92319495373673999  0.93645024669112475
  0.94911862925772650  0.96514439109021088  0.98002858663031167  1.00000000000000000
 -0.00138891784028283  0.00706720458219704  0.01718253361738889  0.02902202070267091
  0.04311604854068098  0.05424006429001071  0.06486895596916695  0.07455425397311899
  0.08268181449759764  0.09344731837378720  0.10877592280754256  0.12250143155074128
  0.13485993010030145  0.14462907801867644  0.15344410694717572  0.16238310411188608
  0.17161041360605273  0.18173642063468889  0.19194078841784160  0.20044486887480975
  0.20945876296353316  0.22071986131183710  0.23563148169132153  0.24819722810013792
  0.25558437132147255  0.26410335598701307  0.27537926249362793  0.28255108533319190
  0.28849944367795755  0.29760215917993044  0.30814103816453720  0.32163053490449817
  0.33400439729101866  0.34620462220949033  0.35893245962418657  0.37018882877102671
  0.38183091239737038  0.39247601593490461  0.40349020073052877  0.41465491013240419
  0.42355248454442807  0.43044261824580426  0.43696285016398578  0.44451540236319825
  0.45354639373268557  0.46112698623996762  0.46962626850632366  0.47989805809062369
  0.49003903450135411  0.49828645094168655  0.50639910089618934  0.51561322537751109
  0.52602804385089907  0.53706451073882189  0.54941156610913888  0.56991787964051899
  0.58854415763152512  0.60702282824174469  0.62058072391165120  0.63254874411879414
  0.64350847341398609  0.65020186714674710  0.65958071353547909  0.67156793949642291
  0.68238912151502307  0.68987309699509358  0.69568400493287530  0.70203742663387603
  0.71260528627638009  0.72455847602845347  0.73473930674652943  0.74668339872372391
  0.75959838927632162  0.77221680062432108  0.78377793491638104  0.79429057289239480
  0.80239667465218523  0.80863643538215368  0.81550943795647135  0.82489099180746472
  0.83831195737256181  0.85401243544062788  0.86764022894716908  0.87968847610814971
  0.89094605205744437  0.90370192851737075  0.91789521576489574  0.93207926891870907
  0.94311333682837273  0.95188906049177180  0.96030968372957892  0.97077538582716738
  0.98140316055903420  0.98831814201472123  0.99428521678262616  1.00000000000000000
 -0.00310098318704159  0.01082129811869789  0.02610175092220872  0.03988267811277468
  0.05775843732387072  0.07276010449249389  0.08649181736479822  0.09863237835981545
  0.11032616244545707  0.12154258307873482  0.13282590768972244  0.14153701408941260
  0.14826240321582726  0.15625709574493293  0.16687901743259859  0.17978192031983836
  0.19037873930423052  0.20054424358872686  0.21033489261066773  0.22093714071424544
  0.23196575145078230  0.24275633420823076  0.25560594471032594  0.26878662129286135
  0.27985021933568960  0.29011866783959278  0.29950414654115903  0.30786477731108741
  0.31855126422977409  0.32983756525048347  0.33981962745569083  0.34934178194868154
  0.35909472388584396  0.36833442181282389  0.37687247472883406  0.38572844442025578
  0.39620113636833959  0.40656850147551554  0.41588176186578257  0.42638246670745883
  0.43847873670590243  0.45056867107891074  0.46207238757000940  0.47467975084242975
  0.49051160305936964  0.50703626083756603  0.52231475123775484  0.53747382710043079
  0.55068863264874435  0.56203584885078472  0.57195508117946980  0.58174917125947900
  0.59286940840552882  0.60267196990175220  0.61236816365841562  0.62097456003647344
  0.63007721522857085  0.64057022596160262  0.64873818414124074  0.65314344050000572
  0.66149098607301160  0.67194765704052217  0.68133792848074037  0.68934075917449389
  0.69610037186491702  0.70361246763267482  0.71342936480198182  0.72673017152861896
  0.73932503066317168  0.75145022523037108  0.76302122569742847  0.77583121928682131
  0.78831236003222616  0.80156762744528076  0.81366374758950122  0.82457887530734453
  0.83816445322197919  0.84918162270814224  0.85565559745082342  0.85940286545170275
  0.86271277363929155  0.86713358385869155  0.87400832771168036  0.88290170075322938
  0.89310119110620401  0.90615331917676634  0.91602040483800562  0.92218261010224301
  0.92743409984699410  0.93290046840559193  0.93923352943692884  0.95025942268862262
  0.96179074590554259  0.97415095521982453  0.98685724274495079  1.00000000000000000
 -0.00512409238300445  0.01372856465032673  0.03542475447094204  0.05778713682023033
  0.07805378842620379  0.09528965379818687  0.10975068461416421  0.11980829118180751
  0.13022360271903521  0.14052413152983334  0.15102379246870934  0.16343922270879294
  0.17556212066978086  0.18658646691395828  0.19761872592986035  0.20952519180041579
  0.21966587952700428  0.22826257525798049  0.23807949121013536  0.24983039661494283
  0.26230714649429937  0.27383889724144239  0.28101933522109362  0.28970565696637507
  0.29965693983478819  0.31194942392449099  0.32611894964788096  0.33825503427209852
  0.34881629752758897  0.35916199931062193  0.37251406927738534  0.38622777030632832
  0.39708646730732766  0.40550202401147750  0.41255458854772942  0.41710556413498190
  0.42240805776623974  0.42815830671995359  0.43619249799772764  0.44374174348294376
  0.44919809402677940  0.45433742742059852  0.45942914059138601  0.46605164271087451
  0.47264839980880630  0.48289850587704436  0.49560895326956389  0.50930435033944843
  0.51967593568540482  0.52934490442734039  0.53673279816292763  0.54371766351543327
  0.55136870310570041  0.56242527388050800  0.57534697427786285  0.58487282100638271
  0.59289721454026945  0.60478604234590616  0.61770259434818997  0.62857077217802559
  0.63773483377803108  0.64312751005881119  0.64853267307119533  0.65522074075024972
  0.66169024143012056  0.66733879027346521  0.67211601750744632  0.67618075204020101
  0.68038487914559787  0.68664374946131002  0.69325957429731544  0.70040017087880613
  0.70707157982530988  0.71330370974155355  0.71877514512632912  0.72476493241947071
  0.73213723538848674  0.74303995879961704  0.75723873223680360  0.77182904751268588
  0.78777231713725215  0.80525451115677904  0.82313449089175061  0.84022724323582842
  0.85410042487799287  0.86698204577346927  0.87968285566148874  0.89249418170251782
  0.90479554460410949  0.91735011052391613  0.92932018555921037  0.93699192311322244
  0.94763968796759523  0.96305878864236172  0.97992141643830333  1.00000000000000000
 -0.00619467241598751  0.02099279391265015  0.03626624109568312  0.04913301781204214
  0.06044826255439332  0.06946003413956997  0.07882493393252657  0.09066354415878194
  0.10359974247469020  0.11461489912780823  0.12518501879668417  0.13613531944122725
  0.14657370880615833  0.15604016768451356  0.16682835130414939  0.17984782989422057
  0.19450421904417151  0.20963636740636704  0.22507968875288256  0.24005604717746962
  0.25112646257082188  0.26050694302988642  0.26942878108337598  0.27811119988258343
  0.28778933323588168  0.29659837520852711  0.30521380968563511  0.31457647976783554
  0.32271490299750000  0.32982371187322879  0.33508158486106865  0.33933140484303992
  0.34556152866768025  0.35272663152818462  0.36073930388839548  0.36682950904440759
  0.37362916410768060  0.37970233079163557  0.38612987929386577  0.39137331303923445
  0.39554440600081275  0.40156075880061820  0.40819786466644564  0.41604407142912120
  0.42427707709911799  0.43219780737449204  0.43967559436243875  0.44813610084522471
  0.45800792375230809  0.47013964204401215  0.48172794447367667  0.49345120757205396
  0.50372463783965915  0.51394146647304739  0.52303080889848608  0.53417555685998130
  0.54870952983683696  0.56183989142866875  0.57510680224937094  0.58605834615381314
  0.59791874519086408  0.60851583560997546  0.61805462719107329  0.62835698003420470
  0.63943843507879528  0.65169820494366681  0.66688662139909971  0.68540805183308340
  0.70429746146871997  0.71878118831056859  0.73064754615534389  0.73869174215854871
  0.74569078621622609  0.75195857265332333  0.76013338783560735  0.77256925325199610
  0.79232663559971905  0.81190757704728611  0.82764190850329000  0.83682753632051188
  0.84682916997022639  0.85514059330695746  0.86372606868265167  0.87442510855066591
  0.88400818825129512  0.89283931749503143  0.90189524984029823  0.91222591476842496
  0.92368679365313044  0.93607772833130942  0.94770519595805613  0.95839624192194761
  0.96982396712053021  0.98066247035503318  0.98967595504792027  1.00000000000000000
 -0.02001134229291264  0.10296181155486447  0.15146888847319978  0.18577681928341877
  0.20778305757528842  0.22442593073150394  0.23816381299328254  0.25058337462428804
  0.26054942676065906  0.26884086486444586  0.27532706093122927  0.28279789575339348
  0.29569966444204548  0.30918341661597459  0.31661727592528188  0.32059613234437162
  0.32445457254854454  0.32871548267384748  0.33414488242987761  0.34042593826609813
  0.34769179180318727  0.35515495296262845  0.36210490892251607  0.36869785349557205
  0.37475299679400620  0.38016149313944847  0.38563333997959987  0.39101434620734221
  0.39660610601256047  0.40323178525977804  0.41000791488279970  0.41533076576138084
  0.41975257044217573  0.42396605814270683  0.42851070101347893  0.43328935080218667
  0.43815235459931695  0.44290077374767167  0.44731432404583782  0.45107107856091710
  0.45419842488237389  0.45816783532885202  0.46233797118694303  0.46602892662278239
  0.47008987007073549  0.47458096438277481  0.47917647797204055  0.48401274784482656
  0.48967551682879396  0.49466014777824791  0.49973626293647844  0.50383082598842277
  0.50753352209825353  0.51259322364089510  0.51961472624339056  0.52574644723094066
  0.53135916659001170  0.53639650723330290  0.54205626484738778  0.54748251872531417
  0.55248957057339709  0.55690643890151925  0.56185377395544189  0.56824043201407981
  0.57564533792043682  0.58288463745106656  0.58979781715241009  0.59684052680090505
  0.60365096275069507  0.61061994992808644  0.61827231913547387  0.62558562867915646
  0.63268772472601242  0.63986906425015178  0.64697058075463343  0.65293972850150384
  0.65789882013802992  0.66293672896778766  0.66748578434027794  0.67213773721622883
  0.67637640129510512  0.67979310917297875  0.68485266386550869  0.69171267342270903
  0.69871305257819438  0.70784604017251151  0.71993472629078148  0.73289475338272891
  0.74668081632680461  0.76958601712543107  0.80352925909007922  0.83759490561212346
  0.86399654967452277  0.88044710647066748  0.91675217985739343  1.00000000000000000
 -0.00754677780131825  0.01314776585504022  0.03285756836376795  0.04578211536390088
  0.06017667844481463  0.07575892649671627  0.08881668472840361  0.10109503789711077
  0.11143418659656114  0.12085701302831764  0.13023376721783381  0.13954896928925273
  0.14792242601631903  0.15648638064585940  0.16759803322340375  0.17672365197449225
  0.18558627879424441  0.20185811967381381  0.21636306863988139  0.22782136282644808
  0.23912853070257531  0.25084744296027328  0.26138163557987371  0.27130530493974414
  0.28081771425352109  0.28941151345729244  0.29740114180948857  0.30485027775822282
  0.31196240903358935  0.32150985108480884  0.33367924875316451  0.34773350214031129
  0.36520646862116607  0.38030230287973549  0.39389632636280902  0.40631679246333452
  0.41641615631403800  0.42598844572651678  0.43502216495529178  0.44404511192331420
  0.45808401681728633  0.47309582437988418  0.48878729569570151  0.50105731809280185
  0.51217946908750622  0.52366154931283904  0.53606419386428372  0.54955626291065984
  0.56315472401304467  0.57481507507220708  0.58367385836755548  0.59131196789037277
  0.59996901418548854  0.61130291379364432  0.62071985956281350  0.62817011409585899
  0.63632114067620560  0.64539379120023121  0.65484509897529364  0.66277101339274513
  0.66921632569561218  0.67623949526393357  0.68385727370851090  0.69378870424500283
  0.70572157741260511  0.71756395152140673  0.73007783668056347  0.74586493739062365
  0.76284760029325216  0.77633761638008347  0.78555796697209834  0.79290845822314526
  0.80056617831131371  0.80797523809768312  0.81744216765449196  0.82716566442014694
  0.83653011381281928  0.84559979731690482  0.85047013942671390  0.85688172628046122
  0.86239626333154396  0.86892357184865576  0.87549184822026804  0.88330591805439063
  0.89291711786353067  0.90094947634439171  0.90898277776230285  0.91865451113566865
  0.92872391827968093  0.93852183130351607  0.94746279501932351  0.95528977574725460
  0.96309689309021917  0.97198026859161291  0.98639325285079815  1.00000000000000000
  0.63197462912070235  0.71200618400457860  0.72726056300233854  0.73896729345441625
  0.74968637189482878  0.75955657530272358  0.77154745479408227  0.78163334161185172
  0.79069186034108929  0.79735934168637101  0.80255443703933360  0.80905614066893772
  0.81687778903567021  0.82407822920116813  0.82851058546554857  0.83130679158988974
  0.83463840184390581  0.83924702921098993  0.84336156848218291  0.84747398647513683
  0.85224411238668873  0.85664968362889893  0.86086952753611501  0.86544165064578515
  0.86957598257003410  0.87307574958504275  0.87641048590918169  0.88000115150768132
  0.88417253349404323  0.88868854846082601  0.89270344682924896  0.89566491821414507
  0.89808497977056390  0.90048369732659894  0.90278440701911633  0.90516068682398365
  0.90759943893844053  0.90997672403122565  0.91249324247764707  0.91505127448820278
  0.91739898596163838  0.91946630456758405  0.92120832175404754  0.92271288999588730
  0.92404446713680854  0.92549132385354038  0.92696000108600829  0.92824985311633990
  0.92940024952973843  0.93054733370851483  0.93181828593203686  0.93348777956357354
  0.93550193383849944  0.93736015837327180  0.93915138151698319  0.94102743619254392
  0.94266856013929778  0.94409139777191808  0.94538588210770214  0.94662868490560315
  0.94795107544807478  0.94947778607938771  0.95133048497688266  0.95340415722860461
  0.95508663435711028  0.95625544245914917  0.95776495778930237  0.95904564226463196
  0.95994153218553957  0.96076170212079115  0.96156060252269759  0.96265266452789222
  0.96420024714349706  0.96510327427123443  0.96573950364650951  0.96625845768000551
  0.96679382534442226  0.96735464546801875  0.96838072304380818  0.96933122398314175
  0.97024330248193713  0.97116825168584531  0.97225942706752977  0.97341625933987885
  0.97463036687931048  0.97602242051169052  0.97772727034116291  0.97900244863232044
  0.98037478047880688  0.98196261623989090  0.98387384093604269  0.98570760296182713
  0.98788491737746742  0.99097537048259243  0.99527543115861872  1.00000000000000000
 -0.04027880577096941  0.18189119287650676  0.23674583351633816  0.26991854089562506
  0.28651640294753467  0.30092332717414771  0.31768761741409079  0.33430869095814703
  0.34715769286390402  0.35728077705257033  0.36660629171600173  0.37543910403992192
  0.38271812837562724  0.39322625949516371  0.40424297113414720  0.41284719143922904
  0.42010573711230953  0.42768604417542855  0.43467635351601919  0.44110863403366041
  0.44765931589012292  0.45346540944642039  0.46207485333735132  0.47035398951879814
  0.47821630088804118  0.48571698402866947  0.49330592798721629  0.50097990475851040
  0.50791315690598526  0.51387792669472576  0.51951963935110912  0.52522125720248181
  0.53151502583993337  0.53760699156875325  0.54278303810023365  0.54793725892231049
  0.55379785052746267  0.56048630443802827  0.56775021208848697  0.57476994249308910
  0.58136076526136193  0.58671571412132117  0.59099758308802020  0.59456011854064894
  0.59828509883295855  0.60260005895005042  0.60515113209740434  0.60723954985727702
  0.61049482421324419  0.61353423089099968  0.61716990836194530  0.62107400636877541
  0.62429581764345532  0.62724523810864030  0.63037354571023074  0.63405772074487921
  0.63792407733004231  0.64164598828830854  0.64525585408508457  0.64949317263285733
  0.65360248287423039  0.65729367195290678  0.66093135611867870  0.66481547721929501
  0.66809169915914735  0.67118551665404391  0.67407066836036500  0.67742900073282231
  0.68118297105421355  0.68651768502642563  0.69300092983137840  0.69969529087916094
  0.70496448338159690  0.71003243960951512  0.71498384918400537  0.72039828054628752
  0.72561678436539179  0.73028199837460583  0.73556133109916477  0.74318997564448575
  0.75085134379437546  0.75797973274438413  0.76559858659561819  0.77400083041079359
  0.78084008595228926  0.78695592123983127  0.79437608510234514  0.80155047229004994
  0.80900194480177501  0.81622078006990750  0.82397943512009753  0.83557381862980740
  0.85355933700087105  0.87704026351102726  0.91839294812738981  1.00000000000000000
   3.4076622769393992E-018  -1.0000000000000000     
 F F F F F F F F F F F F F F F F F F F F F F F F F F F F F F F F F F F F F F F F F F F F F F F F F F F F F F F F F F F F F F F F F F F F F F F F F F F F F F F F F F F F F F F F F F F F F F F F F F F F F F F F F F F F F F F F F F F F F F F F F F F F F F F F F F F F F F F F F F F F F F F F F F F F F F F F F F F F F F F F F F F F F F F F F F F F F F F F F F F F F F F F F F F F F F F F F F F F F F F F F F F F F F F F F F F F F F F F F F F F F F F F F F F F F F F F F F F F F F F F F F F F F F F F F F F F F F F F F F F F F F F F F F F F F F F F F F F F F F F F F F F F F F F F F F F F F F F F F F F F F F F F F F F F F F F F F F F F F F F F F F F F F F F F F F F F F F F F F F F F F F F F F F F F F F F F F F F F F F F F F F F F F F F F F F F F F F F F F F F F F F F F F F F F F F F F F F F F F F F F F F F F F F F F F F F F F F F F F F F F F F F F F F F F F F F F F F F F F F F F F F F F F F F F F F F F F F F F F F F F F F F F F F F F F F F F F F F F F F F F F F F F F F F F F F F F F F F F F F F F F F F F F F F F F F F F F F F F F F F F F F F F F F F F F F F F F F F F F F F F F F F F F F F F F F F F F F F F F F F F F F F F F F F F F F F F F F F F F F F F F F F F F F F F F F F F F F F F F F F F F F F F F F F F F F F F F F F F F F F F F F F F F F F F F F F F F F F F F F F F F F F F F F F F F F F F F F F F F F F F F F F F F F F F F F F F F F F F F F F F F F F F F F F F F F F F F F F F F F F F F F F F F F F F F F F F F F F F F F F F F F F F F F F F F F F F F F F F F F F F F F F F F F F F F F F F F F F F F F F F F F F F F F F F F F F F F F F F F F F F F F F F F F F F F F F F F F F F F F F F F F F F F F F F F F F F F F F F F F F F F F F F F F F F F F F F F F F F F F F F F F F F F F F F F F F F F F F F F F F F F F F F F F F F F F F F F F F F F F F F F F F F F F F F F F F F F F F F F F F F F F F F F F F F F F F F F F F F F F F F F F F F F F F F F F F F F F F F F F F F F F F F F F F F F F F F F F F F F F F F F F F F F F F F F F F F F F F F F F F F F F F F F F F F F F F F F F F F F F F F F F F F F F F F F F F F F F F F F F F F F F F F F F F F F F F F F F F F F F F F F F F F F F F F F F F F F F F F F F F F F F F F F F F F F F F F F F F F F F F F F F F F F F F F F F F F F F F F F F F F F F F F F F F F F F F F F F F F F F F F F F F F F F F F F F F F F F F F F F F F F F F F F F F F F F F F F F F F F F F F F F F F F F F F F F F F F F F F F F F F F F F F F F F F F F F F F F F F F F F F F F F F F F F F F F F F F F F F F F F F F F F F F F F F F F F F F F F F F F F F F F F F F F F F F F F F F F F F F F F F F F F F F F F F F F F F F F F F F F F F F F F F F F F F F F F F F F F F F F F F F F F F F F F F F F F F F F F F F F F F F F F F F F F F F F F F F F F F F F F F F F F F F F F F F F F F F F F F F F F F F F F F F F F F F F F F F F F F F F F F F F F F F F F F F F F F F F F F F F F F F F F F F F F F F F F F F F F F F F F F F F F F F F F F F F F F F F F F F F F F F F F F F F F F F F F F F F F F F F F F F F F F F F F F F F F F F F F F F F F F F F F F F F F F F F F F F F F F F F F F F F F F F F F F F F F F F F F F F F F F F F F F F F F F F F F F F F F F F F F F F F F F F F F F F F F F F F F F F F F F F F F F F F F F F F F F F F F F F F F F F F F F F F F F F F F F F F F F F F F F F F F F F F F F F F F F F F F F F F F F F F F F F F F F F F F F F F F F F F F F F F F F F F F F F F F F F F F F F F F F F F F F F F F F F F F F F F F F F F F F F F F F F F F F F F F F F F F F F F F F F F F F F F F F F F F F F F F F F F F F F F F F F F F F F F F F F F F F F F F F F F F F F F F F F F F F F F F F F F F F F F F F F F F F F F F F F F F F F F F F F F F F F F F F F F F F F F F F F F F F F F F F F F F F F F F F F F F F F F F F F F F F F F F F F F F F F F F F F F F F F F F F F F F F F F F F F F F F F F F F F F F F F F F F F F F F F F F F F F F F F F F F F F F F F F F F F F F F F F F F F F F F F F F F F F F F F F F F F F F F F F F F F F F F F F F F F F F F F F F F F F F F F F F F F F F F F F F F F F F F F F F F F F F F F F F F F F F F F F F F F F F F F F F F F F F F F F F F F F F F F F F F F F F F F F F F F F F F F F F F F F F F F F F F F F F F F F F F F F F F F F F F F F F F
  <DiscreteSampler_grid>
  grouped_processes
  1 # 1 for a reference and 2 for a running grid.
  10 # Attribute 'min_bin_probing_points' of the grid.
  1 # Attribute 'grid_mode' of the grid. 1=='default',2=='initialization'
  0.0000000000000000 # Attribute 'small_contrib_threshold' of the grid.
  0.5000000000000000 # Attribute 'damping_power' of the grid.
 # binID   n_entries weight   weight_sqr   abs_weight
    61   10   2.444621995105444E-015   5.958051414284251E-029   2.444621995105444E-015
    62   10   2.444621995105440E-015   5.958051414284230E-029   2.444621995105440E-015
    64   10   4.889243990210888E-015   2.383220565713700E-028   4.889243990210888E-015
    65   10   4.889243990210880E-015   2.383220565713692E-028   4.889243990210880E-015
    67   10   2.614139680248565E-015   6.696455798495740E-029   2.614139680248565E-015
    68   10   2.614139680248560E-015   6.696455798495717E-029   2.614139680248560E-015
    70   10   5.228279360497130E-015   2.678582319398296E-028   5.228279360497130E-015
    71   10   5.228279360497120E-015   2.678582319398287E-028   5.228279360497120E-015
    106   10   2.444621995105443E-015   5.958051414284248E-029   2.444621995105443E-015
    107   10   2.444621995105440E-015   5.958051414284230E-029   2.444621995105440E-015
    109   10   4.889243990210887E-015   2.383220565713699E-028   4.889243990210887E-015
    110   10   4.889243990210880E-015   2.383220565713692E-028   4.889243990210880E-015
    112   10   2.614139680248564E-015   6.696455798495733E-029   2.614139680248564E-015
    113   10   2.614139680248560E-015   6.696455798495714E-029   2.614139680248560E-015
    115   10   5.228279360497128E-015   2.678582319398293E-028   5.228279360497128E-015
    116   10   5.228279360497120E-015   2.678582319398286E-028   5.228279360497120E-015
    151   10   4.426742259766550E-017   1.390512679111421E-032   4.426742259766550E-017
    152   10   4.426742259766540E-017   1.390512679111411E-032   4.426742259766540E-017
    154   10   8.853484519533100E-017   5.562050716445686E-032   8.853484519533100E-017
    155   10   8.853484519533081E-017   5.562050716445645E-032   8.853484519533081E-017
    157   10   1.226771175893695E-015   1.479289414469880E-029   1.226771175893695E-015
    158   10   1.226771175893688E-015   1.479289414469863E-029   1.226771175893688E-015
    160   10   2.453542351787390E-015   5.917157657879518E-029   2.453542351787390E-015
    161   10   2.453542351787376E-015   5.917157657879452E-029   2.453542351787376E-015
    196   10   4.426742259766545E-017   1.390512679111419E-032   4.426742259766545E-017
    197   10   4.426742259766520E-017   1.390512679111404E-032   4.426742259766520E-017
    199   10   8.853484519533091E-017   5.562050716445676E-032   8.853484519533091E-017
    200   10   8.853484519533040E-017   5.562050716445614E-032   8.853484519533040E-017
    202   10   1.226771175893694E-015   1.479289414469876E-029   1.226771175893694E-015
    203   10   1.226771175893686E-015   1.479289414469859E-029   1.226771175893686E-015
    205   10   2.453542351787388E-015   5.917157657879504E-029   2.453542351787388E-015
    206   10   2.453542351787371E-015   5.917157657879434E-029   2.453542351787371E-015
  </DiscreteSampler_grid>
