  0.00005403303817117  0.00005412864805538  0.00005428713880494  0.00005448576239576
  0.00005467035413972  0.00005484257686127  0.00005503063965136  0.00005528369036581
  0.00005560449899150  0.00005590065406588  0.00005614778887125  0.00005637400450453
  0.00005660412589247  0.00005683350874466  0.00005707200712897  0.00005732042959109
  0.00005761727384661  0.00005792024287464  0.00005822236732811  0.00005851945119536
  0.00005882088267962  0.00005915568175556  0.00005956042638642  0.00006004880071860
  0.00006060600095225  0.00006113059127949  0.00006160620374658  0.00006199800078982
  0.00006239230531905  0.00006280427263414  0.00006324367660532  0.00006366971405791
  0.00006404046436502  0.00006447344467856  0.00006487563009543  0.00006531838272773
  0.00006589075522109  0.00006655555438722  0.00006707024282478  0.00006762750923673
  0.00006823111266912  0.00006881267877117  0.00006942336958008  0.00006999675313347
  0.00007048610735087  0.00007095012504371  0.00007141283749129  0.00007186951198375
  0.00007235878537415  0.00007283053609706  0.00007330048636139  0.00007380714400118
  0.00007438296392217  0.00007502034193749  0.00007567671809886  0.00007643959516984
  0.00007752359128287  0.00007911912491733  0.00008069916707916  0.00008229672072926
  0.00008359000772008  0.00008460557603812  0.00008559806201766  0.00008673596484751
  0.00008827588597211  0.00008965291355746  0.00009091146791779  0.00009232831461232
  0.00009381937273203  0.00009536966117639  0.00009695787951280  0.00009897507751319
  0.00010194736778600  0.00010505511932241  0.00010788346643644  0.00011145745908080
  0.00011539179988103  0.00011857539021207  0.00012171059389338  0.00012685001549437
  0.00013398590914086  0.00014221853391753  0.00014811865799616  0.00015304919678188
  0.00015781291271758  0.00016638525221781  0.00017567200335994  0.00018716808638718
  0.00019971279716617  0.00021639611263945  0.00023023473567759  0.00025091328724747
  0.00029117382456691  0.00047981242532586  0.28860298664218315  1.00000000000000000
  0.00842443126060230  0.01820489018154594  0.03097532641537214  0.04286086938145117
  0.05469849262180343  0.06748706810167826  0.08037007079719941  0.08952744024329665
  0.09757546328601584  0.10620441382465431  0.11627575688817715  0.12965085138984317
  0.14433615968633501  0.15786618721659823  0.16873082288541227  0.17630289808633826
  0.18241333766705045  0.18900528592881174  0.19798067566719274  0.20799870111365981
  0.21844432074732278  0.22890784480963158  0.24424508443117676  0.26021793131393123
  0.27654473106779803  0.29266644219946569  0.30692479131348743  0.31826381760737105
  0.32845507192940243  0.33733311446343572  0.34677171559129516  0.35845681905159194
  0.37032429270430844  0.37906837185115538  0.38286694724551668  0.38764163401421536
  0.39329301950358436  0.40075100485168030  0.40853074030984465  0.41688877574149763
  0.42541794242230335  0.43583614619101158  0.44480202304402261  0.45241382255807872
  0.46044073196412805  0.47042502138296183  0.48173839004655972  0.49538249407141377
  0.51002451224459755  0.52543139013097762  0.54242775166663681  0.55630541748590823
  0.56951691419101336  0.58192410395302563  0.59275310554882332  0.60376443237125366
  0.61802891180142239  0.62788058467699026  0.63699221886168544  0.64979415988222489
  0.66433198443131569  0.67839851823488184  0.69106124648557443  0.70618862721432585
  0.72025346091778497  0.73092289108063446  0.73911588809284745  0.74640467444233005
  0.75471580272338135  0.76672912671065552  0.77894957275791166  0.78712540990110624
  0.79556368871202277  0.80279842465854867  0.81084890735636883  0.82153064704692857
  0.83497227288564546  0.85019531269770898  0.86120264865594343  0.87177269300917570
  0.88011674384167149  0.88787629798691858  0.89527485607087542  0.90099373306919284
  0.90634008321617843  0.91116685386364737  0.91662249694952558  0.92272705095475838
  0.92899207879604162  0.93487472544923356  0.94065288988158835  0.94814221218861272
  0.95939342941746275  0.96900337179722063  0.98288099583399835  1.00000000000000000
  0.00027652434336197  0.00028676036281458  0.00029064369920000  0.00029273891390730
  0.00029475499615210  0.00029582314990897  0.00029683867978578  0.00029791994323931
  0.00029928637260427  0.00030095709091607  0.00030239195363830  0.00030379643921506
  0.00030535541613780  0.00030701670222020  0.00030858200306526  0.00031009155770875
  0.00031228661987635  0.00031469773897320  0.00031696186470011  0.00031902676571155
  0.00032073082323258  0.00032229717895795  0.00032402685910416  0.00032596731444087
  0.00032787891937409  0.00032941972920265  0.00033069479874653  0.00033237264105792
  0.00033534468432041  0.00033902851582382  0.00034253030623887  0.00034509917263261
  0.00034754571906599  0.00035091629818263  0.00035556084876451  0.00035999620095086
  0.00036445675728667  0.00036889286868624  0.00037320340798502  0.00037761081468399
  0.00038223890713486  0.00038627266829159  0.00038970464609052  0.00039270798137835
  0.00039544824997517  0.00039840990309645  0.00040180667668072  0.00040545489377320
  0.00040958105868269  0.00041446166054240  0.00042106641146380  0.00042755305410735
  0.00043303865083736  0.00043791438739534  0.00044270474082541  0.00044691468932454
  0.00045105540106869  0.00045596077408249  0.00046214906184267  0.00046823689327445
  0.00047322618554146  0.00047855013405014  0.00048471810056271  0.00049136730005243
  0.00049803566446223  0.00050426694844275  0.00051164561389370  0.00051945679495719
  0.00052711980460910  0.00053671688086574  0.00054878072864134  0.00056023181205737
  0.00057316439929354  0.00058566224655852  0.00059757244876913  0.00060706729951453
  0.00061561872151839  0.00062295778404450  0.00063430374372561  0.00064776476096170
  0.00066277725921597  0.00067898874423918  0.00069482515277319  0.00071216962172810
  0.00073269513390413  0.00075740595654472  0.00078519879435805  0.00082548217008301
  0.00087771340035191  0.00093543178262129  0.00101369986665069  0.00114171478679562
  0.00137984299925787  0.00200853360461355  0.47838033801147445  1.00000000000000000
  0.00175793711338577  0.02022103268087248  0.03698510582431554  0.05343167076903915
  0.06820204578183785  0.08488560894186190  0.10350804903263504  0.12182939690132873
  0.13673045467005088  0.14714339775150562  0.15744738346493914  0.16804964858348592
  0.17707577120198531  0.18577198392517658  0.20162855646710043  0.22161989125467990
  0.23885368705067125  0.25042563425290970  0.25857713673961580  0.26614954367674271
  0.27388351626116736  0.28276170012012486  0.29624923989612434  0.31297059178803222
  0.33155069374871071  0.34810396241127584  0.36173271598733880  0.37380235241434717
  0.38436547600588961  0.39394130169252706  0.40291406273417690  0.41293405692042534
  0.42306141020639654  0.43257312633446604  0.44003054042711154  0.44737643406402733
  0.45651563307851539  0.46426901979800073  0.47214084568036324  0.48033389816346650
  0.48945295878136530  0.49880125004982984  0.50627462613944485  0.51218442103067519
  0.52070643979782472  0.53076254867888462  0.53792621105818839  0.54598302655063258
  0.54993992950660220  0.55465670646608789  0.55873932101834767  0.56491758122008895
  0.57481395282974157  0.58585104351081885  0.59578623737912817  0.60483895727392001
  0.61302298235005392  0.62315673228366186  0.63223939031931886  0.63888906516959043
  0.64474273111609504  0.65198925432859411  0.65634050942168365  0.66114973818114731
  0.66692909594698635  0.67659067989401378  0.68745701960782379  0.69947308703300892
  0.71005775852463582  0.71913350362518036  0.72825309420224882  0.73701647073097354
  0.74750716400666817  0.75885601222698640  0.76731866971351725  0.77473365461403987
  0.78242828951653842  0.79020093073013775  0.79922411905249358  0.80916904116728428
  0.82157242279928744  0.83218659033711140  0.84189907477275083  0.85159133310205104
  0.85916915964986629  0.86771932291678633  0.87921010217332529  0.89183985287906875
  0.90190413545993264  0.91256216014550462  0.92411196825225894  0.93976314628107493
  0.95652071422867324  0.97113402743257182  0.98557848401416237  1.00000000000000000
  0.00050561108998065  0.00055754060691764  0.00058985184093035  0.00060695644182587
  0.00061931167606201  0.00063029709784008  0.00063986800165951  0.00064844977997375
  0.00065643427480744  0.00066266261024720  0.00067055567607849  0.00068000608300118
  0.00068766774171976  0.00069360530999290  0.00069827379604783  0.00070233906936170
  0.00070694394781563  0.00071045496670698  0.00071360105864528  0.00071676536282309
  0.00072034182776637  0.00072593237969312  0.00073488696632963  0.00074480470087193
  0.00075175309995944  0.00075950528466312  0.00076618056282875  0.00077685973294080
  0.00079186096704149  0.00080576334756548  0.00082205471366421  0.00084107543180734
  0.00085616517713508  0.00086866002991607  0.00088006471784824  0.00089003796786531
  0.00090009177955143  0.00090958171113119  0.00091932860683876  0.00093771904229677
  0.00096474679628002  0.00099185913520571  0.00101843662123008  0.00104452141973051
  0.00106549659533144  0.00108772554804214  0.00110904137744801  0.00112842785699510
  0.00115123761786379  0.00117816416562086  0.00121113083464935  0.00126692007630300
  0.00130271258832651  0.00133416023126466  0.00136271691199802  0.00138878343556929
  0.00141493449738618  0.00143947879079845  0.00145987903734471  0.00148052703989870
  0.00150809163360019  0.00154169183801373  0.00158209363109159  0.00162893719445809
  0.00167714971634337  0.00172101753712990  0.00176624995461800  0.00182135637227241
  0.00189390656614679  0.00197995209140563  0.00205866048760615  0.00213215828727842
  0.00220927092077564  0.00228278928058192  0.00234990203790322  0.00239448569031305
  0.00245737860108286  0.00254471043101274  0.00266339787355869  0.00278992984240765
  0.00297845150239203  0.00316813105809966  0.00335974098383580  0.00365622874954404
  0.00393137361230222  0.00421373341806003  0.00450042850978582  0.00476844217288316
  0.00503917153280635  0.00546051379066656  0.00619365821490622  0.00718280429484563
  0.00888861992527022  0.01131496366193219  0.03147641411044433  1.00000000000000000
 -0.00263953014980740  0.03368669974729468  0.05564134090289463  0.07575545733363893
  0.09468840497719629  0.11091593834936185  0.12339380780007786  0.13338158825989377
  0.14162724165721097  0.14811936010670318  0.15446116691030784  0.16355010308660059
  0.17409671691355508  0.18360027763675754  0.19300899085028919  0.19848970130201854
  0.20317693814429180  0.20767218309301894  0.21373431220210493  0.22134521930113646
  0.22684738233338630  0.23217500268906985  0.24087756161273685  0.25246647241893100
  0.26529722521505189  0.27345137957058085  0.28231446557227741  0.29046071074605723
  0.30035004315940933  0.31281316626651690  0.32983808900912581  0.34823207143282159
  0.36468489260180770  0.37816611293858476  0.38707933164429020  0.39248719243192448
  0.39817659159808677  0.40337351085725398  0.40848573763575757  0.41421715488906324
  0.42001722503129990  0.42631891829073126  0.43430870673956556  0.44390204641874004
  0.45584791017062015  0.46924121003243763  0.47923471751871266  0.48741341831717339
  0.49563468919336184  0.50382928380788217  0.51415131644820011  0.52641245379136870
  0.54077188477416049  0.55732957081181189  0.57602043392914737  0.59352244912392160
  0.60851454186761444  0.61976838869906414  0.62782283784853965  0.63563229702370527
  0.64611283457002355  0.65719510890183563  0.66643079909388325  0.67396619082813936
  0.68304306918170676  0.69290547092096810  0.70297106985434898  0.71349210090869331
  0.72446744272352714  0.73864033779282467  0.75193224960562688  0.76307004999959815
  0.77082129069442484  0.77756589639330731  0.78463657958382960  0.79244508947376435
  0.80091469418560035  0.81066375445891303  0.82117149654984178  0.83294945720306945
  0.84679664254491027  0.86282993947450548  0.87761092980540623  0.89117065781571603
  0.90381653671010342  0.91470481831944683  0.92167918372828972  0.92820589556229727
  0.93578422316444021  0.94213633417180764  0.94732437639179501  0.95444619489416327
  0.96347960876866678  0.97316287432475546  0.98399864673273085  1.00000000000000000
 -0.00018172408767261  0.00237174556666425  0.00577753105636984  0.01054670720769536
  0.01762194444191772  0.02587829305797916  0.03621543185615896  0.04676925861341934
  0.05870638209041706  0.06961060123338500  0.07585226953528512  0.08195894592949497
  0.08784702229205549  0.09341809635033226  0.10494131320373326  0.11914050008883788
  0.13130140389948730  0.14097135937164346  0.14950686581098094  0.15663381926407838
  0.16470927843617175  0.17251832138366460  0.17962701662451144  0.18664950940935546
  0.19386601785769397  0.19965671848520747  0.20535320099246818  0.21232163696384951
  0.21954090256603900  0.22656812411409299  0.23228245095305569  0.23878036206344574
  0.24704758609980587  0.25544548882595292  0.26345098779691556  0.27237080256849494
  0.28217863600347382  0.29255176683583861  0.30309180874162778  0.31422662272518326
  0.32494503733142344  0.33303552436714950  0.33964829788005979  0.34651568755400819
  0.35387641721751212  0.36155109406261982  0.36996806207482746  0.37878790210619578
  0.38520181169221196  0.39047029521666915  0.39575565257531975  0.40034252347822236
  0.40406375984304765  0.40930586475234171  0.41739647276464864  0.42830970496852444
  0.43796066981419579  0.44787400270971617  0.45744506282984870  0.46648272891338610
  0.47456756125063448  0.48297955964898143  0.49133460383746225  0.49855331612408088
  0.50537537853639369  0.51198816853434226  0.51911259037499213  0.52775611632665120
  0.53645695314968112  0.54544204179071798  0.55425603005240964  0.56557708669412565
  0.57662897388838830  0.58857385277945007  0.60237182417178892  0.61590009921883826
  0.62671337156564122  0.63720694774349307  0.64952935797085964  0.66458156740924534
  0.68726365094961228  0.70774048924234623  0.72692010544124608  0.74523519004220795
  0.76327813542994172  0.78000219404458537  0.79444457450784856  0.80830445392841954
  0.82429291083246137  0.84398786566906547  0.86812973519601422  0.89546144065234401
  0.92449093282421546  0.95074261260447257  0.97580835195036086  1.00000000000000000
 -0.00373439931253781  0.00988963259515733  0.02076241140874698  0.02929062184220371
  0.03759484911640101  0.04860280041905649  0.05984825028579449  0.06905229836140724
  0.07490965455546124  0.07924221972089465  0.08457721035043023  0.09065564168265972
  0.09848698896390959  0.10713553610563337  0.11788369418175532  0.13177069721766274
  0.14594845852606070  0.16088601867955823  0.17720748492956381  0.19238805703686435
  0.20810469868155196  0.22275031829694378  0.22963888698209450  0.23542326137337596
  0.23999123811299022  0.24495084562781258  0.25174661760033179  0.25833394994740555
  0.26674815259341544  0.27686924137612823  0.28712439939435852  0.29822890421064291
  0.30882655428067413  0.31734455783850996  0.32418700880979379  0.33058226675768154
  0.33775263951945944  0.34596752328192043  0.35411013334892549  0.36059656234369708
  0.36703073266786668  0.37334217914084755  0.38082299373723100  0.39197049694886249
  0.40682147375838623  0.42252021791957439  0.43676102995378391  0.44915223185588116
  0.46005443948572766  0.47095758851222369  0.48080129407176325  0.48944875763006196
  0.49771611296203561  0.50573334814220006  0.51609638299200578  0.52942507048983645
  0.54172748218641797  0.55293203664027379  0.56236324426248241  0.57327628563954713
  0.58720930633916246  0.60292228387027402  0.62030122459745529  0.63817728614259772
  0.65558160058004156  0.67392006433179241  0.68862363546241789  0.70159028454737504
  0.71273889703790005  0.72302820457118910  0.73246688102564195  0.74076574959585506
  0.74735903713348562  0.75872549456482552  0.77468321993757339  0.79412618743516095
  0.81488618298866389  0.83277315651064299  0.84423812979190938  0.85238940812884012
  0.85987913053687615  0.86901539340838163  0.87784045904115293  0.88459933161318760
  0.89269673754316547  0.90263720591642704  0.91294561104911243  0.92409004889019730
  0.93781276628812826  0.94904614425366718  0.95678672295514233  0.96178913841033364
  0.96648593067148136  0.97172569929574615  0.97894141786421607  1.00000000000000000
 -0.00159722019764075  0.00551025450189098  0.01523253693264211  0.02643449848472453
  0.03737551468024443  0.04479360371654054  0.05358890847605127  0.06537805796477957
  0.07759607014561166  0.08874344717371642  0.10062084527644989  0.11336351728420951
  0.12488130907343580  0.13753875201212018  0.15064832174286641  0.16457429813051638
  0.17579418181318232  0.18439261873747503  0.19319441000293480  0.20187184018031962
  0.21269564531714658  0.22460812913566930  0.23429876426128979  0.24199832242879435
  0.25123624291622593  0.26348678448173485  0.27694377347622001  0.29006401741764065
  0.30238078044247924  0.31174897370999127  0.31932569265179628  0.32721593740223515
  0.33692016316262391  0.34870191721483068  0.36066103872841726  0.37238978276504697
  0.38345454191300754  0.39474287556444076  0.40692783193251741  0.41706863184501525
  0.42709128499560689  0.43759136202087051  0.45038336912681676  0.46389645079815600
  0.47717245656108215  0.49168203828401436  0.50426651973711734  0.51423344854295094
  0.52387872109421507  0.53347189317722532  0.54344749241431112  0.55558538760486309
  0.56979070006231802  0.58231917411754086  0.59167247638568166  0.60001582346745430
  0.60658211411914797  0.61343878040887168  0.62139186876144215  0.62905681812988434
  0.63638054276880640  0.64654621465669593  0.65725997736527941  0.66623937236825226
  0.67456701922595075  0.68156433926330240  0.68812055747320555  0.69517330646191633
  0.70292240130180694  0.71205170296328424  0.72573350444684936  0.73827281126175903
  0.75003480771417419  0.76295977549572702  0.77653968049485977  0.78825798386728407
  0.79717501280250180  0.80534078085107741  0.81276553314695288  0.81960181552787326
  0.82669904113178749  0.83946515322622239  0.85213773055126740  0.86467492448484040
  0.87912597837843831  0.89476999162413440  0.91092483205177233  0.92432945778773012
  0.93616902117389444  0.94758423260025215  0.96017086400566598  0.96925150160805884
  0.97766199488239969  0.98426279861707600  0.99034416860128960  1.00000000000000000
 -0.00280090691594627  0.01027931695190011  0.02431605845388340  0.03844947560394980
  0.05381045866767047  0.06868078277603484  0.08255510799529568  0.09588402548879062
  0.11177916038608168  0.12783493916358360  0.14146674573706480  0.15331836965849138
  0.16568622964115731  0.17760864055416073  0.18686582967455806  0.19477459120281299
  0.20203833123177262  0.20821171688947912  0.21564293891573855  0.22344908771758931
  0.23076194078763082  0.23880329413900606  0.24659421691964042  0.25366608939698343
  0.26174319185840661  0.26833041277174297  0.27692368042408277  0.28688040744513166
  0.29544288017659726  0.29945901892324267  0.30282532405064599  0.30839409955455743
  0.31355028856093592  0.31836727948016458  0.32463097318128481  0.33036178485615414
  0.33758706047643716  0.34587541110331504  0.35433648061443279  0.36359289919634658
  0.37175881606711580  0.38034946992595603  0.39283874095433724  0.40402420781747894
  0.41657363046364909  0.43041011868924933  0.44530690109713927  0.46103703077951902
  0.47634001101430495  0.48896297716217252  0.50015983987704093  0.51080589312569646
  0.52174983811224573  0.52979564391813083  0.53660680718379894  0.54225197034508865
  0.54867812828945572  0.55761956163618631  0.56554416602453816  0.57477806180346425
  0.58692443762094437  0.60224812637936564  0.61546320343769712  0.62536281578265596
  0.63500683836553962  0.64452928825543965  0.65732894300080524  0.66797451904418526
  0.67839571581408475  0.68593188667015803  0.69249834425967827  0.70115604002539766
  0.70982835003138656  0.71781459871441211  0.72583266922686451  0.73589823491442197
  0.74828862131534102  0.76066064613514728  0.77267146107362383  0.78386489442301288
  0.79585336190812428  0.80358689956488805  0.81183339298749913  0.82339012184236926
  0.83675356327974404  0.84981823686837843  0.86215900328472739  0.87502845833365217
  0.88894675193237127  0.90306324494001344  0.92187155411274890  0.94074573600743061
  0.95951045565042115  0.97259992595707179  0.98519287052097415  1.00000000000000000
 -0.00471392377526717  0.01659932109776645  0.03244668943499725  0.04305182116807302
  0.04969073514983725  0.05470553710806103  0.06131634249870088  0.06705051168730955
  0.07307918579100861  0.07811708178609006  0.08672067090708210  0.09651903354273988
  0.10611938722547212  0.11695099319390269  0.12973757535322633  0.14707396010274348
  0.16813371605356034  0.18666773898858144  0.20073038681891595  0.21069884348803278
  0.22016545510163932  0.23146578714842533  0.23801006714348993  0.24500574233917508
  0.25315914917031307  0.26325694844277880  0.27589011852098805  0.29340511294803767
  0.31080756324096598  0.32354241997419136  0.33434769328227060  0.34315768250197992
  0.34982104766903077  0.35557773465015907  0.36389108348697957  0.37242796087191482
  0.38328974165556162  0.39509547429017922  0.40591843736321725  0.41475064899406727
  0.42326044142973213  0.43123587515506129  0.44003696457034047  0.45098096700339602
  0.46169233743596350  0.47338994138619633  0.48528283007300954  0.49664821340860271
  0.50853096133976061  0.51948563758535560  0.53257981909059893  0.54401026593670165
  0.55497323923581565  0.56601260222073058  0.57506199905544031  0.58352669398644563
  0.59117722773610193  0.59854073046271428  0.60708566567807287  0.61926333954879409
  0.63273694293838734  0.64545159491120607  0.65969007819537206  0.67682594781356165
  0.69291794516675398  0.70689835518865529  0.71689279109847093  0.72536491191220431
  0.73193817310121168  0.73767654152636963  0.74451632639764187  0.75374610644239870
  0.76342378612715833  0.78126961433738584  0.81295399676081093  0.82408883108939901
  0.82918742221605757  0.83334914650263991  0.83790878261853197  0.84277980764557947
  0.84741598410317731  0.85431380901201137  0.86081103695518424  0.86913021210614394
  0.88127503948679775  0.89562439707791131  0.90972907016242266  0.92076000194015684
  0.92875082108288087  0.93605390667877686  0.94425331988855732  0.95509297279942729
  0.96645614360029231  0.97698349918741545  0.98763429686368454  1.00000000000000000
 -0.00204620237466379  0.00953938749416193  0.01671159044057128  0.02408583400466949
  0.03409988828067203  0.04526203987520002  0.05363747815238370  0.06156494418639932
  0.07020013244247143  0.07928685564408433  0.09054606903646162  0.10128863266141079
  0.11210289159999591  0.12172306219570235  0.12956580880766772  0.13906273937256938
  0.14887222117683174  0.16165422898067744  0.17321921917669211  0.18545190247959087
  0.19555370395591862  0.20666546985312148  0.21966709208200827  0.23139221040105448
  0.24091610850650086  0.24906900752690431  0.25755372798789772  0.26816422294649639
  0.28046339352157579  0.29292988636741052  0.30689666095211882  0.32389233577002730
  0.34064589848578802  0.35530547215301678  0.36890118807197159  0.38308176500415925
  0.39805256004718326  0.41750607765827136  0.43482295748573613  0.44764564823662295
  0.45609057937319331  0.46389854923440371  0.47276657406651995  0.48576303282126049
  0.49804251765147906  0.50487764248932965  0.51018175677460886  0.51564879090675253
  0.52275503470063045  0.53284602362776645  0.54352700330550052  0.55411742419625054
  0.56196124405337200  0.57534785063865335  0.59171525190417174  0.60273031717168835
  0.61206864305699737  0.62302594357133745  0.63295734986349284  0.63938637915654140
  0.64746341089609183  0.65548011991747812  0.66389732015166403  0.67402338948066376
  0.68623626299066520  0.70000336177512512  0.71350542545734508  0.72684892433790216
  0.74239646305867191  0.75626028055562422  0.76661908629965858  0.77561691254999521
  0.78392270995666735  0.79152597460644125  0.80021402047683121  0.81113563127987309
  0.82482350149740813  0.83822433894483805  0.84952872953665837  0.86042763381250376
  0.86810615622604437  0.87442357562007078  0.87962185715991226  0.88262134372985268
  0.88618900687453939  0.89155505011169245  0.89754618992351320  0.90565242214308761
  0.91490258791642254  0.92364364731154769  0.93083933746044356  0.93893699971247058
  0.94946464133011477  0.96304758782114541  0.98085794951148320  1.00000000000000000
 -0.00778131209320931  0.03316154899473107  0.05943189526144677  0.07869824382835118
  0.09280237336834855  0.10483205280346754  0.11462019754219921  0.12417242408022648
  0.13315789000814998  0.14490540807705865  0.16094386407527228  0.17855366128175210
  0.19604672633700279  0.20719450549066046  0.21682089417695752  0.22357280143571495
  0.22986114044074762  0.23871893561461385  0.25154884455852367  0.26193217653399575
  0.27428707596656116  0.28867393811566788  0.30233057256870011  0.31391631504260020
  0.32343763700700356  0.33324888665717928  0.34165311820655991  0.34879281140440721
  0.35695241028065750  0.36415257476039875  0.37008170681163510  0.37985082565772671
  0.39007956019967538  0.40046637227862353  0.41197582020985157  0.42271153703483272
  0.43238185169126103  0.44032948041941739  0.44815840901286386  0.45658040343041906
  0.46333577852715285  0.47139408479550293  0.48167597101391468  0.48979666135725125
  0.49599755609948321  0.50263911637100878  0.51048340230645028  0.52009937317366239
  0.52884122981293369  0.53654402584738259  0.54358670036831114  0.54840147879808387
  0.55368898713855430  0.55929322285826444  0.56642576302983649  0.57684292593025732
  0.58751659490592567  0.59738279939739136  0.60854110786762150  0.61910402922255203
  0.62618741578056947  0.63238143099285660  0.63901120127491939  0.64636265457267805
  0.65256612155441474  0.65791162941071279  0.66384570343586369  0.67300395057315743
  0.68364787905028956  0.69475269167567477  0.70648554910047878  0.71877666292795983
  0.72886013482623047  0.73922661995290995  0.75044166174067350  0.76148633405010013
  0.77259313180888278  0.78326208183595891  0.79634997527663864  0.80985589535058944
  0.82478644091910214  0.83669017992097328  0.84547767279951203  0.85501262653487764
  0.86566096417570304  0.87425006686824114  0.88263171900253279  0.88868479613234153
  0.89558365781187865  0.90412389446849206  0.91388381528339091  0.92476458790576621
  0.93729861600478970  0.95325452302492086  0.97348684946198960  1.00000000000000000
 -0.00126969338765236  0.00568395824897159  0.01369594297833773  0.02170694480704854
  0.03080667936472631  0.04069176191339816  0.04901404230931319  0.05842556212168509
  0.06904846351694449  0.07945082368825826  0.08849180430786595  0.09618508661917662
  0.10516718352984203  0.11618745476207484  0.12887705653582626  0.14235634278434592
  0.15662473382281866  0.17508582707309533  0.19207989877812737  0.20253823685721634
  0.21054856081584672  0.21757551387941268  0.22517387390568994  0.23153470028853887
  0.23786930399760406  0.24438464798378223  0.25051199368454075  0.25694305414524615
  0.26459440081045366  0.27152701740648877  0.27792423947368994  0.28805715003808147
  0.29730882310168805  0.30634113318732853  0.31309983218666804  0.31791499002225215
  0.32266544123945684  0.32834756781450408  0.33755082322827890  0.35096383057936625
  0.36574197504349576  0.38027594806677223  0.39817151993885103  0.41527349684010101
  0.43445102000496544  0.45584632400835035  0.47649348742298780  0.49120025046692356
  0.50539061726136636  0.51740611974493744  0.52629381078799953  0.53237436352550394
  0.53816227998631982  0.54403426210518391  0.54981025305050302  0.55672778791528132
  0.56755380881654682  0.57612854268547331  0.58499709240922582  0.59632643182889933
  0.61302118934275518  0.63137945963122977  0.64887948406048312  0.66812222930969778
  0.68475624966908477  0.69686649756735997  0.70611996680594225  0.71650800426116790
  0.72380029787516131  0.73158812143354091  0.74091658475356226  0.75320879967892840
  0.76642587851681465  0.77772649473359623  0.78803962122938342  0.79747732277078853
  0.80866070508552901  0.82192462678045219  0.83552086225435029  0.84667538020109467
  0.85456086637426487  0.86346587837467625  0.87449537395988020  0.88733615715819936
  0.89947647512999873  0.90668497481516552  0.91192776231600481  0.91591983562058610
  0.92051059138843305  0.92466645405246728  0.93314304674141091  0.94602587598221988
  0.95835297680689180  0.96915952381730752  0.98208380933809769  1.00000000000000000
 -0.00525474898725610  0.02280183737643489  0.03964168076408939  0.05522597335415162
  0.07087780004188995  0.08353927823805671  0.09256433577538781  0.10008008259358817
  0.10966705658086390  0.11872809585679353  0.12773333680537119  0.13906641936902164
  0.15091421925706716  0.16277006185318574  0.17490838306122325  0.18793542871275079
  0.19986874414180289  0.20809846317065403  0.21404125919359210  0.22472313288863877
  0.23350715865869434  0.23964330529725059  0.24804938764943094  0.25722763876362692
  0.26393977946745828  0.27001462603318355  0.27830335167637732  0.28721859138561645
  0.29701265621095652  0.30597796170599445  0.31441042611352255  0.32230992233230593
  0.33070756122822925  0.34267781109011181  0.35551324024303116  0.36703147219850540
  0.37669799811309967  0.38709030853456966  0.39867270540964717  0.41288084974248845
  0.42952063774658711  0.44185135609418164  0.45415823751118928  0.46650823260920182
  0.47661390589592362  0.48662107493930989  0.49796897738392032  0.50800393697603741
  0.51455366411339842  0.51944507577135568  0.52402558273231248  0.52974920002237935
  0.53735550517950437  0.54612020095698488  0.55400653488194385  0.55986696885886045
  0.56322395018815596  0.56671571995650016  0.56957242643140049  0.57596631883275584
  0.58448488094705087  0.59347581534996552  0.60407707068866268  0.61646576885091264
  0.62865496517358821  0.63966561871164584  0.64761320695544322  0.65506877235185768
  0.66333983870365443  0.67110721250717709  0.67990227017044125  0.68978417919606594
  0.69867486210398755  0.70833098160761998  0.72199464522774881  0.73538107115022189
  0.74647751476483803  0.75803909316151408  0.77059806459934654  0.78575200926654643
  0.80169487874397449  0.81541071144199517  0.82608595631463821  0.83782915845349626
  0.84689142469521272  0.85632003472666618  0.86839936672614049  0.88259830547725915
  0.89742818503504840  0.91334148089735190  0.92947422406868407  0.94492054175954265
  0.96048247408635867  0.97367882106655468  0.98684919098994384  1.00000000000000000
 -0.00362779054117884  0.00836129852225904  0.02202165434128142  0.03694152107561876
  0.04988265424892845  0.05936234347470117  0.07128756791907577  0.08191042957075177
  0.09200991918686720  0.10250104704963149  0.11318787618668184  0.12289503849887159
  0.12848942147015460  0.13674675148983503  0.14368405938399956  0.15003811730689207
  0.15699933795563009  0.16518501649124540  0.17669171148355867  0.18885087932224087
  0.20053695143275135  0.21172602849980196  0.22262492724917196  0.23437517315294593
  0.24693236167592189  0.25780383687474601  0.26831161913272905  0.28006754757770497
  0.29321171446543859  0.30663413375092874  0.32046042833537314  0.33595381771222788
  0.34516639158195556  0.35058041415667768  0.35589296765698014  0.36076517008532483
  0.36419076512066934  0.36696390928863121  0.37060616594073442  0.37619947196532533
  0.38180800532421738  0.38682908958682988  0.39328972218207592  0.40220730460514065
  0.41196045524364766  0.42187285254848467  0.43346895262652102  0.44423564602621096
  0.45399903804900410  0.46174241077874856  0.46922830297587820  0.47717062315854242
  0.48506276596295578  0.49313193336084749  0.50285199865832997  0.51338877595058097
  0.52240380745974235  0.52986888208930061  0.53611278082414282  0.54413435554872425
  0.55265879700974807  0.56061565216115550  0.56639227591735375  0.57315751176477836
  0.58150670777072677  0.58851100507402065  0.59593830765699596  0.60336859115461183
  0.61057397181550899  0.61819408048424296  0.62994581310258524  0.64587586881128611
  0.66176773432500791  0.67813856899421210  0.69662073543638270  0.71754656347444479
  0.73432988619852613  0.75044721165772821  0.76643253744438566  0.78266147648316897
  0.79930339868397793  0.81637809659811300  0.83255115704212934  0.84389585383383448
  0.85272822656610925  0.86240956435177263  0.87497665846751760  0.89367203233109660
  0.91101359794239811  0.92307909837013680  0.93127637673418084  0.93998805536591779
  0.95394148345156948  0.96884354875298961  0.98419296417383784  1.00000000000000000
 -0.00234960741759330  0.01046480744120089  0.02867928871149289  0.04558373633127522
  0.05978738110707571  0.08392552996951350  0.10715775492962529  0.13075718229939429
  0.15173476074780801  0.16358612809334702  0.17620449455593712  0.18874282424383554
  0.20258551904039893  0.22138247838924993  0.24488370601823417  0.26825157773027042
  0.28615743152182016  0.30159775998595290  0.31693687083238076  0.33542274198135530
  0.35536488001104083  0.37154099550646807  0.38708315161392465  0.39979365737709738
  0.41154027525696057  0.42317012764435330  0.43417578264783424  0.44522090654774993
  0.45716731434944841  0.46546155026967789  0.47258705967658726  0.48287215995122140
  0.49479614283433648  0.50358356348984157  0.51048814715343427  0.51791042322276992
  0.52849224430448771  0.54052837066879134  0.55066034125101271  0.56049411662170301
  0.57039824097546732  0.57977651340663772  0.58744383760955132  0.59360675108996752
  0.59895876177350260  0.60614752947874195  0.61485783281937956  0.62428682447976880
  0.63430323484034090  0.64485732863771905  0.65537816204493593  0.66522667006145642
  0.67430440299679539  0.68328976994441093  0.69108372617515779  0.69891104516623170
  0.70794180291089992  0.71871551591914129  0.72869504858848100  0.73676948869117320
  0.74433290277728226  0.75204106971904305  0.76160270994915280  0.77042561926164099
  0.77755443785574729  0.78346959715527908  0.78901688761565481  0.79356380049287523
  0.79895227227028942  0.80549998012013424  0.81290605091670987  0.81991559192792696
  0.82473939113509565  0.83044508072664269  0.83515657907641327  0.84177642503783778
  0.84872543508178322  0.85585582917345837  0.86253532622112550  0.86855081207523188
  0.87335667802935457  0.87778331661735798  0.88172233961472790  0.88564011236161044
  0.88984788670489323  0.89525063928192372  0.90237017459234869  0.91352258512413442
  0.92681121875850925  0.93681039521282794  0.94589338480183960  0.95546512612581269
  0.96585684112464054  0.97656782497389738  0.98783353857834388  1.00000000000000000
 -0.00238840315313749  0.00662791924746758  0.01759381230996055  0.02784806538802060
  0.03849260599096912  0.04992646436176213  0.06017138364817312  0.06899014007750029
  0.07565671414493563  0.08143635454842085  0.08984811822194547  0.10047398264789677
  0.11123823476909832  0.11914085816157238  0.12730812120016588  0.13626386547350069
  0.14651844863841207  0.15657231048396020  0.17205925909977213  0.19354816758871907
  0.20958122678144103  0.22222226433308775  0.23361730821046348  0.24498063955908295
  0.25652369859904428  0.26913862401360522  0.27782619807474002  0.28733093480115218
  0.29633064422956956  0.30636173492112345  0.31732474943130118  0.32947767472652684
  0.34392575444244183  0.36078769476608524  0.37696839788453368  0.38873081920866237
  0.39956706398436997  0.41010899586497934  0.42066554209672313  0.43094618179781496
  0.44001049888838456  0.44953613683557808  0.46059439722784795  0.46958622644138637
  0.47619942613841360  0.48260881666925376  0.48937476891230802  0.49580684616633725
  0.50490639773364987  0.51733700197040933  0.52756227888597673  0.53845500710172967
  0.54792445709999282  0.55684806146917332  0.56417041368929266  0.57115492309356686
  0.57767038297941320  0.58473684775261192  0.59443497845214299  0.60542549462073403
  0.61717244908674240  0.62924415611420548  0.64231061829745040  0.65837806899695295
  0.67778917329927280  0.69465761638301715  0.70585268042674909  0.71399631561805776
  0.72106302342804485  0.72792252084370956  0.73465025229570335  0.73979624891186302
  0.74764986871538952  0.75757401957570292  0.76888948244229172  0.78173262183417447
  0.79343319820512193  0.80383935801385198  0.81253418612571893  0.82048957875839579
  0.82951690565147351  0.83887719921164505  0.84674659578718092  0.85554926544372589
  0.86426754085144630  0.87201267604674071  0.87992042140455329  0.88938708589856763
  0.90004848868868503  0.91280523856378970  0.92617915586042976  0.94003156422989642
  0.95463218252421345  0.97175089661452374  0.98666936264285521  1.00000000000000000
 -0.03012552020497422  0.14265309211131993  0.17946781993096836  0.20423033780901506
  0.22687758489041041  0.24381687317708367  0.25709019973622982  0.26864332866689566
  0.27980634255164050  0.29190834162140017  0.30404409082208433  0.31478890865719467
  0.32494553012294641  0.33175837507297162  0.34036509457249842  0.34857168601356625
  0.35622732454767297  0.36355248728935258  0.37003284964931404  0.37536706647297285
  0.37995506554893355  0.38401145801243869  0.38810952003579030  0.39326384546199927
  0.39860966130151609  0.40491289437558431  0.41268385341554231  0.42003889134737932
  0.42625380796384577  0.43218453140605856  0.43851868905470354  0.44540651320087488
  0.45200017852002133  0.45966693625423038  0.46758077941950699  0.47484234259548930
  0.48166819949776823  0.48615262707015372  0.48996002198750754  0.49355975294903154
  0.49706554941335240  0.50077821544860013  0.50432267923336160  0.50806819832321559
  0.51197677191578606  0.51583922808610716  0.51953656236540380  0.52275803891356987
  0.52572896132824598  0.52878439475292849  0.53198180954688634  0.53506726058095899
  0.53799089275596479  0.54093402535542245  0.54417193270301722  0.54767499445558798
  0.55090321732030922  0.55434004966700245  0.55775755331387578  0.56078947229395737
  0.56478897696068775  0.56927380412167350  0.57404606564106320  0.57854576665602397
  0.58292465841659880  0.58700111109337461  0.59138529435947529  0.59500043159606963
  0.59974067054033442  0.60420623392365846  0.60762053858366094  0.61025856202313333
  0.61429266345398281  0.61883571523565140  0.62336721992199262  0.62796767637491457
  0.63293772566696083  0.63921354119670337  0.64715355286868559  0.65584035836651888
  0.66454555437560403  0.67307535567984400  0.68143455234018468  0.68960325447314397
  0.69644572865038656  0.70283865066143369  0.70978438926735810  0.71753933699384742
  0.72853564631531031  0.73853409189354624  0.74915041226552992  0.76064670961266212
  0.77730171680644233  0.80330411909128874  0.86088808723543320  1.00000000000000000
 -0.00256639611640890  0.00800625399454298  0.01710596255583825  0.02574806482613527
  0.03635352243845587  0.04870360016706973  0.06038387176786195  0.07037437333733171
  0.07866232049526883  0.08625429228140928  0.09338434775932133  0.10160771613640120
  0.11278814915229037  0.12129289938028763  0.13241653942063591  0.14294349532328721
  0.15256690462375250  0.16082583418246865  0.16996224015698075  0.18102159615918884
  0.18902996559748797  0.19871757423278597  0.20772567458522168  0.21875805519144276
  0.23081483078079562  0.24135432478348062  0.25053914181742543  0.25960812637817421
  0.26734418234179552  0.27573642672355325  0.28647538434512976  0.29871909964039639
  0.30633954955330761  0.31275432896567362  0.31911144146512516  0.32921188475147600
  0.34509058623747990  0.35965336729244918  0.37360525211179246  0.38799530264074511
  0.40187275573829795  0.41051709366498013  0.41882058766385050  0.42793643571954276
  0.44016395768384386  0.45161459081774652  0.45980196216855079  0.47095133117826399
  0.48121535830858564  0.49123928812589790  0.49924204047074644  0.50789480959648459
  0.51873023239424232  0.53025550932563459  0.54180992563546926  0.55217176816081504
  0.56356963696442397  0.57466111701947975  0.58556564021910351  0.59622885588956231
  0.60638032167409350  0.61678263782675413  0.62760705759505198  0.63728557791360552
  0.64495889586650512  0.65251206137095397  0.66025684717664723  0.66533703009959111
  0.67309123226319245  0.68191099009864731  0.69114598862855203  0.70203980003656907
  0.71195245581496969  0.72062458470562452  0.72727744748543222  0.73314015222929685
  0.74259076944291558  0.75323309363731983  0.76653683702030750  0.78009488650067826
  0.79441995750827044  0.80954519762899246  0.82683965648619273  0.84296524437372833
  0.85950295834006696  0.87479721147517420  0.89058537743184241  0.90303942044239283
  0.91545204875801767  0.92718236230265771  0.93981721726264256  0.95141228560955293
  0.96297818502394339  0.97493773015454044  0.98470662812290455  1.00000000000000000
  0.29723410017396817  0.53278264970146194  0.58177063562298603  0.62580098330664091
  0.66845156673774475  0.69595868280234696  0.71972284255486185  0.74450308807924781
  0.76596377548450334  0.78595063775024454  0.79870351972152065  0.80762835008677702
  0.81401681714014351  0.81882110542243403  0.82334290653284647  0.82754734992363344
  0.83269565318763683  0.83878325131188236  0.84369621870537292  0.84819622715458187
  0.85258244060440114  0.85772560927710695  0.86347695089545407  0.86883369088717355
  0.87264171356637066  0.87557399328382068  0.87807836539480721  0.88036464408608950
  0.88304939009691441  0.88615942363617028  0.88937684373676895  0.89224702980758885
  0.89443357380002042  0.89622231860851675  0.89805743672278238  0.90017444255531209
  0.90304967641456990  0.90588491987925635  0.90874017818185815  0.91177630846894619
  0.91418854101770630  0.91590694664273198  0.91747706600397583  0.91869707917421262
  0.92038743829497727  0.92264541074119000  0.92421406461262678  0.92555138789273939
  0.92677727999732462  0.92805972061479991  0.92963133417557098  0.93106811634876230
  0.93250752990906949  0.93372717926985971  0.93528796734308850  0.93694549739739907
  0.93871242315367864  0.94048909244656353  0.94238609353500480  0.94442417094660380
  0.94634002587096699  0.94793826648784951  0.94925929328309744  0.95062238417135125
  0.95207029712835423  0.95347881666123202  0.95488497514127268  0.95630647075810027
  0.95767960891762827  0.95926125441607657  0.96090841118145653  0.96253224291822326
  0.96407145429539254  0.96553230845601690  0.96698898470652361  0.96838571476364321
  0.96994275299789856  0.97095357795986659  0.97197002216663564  0.97300596464258271
  0.97404305368440858  0.97526307757754283  0.97653929877764112  0.97767950777057677
  0.97861755776710568  0.97946106659931786  0.98024388453255951  0.98105682856351517
  0.98204473497957145  0.98312784599743330  0.98448446504176756  0.98601288107954677
  0.98762351477070753  0.99109478584735689  0.99532563077614067  1.00000000000000000
 -0.03372355620239008  0.16025214159582069  0.22799717110534906  0.27075839820237657
  0.29744403585108414  0.31510816151907384  0.33007378002131282  0.34377289910977626
  0.35764909276290663  0.37394518854326786  0.38194931093634688  0.39091213420561366
  0.39977549823644820  0.40938180103968119  0.42071358591283609  0.43277552223593718
  0.44589394172559371  0.45915910355601802  0.46983445212314789  0.47878197778349718
  0.48703753279926482  0.49344657170451212  0.50006410735475970  0.50664592838294908
  0.51273239296928086  0.51763057903850163  0.52294272418446675  0.52749314075902354
  0.53317202041322509  0.53911800479023442  0.54482079675460393  0.55010607059071770
  0.55512259654298968  0.56039851965431031  0.56688732632468997  0.57432007022872555
  0.57990373720050914  0.58574668905638994  0.59200619927773546  0.59787021188643485
  0.60444270832884262  0.61037805181695215  0.61710189601087306  0.62298412340337361
  0.62846358675182079  0.63241432672665565  0.63612358223399268  0.63989871563892908
  0.64372805653955023  0.64763109398218621  0.65215156400827645  0.65629606147218644
  0.66022994969513682  0.66408466153036383  0.66810074522984875  0.67235399444981236
  0.67733936304585107  0.68262550118560006  0.68728401772763248  0.69117146052746892
  0.69474671970190660  0.69875539816531806  0.70213444073811238  0.70458044285407628
  0.70695566950186894  0.71006632705345041  0.71376805856290071  0.71785917692046797
  0.72307849775231869  0.72804040397138825  0.73220708763411058  0.73655733808728285
  0.74107325097600962  0.74589196404797931  0.75026092030873792  0.75476792676647741
  0.75997483685807588  0.76572298536610384  0.77279536245296621  0.77955363914529474
  0.78622440369587487  0.79274213729594467  0.79943980017092031  0.80648039892888124
  0.81453199445082036  0.82013240900109530  0.82618056725242872  0.83286962931344122
  0.84501043166976642  0.85637393542437212  0.86372092382599730  0.87218826600447874
  0.88290585516938169  0.90023600193693709  0.92236725286127497  1.00000000000000000
   2.1240363660740046E-019  -1.0000000000000000     
 F F F F F F F F F F F F F F F F F F F F F F F F F F F F F F F F F F F F F F F F F F F F F F F F F F F F F F F F F F F F F F F F F F F F F F F F F F F F F F F F F F F F F F F F F F F F F F F F F F F F F F F F F F F F F F F F F F F F F F F F F F F F F F F F F F F F F F F F F F F F F F F F F F F F F F F F F F F F F F F F F F F F F F F F F F F F F F F F F F F F F F F F F F F F F F F F F F F F F F F F F F F F F F F F F F F F F F F F F F F F F F F F F F F F F F F F F F F F F F F F F F F F F F F F F F F F F F F F F F F F F F F F F F F F F F F F F F F F F F F F F F F F F F F F F F F F F F F F F F F F F F F F F F F F F F F F F F F F F F F F F F F F F F F F F F F F F F F F F F F F F F F F F F F F F F F F F F F F F F F F F F F F F F F F F F F F F F F F F F F F F F F F F F F F F F F F F F F F F F F F F F F F F F F F F F F F F F F F F F F F F F F F F F F F F F F F F F F F F F F F F F F F F F F F F F F F F F F F F F F F F F F F F F F F F F F F F F F F F F F F F F F F F F F F F F F F F F F F F F F F F F F F F F F F F F F F F F F F F F F F F F F F F F F F F F F F F F F F F F F F F F F F F F F F F F F F F F F F F F F F F F F F F F F F F F F F F F F F F F F F F F F F F F F F F F F F F F F F F F F F F F F F F F F F F F F F F F F F F F F F F F F F F F F F F F F F F F F F F F F F F F F F F F F F F F F F F F F F F F F F F F F F F F F F F F F F F F F F F F F F F F F F F F F F F F F F F F F F F F F F F F F F F F F F F F F F F F F F F F F F F F F F F F F F F F F F F F F F F F F F F F F F F F F F F F F F F F F F F F F F F F F F F F F F F F F F F F F F F F F F F F F F F F F F F F F F F F F F F F F F F F F F F F F F F F F F F F F F F F F F F F F F F F F F F F F F F F F F F F F F F F F F F F F F F F F F F F F F F F F F F F F F F F F F F F F F F F F F F F F F F F F F F F F F F F F F F F F F F F F F F F F F F F F F F F F F F F F F F F F F F F F F F F F F F F F F F F F F F F F F F F F F F F F F F F F F F F F F F F F F F F F F F F F F F F F F F F F F F F F F F F F F F F F F F F F F F F F F F F F F F F F F F F F F F F F F F F F F F F F F F F F F F F F F F F F F F F F F F F F F F F F F F F F F F F F F F F F F F F F F F F F F F F F F F F F F F F F F F F F F F F F F F F F F F F F F F F F F F F F F F F F F F F F F F F F F F F F F F F F F F F F F F F F F F F F F F F F F F F F F F F F F F F F F F F F F F F F F F F F F F F F F F F F F F F F F F F F F F F F F F F F F F F F F F F F F F F F F F F F F F F F F F F F F F F F F F F F F F F F F F F F F F F F F F F F F F F F F F F F F F F F F F F F F F F F F F F F F F F F F F F F F F F F F F F F F F F F F F F F F F F F F F F F F F F F F F F F F F F F F F F F F F F F F F F F F F F F F F F F F F F F F F F F F F F F F F F F F F F F F F F F F F F F F F F F F F F F F F F F F F F F F F F F F F F F F F F F F F F F F F F F F F F F F F F F F F F F F F F F F F F F F F F F F F F F F F F F F F F F F F F F F F F F F F F F F F F F F F F F F F F F F F F F F F F F F F F F F F F F F F F F F F F F F F F F F F F F F F F F F F F F F F F F F F F F F F F F F F F F F F F F F F F F F F F F F F F F F F F F F F F F F F F F F F F F F F F F F F F F F F F F F F F F F F F F F F F F F F F F F F F F F F F F F F F F F F F F F F F F F F F F F F F F F F F F F F F F F F F F F F F F F F F F F F F F F F F F F F F F F F F F F F F F F F F F F F F F F F F F F F F F F F F F F F F F F F F F F F F F F F F F F F F F F F F F F F F F F F F F F F F F F F F F F F F F F F F F F F F F F F F F F F F F F F F F F F F F F F F F F F F F F F F F F F F F F F F F F F F F F F F F F F F F F F F F F F F F F F F F F F F F F F F F F F F F F F F F F F F F F F F F F F F F F F F F F F F F F F F F F F F F F F F F F F F F F F F F F F F F F F F F F F F F F F F F F F F F F F F F F F F F F F F F F F F F F F F F F F F F F F F F F F F F F F F F F F F F F F F F F F F F F F F F F F F F F F F F F F F F F F F F F F F F F F F F F F F F F F F F F F F F F F F F F F F F F F F F F F F F F F F F F F F F F F F F F F F F F F F F F F F F F F F F F F F F F F F F F F F F F F F F F F F F F F F F F F F F F F F F F F F F F F F F F F F F F F F F F F F F F F F F F F F F F F F F F F F F F F F F F F F F F F F F F
  <DiscreteSampler_grid>
  grouped_processes
  1 # 1 for a reference and 2 for a running grid.
  10 # Attribute 'min_bin_probing_points' of the grid.
  1 # Attribute 'grid_mode' of the grid. 1=='default',2=='initialization'
  0.0000000000000000 # Attribute 'small_contrib_threshold' of the grid.
  0.5000000000000000 # Attribute 'damping_power' of the grid.
 # binID   n_entries weight   weight_sqr   abs_weight
    61   10   3.180371518972754E-021   8.309425804116284E-041   3.180371518972754E-021
    62   10   3.180371518972557E-021   8.309425804116055E-041   3.180371518972557E-021
    64   10   6.360743037945508E-021   3.323770321646514E-040   6.360743037945508E-021
    65   10   6.360743037945113E-021   3.323770321646422E-040   6.360743037945113E-021
    67   10   8.018408342409016E-017   4.938274764013503E-032   8.018408342409016E-017
    68   10   8.018408342409035E-017   4.938274764013574E-032   8.018408342409035E-017
    70   10   1.603681668481803E-016   1.975309905605401E-031   1.603681668481803E-016
    71   10   1.603681668481807E-016   1.975309905605430E-031   1.603681668481807E-016
    106   10   3.180371518972759E-021   8.309425804116276E-041   3.180371518972759E-021
    107   10   3.180371518972580E-021   8.309425804116151E-041   3.180371518972580E-021
    109   10   6.360743037945519E-021   3.323770321646510E-040   6.360743037945519E-021
    110   10   6.360743037945160E-021   3.323770321646461E-040   6.360743037945160E-021
    112   10   8.018408342409022E-017   4.938274764013519E-032   8.018408342409022E-017
    113   10   8.018408342409016E-017   4.938274764013553E-032   8.018408342409016E-017
    115   10   1.603681668481804E-016   1.975309905605408E-031   1.603681668481804E-016
    116   10   1.603681668481803E-016   1.975309905605421E-031   1.603681668481803E-016
  </DiscreteSampler_grid>
