  0.00114469593686062  0.02926975637341696  0.05098088911213035  0.06842800186521784
  0.08184624536707941  0.09276607425030849  0.10052500556887721  0.10822029757853051
  0.11645706617882511  0.12608577944951344  0.14199441011007555  0.15505809506427520
  0.16466350958426726  0.16932893081662048  0.17374596402694190  0.17781465859494749
  0.18187199146093838  0.18691856988935851  0.19342862462919189  0.19938761176863184
  0.20693012867055102  0.21932370182294189  0.23422857310339396  0.24737837075019850
  0.25961128938947858  0.27082024050417752  0.28162257057193935  0.29366969650491082
  0.30916586213584113  0.33028615250275467  0.34058623612673994  0.35054486219323899
  0.35587340608737555  0.36027092657257925  0.36466473468744925  0.36853638117150700
  0.37376028972139386  0.38224316729930702  0.38627060010813430  0.38974933302876419
  0.39495664252492452  0.40289560187932821  0.41295725919606835  0.41852782664883931
  0.42393113252073589  0.42920254944444158  0.43447345042354929  0.44263768847240242
  0.46672091789364201  0.49113278243158631  0.51337756506145293  0.53289977943217015
  0.55085181933877236  0.56907964739492811  0.58376886943497674  0.59628686183704083
  0.60572872065716243  0.61150928325156972  0.61782043310556334  0.62433954427074556
  0.63094273750499841  0.64393018207610064  0.66483403788849837  0.67338933766773224
  0.67984805493473466  0.68881423947707254  0.69974649391562371  0.70660934906728567
  0.71278410559324412  0.72155586767241908  0.73216860187937727  0.74006050301434900
  0.74734607101852801  0.75288144124645839  0.75599862271261853  0.75911686525435074
  0.76362102113821562  0.77167360548707542  0.78055164732376814  0.79019955488933546
  0.80382397343779943  0.81947095532098180  0.82973812716234352  0.84151390855077224
  0.85637034609348883  0.87415108624007520  0.88807565334426553  0.90060967823616045
  0.90980590145683771  0.91750489764036969  0.92466320472014307  0.93740922626615653
  0.96051320482707947  0.97403371931510918  0.98698277321927685  1.00000000000000000
  0.00625647126925151  0.02624275382360490  0.05027591026984066  0.07921124486711749
  0.10694444783659664  0.12822924143638276  0.14360446189459364  0.15313009074937345
  0.15773365739637732  0.16235300413251991  0.16702375095451286  0.17194783708047523
  0.18453799121311182  0.20195182845944870  0.21061441485087390  0.21899398067809123
  0.22710717673392061  0.23630988460343666  0.24605813760649312  0.26083953163703288
  0.27353227904133681  0.28303376719591478  0.29086055434910513  0.29602632140655877
  0.30275035886868934  0.31030400803214142  0.31551754722221154  0.31986461166921171
  0.32395280653426928  0.32853306751068362  0.33529515831138790  0.33908428589772416
  0.34221978448636564  0.34739024314553169  0.35318900318227797  0.36092075542290458
  0.36998321072539303  0.37880682386256581  0.38521180171861574  0.39364547492529145
  0.40131946355502474  0.40560060153219935  0.40987922764306889  0.41429270796274825
  0.41937253737152741  0.42552572153968649  0.43164713416819550  0.43819494923350455
  0.45774785339038365  0.48229453469727201  0.50237426809803409  0.51799326178325589
  0.53153889237374496  0.54304764034580122  0.55563086047866583  0.57243642950553164
  0.58326806911126727  0.58952850391567135  0.59631151544307015  0.60447630310209988
  0.61469642586527118  0.62452970080812542  0.64011178495543730  0.66442944737282239
  0.68205291682635039  0.69966435213222333  0.71932167030304106  0.73861695784388703
  0.75538035185590335  0.77004955135533482  0.77933741999130268  0.78603159808007106
  0.79237901631371599  0.80194833915557440  0.81008323068494992  0.81658027399742839
  0.82469533913635773  0.83462957902817037  0.83860308853685073  0.84304942061921073
  0.84999350725242129  0.86101695804520761  0.87519505444441648  0.88739966715555818
  0.89725274341094896  0.90411527644569123  0.90938230508809637  0.91460013322100620
  0.92040092325927436  0.93740667334424244  0.95007608801700816  0.96139533401714516
  0.97080040967343240  0.98077983393085133  0.99087711630613784  1.00000000000000000
  0.00021481076080991  0.00022153196243358  0.00022570624854859  0.00022817325132982
  0.00023023047168384  0.00023296106425211  0.00023688862397616  0.00023944164851768
  0.00024133849058374  0.00024295454490473  0.00024442092024395  0.00024602821725427
  0.00024823741005170  0.00025055090788455  0.00025252845565868  0.00025446424453022
  0.00025654660078992  0.00025873824167739  0.00026054796432043  0.00026235534924892
  0.00026415692259498  0.00026592654283067  0.00026826732404392  0.00026979761033471
  0.00027097043534908  0.00027218592853789  0.00027340639924238  0.00027463865963743
  0.00027599515873461  0.00027815796994448  0.00028021470372443  0.00028130036203328
  0.00028238625958131  0.00028390843558145  0.00028543061158158  0.00028689024789466
  0.00028831046459903  0.00028983582197196  0.00029172197399681  0.00029410288954502
  0.00029687173227481  0.00029966497472175  0.00030244856224351  0.00030578284866689
  0.00031126043199409  0.00031720473211020  0.00032171516911060  0.00032561562525857
  0.00032969869973720  0.00033296436295667  0.00033598577452750  0.00033956998325740
  0.00034320067707402  0.00034685328755225  0.00035324514461475  0.00036454042116682
  0.00037017589795243  0.00037334637444307  0.00037621701537876  0.00037895770949382
  0.00038179866041582  0.00038479277291417  0.00039010689249362  0.00039736446059220
  0.00040398449918143  0.00041253674013375  0.00042034054782950  0.00042912421067195
  0.00043824724432187  0.00044547403054994  0.00045234309395798  0.00046002596608138
  0.00046918923039512  0.00048320392830212  0.00050061618837750  0.00051997319029748
  0.00053895652850278  0.00056191986819992  0.00059221850737372  0.00063492468054729
  0.00065418397706917  0.00066959170644811  0.00068489823321501  0.00070153833366852
  0.00072556924799663  0.00078152238145569  0.00087468241145718  0.00101808363751875
  0.00114958203910346  0.00121917899843486  0.00130599398490421  0.00180240214738909
  0.00287818032775977  0.00532871005838325  0.39233659792369024  1.00000000000000000
  0.00027114553293582  0.00032731375881623  0.00035261561276091  0.00038163369509419
  0.00040074964741347  0.00041741193443357  0.00043357944168592  0.00044394048278353
  0.00045454487078741  0.00046183809485087  0.00046578939055503  0.00046955380285615
  0.00047338810148273  0.00047742751315654  0.00048149074831549  0.00048559647981004
  0.00049099384830016  0.00049689944588263  0.00050872051668399  0.00052322112200565
  0.00053072328812988  0.00053838770692720  0.00054623262186148  0.00055548864466927
  0.00056546007112485  0.00057800618207074  0.00059246738402753  0.00060700158904571
  0.00063400579677910  0.00066908906186043  0.00069399299646260  0.00071105452602695
  0.00072292318994286  0.00073471290067571  0.00074638906770945  0.00075798097823296
  0.00076925978782323  0.00078053859741350  0.00079401319843418  0.00080853890207514
  0.00082441994749943  0.00084165661954571  0.00086002891979306  0.00088000930255429
  0.00090100467041730  0.00092114761290458  0.00094332344160534  0.00096552865152061
  0.00098660258361441  0.00100729737020877  0.00102770786144822  0.00105944832844445
  0.00108619096375893  0.00111288987471423  0.00114673283097706  0.00119007814849582
  0.00124402832160416  0.00129981506333842  0.00134527711480247  0.00138705029946583
  0.00142732913767644  0.00146656067645285  0.00150615760611218  0.00154600568806793
  0.00158281040095683  0.00162271379577016  0.00167122671974961  0.00172925703532959
  0.00178584111079859  0.00183042809118736  0.00188904803309510  0.00197122869462586
  0.00202368227390384  0.00207011503532534  0.00215758615237030  0.00234925397425376
  0.00250227667014050  0.00256232766769653  0.00261492684376093  0.00266712642364232
  0.00272779259644851  0.00279875751381402  0.00290325419534702  0.00303284938338679
  0.00314230620305674  0.00324433350354978  0.00335619736996719  0.00351299091657070
  0.00416165904096911  0.00474770996543464  0.00549397921039758  0.00690603909838933
  0.00889372761264056  0.02023674766743706  0.52849349617426156  1.00000000000000000
  0.00058413291674739  0.00076417425118830  0.00094821682581637  0.00117234677044719
  0.00142186634073064  0.00156653222504871  0.00175393875078102  0.00200539793809840
  0.00221613364212774  0.00240943572513379  0.00264745602020661  0.00288287949690782
  0.00301584617070120  0.00314849530745058  0.00327984897697031  0.00338927877430157
  0.00352970129717981  0.00378371924102785  0.00404668643490663  0.00427902296459128
  0.00451575784865272  0.00476515948429376  0.00503700790049778  0.00530475030232882
  0.00546926946507146  0.00569640871607073  0.00594066637128165  0.00618206983891549
  0.00653602956734328  0.00704046073705655  0.00757137931147918  0.00798989120606833
  0.00834959672845587  0.00871888607827953  0.00910764371650596  0.00942806045441998
  0.00974314227490451  0.01008896446034914  0.01052623605974658  0.01108659955882978
  0.01195602974579694  0.01281566380482170  0.01366072731005687  0.01446477799435043
  0.01522639194680286  0.01592074017135322  0.01656956560299896  0.01718983186060814
  0.01770552247092963  0.01809388806677409  0.01848225366261855  0.01885665960068430
  0.01923020958121616  0.01959545958485534  0.01995506394099706  0.02028363578969892
  0.02051632516376262  0.02073281371796499  0.02092743921692105  0.02111936510045854
  0.02130954779005414  0.02193154355512044  0.02265440211188417  0.02287850736510734
  0.02302738967276357  0.02313336436297836  0.02324174809179623  0.02337373614698515
  0.02351520113388081  0.02379389232425479  0.02429686361785161  0.02466633892162482
  0.02522492097896709  0.02593158774257942  0.02657524862151974  0.02717754715818791
  0.02791513590875147  0.02924504899718132  0.03193367473737258  0.03427551982477673
  0.03541304508194278  0.03599371821460366  0.03657439134726453  0.03729026944699333
  0.03803128104211089  0.03881921020317303  0.03980827184993817  0.04079733349670331
  0.04300657656814075  0.04542769180981686  0.05166513152001220  0.08356646526958392
  0.10127620076908264  0.12597679592272321  0.53055088279077367  1.00000000000000000
  0.00053556557167889  0.02560756000042461  0.03914061283007875  0.05165511994467174
  0.06429568338230716  0.08131218025378124  0.09908003785671873  0.11410086563002032
  0.12796612435939050  0.13979955221626031  0.15196459478726296  0.16165591958297768
  0.17499323546970860  0.18882434472260681  0.20267759251511330  0.21497434021822850
  0.22638040539538651  0.24060609207476960  0.25272648213385557  0.25709320647689143
  0.25968203903730003  0.26257286934327539  0.26575897815679239  0.27050218517664526
  0.28000259621329104  0.29288179177971235  0.30140065251233605  0.31038642845954295
  0.32300779259741613  0.33658255137836979  0.35226859844622960  0.36628774773983197
  0.37852334805283372  0.38816645689080648  0.39411670495609885  0.39954604848303599
  0.40311555317771969  0.40643046870399796  0.40975189667512046  0.41673268006783587
  0.42493509248395511  0.43209712801451317  0.43966939942852939  0.44799458849037005
  0.45556564974456359  0.46335621874555882  0.47204447207687567  0.49008753844945280
  0.49897559813286158  0.50720893135244938  0.51513335796771031  0.52361399192770863
  0.52862232974888079  0.53474837434547551  0.54506469715035921  0.55105685082404132
  0.55548690030101511  0.56118036611659372  0.56632428723012473  0.57102716060652692
  0.57770435607438153  0.58520326488257013  0.59372739570731492  0.60616682415444212
  0.62324146168015027  0.64010239758386056  0.65044334755664979  0.66043761936091061
  0.67018827399540537  0.67989472263348205  0.68957782068703755  0.70247274272130533
  0.71825176830363879  0.73400777401707851  0.75222905399591777  0.76482181998259124
  0.77959077990538717  0.79499429827656920  0.81058082681405008  0.82474249805298117
  0.83816994987461724  0.84572230768243772  0.85108827078403160  0.86324646441029307
  0.87104431467508536  0.87944562645323010  0.88861997038320739  0.90386346965820108
  0.92241469851916613  0.93399124131884459  0.94412771619735347  0.95343243084246521
  0.96119153705379812  0.96866838015689782  0.97691983830525209  1.00000000000000000
 -0.00000136037448145  0.00002127963024368  0.00002734150472041  0.00003173718117122
  0.00003379235549392  0.00003687847264079  0.00004009802660279  0.00004495243499930
  0.00004839506333370  0.00005049081912990  0.00005277293227553  0.00005513699025346
  0.00006122287861511  0.00006981059572414  0.00007840650561833  0.00008288163076520
  0.00008765909498827  0.00009322155465728  0.00009848448945737  0.00010353271610935
  0.00010870783437569  0.00011385345602332  0.00011897073164399  0.00012484170914169
  0.00013249598998909  0.00014117930831100  0.00015268603296693  0.00016719573751034
  0.00018165588037534  0.00019469247214235  0.00020643281888894  0.00021788051164515
  0.00023126986459432  0.00024959270045277  0.00026162407010499  0.00027296197994678
  0.00028453778819259  0.00029764845659987  0.00031051116740624  0.00032477136031271
  0.00033461568136698  0.00034306701116752  0.00035108679160800  0.00036147760749721
  0.00038236189588307  0.00040888464900504  0.00042790557833899  0.00044211758564008
  0.00045625020112102  0.00047456870123359  0.00050413978761729  0.00054989897863339
  0.00061146032299005  0.00070753811997783  0.00077518608418810  0.00082686845557810
  0.00088394813088283  0.00094825345787137  0.00101900138259388  0.00109827648692009
  0.00114100658464272  0.00118551988158695  0.00122360789301520  0.00125806455348912
  0.00128924342246723  0.00132249807901735  0.00135867409285108  0.00139319814071985
  0.00142632465425447  0.00150330403713872  0.00161737652514850  0.00181174519084721
  0.00213873282949629  0.00257851603937173  0.00308560108172919  0.00351231791631056
  0.00382039348156262  0.00414715946968878  0.00456011954125060  0.00519479023475930
  0.00573711226813746  0.00648355074999384  0.00736413430098683  0.00865323420032609
  0.01069999559910846  0.01283790154146519  0.01487890565111960  0.01557385181150200
  0.01654819574123764  0.01825771401190698  0.02052678139618259  0.02341309018459762
  0.02848075880546240  0.04287230653194545  0.09307669285542046  1.00000000000000000
 -0.00476588592500855  0.03149426809730299  0.05526587370039254  0.07922187447038413
  0.10116240998392813  0.12279380354442308  0.13339097557760227  0.13919856236977038
  0.14522319481749676  0.15123931710282426  0.15644690501007347  0.16473371451748500
  0.18179403834724361  0.20571783987490858  0.22493997684932404  0.23990459274395451
  0.25571628961167830  0.27189986793877730  0.28446169063061572  0.29249706995309005
  0.30034290732347962  0.30871152887731607  0.32531095685176381  0.34762285636689472
  0.36316455026002709  0.37175896696379557  0.38036475103407719  0.38890293154031169
  0.39690309522752526  0.40389777470983151  0.41028764685930447  0.41756520085842064
  0.42602154455318481  0.43636690095834035  0.44892987172410259  0.46247291751193570
  0.48058861156379301  0.49967178072747637  0.51691466277108000  0.53259999252197077
  0.54287397741333776  0.54697458439606650  0.55131982074611674  0.55487751758038528
  0.55822454041332681  0.56170685696271550  0.57015256313100970  0.58418803261471886
  0.59972486664521107  0.61223846233689549  0.62312307627221708  0.63213265981933653
  0.63998481744760216  0.64688584149762252  0.65285294938595506  0.65674261709674409
  0.66064590103679255  0.66461951976807709  0.66879050201724177  0.67375781816163549
  0.68073397007363767  0.69161148305062659  0.70484723748677069  0.71413212842715224
  0.71953672397224788  0.72494005634523395  0.73019742183291680  0.73545422989824005
  0.74160284311444757  0.74787188935286231  0.77487720040393404  0.81180186252265152
  0.83537898686813816  0.84924071157076353  0.85743292598542342  0.86452225552874729
  0.87409288476694891  0.88500814987761622  0.89475190815710515  0.90080061950610835
  0.90603818335302866  0.91166247924311972  0.91857348533868655  0.92235911630163325
  0.92549353769599407  0.92878657352431937  0.93292534956561757  0.93776849808197182
  0.94097002231887228  0.94428349274837564  0.94654419673178647  0.95058673868266008
  0.95509048133817198  0.96390787450071713  0.98326240713159407  1.00000000000000000
 -0.00401295550089711  0.00862991832176126  0.02065724294572775  0.03182808250498242
  0.05188362252970527  0.07563921968035889  0.09423264711345596  0.10712910332315151
  0.11573792504578016  0.12217229497292131  0.13026576289358152  0.14031465592624032
  0.14826268084584898  0.15261012326109014  0.15955415935293288  0.17162024151513552
  0.18418378168609623  0.19355268149555041  0.20312224516183960  0.21294173918800685
  0.22710806741208436  0.24581442881233095  0.26206303416951904  0.27976398216095039
  0.29584093829926345  0.30569369223774678  0.31004074868248754  0.31232615199712277
  0.31477293822416058  0.31757819811990867  0.32130380322115809  0.32582495832549163
  0.33179324905226021  0.34775217800108654  0.36206717392375809  0.37131888416951436
  0.37853074001584575  0.38572553183232056  0.39291703498263664  0.39766019957849363
  0.40269049215421360  0.41083753386903288  0.42053822990758760  0.42875338196925689
  0.43678414656333764  0.44278581256812416  0.44820804221956329  0.45392622182937492
  0.46103039682112673  0.46861474349274029  0.47674438903592681  0.48548391493654486
  0.49244991440131675  0.50141680174100900  0.51728276615273716  0.53201913234432607
  0.54553334373536555  0.55564299821109431  0.56373903318275398  0.57151520829825664
  0.57910791142736195  0.59137949347683139  0.61017848776195971  0.62780019153968925
  0.64371427270385151  0.65629661439270681  0.66500246828609311  0.67277712547293289
  0.68089126793780952  0.69237222972877410  0.72014930565678048  0.73622826645468586
  0.74706640728929274  0.75632643687521439  0.76666153709430607  0.77330162826229110
  0.77982510148831530  0.78645659809817314  0.79650479550748299  0.81476970656553771
  0.83118909476459313  0.83818462074783384  0.84627416621704810  0.85278463391186088
  0.86726508831930638  0.88299804766601053  0.89994524268366816  0.91521981789070250
  0.92912855712869269  0.94379164685462591  0.95992312984243366  0.97279021437639879
  0.97947627969600737  0.98531566781869095  0.99213924329983982  1.00000000000000000
 -0.00673829093234192  0.02322690660151551  0.04260288641810229  0.05451405939436527
  0.06596883206060267  0.08652133999304888  0.10552855054745178  0.11784414843965968
  0.12640499909847858  0.13334659893792605  0.13980169189671973  0.14997860730382251
  0.16508257930599934  0.17928184679223844  0.19449264054187410  0.20532711159046674
  0.21418115723673697  0.22538703835983781  0.23826245902975107  0.25213311087738655
  0.25698568820847750  0.26184731282703022  0.26686541009773446  0.27188350736843869
  0.27660658655232673  0.28130661148600955  0.29014966571617123  0.30005668461408658
  0.30978438047295126  0.31770360250233487  0.32202631650477609  0.32514514051946375
  0.32800451699245980  0.33074837649722394  0.33325647874136161  0.33569135036510478
  0.34067222162351724  0.34802574976033396  0.35807303512789024  0.36938558940385641
  0.39385088555984443  0.40887954706056179  0.42010613853408230  0.43004508176962924
  0.43916658255609420  0.44823167941816078  0.45916752414821338  0.46884844979965229
  0.47448523334046760  0.48045148145323674  0.48734835274258392  0.49475265161764481
  0.49780051682239440  0.50081813020379784  0.50574906039855783  0.51549103194576640
  0.53913301672448832  0.56255720861697189  0.58091157352606071  0.59740660419268932
  0.61379962475397432  0.63133261848301636  0.64961440736725995  0.66879704736543921
  0.68375251618244415  0.69478217711393642  0.70543601762369035  0.71690194412537134
  0.72820915075014481  0.73943232156161209  0.74977325782831239  0.76545570159691512
  0.78743470841533469  0.82099233620178402  0.84646970075276784  0.85808018433247557
  0.86460428017256585  0.87109160063263535  0.87688723401756530  0.88058000054947549
  0.88470212076869803  0.88915947330442124  0.89636069483424952  0.90339939116596779
  0.91198901324319226  0.92708456346983981  0.94180004585690191  0.94996712522317173
  0.95811918093686310  0.96838272343374321  0.98071965143548701  0.98633618573779169
  0.98968478392430792  0.99235733300655160  0.99550346523378463  1.00000000000000000
 -0.00500959092037435  0.02473778832577329  0.03361232371607984  0.04225427066287966
  0.05115117652497957  0.06115459086235052  0.07886798466091291  0.09877073088482413
  0.11009882858680374  0.12019605849265101  0.13060221831485641  0.14091670718976004
  0.14915311229657638  0.15831402619978885  0.17020570533980631  0.18209124524108897
  0.19326328939365636  0.20284719595804485  0.20901053588385182  0.21550436519254679
  0.22239256890477094  0.22886050782859149  0.23516063924953517  0.24558777747171379
  0.25545496135557999  0.26544762795794652  0.27554421559802056  0.28129438826696762
  0.28684539866317249  0.28925480585056113  0.29180425532929888  0.29470177258665992
  0.30266873926026300  0.30999280081881997  0.31701532751712663  0.32500061731589103
  0.33997638150406201  0.35517907871431942  0.36962357009101826  0.38235063750921117
  0.39812569000597187  0.42044428991685640  0.43590466006968370  0.44762993376828131
  0.45685218473880518  0.46188564787427933  0.46704161258351912  0.47275687066752198
  0.48708907371512167  0.50842447400693613  0.51655716117193518  0.52433064261809448
  0.53171348921784545  0.53803341523186421  0.54367717732658960  0.55475165782062874
  0.56330807930782922  0.57246903728329002  0.58498689697861550  0.59554031643645200
  0.60329157823433122  0.61398361441257987  0.62701140368849906  0.63820198969616271
  0.64991717990675291  0.66355160430887805  0.67638403006326075  0.68359408607306482
  0.68916904286250824  0.69385784213319901  0.70217897135697083  0.71420084051131505
  0.72133645848410910  0.72828061503344610  0.73712997370285038  0.74458734090800527
  0.75369251786910474  0.76198665114343389  0.76881387474086138  0.77605514973086998
  0.78571623180480299  0.79797776841460344  0.82340534793059106  0.84608729728089294
  0.86370062111232571  0.87694401468554617  0.89027699308379560  0.90381877445058068
  0.91886678355165219  0.92952875192486839  0.94167870017455857  0.95281376133206841
  0.96340278122831158  0.97635186102172078  0.98843134962940693  1.00000000000000000
 -0.00395482863610082  0.01275938915465059  0.02946816954040414  0.04871131208024629
  0.06471652300419725  0.07974738379367605  0.09132072147291562  0.09793127852409798
  0.10236677155072091  0.10695976012477951  0.11186665280807152  0.11917788699439649
  0.12546385316342656  0.13094248149051310  0.13502354030754571  0.13862786295017060
  0.14333458114746878  0.14824883251631180  0.16156447403311200  0.17170519483129768
  0.17968711208780008  0.18693447594548593  0.19504346364885919  0.20801737856670682
  0.22361888246109862  0.23633605548811842  0.24538766633899331  0.25406539593709615
  0.26356412214900637  0.26986035962218780  0.27630372990226898  0.29172607063903183
  0.31094955557916398  0.32442797460245781  0.33392009052368887  0.34195143304119885
  0.34912161582756340  0.35579293378113463  0.36435050115031375  0.37364464257255942
  0.38373892987335856  0.39899661498907657  0.41653255854559912  0.42809312086375662
  0.43719386350826306  0.44630447346337704  0.45727758612901570  0.47642396828622896
  0.49102343928929787  0.50494966756961357  0.51099071625226788  0.51601885503154954
  0.52073487626038417  0.52513973758524657  0.52991454057898280  0.53718833213756956
  0.54812151965880884  0.56302378605675318  0.57773467350397845  0.59420760814756057
  0.61391814093253072  0.64039475867304307  0.66424070873505114  0.68501090950771126
  0.69494681873808606  0.70567249821058664  0.71498022908620695  0.72057658811465364
  0.72440571386125430  0.72816998956641521  0.73191799535973923  0.73515175502907859
  0.73815718006319075  0.74264008498675260  0.75160950437766272  0.76893636721099978
  0.79444012914582895  0.81867421076841285  0.84593501265985072  0.86353030339875070
  0.88364612035715207  0.91120254021359293  0.92790978669670598  0.93734096676596379
  0.94503901810146229  0.94907032194278607  0.95237319086320793  0.95502495295230549
  0.95768441806078008  0.96036546782934229  0.96931879742538829  0.98312696009040845
  0.98881768066427556  0.99354982177803786  0.99692834109824846  1.00000000000000000
 -0.00200013376441576  0.01141872948617768  0.01775405097820906  0.02493994911350213
  0.03474384663261330  0.04736232831262242  0.06015448476038007  0.07243386976610962
  0.08391821649404872  0.09647818042045418  0.11069296086800440  0.13177261912518234
  0.16162157903589372  0.20186734383870511  0.21679591233468781  0.22372872985376521
  0.23060760706396990  0.23823040123780917  0.24603730202838395  0.25561626196328208
  0.26787400877489509  0.28814054837898584  0.30474991492102010  0.31809097672295211
  0.33066368655198169  0.34307698880718362  0.35526145729811281  0.36854927058287951
  0.38345067715212267  0.39539415866471339  0.40640284389766379  0.41770056938463607
  0.43395604097738710  0.45284556575704316  0.46935534126222683  0.47534790556976086
  0.47928204047578515  0.48300818065638285  0.48663676251977012  0.49034835479568822
  0.49582395913192023  0.50257457983912235  0.50804033480514577  0.51412767190012865
  0.52095886405687597  0.52914202239716435  0.53730222691042029  0.54558861478641374
  0.55600590173045850  0.56660197889841302  0.57320373364044896  0.58015035202654830
  0.58821510396925436  0.59740543726136119  0.60462562078440130  0.60998194815687268
  0.61567498251609631  0.62519752610515666  0.64079411643976647  0.65633585685873008
  0.67392101119477010  0.67854410231348739  0.68109025015215463  0.68297455589595957
  0.68485282853356033  0.68672271200656265  0.69136306640054945  0.69570128326835023
  0.69889787436374828  0.70244157897788040  0.71227243152781905  0.72846185109910355
  0.73903370252256673  0.74519077435997561  0.75188205036468725  0.75969009802988174
  0.76515174848793210  0.77049912069948190  0.77442709879624883  0.77760371179787535
  0.78090631084094442  0.78422500927479211  0.78754271170330670  0.79329016491209814
  0.80064249978443958  0.80709106009385601  0.81298938208729055  0.81924095923568874
  0.82985367265840637  0.85155849028225739  0.86902792034749876  0.88141583147913172
  0.89558566809909157  0.91807589483635921  0.95250244896482017  1.00000000000000000
 -0.00461733022503752  0.03978335375950647  0.05008971817163485  0.05749971884427439
  0.06418872187107261  0.07145025138649212  0.07815646892800589  0.08692830355562380
  0.10447499360247028  0.11882555242235664  0.12922679149620170  0.13850376568439215
  0.14757870112899496  0.15622940310697744  0.16459401635514839  0.17204509878322136
  0.17904472026705184  0.18542412516574375  0.19259536997121965  0.20069046997825163
  0.21011560952873426  0.21664098232857712  0.22316635512841995  0.23352780768712114
  0.24465073043114149  0.25225576318180071  0.25940319457560695  0.27394427975059171
  0.28733936975784546  0.29635374091738292  0.30437678432591120  0.30708572629370257
  0.30935655731108053  0.31176958546256600  0.31585126339469971  0.32182750720990222
  0.33998872221217435  0.36020551249744259  0.37098808647070813  0.37662695123035134
  0.38233770602430367  0.38695574481159778  0.39140033393002621  0.39497278236523531
  0.40088504345159315  0.40701673519545500  0.41173430180755044  0.41588623863444274
  0.42475477673735629  0.43064117270302321  0.43767043757205115  0.44500804730386379
  0.46150945236256763  0.47971789457824771  0.49896996790263448  0.51497432715878111
  0.52781566868669128  0.54154577498876677  0.55292000597084212  0.56356076380728326
  0.57618529208405556  0.58892478119637104  0.60180215534284509  0.61693426172211918
  0.63608874433929863  0.65334374028766473  0.67010898182949930  0.68305808040923166
  0.69256360125826288  0.69982096499458268  0.70687359522594784  0.71511143270502842
  0.72449431998359703  0.73542903444919472  0.75171827594975238  0.76832079559601529
  0.78303922294515216  0.80598777531404653  0.82350327485375607  0.83820470890333665
  0.85111419196045102  0.86489116085971551  0.87427138977607555  0.88212009304134509
  0.89092823501117124  0.89794551572975700  0.90324557256715743  0.91110606584800646
  0.91697003978255309  0.92235600539076879  0.93201717870484813  0.94107946197594583
  0.94990438833037438  0.95974021955296374  0.97577973340816526  1.00000000000000000
 -0.00552948494486208  0.01668044465958399  0.03276416790239411  0.04365391023724071
  0.05584444115352897  0.06611890315245596  0.07584887261038069  0.08381423493295226
  0.09084042003776389  0.09882987212857895  0.11045149203786307  0.12050891764334513
  0.12722020000674639  0.13237520774020303  0.13701182994682060  0.14126632432661426
  0.14609364528738075  0.15646245540435449  0.16801966603331450  0.18038247762831039
  0.19134167968801541  0.20740970083586485  0.22702798305524075  0.24922905577695764
  0.26799370231503011  0.28555734847947800  0.30394590199501687  0.31503838567484616
  0.32359532387159773  0.33256984440759835  0.34197389242404369  0.35102593304971952
  0.35815130258221850  0.36789387075250762  0.37647627141516710  0.38425925328782440
  0.39083897593448108  0.39717771799377588  0.40362776778273429  0.41253858767498824
  0.43099137460275783  0.44896760824595777  0.46456898302933630  0.47802331937660858
  0.48766215163891458  0.49742342092112296  0.50728242059559059  0.51866093986463924
  0.53046752272910691  0.54293576972126667  0.55458553069333982  0.56354967306918879
  0.56802702561853691  0.57679466115470590  0.58345524957183292  0.59235489009753939
  0.59903455932090210  0.60571291539948091  0.61206467561240863  0.61777036780368466
  0.62289043101798769  0.63165474050800685  0.64669916816840634  0.67043142157764080
  0.69024642261968694  0.70212406441455044  0.71743299092943169  0.73305402226288596
  0.74976023051509078  0.76772820134022024  0.78524151179958057  0.79893915633860113
  0.81453062024797007  0.82079622660471863  0.82650597791506464  0.83127368848957139
  0.83618141380468369  0.84142021537155931  0.85229994285153043  0.86199077393165902
  0.87430637313754977  0.89312664845258216  0.90633916072831555  0.91077554881291056
  0.91674046284852162  0.92285847226776663  0.92943513145692969  0.93619983347886071
  0.94515488370713574  0.95332329579523389  0.96502676160080458  0.97655897591438567
  0.98422785692251613  0.98970661759143719  0.99443607600518391  1.00000000000000000
 -0.00839236955265733  0.05783837638640155  0.07897724603449180  0.10060895478145612
  0.12258398699634819  0.13380745163724522  0.14087923220237006  0.14936068136090661
  0.15445164451911253  0.15976297321304264  0.16516466857435297  0.17035739411292067
  0.17797076416521665  0.18837858360708612  0.19747593187765444  0.20819323683220178
  0.21805247569863390  0.22835497191794757  0.23844208725815833  0.25220255991328672
  0.27532138535894768  0.29824780288076574  0.31300356391201217  0.32452300700564646
  0.33472309507055259  0.34513044021846623  0.35956017312574728  0.37602527732773894
  0.39077723837720030  0.40235370923265501  0.41038316418784077  0.41666835093563448
  0.42146500662794889  0.42637593036390092  0.43128462640255921  0.43654537067482074
  0.44427058975315431  0.45485792194946129  0.46698067243321589  0.47979262015240004
  0.49108711682569023  0.50158309442233062  0.51266131564651507  0.52064925117697969
  0.52983363769366632  0.54255691396922501  0.55435498270670458  0.56424480880736994
  0.57053770437040363  0.57664079970577520  0.58215634851762865  0.58767189732948222
  0.59288404035020859  0.59805680773553993  0.60387731469356420  0.61034512312167277
  0.61875444175411476  0.62782502861136813  0.63951869507054804  0.65202830350165064
  0.65729308865457814  0.66199406694961105  0.66758261586187218  0.67381878581194177
  0.67940746606645863  0.68269164054204201  0.68551766689569427  0.68839778687256681
  0.69155870906955574  0.69542952233318645  0.69977542746102250  0.70534088364518499
  0.71226533371645107  0.72169978040087046  0.73252288702590973  0.73912578044947064
  0.74504969361069628  0.75086663227450223  0.75680456869625468  0.76860960373825615
  0.78048144259488206  0.79108101376693174  0.80400096688168299  0.81461754179091073
  0.82389907393483175  0.83538668984264319  0.84812221185679948  0.88558979376707836
  0.91766754689224483  0.93763298286432606  0.95416860293589489  0.96573883449205178
  0.97303315736957319  0.98114587565816569  0.99057293782908273  1.00000000000000000
 -0.00648447933763582  0.01214560042816919  0.02737548924154912  0.04071953792189688
  0.05343482844681525  0.06421914852301741  0.07465939568051472  0.08686271600261777
  0.09930422013623677  0.10964305394544081  0.12400014328188644  0.13820944367916377
  0.14887162784128546  0.15886615933007370  0.16910388695758244  0.17857983746397912
  0.18424772778661344  0.18927593292415340  0.19429966405524898  0.20410682615823394
  0.22025069101068867  0.23841963269493061  0.25021430688422358  0.25842135153611567
  0.26526785175624057  0.27170316508676856  0.27632910055071763  0.28155107689509035
  0.28856235397575003  0.29858006784812036  0.31375830196591115  0.32427414279093641
  0.33528264898065130  0.34649743861641569  0.35533925491264917  0.36341903283648752
  0.37062898188900567  0.37969740421192411  0.38628731644426023  0.39346959072194565
  0.40152552957849336  0.40845661355984714  0.41381014366246610  0.41844499049007394
  0.42547716774320321  0.43472818037250271  0.44027658270852960  0.44545882846210966
  0.45096964628774822  0.45740786005925060  0.46786299350950294  0.48431896645891503
  0.50025992794876861  0.51160830278197955  0.51808274729377479  0.52458787732659351
  0.53453156649773037  0.54693671195378646  0.55426093710854496  0.56802636702405473
  0.58060564250261737  0.58985368787173953  0.60226734939126481  0.61396393775554259
  0.62570861953780466  0.64049659644118961  0.66809914647808477  0.68328034333889498
  0.69589654997643124  0.70401317449912471  0.71166998426589856  0.72297292956495518
  0.74178477351749439  0.76763733245469989  0.78347753547674825  0.79000372607669089
  0.79601118980355801  0.80132898731279667  0.80664985376528120  0.81198302518572330
  0.81731619660616550  0.82657951095055271  0.83581798968057375  0.84463331349059545
  0.85308181974702779  0.86079833682457119  0.86926619308425801  0.87773167087257264
  0.88462529771359710  0.89263973483304893  0.90123087624300335  0.91333241950136868
  0.93315127775133755  0.95586238753303165  0.97901246585867219  1.00000000000000000
 -0.00372989476493686  0.03236618623797824  0.05954763282743784  0.06527855298148084
  0.07141613113497662  0.07944098581485209  0.08912384847341950  0.11246378705354447
  0.13274640969797774  0.14494199685351189  0.15687193786203094  0.16840105926958140
  0.18889929209862411  0.21392669291122596  0.23489467943076872  0.26198741097969774
  0.28676247217369305  0.30932370359388872  0.33159723682361619  0.34995140205530467
  0.36065700777851945  0.36890292658640583  0.37511640001235824  0.38136546321558829
  0.38776716939214617  0.39669628250278055  0.40810479233556179  0.42488980251337011
  0.44838174043595308  0.46347348338016903  0.47157177027256064  0.48030419949421260
  0.48526098319110511  0.48929634513674092  0.49294206077020108  0.49650470608532810
  0.50545644863907246  0.51857572905850080  0.53075514009432090  0.53858355222782117
  0.54482229876428689  0.55057222353662061  0.55745391214674878  0.56407606007473088
  0.57113474755366789  0.57886433849629981  0.59187201994895944  0.60478628885753127
  0.61290166617214525  0.62028605480252119  0.62878396978004614  0.63860512537921010
  0.64588235142391204  0.65156645615096942  0.65729422347334265  0.66236645822475315
  0.66718379663830463  0.67496045728287202  0.68383004232607481  0.69149681054306911
  0.70326287993108660  0.71794492141341049  0.73508920872289885  0.74839095268649769
  0.76405803254601623  0.78109051982833944  0.79385541733290954  0.80198757126520215
  0.81061088815152005  0.82233653547511765  0.83407169537644832  0.84027958917751389
  0.84380269240135763  0.84644182554703506  0.84908048817558224  0.85173615952294890
  0.85445781878511007  0.85863298720685921  0.86437141276698881  0.86971933039056837
  0.87612523806308151  0.88368259350760336  0.89014908021034744  0.89582270678105391
  0.90093355185257218  0.90503475198084393  0.90934299628031490  0.91565168961703347
  0.92356984241943541  0.93246881118735370  0.94028065496262525  0.94729279335329475
  0.95242384127113133  0.96712175867826611  0.98407305455775151  1.00000000000000000
 -0.00558780320328747  0.02614601130343112  0.04293210542311251  0.05916573266096616
  0.07113688366615396  0.07715432658842315  0.08061860556230688  0.08500736061356245
  0.08905301697951767  0.09245490403799854  0.09849513490922637  0.10510697594588453
  0.10976015722389051  0.11483859725559573  0.11995870442344346  0.12852456963744915
  0.13651038821086714  0.14523401403648731  0.15727224712553350  0.17224520487926609
  0.18547983463311735  0.19643011857210599  0.20520917756394574  0.21297893667465670
  0.21856718771429798  0.22342251064247567  0.22985323760959253  0.24094050992855806
  0.25263830007846344  0.27522793088724262  0.30006859872909919  0.33164142579337758
  0.36502329836171121  0.38922548629337278  0.41011420037216673  0.42876980195171283
  0.44733819399119501  0.46242716414180401  0.47319975733191860  0.47864088628642737
  0.48238651319196962  0.48625291657231801  0.49022783116940283  0.49671401422264272
  0.50139257769384471  0.50689357223855303  0.51471059471899416  0.52174114067043642
  0.52838596245041969  0.54040007322335937  0.54991124858655749  0.55926363456119776
  0.56897098967946380  0.57780296734154590  0.58543083629087522  0.59125936336330986
  0.59625382028686702  0.60077399463426151  0.60561629983407950  0.61055088299501259
  0.61834097119032028  0.62551268133519200  0.63053035338882890  0.63866532773144247
  0.64938515760842574  0.66424198330538942  0.67654769558113637  0.68737468713588012
  0.69897475943253651  0.70923704383533503  0.71684366955524081  0.72465400671687952
  0.73427970017312327  0.74783056498899547  0.76578019352534665  0.78429180479863392
  0.79834813188942666  0.80706259392706137  0.81473295325976547  0.82236388907527380
  0.83126011814623801  0.84112740226379001  0.85174916822289815  0.86722885424379859
  0.88364266969745064  0.90228015390091409  0.92467758497549923  0.94535061188573832
  0.96013141288882475  0.96773114619707901  0.97443548962878956  0.98051500947004100
  0.98529955388751245  0.98961675635663582  0.99401545721611229  1.00000000000000000
 -0.00369363958158654  0.01763839360205611  0.03246927829121889  0.04933453224060558
  0.06472051086468689  0.08299823271589443  0.10306567637958661  0.12469881746055832
  0.13832679242969778  0.15122565833347670  0.16196622511904232  0.17101216937199074
  0.18283591164678903  0.19427848555252841  0.20644790459334780  0.21369465334071480
  0.21881118219438830  0.22699806971370967  0.23248763491816382  0.23630326716515490
  0.24028239429230569  0.24547376050117053  0.25515550744695364  0.26959326831481939
  0.28710057989590548  0.30737407267941735  0.32983366889952981  0.34380463884509938
  0.35575104917417494  0.36276883838819535  0.37001067534601684  0.37855727035404757
  0.38710386536207830  0.40104147303264404  0.41641159805388633  0.43438285486660994
  0.44909361260946634  0.45978363530922034  0.47075137516981963  0.48190251181229288
  0.49840875565497728  0.50716623612554479  0.51452298347361314  0.52092307031682705
  0.52644684177107315  0.53184472540115202  0.53655065876365504  0.54322298966676963
  0.55374798341245646  0.56321014727040264  0.57016788951826791  0.59366077502001546
  0.60934445763587231  0.61623543456903551  0.62260182246160722  0.63086824497581329
  0.63890463098411465  0.64624561162088179  0.65345189928916481  0.66285832387465737
  0.67268587354029230  0.68316786515916217  0.69723364713444602  0.71584794003155305
  0.72778381094996247  0.73963489594251142  0.75167049860562096  0.76155617746668380
  0.77084331041962506  0.77842291293863108  0.78509786487116184  0.79243307059974388
  0.79793659709101272  0.80278221362298419  0.80516141822646736  0.80795949798820710
  0.81082344988233290  0.81408570329462371  0.82091759714310397  0.82990244622917198
  0.84571856878484220  0.87688913698828752  0.89785221931183012  0.91143093967437883
  0.92100178376682862  0.92941236727990495  0.93723091246779144  0.94211232996566652
  0.94565752485007570  0.94934151219672236  0.95302549954336890  0.95935775978296578
  0.96641024204855708  0.97462520952705867  0.98379773542409132  1.00000000000000000
  0.64860568832045318  0.71459331531526671  0.77043027842868939  0.81603482226213964
  0.83786751793233039  0.85615103606441822  0.86532176562266505  0.87142562580859029
  0.87726913833511788  0.88294852911209509  0.89324217112947624  0.89898755020805121
  0.90184214027557219  0.90518639392365385  0.90829790033875646  0.91288721107593418
  0.91631090506482815  0.91810159620996035  0.91998432600716840  0.92269860144112725
  0.92461275746243254  0.92558324272592296  0.92659549730520419  0.92844599165844821
  0.93051264388087707  0.93316116197588084  0.93669638869006377  0.93938268638170375
  0.94162556208760284  0.94422840116709794  0.94674267132312528  0.94938945243040640
  0.95076809240602078  0.95196058598435052  0.95290271150554939  0.95369631384575393
  0.95441862000127420  0.95609707936397403  0.95765548483470886  0.95825700598699748
  0.95872664136883656  0.95925942513317342  0.95978961078550051  0.96031133669986091
  0.96115386993633045  0.96218826448600892  0.96323152223061936  0.96423358212628596
  0.96565732667952309  0.96740018191823651  0.96901836679539421  0.97044173923784638
  0.97167273658074038  0.97287621330105134  0.97392346530083207  0.97501135184635823
  0.97613473428788977  0.97721245799555212  0.97835532641255030  0.97931296132253121
  0.98013098813499855  0.98088322023277696  0.98165254843275107  0.98241196082516380
  0.98317120344345521  0.98383190305687518  0.98440106811184169  0.98513947049312522
  0.98579756594889834  0.98637917305283440  0.98683343321564854  0.98727532335908863
  0.98767475004188887  0.98801261862775902  0.98827874084417489  0.98860911056970979
  0.98900650766899401  0.98939736965127978  0.98986988345930338  0.99020224443361682
  0.99048986183995391  0.99076037018038299  0.99103291778630176  0.99131470750786688
  0.99175364296483193  0.99214976568089741  0.99246342715438884  0.99278063572725694
  0.99321035751980047  0.99384231988346605  0.99497428661028597  0.99607418073820087
  0.99688733082549597  0.99763908099393084  0.99850532264106695  1.00000000000000000
 -0.02297953029892875  0.17002281114698969  0.21472940699470094  0.24240413965861657
  0.27481207545349401  0.29130353779202300  0.30607484549736497  0.32082419557278880
  0.33358684800258281  0.34854373835424374  0.36015220979197599  0.37018114232421884
  0.38112332721964842  0.38946109384455824  0.39786087513187129  0.40680600864976524
  0.41487495728287466  0.42108380500754050  0.42738641315857623  0.43402728028109699
  0.43825362641240334  0.44227834702151164  0.44714199444060998  0.45048327801018950
  0.45411839454442277  0.45789236499318187  0.46217900194929035  0.46750865223337007
  0.47352329383201724  0.48077369506799145  0.48914837946855028  0.49930656036778603
  0.50748647263566371  0.51543869822735411  0.52349413509283438  0.53240565428206632
  0.54324604796982612  0.55437723672918349  0.56429612399074569  0.57582935927917467
  0.58486265519487701  0.59856510564402421  0.60545265047275376  0.61215609121537440
  0.61838793646375112  0.62344268592449603  0.62777428132145907  0.63256172943476563
  0.63841060871008093  0.64357851308824121  0.64747541573345069  0.65085745703566555
  0.65360945581828345  0.65654934075951588  0.65856389462166098  0.66058442169560028
  0.66259117114998012  0.66445844824141020  0.66684925429335928  0.66913405550103977
  0.67141621242107707  0.67362238458888790  0.67655614762758753  0.68157819945578602
  0.68963943592712251  0.69511368534468998  0.69973069343239569  0.70397376006492829
  0.70998934271918945  0.71379579794943371  0.71815901791961212  0.72229568722362925
  0.72653224319456366  0.73353551574222076  0.74251106498585029  0.75451755663501485
  0.76795016660869220  0.77634556513315045  0.78104634711474286  0.78518558059131871
  0.78959098142739992  0.79408282006765996  0.80281498673204388  0.80642785555153018
  0.80883445230637252  0.81144955432877597  0.81406764368715723  0.81752711702147973
  0.82301311009185307  0.82728280140994348  0.83361075041990496  0.84696550908441404
  0.86509183911667487  0.88966930061245730  0.91961219354753343  1.00000000000000000
   9.5272719427929358E-017  -1.0000000000000000     
 F F F F F F F F F F F F F F F F F F F F F F F F F F F F F F F F F F F F F F F F F F F F F F F F F F F F F F F F F F F F F F F F F F F F F F F F F F F F F F F F F F F F F F F F F F F F F F F F F F F F F F F F F F F F F F F F F F F F F F F F F F F F F F F F F F F F F F F F F F F F F F F F F F F F F F F F F F F F F F F F F F F F F F F F F F F F F F F F F F F F F F F F F F F F F F F F F F F F F F F F F F F F F F F F F F F F F F F F F F F F F F F F F F F F F F F F F F F F F F F F F F F F F F F F F F F F F F F F F F F F F F F F F F F F F F F F F F F F F F F F F F F F F F F F F F F F F F F F F F F F F F F F F F F F F F F F F F F F F F F F F F F F F F F F F F F F F F F F F F F F F F F F F F F F F F F F F F F F F F F F F F F F F F F F F F F F F F F F F F F F F F F F F F F F F F F F F F F F F F F F F F F F F F F F F F F F F F F F F F F F F F F F F F F F F F F F F F F F F F F F F F F F F F F F F F F F F F F F F F F F F F F F F F F F F F F F F F F F F F F F F F F F F F F F F F F F F F F F F F F F F F F F F F F F F F F F F F F F F F F F F F F F F F F F F F F F F F F F F F F F F F F F F F F F F F F F F F F F F F F F F F F F F F F F F F F F F F F F F F F F F F F F F F F F F F F F F F F F F F F F F F F F F F F F F F F F F F F F F F F F F F F F F F F F F F F F F F F F F F F F F F F F F F F F F F F F F F F F F F F F F F F F F F F F F F F F F F F F F F F F F F F F F F F F F F F F F F F F F F F F F F F F F F F F F F F F F F F F F F F F F F F F F F F F F F F F F F F F F F F F F F F F F F F F F F F F F F F F F F F F F F F F F F F F F F F F F F F F F F F F F F F F F F F F F F F F F F F F F F F F F F F F F F F F F F F F F F F F F F F F F F F F F F F F F F F F F F F F F F F F F F F F F F F F F F F F F F F F F F F F F F F F F F F F F F F F F F F F F F F F F F F F F F F F F F F F F F F F F F F F F F F F F F F F F F F F F F F F F F F F F F F F F F F F F F F F F F F F F F F F F F F F F F F F F F F F F F F F F F F F F F F F F F F F F F F F F F F F F F F F F F F F F F F F F F F F F F F F F F F F F F F F F F F F F F F F F F F F F F F F F F F F F F F F F F F F F F F F F F F F F F F F F F F F F F F F F F F F F F F F F F F F F F F F F F F F F F F F F F F F F F F F F F F F F F F F F F F F F F F F F F F F F F F F F F F F F F F F F F F F F F F F F F F F F F F F F F F F F F F F F F F F F F F F F F F F F F F F F F F F F F F F F F F F F F F F F F F F F F F F F F F F F F F F F F F F F F F F F F F F F F F F F F F F F F F F F F F F F F F F F F F F F F F F F F F F F F F F F F F F F F F F F F F F F F F F F F F F F F F F F F F F F F F F F F F F F F F F F F F F F F F F F F F F F F F F F F F F F F F F F F F F F F F F F F F F F F F F F F F F F F F F F F F F F F F F F F F F F F F F F F F F F F F F F F F F F F F F F F F F F F F F F F F F F F F F F F F F F F F F F F F F F F F F F F F F F F F F F F F F F F F F F F F F F F F F F F F F F F F F F F F F F F F F F F F F F F F F F F F F F F F F F F F F F F F F F F F F F F F F F F F F F F F F F F F F F F F F F F F F F F F F F F F F F F F F F F F F F F F F F F F F F F F F F F F F F F F F F F F F F F F F F F F F F F F F F F F F F F F F F F F F F F F F F F F F F F F F F F F F F F F F F F F F F F F F F F F F F F F F F F F F F F F F F F F F F F F F F F F F F F F F F F F F F F F F F F F F F F F F F F F F F F F F F F F F F F F F F F F F F F F F F F F F F F F F F F F F F F F F F F F F F F F F F F F F F F F F F F F F F F F F F F F F F F F F F F F F F F F F F F F F F F F F F F F F F F F F F F F F F F F F F F F F F F F F F F F F F F F F F F F F F F F F F F F F F F F F F F F F F F F F F F F F F F F F F F F F F F F F F F F F F F F F F F F F F F F F F F F F F F F F F F F F F F F F F F F F F F F F F F F F F F F F F F F F F F F F F F F F F F F F F F F F F F F F F F F F F F F F F F F F F F F F F F F F F F F F F F F F F F F F F F F F F F F F F F F F F F F F F F F F F F F F F F F F F F F F F F F F F F F F F F F F F F F F F F F F F F F F F F F F F F F F F F F F F F F F F F F F F F F F F F F F F F F F F F F F F F F F F F F F F F F F F F F F F F F F F F F F F F F F F F F F F F F F F F F F F F F F F F F F F F F F F F F F F F F F F F F F F F F F F F F F
  <DiscreteSampler_grid>
  grouped_processes
  1 # 1 for a reference and 2 for a running grid.
  10 # Attribute 'min_bin_probing_points' of the grid.
  1 # Attribute 'grid_mode' of the grid. 1=='default',2=='initialization'
  0.0000000000000000 # Attribute 'small_contrib_threshold' of the grid.
  0.5000000000000000 # Attribute 'damping_power' of the grid.
 # binID   n_entries weight   weight_sqr   abs_weight
    61   10   7.407576189036505E-016   4.514262612652828E-030   7.407576189036505E-016
    62   10   7.407576189037671E-016   4.514262612652934E-030   7.407576189037671E-016
    64   10   1.481515237807301E-015   1.805705045061131E-029   1.481515237807301E-015
    65   10   1.481515237807534E-015   1.805705045061174E-029   1.481515237807534E-015
    67   10   5.447704230044379E-015   2.157631339523788E-028   5.447704230044379E-015
    68   10   5.447704230044589E-015   2.157631339523880E-028   5.447704230044589E-015
    70   10   1.089540846008876E-014   8.630525358095153E-028   1.089540846008876E-014
    71   10   1.089540846008918E-014   8.630525358095519E-028   1.089540846008918E-014
    106   10   1.475613133983909E-015   2.114500829911516E-029   1.475613133983909E-015
    107   10   1.475613133983922E-015   2.114500829911566E-029   1.475613133983922E-015
    109   10   2.951226267967817E-015   8.458003319646066E-029   2.951226267967817E-015
    110   10   2.951226267967844E-015   8.458003319646263E-029   2.951226267967844E-015
    112   10   3.908535259870196E-015   6.938195024776099E-029   3.908535259870196E-015
    113   10   3.908535259870031E-015   6.938195024776228E-029   3.908535259870031E-015
    115   10   7.817070519740393E-015   2.775278009910440E-028   7.817070519740393E-015
    116   10   7.817070519740063E-015   2.775278009910491E-028   7.817070519740063E-015
    151   10   7.407576189036511E-016   4.514262612652841E-030   7.407576189036511E-016
    152   10   7.407576189037703E-016   4.514262612652928E-030   7.407576189037703E-016
    154   10   1.481515237807302E-015   1.805705045061137E-029   1.481515237807302E-015
    155   10   1.481515237807541E-015   1.805705045061171E-029   1.481515237807541E-015
    157   10   5.447704230044395E-015   2.157631339523804E-028   5.447704230044395E-015
    158   10   5.447704230044576E-015   2.157631339523865E-028   5.447704230044576E-015
    160   10   1.089540846008879E-014   8.630525358095214E-028   1.089540846008879E-014
    161   10   1.089540846008915E-014   8.630525358095460E-028   1.089540846008915E-014
    196   10   1.475613133983910E-015   2.114500829911524E-029   1.475613133983910E-015
    197   10   1.475613133983917E-015   2.114500829911556E-029   1.475613133983917E-015
    199   10   2.951226267967820E-015   8.458003319646095E-029   2.951226267967820E-015
    200   10   2.951226267967835E-015   8.458003319646224E-029   2.951226267967835E-015
    202   10   3.908535259870192E-015   6.938195024776128E-029   3.908535259870192E-015
    203   10   3.908535259870031E-015   6.938195024776230E-029   3.908535259870031E-015
    205   10   7.817070519740385E-015   2.775278009910451E-028   7.817070519740385E-015
    206   10   7.817070519740063E-015   2.775278009910492E-028   7.817070519740063E-015
  </DiscreteSampler_grid>
