 -0.00085670511665568  0.01874421704565756  0.03515725210409765  0.04894866832746481
  0.05678045895111309  0.06409949887739433  0.07089529127713753  0.07739775773383391
  0.08503865884395649  0.09913371047732514  0.11720765899490576  0.13462182043570869
  0.14796537012904609  0.15796585319979300  0.16556134980671225  0.17632710201009266
  0.18633794112500138  0.20004475942706959  0.21404983033127548  0.22986167354610837
  0.23910492094538555  0.24848154472605499  0.25709804040802858  0.26461478203907535
  0.27531238467559543  0.28969741612636596  0.30517761221222672  0.32110327473592265
  0.33685136704950613  0.35068834391001219  0.36155399744247840  0.37118908870082273
  0.38126510327650420  0.39428644644019517  0.40847683553211883  0.41910441485383032
  0.42575281167011453  0.43295580220731827  0.44015410908529706  0.44757670208743983
  0.45619932046728345  0.46727253096497751  0.47654970094246363  0.48395131857210172
  0.49001098701197071  0.49659666674735076  0.50749790671342165  0.51460236520080571
  0.52107235558562537  0.52736840283108755  0.53406354337057627  0.54156195879176605
  0.55014321356720652  0.55840087353219015  0.56662794015092088  0.57603390965231638
  0.58880048013810471  0.60632253048644646  0.62326442096582135  0.63208781554573878
  0.63727920080920242  0.64354108077908578  0.65041748622227114  0.65801062719303471
  0.66869881191730907  0.68649153481136527  0.70367107038431786  0.72083215173497517
  0.73936783124259386  0.75447607291297181  0.76133158776742793  0.76581460596766038
  0.77018879875549484  0.77453870275803305  0.78131064723650079  0.78953835551270768
  0.79704804157870757  0.80265527803235459  0.80792394969281922  0.81786890841693349
  0.82910878616220707  0.84016135095600020  0.84849223592758383  0.85728578878930872
  0.86716832389583298  0.87901225177037401  0.89199120131868503  0.90677133099533003
  0.92119640878949449  0.93309386045625675  0.94297595951901958  0.95336670456754291
  0.96345833832917649  0.97492753167989210  0.98786265978084453  1.00000000000000000
  0.00601994956776753  0.03064900746964298  0.05488210688218571  0.08273161423147372
  0.09923056938228914  0.10998369962077978  0.11891187402049651  0.12727925020327563
  0.13646700177057977  0.14462678814550331  0.15234914394055990  0.16010572979793505
  0.16795211091664219  0.17599999646688455  0.18510104630775359  0.19186576196038174
  0.19789113322726612  0.20686658506783587  0.21783433643028147  0.22748193779537995
  0.23674804617455331  0.24696297554581503  0.25338239560918691  0.26077647493387662
  0.26815674959893970  0.27680949389651477  0.28640965927959117  0.29784917935792754
  0.30870855314773121  0.31905359357682783  0.33086005741701524  0.34184479484978292
  0.35416579020247574  0.37160425519324741  0.39098669056960883  0.41086046365010692
  0.42868369279034668  0.44514482464254995  0.45979181550577380  0.47394615077076685
  0.48682104213651728  0.49788684816256185  0.50761796032733297  0.51391686286527261
  0.52010186147684934  0.52578657813357077  0.52913964538513802  0.53209525140452540
  0.53495279013181596  0.54186104576685423  0.55853767034882840  0.57800498079752483
  0.58736513210225394  0.59641845959206108  0.60663324055512491  0.61888532607000990
  0.63285350128814422  0.64768761829015076  0.66557729851681635  0.67565840996899418
  0.68432519168792361  0.69168707799956630  0.69800022338511891  0.70355297768690950
  0.70700113195180736  0.71185611126493653  0.72147680714852069  0.73583253873486565
  0.74494931071249315  0.75326542467828084  0.76093677179254748  0.76841122115504501
  0.77814297206131733  0.78799944819889056  0.79808830800973141  0.80882153616142838
  0.81472670042640039  0.82072615898344181  0.82667061777742923  0.83230803998511749
  0.83933265751031261  0.85102856672862748  0.86177456607804626  0.87171806768786231
  0.88176198408498263  0.89209479095061051  0.90330850752645897  0.91612695353809448
  0.92983431213036938  0.94361953490633399  0.95570021865855148  0.96582902448621311
  0.97595464752813965  0.98419770269832962  0.99121348482972238  1.00000000000000000
  0.00016364994165095  0.00019389246580990  0.00022356152059900  0.00023762359309841
  0.00024108692510840  0.00024498275008324  0.00024927316841822  0.00025313538229678
  0.00025616898768052  0.00025802686949241  0.00025973447118862  0.00026115032815183
  0.00026280978914408  0.00026432949073367  0.00026582052641087  0.00026734021609028
  0.00026881395293187  0.00027133823875402  0.00027487901938909  0.00027810099312919
  0.00028128213210563  0.00028398322822920  0.00028636818007339  0.00028853391596100
  0.00029103543173048  0.00029445976858501  0.00029870995953035  0.00030232850416643
  0.00030598364149023  0.00030938235263756  0.00031266632022740  0.00031675496342272
  0.00032088572585216  0.00032480440093932  0.00032890798712318  0.00033292851505128
  0.00033697926895359  0.00034099930256381  0.00034487992769893  0.00034879778633213
  0.00035300316409169  0.00035750949447174  0.00036174275420997  0.00036538956702881
  0.00036872632008839  0.00037297872720562  0.00037755758846845  0.00037979935448928
  0.00038092701224323  0.00038199805966515  0.00038312060367383  0.00038520297485187
  0.00038790423216159  0.00039036462136390  0.00039317887765569  0.00039932533136702
  0.00040656477999677  0.00041331638631596  0.00042138147377295  0.00042892660518314
  0.00043645942482938  0.00044518841770280  0.00045596792611790  0.00046702522910338
  0.00047820271575434  0.00048912029211775  0.00050190392239777  0.00051290091383555
  0.00052194437313053  0.00053038524945456  0.00053930858850325  0.00054965968153745
  0.00056202664434482  0.00057535612519337  0.00058989593894402  0.00061208746325028
  0.00063589470540409  0.00065906863659933  0.00068213975559567  0.00070272077158093
  0.00072125225095943  0.00074713167094894  0.00077880202074275  0.00080711737107752
  0.00083151734997476  0.00086463564091470  0.00089665888722546  0.00093149020339898
  0.00099599493822029  0.00106908605282776  0.00123697863817894  0.00163231943855606
  0.00193289852475898  0.00262326258805921  0.29130031289848396  1.00000000000000000
  0.00024339622903580  0.00036368879925864  0.00042789753742296  0.00047700160563720
  0.00051269648529563  0.00054840750420004  0.00058122426071238  0.00061061414840131
  0.00064155941665603  0.00067472967944524  0.00069170696694633  0.00070779327552700
  0.00072391724810294  0.00073650270742311  0.00075112174436465  0.00076882844539468
  0.00079823105450223  0.00084099692953095  0.00088975400086635  0.00092310203801425
  0.00095496005293753  0.00097980484380361  0.00100219927206926  0.00102366132378706
  0.00104564940358061  0.00107564928717617  0.00110768381569981  0.00114149584560424
  0.00118468294504209  0.00123121246587179  0.00127565311138099  0.00131949487549143
  0.00136516071798612  0.00142329894792071  0.00147546790257869  0.00153060250144001
  0.00158986854671978  0.00164617012187713  0.00169919803728894  0.00174087951950739
  0.00178538361103174  0.00183328786146476  0.00187784917821865  0.00191693396246663
  0.00195806244394222  0.00200344398475791  0.00204866002422169  0.00212369805855730
  0.00222230378665495  0.00229827481221103  0.00236437174067047  0.00243128200761239
  0.00250098360017129  0.00257121066774123  0.00264076572276534  0.00275593197453956
  0.00291124191627752  0.00306667996489840  0.00320266967477031  0.00330801108613123
  0.00340901060715565  0.00351645995705256  0.00363708484610298  0.00374680346677841
  0.00388287020622007  0.00402185988432343  0.00412176045448277  0.00423420764195449
  0.00437493325906497  0.00454523235599083  0.00474626926298661  0.00495860005568628
  0.00515172494697016  0.00534984627969242  0.00556655398397592  0.00577657523331604
  0.00594153807906231  0.00603978119348542  0.00620301397746661  0.00645063607592653
  0.00676510342125029  0.00744710811033135  0.00834023680424060  0.00897038114156799
  0.00956201657355812  0.01027479083056979  0.01146074713568582  0.01280674299143236
  0.01445691337113882  0.01672256667708936  0.01914150517693647  0.02281967521128246
  0.02711306270423985  0.03153245049407610  0.04389436229113828  1.00000000000000000
  0.00230427018813932  0.01739477657076879  0.02993703005749337  0.03886148311775126
  0.04794857307736464  0.05708136807700172  0.06654406777465668  0.07698193136827494
  0.08752601348698941  0.10034958403419612  0.11437905896280016  0.12968298904165040
  0.14758759349345460  0.16368217263409135  0.17273834442006217  0.17883668482517745
  0.18465983895550880  0.18927519933312295  0.19424381150680373  0.20378732637208843
  0.21889254644118619  0.22850069644777288  0.23581116963721768  0.24277679775807914
  0.25130910585428679  0.26295555589961772  0.27387130918334929  0.28150037457749544
  0.28635185687634196  0.29051185053416845  0.29483166501572367  0.30072313123219807
  0.30782645669478609  0.31562695811772190  0.32312077900376401  0.33065646451729619
  0.34048960443552084  0.35266363886464436  0.36589100907362404  0.37689648045316104
  0.38291259223852930  0.38700667404001138  0.39069085143687637  0.39546763107504879
  0.40101255209760933  0.41093415744810274  0.42074923102951672  0.43176916805127891
  0.43930349596043611  0.44680316014608235  0.45364691202622087  0.45990028213033468
  0.47390202201949289  0.48053893956476323  0.48711913227257808  0.49316341337707786
  0.50060318456367059  0.51233499736678867  0.53288191969572218  0.55568469715464786
  0.57679516696577837  0.59676416246092689  0.61336265837018300  0.62846279105699565
  0.64351722816684265  0.65971417815271671  0.67226804892851455  0.68222925842376325
  0.69203175201737399  0.70164728738458859  0.71114623647710584  0.72632353386084725
  0.73899077597536644  0.74797232360152333  0.75895256050760118  0.77009319598555792
  0.77734668522075812  0.78199540789109601  0.78904252940070541  0.79800426327651142
  0.80910663706630948  0.82603909901885519  0.84296026922312406  0.85738802303170869
  0.86533894359938368  0.86948604881637537  0.87347946959098566  0.87756871484816179
  0.88223720701642427  0.88907533130759264  0.89574223172904155  0.90627441863466651
  0.92256069072809521  0.94380897940752595  0.97133006596464566  1.00000000000000000
  0.00001007827013085  0.00005358233426774  0.00006708205580264  0.00008031430315966
  0.00009317116923056  0.00010167714620410  0.00010914213380262  0.00011697205410356
  0.00012762261713834  0.00013905998779841  0.00014976320063817  0.00015803360877734
  0.00016541353421055  0.00017268586951021  0.00017912462574964  0.00018883916478403
  0.00019921339449404  0.00021017360671402  0.00021785117185773  0.00022487484439020
  0.00023157294681111  0.00023802191446238  0.00024618349823192  0.00025398773310328
  0.00026216476342004  0.00027107382995751  0.00027930898055248  0.00028786865876851
  0.00029667873675790  0.00030552500618833  0.00031392385094367  0.00032339929857379
  0.00033256150619362  0.00034244249041458  0.00035179037214974  0.00036280621453658
  0.00037654851436509  0.00040047602894933  0.00043272763407651  0.00046229617934698
  0.00048338231596603  0.00049504296769573  0.00050783685426153  0.00052334796470712
  0.00054839575103300  0.00058088191211310  0.00061763093181062  0.00065263755577738
  0.00069130153717203  0.00073178048994697  0.00077486534425019  0.00079853784210881
  0.00082801909472347  0.00085102487465635  0.00086448384908255  0.00087769230904725
  0.00089238944062332  0.00091160591726282  0.00094056857235376  0.00096641498780135
  0.00098479001837802  0.00100578042759233  0.00103189100861999  0.00106439848618567
  0.00110777063948258  0.00113697979523802  0.00117029111007319  0.00122804848773380
  0.00128421532925060  0.00135100516311978  0.00139672072853606  0.00145828172682532
  0.00156212150160562  0.00166951713186815  0.00177916829190941  0.00188959758557087
  0.00196372736128478  0.00204043026316671  0.00212553393436932  0.00223020522767555
  0.00241900001256355  0.00269583536745769  0.00296016457669451  0.00316522045220416
  0.00334258572294050  0.00354783676609820  0.00376952569485440  0.00403173031834360
  0.00441921289497194  0.00481637346329717  0.00538681420387100  0.00702109983109285
  0.00937230422677140  0.03026320454521288  0.12326831165184497  1.00000000000000000
  0.00000398560612625  0.00015744141700854  0.00036656104978770  0.00057691408155750
  0.00074611566346434  0.00089512760221200  0.00103429666722382  0.00117526893245652
  0.00129635551057766  0.00139251495632705  0.00144828081962173  0.00150789384758705
  0.00159190040318808  0.00167329356674368  0.00176310142663059  0.00185740310036970
  0.00200505026822090  0.00217262904983088  0.00236699607458268  0.00253410737184001
  0.00265834611701516  0.00277162537330297  0.00286644133010373  0.00292817755416511
  0.00299529944477770  0.00305830976074173  0.00314151258101405  0.00327129078142123
  0.00343220404108140  0.00360537150087084  0.00378759197217668  0.00392089140101179
  0.00402464226492815  0.00413652435084389  0.00424619476493646  0.00437252812877444
  0.00448757161915025  0.00459650706160228  0.00472962896689165  0.00490194427262454
  0.00514572036709235  0.00534902259032047  0.00552236651817835  0.00575168914935644
  0.00604312035495696  0.00632872203384080  0.00657232938440529  0.00681597886704450
  0.00706032869913109  0.00728921313185069  0.00748880551511650  0.00771921352938299
  0.00798787641346984  0.00832918564838851  0.00881103303951656  0.00926768726412409
  0.00969412647198758  0.01016043938225222  0.01064547746426916  0.01105935750327063
  0.01154651596590072  0.01196137956387728  0.01217091765584802  0.01235537132947292
  0.01252066781977221  0.01266647688173373  0.01285842204945244  0.01307422196217136
  0.01331437815596704  0.01352581797136486  0.01382246416736837  0.01424389046104416
  0.01469933941989774  0.01514153140149787  0.01572495201462138  0.01633926793076025
  0.01698032688267103  0.01805749961152430  0.01868627081294610  0.01925496379766924
  0.01976082416916779  0.02016767956758898  0.02077285169957408  0.02133721066455753
  0.02187038568483859  0.02249269284303501  0.02388462004257155  0.02565135004009529
  0.02737786948973241  0.02939054173535323  0.03209039583134058  0.03478657337903493
  0.03762516352893179  0.08708813188297923  0.24980003338965395  1.00000000000000000
 -0.00500263101198012  0.01186029229599772  0.02936656495331897  0.04809438774697623
  0.06328269442188247  0.07220231224782811  0.08030323932367374  0.09068258456410155
  0.09799568243952417  0.10898411736375342  0.12053956326741261  0.13072261390266218
  0.14595199994937752  0.15967022218314531  0.17165109452576613  0.18294369657227535
  0.19436259269484879  0.20557992996987628  0.21613257370094013  0.22878712977559065
  0.23915824979713046  0.24683324550237859  0.25425790954506772  0.26149811755143848
  0.26843670311569245  0.27466963601113598  0.28043335966333027  0.28800212839957723
  0.29563266045518050  0.30326133812208167  0.31694361592555781  0.32964275855137176
  0.34479819812351176  0.36207175542118769  0.38047457868289802  0.39867583492402942
  0.41485330210034699  0.42584504218048175  0.43423673939765867  0.44081715355509787
  0.44612970832108240  0.45301750462857010  0.45978059361714335  0.46658954918918200
  0.47463190032683195  0.48161444073275839  0.48705582684632914  0.49263662612585812
  0.49820454289342841  0.50608693151140838  0.51487809694801889  0.52567515596099978
  0.53698975858908871  0.54465382808863261  0.55192213799504930  0.55908788537991938
  0.56370427603032458  0.56655755133720498  0.56947979266100945  0.57287506129804189
  0.57863142190723282  0.58562786417146084  0.59689175851323029  0.60993316315059320
  0.62578766042073808  0.64366506356624853  0.66236904496709104  0.67964435884301611
  0.69523761954356367  0.71186014684218435  0.72303335357312248  0.73129866162277068
  0.73797646426402941  0.74168912512283514  0.74515102770767838  0.74899816280572151
  0.75561875456592709  0.76585933462398059  0.77693003623630963  0.78901462948673773
  0.80233262779461734  0.81589240869513291  0.83007086456382728  0.84092181602361205
  0.85023457245872736  0.86340280894435617  0.87989636759958489  0.88577088617059807
  0.89122172751538964  0.89792843956413493  0.90638345485433003  0.91606542043050976
  0.93340626062712817  0.95096912153174795  0.97174478859494495  1.00000000000000000
 -0.00248180542385509  0.00610276599830022  0.01307202834980352  0.01901894259419845
  0.02631164426945033  0.03420189142081468  0.04324633374799624  0.04922779000505751
  0.05517066973104009  0.06057544616235027  0.06354046527224548  0.06667769401754756
  0.07050420132702781  0.07476857342850848  0.07948086583188299  0.08524807753750427
  0.09205311203155919  0.10254200320095835  0.11644395855311904  0.12963549641262131
  0.14023914747113403  0.15262723430049180  0.16705239879250905  0.18145916829501613
  0.19336528220476945  0.20437239612637123  0.21641314040004966  0.23229432796629085
  0.24507590289187814  0.25544723750678011  0.26510098723246944  0.27472593092950720
  0.28258237857193846  0.28966145082661304  0.29877675760331079  0.31141016176453040
  0.32780110656286249  0.34579885776133423  0.36072881845228028  0.37263601892691750
  0.38437598343983043  0.39805713009496030  0.41508122479090714  0.43711004961099742
  0.45001877587120992  0.46170267645556240  0.47429331636332950  0.49000432060800037
  0.50600862010017655  0.52127720867990346  0.53779079256500728  0.55196060892482657
  0.56545526639692534  0.57403654856346520  0.58262868708508475  0.59091680426039439
  0.59748684822749354  0.60526651395452025  0.61846588289852689  0.63278671738067149
  0.64508486855079605  0.65606767925563947  0.66760559318942425  0.67873215170772883
  0.69162901051690762  0.69719432394320013  0.70434042807778463  0.71198787517520801
  0.71778422684481913  0.72426530165844538  0.73404578829059219  0.74808518095499099
  0.76374156091691370  0.77902827414465559  0.79011518492705102  0.80098450362724882
  0.81080353835388519  0.81866905107923149  0.82521601386320353  0.83080987870647727
  0.83794620308440126  0.85074682200669494  0.86248227217962403  0.87319993226987758
  0.88406202353002783  0.90164172888394667  0.92456600591033955  0.93859120199837254
  0.95073226658863041  0.95803612988632325  0.96353003940243664  0.96794904425054173
  0.97217180178538098  0.97792195796960268  0.98667327507958735  1.00000000000000000
 -0.00310520965612787  0.01505997861071987  0.02848838213484335  0.03960796888562463
  0.05045628441436600  0.05643180303527300  0.06109556674067587  0.06593511800944486
  0.07191443948938325  0.07797456049420709  0.08622200789527998  0.10052276328560773
  0.11539487579901121  0.13240215717098608  0.14898795761836009  0.16275079584548746
  0.17497365866173464  0.18547968958534952  0.19579042908982591  0.20613591573580672
  0.21885073174057779  0.22893623343565625  0.23709326728622065  0.24149606035612406
  0.24502995616712672  0.24825386541121724  0.25420883288664980  0.26053286258666120
  0.26601368482274990  0.27096718490589250  0.27826523422144162  0.28793416050882664
  0.29935149591433646  0.30819777886648309  0.31519884289199834  0.32457336677953996
  0.33099501288766509  0.33648044050403658  0.34255828153114587  0.34981422527484979
  0.36036469423329404  0.37264658687966423  0.38548190299978885  0.39752663801412635
  0.40684503838617836  0.41724971942645089  0.42489557215823931  0.43414883730633325
  0.44459113475094325  0.45558451252009374  0.46841299718862084  0.48072932291667930
  0.49259144242834285  0.50804284134649835  0.52022164992044173  0.52906289933326023
  0.53673867667124953  0.55010011148333182  0.57000605536646543  0.58582521544477761
  0.59891152104411505  0.60911203357814425  0.61676991270230519  0.62045689647165903
  0.62404688917680196  0.62758174256433985  0.63188014427386863  0.64019609538100897
  0.64539641592882679  0.65232135265214541  0.66237392049379962  0.67598368373429885
  0.69434603370616732  0.70873903689337481  0.72051337148570738  0.73245561956865879
  0.74546032627142100  0.75835013275877361  0.77127527815667751  0.78226765640130003
  0.79281112650447116  0.80308444294961612  0.81406610661584089  0.82580696600161962
  0.83611332141695571  0.84580094850975596  0.85404997875961042  0.86387671479400840
  0.87689654070651313  0.89019271637381869  0.90578355857372783  0.92181042858055140
  0.93932165327545336  0.95915468010288152  0.97945371742255094  1.00000000000000000
 -0.00462745358324831  0.01592158198571148  0.03411316845895382  0.04646833717563207
  0.05712553826564139  0.06668005825071881  0.07574828761940880  0.08555974831798510
  0.09638190984156209  0.10784113743694548  0.12153435943125880  0.14007205782308027
  0.15239389276043408  0.16527110767783901  0.17693737278831700  0.18813743596683044
  0.19569168970338219  0.20336886635238571  0.21045281348953229  0.21713390874083496
  0.22442970811233517  0.23144419134317246  0.23826371658379661  0.24841871750426817
  0.26326937457684307  0.27905504210899151  0.29297545381399898  0.30643686269668030
  0.32415819989387934  0.33911505255599650  0.34791007798340190  0.35552546086125475
  0.36268290698352462  0.37263485467416352  0.38373134851341140  0.39327373111943387
  0.40446468647587014  0.41738960530323560  0.42875182371164244  0.43825987942454653
  0.44474136160774652  0.44957416235454151  0.45314202337229098  0.45624783170405525
  0.45968427585801680  0.46381346568696630  0.46881688025099305  0.47523292617316892
  0.48212917823853813  0.49028683487528596  0.49722707338167260  0.50409779309617497
  0.51099046906808110  0.51745361281536761  0.52385477981791573  0.52964545536513474
  0.53527960305397071  0.54392022285179209  0.55253673473712916  0.56282752982981510
  0.57118345044849683  0.57852397483629336  0.58599068973425661  0.59280963747294013
  0.60154711727151511  0.61344332133696999  0.62911327378525683  0.65067093701998957
  0.66915048369774188  0.68720081727803317  0.70505880736424376  0.71951879185898415
  0.73306506137918859  0.74620653901245770  0.75706564468306237  0.76667218089970279
  0.77960499300407926  0.79159042479326547  0.80117138713337988  0.80752252751623810
  0.81322520111511865  0.81950754209121901  0.82422537851066902  0.83155878684720086
  0.84100640633309842  0.85703772732198524  0.87463928286537229  0.89509117503585267
  0.91301791302801927  0.93159408908184671  0.95093881104219091  0.96279277031253119
  0.97282311519006071  0.98355322042916327  0.99185738368016829  1.00000000000000000
 -0.00227555980673004  0.01107410478864176  0.01945056325015616  0.02719953937392380
  0.03399508501518538  0.04110202964692312  0.05270988808186160  0.06338144315419682
  0.06984455630031820  0.07437579319494540  0.07886787931847090  0.08426670035539299
  0.09158394474692888  0.09999832802431320  0.10963910998145809  0.11876280978133658
  0.12688245401814965  0.13628821154440834  0.14534349317639150  0.15396150216868368
  0.16588801461527222  0.17809592036211080  0.18734831223125156  0.19486333170451881
  0.20111948251994705  0.20615926257949696  0.21089032625512460  0.21655994466433767
  0.22590676845498744  0.24001637265424813  0.25586231369387730  0.27224721969661236
  0.28595697415011134  0.29658320259638143  0.30774810464656616  0.32151367520593510
  0.33572222707079163  0.34952763481910532  0.36634662413276026  0.38325248304624193
  0.39679299486834835  0.40721390590419881  0.41486531456668935  0.42139096211363020
  0.42674193067634331  0.43286968490262673  0.44028670861473573  0.45065051647292648
  0.46492976370202665  0.47703373943178817  0.48583083973826657  0.49569635686988439
  0.50612876798191242  0.52043997117367158  0.53675748527306100  0.55033043127259840
  0.56236221687889310  0.57440066377808741  0.58545107957908060  0.59470229255963758
  0.60394931101212823  0.61260496006889187  0.62131203682163283  0.63145156106071121
  0.64192878911906637  0.65492401948027867  0.67105490536476975  0.68547112198477034
  0.69376178689088075  0.69810524091508130  0.70172613964660002  0.70570578051414645
  0.71499395009024957  0.72602813957458812  0.74210462683440714  0.76090721788983318
  0.78031923692910032  0.80145027732443797  0.82002587133432092  0.83690571886693121
  0.85217804023889865  0.86177721002980168  0.87114945190065407  0.88021233730478388
  0.88982437444159246  0.90321722609784827  0.91799303795278298  0.92859608765347668
  0.93562107574127640  0.94183844587391152  0.94861379322036454  0.95659011217130818
  0.96597498502006929  0.97293694393335761  0.98424465235883596  1.00000000000000000
 -0.00152712000918765  0.00538115062053204  0.01045801210524414  0.01660252148407263
  0.02586761846519940  0.03602474917602701  0.04608622245763065  0.05542078413603112
  0.06429355247991786  0.07443105782414486  0.08185235063276977  0.08663491470958584
  0.09218625656316259  0.09823182138433094  0.10748896792168222  0.11798921169159667
  0.12840600889835047  0.13945455255729330  0.14827940637857484  0.15583227370623140
  0.16546146504381340  0.18012781303926426  0.19771757991062502  0.20771468734944012
  0.21419333745866875  0.22039084171081358  0.22695329662933966  0.23437352970457365
  0.24271558717179958  0.25158506280124160  0.26845193794777894  0.28419962666438736
  0.29980934245054247  0.31545228294322708  0.33082048710641992  0.34223647046989170
  0.35286806469033455  0.36127789329558846  0.37095798501824845  0.38141982229670035
  0.38912761411259905  0.39680795749564390  0.40460648037493374  0.41325264958989832
  0.42511372540798054  0.43562413657932086  0.44393130589269897  0.45668318906265432
  0.47331176898559840  0.49438952389931956  0.51300225112697384  0.52471917103612808
  0.53349788673899479  0.54093130624886621  0.54895056659941899  0.55790166492572413
  0.56707569080938358  0.57554733857827334  0.58378183356941715  0.59227740452026711
  0.60010534976581231  0.61289577582909271  0.62623487410094147  0.63924892527685973
  0.65161857951770696  0.66277099988921750  0.67515349484340303  0.68559159406002257
  0.69452770190125979  0.70293637056657687  0.71112016546082657  0.72132440350535421
  0.73547668490715701  0.75659233024794481  0.77721926235848338  0.79142544497374701
  0.80082030434477347  0.80878414710039115  0.81488639532166618  0.81977021559355678
  0.82622410521523437  0.83396129183169121  0.84227883776304779  0.85724354674479819
  0.87423867490911777  0.89041283214974876  0.90695261647801417  0.92348812718078133
  0.93816162756286514  0.95091539641091194  0.96216930339687012  0.97155817355352525
  0.97945142844122302  0.98804638326359762  0.99458312932304294  1.00000000000000000
 -0.00107433698420371  0.00391846803991363  0.00911696150798879  0.01491366700468941
  0.02098978334469597  0.03301237610761754  0.04628976611199617  0.05971254421668892
  0.07298878913954013  0.08387639878482914  0.09480473016206344  0.10419302970171210
  0.11285088988392414  0.12163917913410423  0.13057852722156194  0.14052071312663950
  0.15072216142211584  0.16019543786166207  0.17055413177429515  0.18361797167027710
  0.19876909281392136  0.21232091594609934  0.22197497981738593  0.23053701716691843
  0.23808175679263319  0.24491783826674779  0.25309480733752754  0.26067984660371868
  0.26780479973942883  0.27476557264689694  0.28001583910406241  0.28532966467260013
  0.28948489496193103  0.29443479003748868  0.30092133889489819  0.30516563982347084
  0.30874277056328447  0.31210812395964399  0.31519682908537378  0.31798812334344850
  0.32027299164262707  0.32299516702484143  0.32754647981003376  0.33308904741857259
  0.33762971536835551  0.34249979042521045  0.34941085260283400  0.35931981928764989
  0.37115182341609326  0.38165366256952638  0.38939811186023943  0.39539755255664111
  0.40153027160217203  0.40825482254829881  0.41589717610033616  0.41984196341569685
  0.42374185091708244  0.42743750957013160  0.43124878862690186  0.43559388967825630
  0.43779336873378255  0.43998559631332879  0.44302206576582293  0.44925988370908471
  0.46224527583984815  0.47501085687823213  0.48316164307132475  0.48927405063931456
  0.49534483274432722  0.50307281063779075  0.51173799269410425  0.52194690348240258
  0.53225549958925511  0.54435744981799450  0.55577685256030962  0.56585220727149277
  0.57582412729239962  0.58601796898254799  0.59905239517929154  0.61437797456476595
  0.63090037776792940  0.65030258518124717  0.66580679094625062  0.67775322753211042
  0.69031951026888760  0.70131541663998453  0.71795002388468210  0.73792323297237294
  0.75279658201283117  0.76698440201815254  0.78721600063645969  0.81719301260356914
  0.84932561241822890  0.88654029719603833  0.93951177702942434  1.00000000000000000
 -0.00374529003130837  0.01637661489603390  0.02170006334635797  0.02625053128712434
  0.03068119620388264  0.03649921126492657  0.04179967521153230  0.04639464300593298
  0.05191619258288140  0.05695689462352358  0.07182961761185393  0.08626477990179914
  0.09731154122800116  0.10695740121000794  0.11506784514488552  0.12416200305714453
  0.13364681392670086  0.14245939579934311  0.15115480508333345  0.16467751019659632
  0.17329266429529205  0.18240241389606771  0.18972954235618178  0.19535219487003674
  0.20399573286768216  0.21693240807299696  0.23039847306552849  0.24506912493480987
  0.26015247614373638  0.27378899807919871  0.28293641548786896  0.28931554938355664
  0.29625287556324420  0.30441691900175394  0.31441797565933161  0.32648822444035430
  0.34108766930649898  0.36028113208275780  0.38127521529110797  0.40062821021064843
  0.41200365079887091  0.42158040716172568  0.43108987744248867  0.43959408559432150
  0.44479904932513820  0.45386159118358083  0.46276902163516520  0.46991718291476081
  0.47776976129648951  0.48455873824675361  0.48963341973776081  0.49671664472058097
  0.50639776748334930  0.51817627002588662  0.53003061501838666  0.53963535411300467
  0.54828426867630564  0.55803516764861716  0.57218039362619122  0.58571630833943344
  0.59648324471646774  0.60706228726746037  0.61545949511130682  0.62209822053393893
  0.62977990353245139  0.63928356801737840  0.65253213460677884  0.66412200533042598
  0.67070548282738440  0.67734573390226405  0.68431619681036837  0.69370684380944514
  0.70628932428086877  0.71757630655038107  0.73198030997067087  0.74798861649735515
  0.76163047943729689  0.77290808791519294  0.78111421869008901  0.78941084944170448
  0.79798445110168448  0.80816755589507661  0.82247679863288159  0.83644059636195212
  0.85209362288144141  0.86504294368420431  0.87833562145848509  0.89251769598464681
  0.90264811132414624  0.91507761546550503  0.92832845853869395  0.94140135420007320
  0.95570575134842084  0.97182286241017324  0.98657451432252452  1.00000000000000000
 -0.00819079308575232  0.03510181108505703  0.05192627280640513  0.06513994215139966
  0.08219053547071790  0.10831269814949257  0.12940020214799688  0.14526962537193133
  0.16063024936569156  0.17175657216214954  0.17958996715551970  0.18919488807547738
  0.20468242547064150  0.22583815604962137  0.24105785716829459  0.25360714847034527
  0.26494941223803392  0.27563307131597253  0.29175189215669878  0.30700984844927870
  0.31706153131530679  0.32219135088456413  0.32657951713112698  0.33169297833889683
  0.33722517015821352  0.34251792611057630  0.34922057683867180  0.35628518432814621
  0.36361776196894297  0.37256602165544950  0.38328240442821931  0.39503991297153096
  0.40786661544109332  0.42103782377864413  0.43307764092374290  0.44294395819840726
  0.45234716641243627  0.46295561228521198  0.47336071016078712  0.48165138241787081
  0.48786811996783436  0.49327461418051077  0.49943320373881411  0.50656622528258333
  0.51384179717698897  0.52063147041865132  0.52720661241152622  0.53363035997304631
  0.54022526943991345  0.54878348555345580  0.55541479954233663  0.56086223424845061
  0.56626215197750007  0.57278500574385238  0.58051528425451204  0.58907979661786780
  0.59648737755082737  0.60506189161666457  0.61689054663358578  0.63050672784458062
  0.65041969541841649  0.66757135381926225  0.68182346529830096  0.68903455722856854
  0.69250374681723537  0.69623922794607984  0.69983019271702485  0.70406763067751088
  0.70942382072277088  0.71574423076044014  0.72293567647534085  0.73881786025942975
  0.75137962674076808  0.76349087258202797  0.77631035601921550  0.78343249240706603
  0.78936051527781947  0.79862273258382122  0.80743486492597072  0.81606146719305406
  0.82413415380030353  0.83279845343414782  0.84629456677877002  0.85770859546550771
  0.86817622060641608  0.88088067668089332  0.89504951474983097  0.90851602871259785
  0.92119071234880956  0.94116353231976457  0.95876427111530083  0.96850188999623776
  0.97439233926901603  0.98262982824612255  0.99181387061337833  1.00000000000000000
 -0.00180853680042142  0.00794283340058135  0.01741159423771099  0.02347956254663681
  0.02863226145835242  0.03451993563147401  0.04198397459410400  0.05028780255300871
  0.06033680484859653  0.07344905152601797  0.08959619407700176  0.10487697398677429
  0.11951352694792387  0.13327470397630137  0.14720373025767930  0.16193104950874740
  0.17315146093415282  0.18108053936644072  0.18829850068490486  0.19315113611543919
  0.19713946814458119  0.20213359846960374  0.20882741513660175  0.21855256249507760
  0.23301243538817573  0.25613815040083809  0.27030844905491924  0.28064487196841731
  0.28834136905703489  0.29510852971283053  0.30235939447098398  0.31186306439793676
  0.32122814368326741  0.33421384038328422  0.34930892107068107  0.36913175918016305
  0.39276028348081499  0.41042015901401463  0.42977812143775201  0.45196615305354310
  0.46969037776182232  0.48676922883014540  0.49911148007041839  0.50933762879397770
  0.51932762387348896  0.53049326073259706  0.54296361071092591  0.55386188381811674
  0.56799306100491642  0.58136836360523669  0.59332684157566717  0.60583859294281717
  0.61915988976284175  0.63746514893022432  0.65628174624065350  0.67099344111959436
  0.68093374357122938  0.68885054758390984  0.69668106593470147  0.70408761447897406
  0.71110191494850827  0.71737958017517445  0.72257791494820711  0.72626200109760908
  0.72972026586529892  0.73562466881613275  0.74561910875999360  0.76015957617194851
  0.76900444120530898  0.78083929014755593  0.79394658795673612  0.80124508701003716
  0.80694969975322350  0.81342549605729642  0.82173430038871476  0.83147785401606122
  0.84293775496914625  0.85610029787354525  0.86872966531162388  0.88034338591123051
  0.89232225913388208  0.91190391728694320  0.91919334153342425  0.92641012562156289
  0.93342604428112430  0.94089085961460728  0.95126576635005500  0.96127495079153746
  0.96707369924117470  0.97130799712841109  0.97468573633762867  0.97801782491251299
  0.98185137000864420  0.98640255632505480  0.99326053672153558  1.00000000000000000
 -0.00493740358631900  0.02304597257733304  0.05028318257471516  0.07274779303336608
  0.09710561790885691  0.12265659454515962  0.16518938432417116  0.20040100892649690
  0.22066162990656837  0.23222012171895381  0.24604692304977441  0.26465404633994943
  0.28465025682667427  0.30637384014485525  0.33460896980408783  0.35131951281213691
  0.36738497245494295  0.38477908344298867  0.39734914804445398  0.40854071827081057
  0.42268672254073186  0.43997182181174532  0.45939942084561319  0.47474153872054192
  0.48514278520433729  0.49394237476780306  0.50226360434623674  0.50993027372976130
  0.51878910686529434  0.52924167472956518  0.54086611193845302  0.55633508215646943
  0.56563208094565531  0.57400359276978952  0.58172136687583953  0.58982137137964563
  0.59720234057246580  0.60375185114326113  0.61243949844704726  0.62290050060316415
  0.63656127927882977  0.65045226407616308  0.66476558954905030  0.68055619585401006
  0.69594034983657804  0.70908361781866036  0.71713144225183167  0.72421556708632118
  0.73173225240852247  0.73785159763047126  0.74187615503547666  0.74507802271811041
  0.74869989847269902  0.75257897009184604  0.75895120347571021  0.76674570648634566
  0.77270206256799934  0.77637335317082923  0.78117253306063927  0.78662498714469287
  0.79220251442634937  0.79788499716571937  0.80284603985919534  0.80711470177763178
  0.81157475683704550  0.81689441268131857  0.82468256393607708  0.83402992359021011
  0.84251495911011398  0.84912354867563411  0.85548043936867779  0.86442647029354203
  0.87471174785036954  0.88190854304343413  0.88821534640035893  0.89385870802456113
  0.89981427913096146  0.90822879840068882  0.91469142293680672  0.92001409307296034
  0.92492672023667000  0.92908473253520973  0.93423280174621925  0.94011340423869261
  0.94547042731975606  0.95042937435517139  0.95447383338930536  0.95852487114943219
  0.96260284932005014  0.96756642833696438  0.97360024107866272  0.98065785962080609
  0.98768512338361358  0.99334859255172769  0.99707727371000854  1.00000000000000000
 -0.00149530689557188  0.00586792168413013  0.01407220470491921  0.02109349827200117
  0.03083366002133901  0.04364350914777764  0.06066166611454941  0.07345615298930236
  0.08347525815796672  0.09354283295054663  0.10708214981674678  0.12282256083149910
  0.13669940365515310  0.14829714460830037  0.15736165994880699  0.16773172636305919
  0.18127683800110489  0.20045693509257617  0.21971173771532893  0.23467086340120097
  0.24371672595781405  0.25105931041191520  0.25560598538173590  0.25981027520528222
  0.26600601693122500  0.27368368050636765  0.28336679886846033  0.29169902997823627
  0.29881151073123363  0.30575986930001470  0.31215222463012260  0.31798320633519384
  0.32418118988540440  0.33382596205822890  0.34155127837492594  0.34872580586081603
  0.35398298885877794  0.36142772094185532  0.37613409533380227  0.39945033839201094
  0.40970684339985208  0.41689397679285861  0.42542281978791119  0.43401105057965972
  0.44352944511991610  0.45259138995458709  0.46117108770291121  0.47779362774791323
  0.48866662476347394  0.49649229532695999  0.50811159052254407  0.51688523972408984
  0.52672904274683618  0.53423768696095619  0.54100521049304384  0.54890746927843703
  0.55823521951626476  0.56894466765587148  0.58227406260987846  0.59623048288380476
  0.60599087823130926  0.61312766377982342  0.61989674819990004  0.62764868807135732
  0.63519838739097134  0.64293042582752724  0.64982411189734401  0.65626557897956450
  0.66306711596240120  0.67221769141125121  0.68731405254447697  0.70297677858141372
  0.71242816225137318  0.72128806463619832  0.72916331787474065  0.73695942071313925
  0.74924623305837934  0.77170580391991062  0.79353295797453793  0.80152394406081207
  0.81009011586492963  0.81918416180938247  0.83114936300733810  0.84660091746403798
  0.86441772711931553  0.88016749445518871  0.89313613744456988  0.90161017242652952
  0.91061626878650748  0.91980457827291806  0.92985668443353187  0.94847499421909354
  0.96264387478428892  0.97528671706888392  0.98791310861688564  1.00000000000000000
 -0.00275294313648123  0.01457893243794902  0.02661417220262342  0.03660106621038813
  0.04510121433662102  0.05449830450298947  0.06615297834332454  0.07971510339378002
  0.09302202937797999  0.10331731991927511  0.11445215690670332  0.12532686660825382
  0.13670160000726353  0.14646024660335261  0.15835512931930895  0.16676329143772356
  0.17303024332090883  0.18075898951360722  0.19076910142452419  0.20291137299277254
  0.21471205725127293  0.22563635898262227  0.23573996344166442  0.24463359890177649
  0.25708638647422677  0.26981717042045594  0.28391566988143258  0.29659603808671209
  0.30894229713606713  0.31833139379263609  0.32712177393246034  0.33771414252812387
  0.34872642873664333  0.36237164577123104  0.37830597422163853  0.38527974558243955
  0.39212585828999047  0.39904798168193067  0.40733445183517325  0.41968814561663365
  0.43565766808767198  0.44937513579743049  0.46205809471018616  0.47443281379421526
  0.48130143746140652  0.48618639997258695  0.49332050726086762  0.50144573524046809
  0.51130636160252974  0.52203559530096388  0.53203629373035888  0.54145996993767331
  0.55081500664529048  0.55954586650812221  0.56625213629250259  0.57292146670839428
  0.58049993438982272  0.58555494301603384  0.59112970345646854  0.59675973771754365
  0.60177141626074138  0.60787806333104000  0.61888268177799488  0.62862943035605323
  0.63827658470332882  0.64725181367034368  0.65529628894574588  0.66118311102297256
  0.66584166515600052  0.67095579479478051  0.67930887899484449  0.69432624100424667
  0.71726707853060212  0.74007489771359392  0.75624839792087306  0.76568488739769591
  0.77256053092389809  0.78004911185598469  0.78687212113438487  0.79397517790396854
  0.80452485396129692  0.81869866006585801  0.83350986332801769  0.84813197302099441
  0.86394255024756261  0.87961231098864401  0.88849966126355584  0.89806933634461472
  0.91125233446377762  0.92701344790278484  0.94076381594174785  0.95050370726075928
  0.96041434578401674  0.97176381027031267  0.98453243107857913  1.00000000000000000
  0.60762721926306584  0.82680429525875210  0.89765665372551695  0.91637010015338394
  0.93034812967100078  0.93761665989736120  0.94511297989594589  0.94842707598997122
  0.95049778878925717  0.95193800819596208  0.95377050133469754  0.95551433581808687
  0.95686698685662475  0.95801839881319129  0.95913186824872187  0.96021649136026910
  0.96295417078940337  0.96432887975321713  0.96570294960290926  0.96716668748847201
  0.96882862732431652  0.97046560600143195  0.97181005353670369  0.97249384706006425
  0.97319130008296728  0.97383497892844162  0.97448185954462241  0.97523003150428678
  0.97612667203040282  0.97696030448052129  0.97782148935686375  0.97856199396796262
  0.97926420477250786  0.97984630422917485  0.98037026803916594  0.98094751210760023
  0.98124252054603045  0.98150215308454170  0.98176179660125673  0.98197666120912630
  0.98232430050474173  0.98279596562312332  0.98348179157377269  0.98416115456151165
  0.98470916739962500  0.98532329981186983  0.98588815852897371  0.98638680348975483
  0.98676610579750923  0.98708974922153014  0.98732772220909748  0.98756574687306520
  0.98784527504102515  0.98828139694646033  0.98869076628875485  0.98908647151349072
  0.98945937171007781  0.98983380288563350  0.99018064680950835  0.99046569511415683
  0.99070329456603534  0.99093002008388908  0.99113233404297729  0.99133598700453429
  0.99155660235618759  0.99191805273229428  0.99234379559098163  0.99264288351568453
  0.99290206952062687  0.99314311463621130  0.99335953373632568  0.99356364457547097
  0.99376841419768303  0.99397920651346627  0.99419749270941005  0.99439752712896923
  0.99456788473276903  0.99474100744937499  0.99491854044511252  0.99512899865942439
  0.99532091667387124  0.99550172579056639  0.99568931516928949  0.99586822913981410
  0.99606986601563596  0.99628718703527042  0.99652588104075013  0.99679567772783206
  0.99707903919142848  0.99727512655629580  0.99747488355751479  0.99766702019801079
  0.99784610526976969  0.99806145216149655  0.99848123291407831  1.00000000000000000
 -0.03377640959217391  0.12460211394111936  0.18426261885439049  0.21039618257823392
  0.22272581758958440  0.23115795013139473  0.23984658968787856  0.25440533584585234
  0.27179713055115490  0.28544806294775266  0.30286965182743431  0.31827435747234206
  0.32677910941630300  0.33634745499429219  0.34543243355702319  0.35300300549371211
  0.35885619199310959  0.36341900461328003  0.36628574697475513  0.36812385963713473
  0.37069154632140400  0.37585054184990563  0.38172613962326868  0.38875778272358497
  0.39717190117942780  0.40584374099843168  0.41395614504620404  0.42203221106221217
  0.42786140890462143  0.43250031976011921  0.43666287665073644  0.44150611184923838
  0.44977120817539279  0.45799299470166366  0.46563084994172727  0.47109189131173596
  0.47523906912113278  0.47892290356698591  0.48253761899994230  0.48647870043904878
  0.48876166271338795  0.49084473807325113  0.49330766601376702  0.49641149174759647
  0.49994608020833531  0.50318907820877823  0.50700906408687674  0.51396155207125138
  0.52230426356287851  0.52961717023264254  0.53478018959589013  0.53737450788216634
  0.54035246704246942  0.54493470315211290  0.55004817913058301  0.55395620934829759
  0.55631677796468437  0.55881664567425915  0.56122818524134310  0.56378926855782940
  0.56777399025042041  0.57217497156902275  0.57638802329009609  0.58051998050704678
  0.58387165555824527  0.58808122269502516  0.59530741876047866  0.60387799237491457
  0.61359534922369852  0.62146710416027084  0.62854629305291010  0.63529924810430427
  0.64207881713204029  0.64941201022222450  0.65774112652897998  0.66471172248042987
  0.67045815917059703  0.67573612905222957  0.68218699511430247  0.68795725361303306
  0.69698849958854980  0.70882872723224666  0.72093753562086615  0.73192971355403813
  0.74279951912180286  0.75506283212886238  0.76737396049408657  0.77909282074696484
  0.79031934414401384  0.80302757172603767  0.81965438636982557  0.83620440075291613
  0.84991860747971215  0.86495062312407467  0.89479489690760450  1.00000000000000000
   4.7130782521638131E-015  -1.0000000000000000     
 F F F F F F F F F F F F F F F F F F F F F F F F F F F F F F F F F F F F F F F F F F F F F F F F F F F F F F F F F F F F F F F F F F F F F F F F F F F F F F F F F F F F F F F F F F F F F F F F F F F F F F F F F F F F F F F F F F F F F F F F F F F F F F F F F F F F F F F F F F F F F F F F F F F F F F F F F F F F F F F F F F F F F F F F F F F F F F F F F F F F F F F F F F F F F F F F F F F F F F F F F F F F F F F F F F F F F F F F F F F F F F F F F F F F F F F F F F F F F F F F F F F F F F F F F F F F F F F F F F F F F F F F F F F F F F F F F F F F F F F F F F F F F F F F F F F F F F F F F F F F F F F F F F F F F F F F F F F F F F F F F F F F F F F F F F F F F F F F F F F F F F F F F F F F F F F F F F F F F F F F F F F F F F F F F F F F F F F F F F F F F F F F F F F F F F F F F F F F F F F F F F F F F F F F F F F F F F F F F F F F F F F F F F F F F F F F F F F F F F F F F F F F F F F F F F F F F F F F F F F F F F F F F F F F F F F F F F F F F F F F F F F F F F F F F F F F F F F F F F F F F F F F F F F F F F F F F F F F F F F F F F F F F F F F F F F F F F F F F F F F F F F F F F F F F F F F F F F F F F F F F F F F F F F F F F F F F F F F F F F F F F F F F F F F F F F F F F F F F F F F F F F F F F F F F F F F F F F F F F F F F F F F F F F F F F F F F F F F F F F F F F F F F F F F F F F F F F F F F F F F F F F F F F F F F F F F F F F F F F F F F F F F F F F F F F F F F F F F F F F F F F F F F F F F F F F F F F F F F F F F F F F F F F F F F F F F F F F F F F F F F F F F F F F F F F F F F F F F F F F F F F F F F F F F F F F F F F F F F F F F F F F F F F F F F F F F F F F F F F F F F F F F F F F F F F F F F F F F F F F F F F F F F F F F F F F F F F F F F F F F F F F F F F F F F F F F F F F F F F F F F F F F F F F F F F F F F F F F F F F F F F F F F F F F F F F F F F F F F F F F F F F F F F F F F F F F F F F F F F F F F F F F F F F F F F F F F F F F F F F F F F F F F F F F F F F F F F F F F F F F F F F F F F F F F F F F F F F F F F F F F F F F F F F F F F F F F F F F F F F F F F F F F F F F F F F F F F F F F F F F F F F F F F F F F F F F F F F F F F F F F F F F F F F F F F F F F F F F F F F F F F F F F F F F F F F F F F F F F F F F F F F F F F F F F F F F F F F F F F F F F F F F F F F F F F F F F F F F F F F F F F F F F F F F F F F F F F F F F F F F F F F F F F F F F F F F F F F F F F F F F F F F F F F F F F F F F F F F F F F F F F F F F F F F F F F F F F F F F F F F F F F F F F F F F F F F F F F F F F F F F F F F F F F F F F F F F F F F F F F F F F F F F F F F F F F F F F F F F F F F F F F F F F F F F F F F F F F F F F F F F F F F F F F F F F F F F F F F F F F F F F F F F F F F F F F F F F F F F F F F F F F F F F F F F F F F F F F F F F F F F F F F F F F F F F F F F F F F F F F F F F F F F F F F F F F F F F F F F F F F F F F F F F F F F F F F F F F F F F F F F F F F F F F F F F F F F F F F F F F F F F F F F F F F F F F F F F F F F F F F F F F F F F F F F F F F F F F F F F F F F F F F F F F F F F F F F F F F F F F F F F F F F F F F F F F F F F F F F F F F F F F F F F F F F F F F F F F F F F F F F F F F F F F F F F F F F F F F F F F F F F F F F F F F F F F F F F F F F F F F F F F F F F F F F F F F F F F F F F F F F F F F F F F F F F F F F F F F F F F F F F F F F F F F F F F F F F F F F F F F F F F F F F F F F F F F F F F F F F F F F F F F F F F F F F F F F F F F F F F F F F F F F F F F F F F F F F F F F F F F F F F F F F F F F F F F F F F F F F F F F F F F F F F F F F F F F F F F F F F F F F F F F F F F F F F F F F F F F F F F F F F F F F F F F F F F F F F F F F F F F F F F F F F F F F F F F F F F F F F F F F F F F F F F F F F F F F F F F F F F F F F F F F F F F F F F F F F F F F F F F F F F F F F F F F F F F F F F F F F F F F F F F F F F F F F F F F F F F F F F F F F F F F F F F F F F F F F F F F F F F F F F F F F F F F F F F F F F F F F F F F F F F F F F F F F F F F F F F F F F F F F F F F F F F F F F F F F F F F F F F F F F F F F F F F F F F F F F F F F F F F F F F F F F F F F F F F F F F F F F F F F F F F F F F F F F F F F F F F F F F F F F F F F F F F F F F F F F F F F F F F F F F F F F F F F F F F F F F F F F F F F F F F F F
  <DiscreteSampler_grid>
  grouped_processes
  1 # 1 for a reference and 2 for a running grid.
  10 # Attribute 'min_bin_probing_points' of the grid.
  1 # Attribute 'grid_mode' of the grid. 1=='default',2=='initialization'
  0.0000000000000000 # Attribute 'small_contrib_threshold' of the grid.
  0.5000000000000000 # Attribute 'damping_power' of the grid.
 # binID   n_entries weight   weight_sqr   abs_weight
    49   10   2.318575731995411E-016   4.534734348208895E-031   2.318575731995411E-016
    52   10   4.637151463990822E-016   1.813893739283558E-030   4.637151463990822E-016
    55   10   4.677869930048836E-016   1.783230110834551E-030   4.677869930048836E-016
    56   10   4.677869930051416E-016   1.783230110834549E-030   4.677869930051416E-016
    58   10   9.355739860097672E-016   7.132920443338203E-030   9.355739860097672E-016
    59   10   9.355739860102831E-016   7.132920443338196E-030   9.355739860102831E-016
    61   10   4.672299952193661E-016   1.731935616771126E-030   4.672299952193661E-016
    62   10   4.672299952192905E-016   1.731935616771142E-030   4.672299952192905E-016
    64   10   9.344599904387323E-016   6.927742467084504E-030   9.344599904387323E-016
    65   10   9.344599904385810E-016   6.927742467084567E-030   9.344599904385810E-016
    73   10   4.785869952463438E-016   1.850112642829410E-030   4.785869952463438E-016
    74   10   4.785869952464797E-016   1.850112642829425E-030   4.785869952464797E-016
    76   10   9.571739904926876E-016   7.400450571317641E-030   9.571739904926876E-016
    77   10   9.571739904929594E-016   7.400450571317699E-030   9.571739904929594E-016
    79   10   3.995815773745045E-016   1.442853079857225E-030   3.995815773745045E-016
    82   10   7.991631547490091E-016   5.771412319428901E-030   7.991631547490091E-016
    85   10   7.957561422613374E-016   5.708401794049699E-030   7.957561422613374E-016
    86   10   7.957561422622242E-016   5.708401794049672E-030   7.957561422622242E-016
    88   10   1.591512284522675E-015   2.283360717619880E-029   1.591512284522675E-015
    89   10   1.591512284524448E-015   2.283360717619869E-029   1.591512284524448E-015
    94   10   2.318575731995414E-016   4.534734348208895E-031   2.318575731995414E-016
    97   10   4.637151463990827E-016   1.813893739283558E-030   4.637151463990827E-016
    124   10   3.995815773745240E-016   1.442853079857233E-030   3.995815773745240E-016
    127   10   7.991631547490479E-016   5.771412319428930E-030   7.991631547490479E-016
    139   10   2.318575731995403E-016   4.534734348208886E-031   2.318575731995403E-016
    142   10   4.637151463990806E-016   1.813893739283554E-030   4.637151463990806E-016
    145   10   4.677869930048866E-016   1.783230110834548E-030   4.677869930048866E-016
    146   10   4.677869930051395E-016   1.783230110834558E-030   4.677869930051395E-016
    148   10   9.355739860097731E-016   7.132920443338191E-030   9.355739860097731E-016
    149   10   9.355739860102790E-016   7.132920443338232E-030   9.355739860102790E-016
    151   10   4.672299952193719E-016   1.731935616771132E-030   4.672299952193719E-016
    152   10   4.672299952192893E-016   1.731935616771137E-030   4.672299952192893E-016
    154   10   9.344599904387437E-016   6.927742467084526E-030   9.344599904387437E-016
    155   10   9.344599904385787E-016   6.927742467084547E-030   9.344599904385787E-016
    163   10   4.785869952463456E-016   1.850112642829415E-030   4.785869952463456E-016
    164   10   4.785869952464742E-016   1.850112642829419E-030   4.785869952464742E-016
    166   10   9.571739904926912E-016   7.400450571317659E-030   9.571739904926912E-016
    167   10   9.571739904929483E-016   7.400450571317678E-030   9.571739904929483E-016
    169   10   3.995815773745055E-016   1.442853079857225E-030   3.995815773745055E-016
    172   10   7.991631547490111E-016   5.771412319428901E-030   7.991631547490111E-016
    175   10   7.957561422613411E-016   5.708401794049699E-030   7.957561422613411E-016
    176   10   7.957561422622207E-016   5.708401794049634E-030   7.957561422622207E-016
    178   10   1.591512284522682E-015   2.283360717619880E-029   1.591512284522682E-015
    179   10   1.591512284524441E-015   2.283360717619854E-029   1.591512284524441E-015
    184   10   2.318575731995403E-016   4.534734348208890E-031   2.318575731995403E-016
    187   10   4.637151463990806E-016   1.813893739283556E-030   4.637151463990806E-016
    214   10   3.995815773745235E-016   1.442853079857230E-030   3.995815773745235E-016
    217   10   7.991631547490470E-016   5.771412319428919E-030   7.991631547490470E-016
  </DiscreteSampler_grid>
