  0.00413036482558250  0.01154287754639598  0.01956266961231318  0.02510214741755618
  0.03018353693456343  0.03560414351153977  0.04701165553569811  0.07131528364101020
  0.09234252722729663  0.10241838196419883  0.11121440308843984  0.11556538073835657
  0.11990192146129930  0.12420654705828706  0.12845345012392251  0.13556091101950699
  0.14351448271604025  0.15963339930902748  0.17604812629709082  0.18245274431759662
  0.18885736233810241  0.19594135645940036  0.20353481891080344  0.21112828136220654
  0.21569528832059315  0.21999809263292153  0.22430089694524988  0.22860370125757826
  0.23362226023539295  0.23905809451111654  0.24449392878684012  0.25017036879282067
  0.25647019489591777  0.26277002099901481  0.26906984710211185  0.28907104713439863
  0.30034393581688196  0.31087203745306080  0.32119542128219447  0.33389183542574319
  0.35046950715080688  0.36293978040478564  0.37301186063641606  0.37912329131772377
  0.38293882145347574  0.38714056773111549  0.39795892603837174  0.41029971055455705
  0.42088614512873501  0.43167135460538020  0.43432956136413531  0.43861733053268598
  0.44895360290738401  0.45840292044521602  0.46135321863122358  0.46311499177182824
  0.46683348161340454  0.47334073795118337  0.47970085022644615  0.48667210492121299
  0.49407586375538154  0.50197733005451983  0.51221615510861984  0.52280324240992271
  0.53288472800790643  0.54641991455912220  0.56034744765282651  0.57455459109544016
  0.59519085558010543  0.61303487199026041  0.63062695510118472  0.65144693824359767
  0.67761572915718549  0.68802297426417669  0.69469468405777735  0.69953239168655357
  0.70426757128454731  0.70877335858611779  0.71327914588768815  0.71857887135670162
  0.72392460480095633  0.74005338286007083  0.76623901049313414  0.80149165130466005
  0.82857971501598382  0.84528607034581504  0.86455671402025547  0.87718353530151660
  0.89063156974370561  0.90772790763999145  0.93495689797045001  0.95309283554632418
  0.96651781189896468  0.97735943316757967  0.98549229028628349  1.00000000000000000
  0.00966867733845033  0.01599729969897100  0.02792087067352175  0.03895626965346351
  0.04925969053797647  0.06620617390351322  0.08421156176047162  0.10388187192937358
  0.12218525195037519  0.14419468844921721  0.15987866932553180  0.16937511290904461
  0.17551339123192533  0.18128699621907410  0.18706060120622287  0.19283420619337163
  0.19772940305183132  0.20255366458340643  0.20737792611498154  0.21220218764655666
  0.21559057741557497  0.21888716529683308  0.22218375317809119  0.22842628772318210
  0.24206469041590972  0.25908408879297123  0.26771815413708383  0.27822387437470175
  0.29267260161822495  0.30710041873375676  0.32098450139604134  0.32676144767631954
  0.33604136288853964  0.34819984744126570  0.36051143332014463  0.37236511301425740
  0.39618226546147567  0.41914653139948121  0.43522162294758127  0.45280226389143519
  0.47575320221362277  0.49351538758189678  0.51511122457515590  0.52707155142389017
  0.53309898306245984  0.53903902835015705  0.54633529711812434  0.55424508314880205
  0.56307047338902783  0.57307020937881792  0.58507435334039815  0.59845642284913203
  0.61267938108774533  0.62257186081733418  0.62754050609820589  0.63093195564841065
  0.63417097254662957  0.64349059399043551  0.64763511010891828  0.65182530669570893
  0.65769503848872846  0.66578859001439028  0.67481738369487432  0.68455356776022103
  0.70732065923653864  0.73456599032773695  0.74926061725169757  0.76247799107367142
  0.77310971031951781  0.78400049300513885  0.79536639897648664  0.80371466069667274
  0.80903790488975702  0.81688559407720662  0.82744534125889546  0.84058321704218053
  0.85638149723675372  0.86986453603907110  0.88249555393328127  0.89512657182749134
  0.89857530156487142  0.90198209147779873  0.90508093025273173  0.90769721495341449
  0.91031349965409736  0.91703033694586500  0.92464252428001514  0.93226453727920344
  0.93848485140647742  0.94387401207918320  0.95047997507803550  0.96135242807824361
  0.97017957298822710  0.98216353723353755  0.99033119887487164  1.00000000000000000
  0.00018749282931888  0.00019667498703019  0.00020520393438777  0.00021349000466480
  0.00021951484186273  0.00022104293620874  0.00022424032503994  0.00022637479851129
  0.00022790698080340  0.00022939082467932  0.00023018115386945  0.00023094123708471
  0.00023170015966581  0.00023249012084905  0.00023331470578322  0.00023835957655655
  0.00024552965387967  0.00025356158606149  0.00026058976016080  0.00026528055410951
  0.00026980417181703  0.00027441660163417  0.00027671585182846  0.00027852866126954
  0.00028034172073459  0.00028216674112062  0.00028399176150664  0.00028576162978088
  0.00028733473335743  0.00028890783693398  0.00029048094051054  0.00029270951101359
  0.00029495881407627  0.00029727303189848  0.00029961229175223  0.00030270653219732
  0.00030665380577894  0.00030938058228063  0.00031188009270240  0.00031336004784079
  0.00031482556773845  0.00031624241692663  0.00031796797169884  0.00032037983510728
  0.00032294195671321  0.00032554911959945  0.00032800443975970  0.00033013363783743
  0.00033305764595964  0.00033674354940095  0.00034108614292134  0.00034543082061019
  0.00034940267319660  0.00035149594885405  0.00035437838671150  0.00035762378459988
  0.00036019844850353  0.00036278339260142  0.00036590762491153  0.00037608806828914
  0.00038594820586948  0.00039537268303107  0.00040535516810733  0.00042097266119066
  0.00044424293988473  0.00047417116641969  0.00050581301706398  0.00053834481645547
  0.00055991767390473  0.00057732172805285  0.00060434494644339  0.00062503039434128
  0.00064126153866766  0.00065372155389204  0.00066493965283672  0.00067481928022563
  0.00069150961933033  0.00071890816653870  0.00074431777858729  0.00082650706768747
  0.00100916834428556  0.00106757691369603  0.00108526852156533  0.00110296012943464
  0.00112075301281147  0.00114087998363076  0.00116100695445005  0.00118113392526934
  0.00120274185117864  0.00122688503118695  0.00125102821119527  0.00127517139120358
  0.00185548687721019  0.00364171525595818  0.17010446707288554  1.00000000000000000
  0.00026435741090147  0.00027482783312432  0.00029100808353832  0.00033225417703228
  0.00037245917551754  0.00040006296803236  0.00041715025909216  0.00042564462182803
  0.00043413898456390  0.00044006494912343  0.00044360679033617  0.00044714863154891
  0.00045033282044522  0.00045337009066183  0.00045640736087844  0.00046942932486970
  0.00048464541964361  0.00049962160109494  0.00051456875135866  0.00054122892572561
  0.00058297240132927  0.00062695396113940  0.00064666479211611  0.00065813863453484
  0.00066841401181652  0.00067892430926663  0.00069102317010918  0.00070575799570020
  0.00072307547881355  0.00073961532694325  0.00075575866093067  0.00077394661202465
  0.00081055329592672  0.00083965728915637  0.00086567296751787  0.00088918337289610
  0.00091436642958294  0.00094426402844555  0.00097320611993083  0.00099642634887138
  0.00102999092500709  0.00108560879542275  0.00113790600388615  0.00118376054162287
  0.00121630086480570  0.00124089154330406  0.00126214496146131  0.00128171245309009
  0.00129594003163706  0.00130538964132743  0.00131578341415071  0.00133042112699660
  0.00134513327837099  0.00136063013167070  0.00137628579515048  0.00142800306657392
  0.00147758822499251  0.00152124136025807  0.00156354379886031  0.00161292950938478
  0.00166440515525539  0.00171785889180612  0.00179181197536337  0.00184884230500980
  0.00187353822034003  0.00189931529245157  0.00193863073586689  0.00198643524107366
  0.00203963844609105  0.00209521829150458  0.00214220351027280  0.00222034627693622
  0.00231803041401555  0.00243330391390012  0.00258127921271888  0.00271108548233090
  0.00303085990903602  0.00341387689545588  0.00349406108898906  0.00357424528252225
  0.00365442947605544  0.00373092792553462  0.00378495600070381  0.00383898407587300
  0.00389301215104218  0.00394704022621137  0.00401110478163445  0.00407566963487259
  0.00414023448811072  0.00420479934134885  0.00497422548372607  0.00678609897255096
  0.00853420860943134  0.01601653055733343  0.42288508048939538  1.00000000000000000
  0.00059135744763385  0.00083089121741304  0.00096928446415195  0.00116298625988192
  0.00138891945950992  0.00173771128116045  0.00200946978544708  0.00214143655461603
  0.00227158254864781  0.00238883984697352  0.00250675549961157  0.00266922298316404
  0.00284753902860120  0.00294345913652929  0.00304685920365721  0.00316098025670612
  0.00328357206341931  0.00340990569292716  0.00379183721142441  0.00412746895617865
  0.00436225473633001  0.00454488468388747  0.00474480521342782  0.00495478437468673
  0.00520376609056172  0.00541676835003209  0.00564012360123112  0.00597294063965533
  0.00646450332093933  0.00693629210594796  0.00749106892738727  0.00834654461164506
  0.00866170950827349  0.00883271825970947  0.00895711769840768  0.00899700673942077
  0.00903715824992712  0.00907738743895394  0.00911761809300015  0.00922551095625335
  0.00932358739469349  0.00942533370866848  0.00956969888781548  0.00973033657746966
  0.00995900633135620  0.01025375077112742  0.01051116420285524  0.01071037813099132
  0.01089727543358261  0.01107872307985852  0.01125385379283396  0.01142722659638307
  0.01218394267914252  0.01249613941006362  0.01280833614098471  0.01312053287190580
  0.01343272960282689  0.01368485280533431  0.01387460684190047  0.01406436087846663
  0.01425411491503278  0.01444386895159894  0.01453818932686361  0.01458592920760196
  0.01463366908834031  0.01468140896907866  0.01472914884981701  0.01480012360799939
  0.01488834081795248  0.01507127574021061  0.01523856028039221  0.01539406874598332
  0.01564767807568327  0.01614159919981582  0.01646853990295908  0.01667640318635386
  0.01682090178732809  0.01695780033715829  0.01709704144749553  0.01724928366775776
  0.01767538284100939  0.01867660535681558  0.01999411111229561  0.02160845556550435
  0.02326940628751718  0.02555490496366444  0.02778291798294348  0.02970062781974402
  0.03121711619388094  0.03372269123996331  0.03600402966899528  0.03869265058194865
  0.04634701676721967  0.07448194180786127  0.64174281531512489  1.00000000000000000
 -0.00487703525026128  0.04219352783599179  0.07023085105115862  0.08434472005664970
  0.09248051955617273  0.10061631905569576  0.10874055914800018  0.11662781184734711
  0.12451506454669403  0.13240231724604096  0.13863843677272317  0.14296199359345216
  0.14728555041418115  0.15160910723491014  0.16773608529713166  0.18289483273302629
  0.19966213427660071  0.23391981166976750  0.25134606282393779  0.26091122880549905
  0.26937470767586097  0.27752075286943917  0.28380405467320174  0.28970107831844277
  0.29471230692959210  0.29940534176458045  0.30341283887715220  0.30535945015287524
  0.30730606142859834  0.30933899219081812  0.31146478681467382  0.31358994581238286
  0.31534439506595763  0.31709884431953234  0.31885329357310710  0.32141024708827348
  0.32404054377207459  0.32621126029980252  0.32828129349505175  0.33449423597717221
  0.34252125537307210  0.34928631440550933  0.35569395400558196  0.36851878032515706
  0.38174595156329649  0.39618412348618098  0.41539381858468050  0.43988427162632104
  0.46531039206046332  0.49168908190273114  0.52144480928263914  0.54727489882555769
  0.55682802565355094  0.56226673660049975  0.56644717315512083  0.57106457871529070
  0.58172762653920407  0.59314301931784308  0.60451450897393544  0.61011706336268201
  0.61492702761037799  0.61974053043643185  0.62648180846350898  0.63554104733675032
  0.65024758028285046  0.66171830933907805  0.66865321215571549  0.67576179444214679
  0.68447344739437288  0.69105004554803118  0.69441613031002103  0.69734982562460268
  0.70018504954286886  0.70302760720077151  0.70738904361040766  0.72540221254384241
  0.74683961897719064  0.76636638894010767  0.78814840491877125  0.80967457002780074
  0.82158931142929170  0.82986608589106048  0.84045413905440602  0.85242448613766464
  0.85611457108727873  0.85943648917595639  0.86354383547077440  0.87386000184498458
  0.88384974864516108  0.89183194751881412  0.90275935128978380  0.91416567725649289
  0.92575869288846557  0.94140708145811125  0.96543226692388961  1.00000000000000000
  0.00000493334520827  0.00002387823791907  0.00002791387701798  0.00003193552314839
  0.00004217464282885  0.00005544076175680  0.00006700727582645  0.00007513865120423
  0.00008104829864014  0.00008406441856447  0.00008509145658452  0.00008611849460457
  0.00008714553262461  0.00008815803816816  0.00008913349656962  0.00009010895497108
  0.00009108441337253  0.00009205987177399  0.00009307315874352  0.00009418712088717
  0.00009530108303082  0.00009641504517448  0.00009752900731813  0.00009883370162757
  0.00010066962480302  0.00010250554797848  0.00010830531413390  0.00012433848892781
  0.00013670268201399  0.00014978855228017  0.00016156440634110  0.00017607298566895
  0.00019491917853757  0.00022392975459117  0.00023812591688746  0.00025202260962089
  0.00026600877161279  0.00028025172367460  0.00029761976910279  0.00031522992288843
  0.00033503245882958  0.00035220030219151  0.00037358408306860  0.00039163124514223
  0.00040682534171296  0.00042040711502673  0.00043634668770282  0.00045404432719759
  0.00048686842863170  0.00053924286995449  0.00059906618149656  0.00068515360252933
  0.00084439776424868  0.00090264526111660  0.00093198765643790  0.00095975692027724
  0.00098514333121794  0.00101057052663132  0.00103708726858869  0.00106361810739463
  0.00110172670089841  0.00115308052360067  0.00122069185843433  0.00134416064515130
  0.00149426449552917  0.00156713868185532  0.00163540237964513  0.00171481055832667
  0.00179659627665324  0.00187793584782878  0.00196134205877455  0.00204102850811411
  0.00213057182519377  0.00256170158131952  0.00290590811818038  0.00318815341270411
  0.00348549834863555  0.00371914506467159  0.00385117432174691  0.00407081717887802
  0.00434751231712393  0.00482179586979716  0.00557525203135959  0.00593339585525117
  0.00613781189449746  0.00665190668498727  0.00721516732283085  0.00787502417188869
  0.00951741234257245  0.01149083692354457  0.01309118887302316  0.01436670047360654
  0.01708845431309644  0.02798178780840728  0.06316479144005674  1.00000000000000000
 -0.00298630280464304  0.02549108111337745  0.04438271850017264  0.05595290718229794
  0.07013667001427003  0.08791154592955490  0.10276272624545077  0.11373375426617781
  0.12380296459390466  0.13354409139233661  0.14579234879555722  0.16424622054050533
  0.18732145166192674  0.21348412860350544  0.23355193431131996  0.26099534533837254
  0.27990137175658475  0.29573188431631192  0.30276558018497240  0.30864631620561284
  0.31358017777120628  0.31967230785622902  0.32460005101926409  0.32841912468025525
  0.33223347704221762  0.33499567281454595  0.33703644475111899  0.33986363250248014
  0.34436176550044512  0.35066007162358664  0.35336672843581690  0.35718432145701834
  0.36327421996228076  0.37587531564205034  0.38389352084067624  0.39018343429831326
  0.39605735273890191  0.40296674824704021  0.41009806257861131  0.41701126295779334
  0.42365112907808483  0.43029099519837632  0.43560353327796864  0.44082819046553923
  0.44603609326818594  0.45091373319599681  0.45579137312380763  0.46066901305161845
  0.46781748224289682  0.47511612923337937  0.48311826829107485  0.49301122735020009
  0.50493245811988408  0.51249617665140235  0.51550435487345658  0.51851253309551093
  0.52152071131756517  0.52439454558372967  0.52715982626815561  0.52992510695258155
  0.53269038763700738  0.53623263676699195  0.54013704593887357  0.54404145511075530
  0.54794586428263692  0.55570256175282251  0.56432749149106931  0.57263914588263365
  0.58090535389230891  0.59371843222569876  0.60731284487317116  0.63022726180121313
  0.64921254269511053  0.66652647416377842  0.69020607605789785  0.71374599149808615
  0.73773825970724172  0.76187669227908805  0.77640537282635813  0.78525470638418515
  0.79482710620834540  0.80462998715763445  0.81708625816617853  0.82916715482056025
  0.84393065369412135  0.85781040569229250  0.86382885476918236  0.86816822864929155
  0.87272000668963245  0.87742360173866885  0.88127248690431692  0.88801334894724648
  0.90296839046147037  0.92757682944311926  0.96247334938808615  1.00000000000000000
 -0.00474549236438021  0.03058138165908790  0.07008248892593816  0.10708189593481363
  0.12851350841260556  0.13521859860122240  0.14433000675464130  0.15506774415162422
  0.16431872819755852  0.16865646003481904  0.17298326364404951  0.17840738252583435
  0.19027087009753518  0.20580099030400245  0.22195617372129509  0.23114801868995322
  0.23640203831321893  0.24341425862182220  0.25056565256027080  0.25749085931374616
  0.26741679312934880  0.27614900663799385  0.28712075918494978  0.30229887464126987
  0.31617213041018533  0.32811120953257683  0.33768908610303955  0.34384563942720653
  0.35000219275137345  0.35629971138285738  0.36263042077598623  0.36960571818125748
  0.37913778214674498  0.38866984611223249  0.41992032787892980  0.43748023430418842
  0.44692801754443440  0.45435978195532334  0.46230840568625625  0.47069890417690807
  0.48331394290620433  0.51096259908659458  0.54642428557652001  0.56905519953081518
  0.58234691919617931  0.59314105605640233  0.60463535614486508  0.62030559675837516
  0.64076185023456977  0.65390535874363620  0.65888243958890580  0.66107002356208033
  0.66355771241928008  0.66647684499172088  0.66854766943756461  0.67036036839436097
  0.67398252045144802  0.67856194883899579  0.68433909065676002  0.68865964169176397
  0.69300094344794616  0.69742082250845472  0.70321113694913728  0.71362746935225518
  0.73066770309210005  0.74666073684477152  0.75979034223049902  0.77176276440840330
  0.78446233391103826  0.80289699097968104  0.81769638531423883  0.82737488913090174
  0.83636193418327553  0.84497595581308127  0.85126784713979309  0.85634433448845382
  0.85923612155734364  0.86064320814469764  0.86205029473205164  0.86345738131940564
  0.86579667041129305  0.86820635512518218  0.87061603983907121  0.87312832294814857
  0.87661231933203287  0.88009631571591718  0.88358031209980148  0.88785695617120419
  0.89483816159765195  0.90150050403434201  0.90870147635487530  0.91645575806701540
  0.92681146794819724  0.93973427862750458  0.96650467561190689  1.00000000000000000
 -0.00626999226130917  0.01918197242483282  0.04155801474885674  0.06445410864575235
  0.08683570250606441  0.11368620138405380  0.12401933394785691  0.13021081788910693
  0.13512666013762342  0.13835781863557256  0.14208905445752754  0.14648503999769569
  0.15187062119854799  0.15988344467735238  0.17954642029754489  0.20101239846359781
  0.21929001551169647  0.24521221677745042  0.26190829269861304  0.27209167026506015
  0.27989596190647392  0.29216037553342611  0.30590141971487983  0.31961699090898843
  0.34222079318037191  0.36228846330834152  0.37878536718211919  0.39606998026189572
  0.42120452285752896  0.45002529953789222  0.48173954938706465  0.52818291406828788
  0.55120672975346841  0.56140591524732020  0.57027557029526710  0.57419944405626400
  0.57532256852658137  0.57644569299689863  0.57756880470309957  0.57869094481282568
  0.57981308492255190  0.58093522503227812  0.58200569853611483  0.58303148054593168
  0.58405726255574852  0.58508304456556537  0.58830809089425617  0.59216425433631215
  0.59302783615901411  0.59389141798171596  0.59489680648272925  0.59597444775122987
  0.59705582456468420  0.59813841654775801  0.60201673355621277  0.60674292170465172
  0.61279021646291543  0.62247833546147013  0.63745731991993815  0.64960377566960792
  0.65862530152190368  0.66629573378784812  0.67353756099463180  0.68289881668906482
  0.69678313663555247  0.71787558148197539  0.74351653775129645  0.76518817035721232
  0.77663201579902519  0.78665558784663370  0.79736209295683669  0.80629750738135508
  0.81512666711176474  0.82081535329264310  0.82421019456037325  0.82714680050780309
  0.82992690781215217  0.83420792440226388  0.84055101691887013  0.85297277079125156
  0.86214836237402093  0.86947249471180310  0.87679662704958516  0.88375035893283427
  0.89064568652888465  0.89689441896116839  0.90176391909731224  0.90663341923345608
  0.92076625991026051  0.93159425111808736  0.94188465809681177  0.94976267606165354
  0.95771517372682591  0.96685682906509018  0.97615557000530073  1.00000000000000000
 -0.00388476735092334  0.02125303529338459  0.02912755224422300  0.03704786724931800
  0.04497163736397406  0.05164759487815343  0.05801793909764972  0.06508608111032940
  0.07424508216206127  0.08349691614451506  0.08892804385533461  0.09372577683308207
  0.09896303199741055  0.10663216325702020  0.11161974440921496  0.11634729619633702
  0.12250106375944589  0.13961511198500529  0.16632140599309719  0.19963264786741206
  0.22586511977902105  0.25213470830594958  0.28601240802475125  0.29236348811849389
  0.29871456821223652  0.30506564830597915  0.31119916810407372  0.31586908347677334
  0.32053899884947290  0.32520891422217252  0.32967012302696602  0.33344647344957229
  0.33722282387217856  0.34099917429478482  0.35013102914211125  0.37265221105050667
  0.39812686200806996  0.40455277527488642  0.41066119396293826  0.41638904723692111
  0.42307224227099283  0.43042750787170714  0.44653398860441107  0.45759707120911197
  0.46336554267014696  0.46909500922868214  0.47485575723331175  0.48080048734101882
  0.49083885689231560  0.50393732430294191  0.51704437871570630  0.52990913465357670
  0.53816472773095503  0.54517031153652529  0.55344400290118734  0.56545012303344278
  0.57578436115247855  0.58769410925146837  0.60055191433551014  0.62729151814959783
  0.64633206384853870  0.65053098833545908  0.65470711367790158  0.65874247370259598
  0.66277783372729038  0.66678134693239177  0.67077710862118189  0.67770267989439514
  0.68515686874210557  0.69104373223537452  0.69700527796072220  0.70412300959994145
  0.71261906649538942  0.71794228358753065  0.72401839990084016  0.72943751627332809
  0.73401499427452033  0.74157169303915427  0.74886289068889655  0.75730049843739522
  0.76485339819974363  0.77302908342947962  0.78213714036938098  0.78987541064804767
  0.81106142815425586  0.84279309624105203  0.87776933353582243  0.91206186306518033
  0.93003869771803749  0.93909519949875109  0.94583739238251952  0.95257958526628794
  0.96061476200014884  0.96868392646196189  0.98410318969550536  1.00000000000000000
 -0.00173407299677793  0.01382726597200789  0.02575200335955141  0.03737570667002421
  0.04988280517670573  0.05933873230235627  0.06879465942800682  0.07825058655365735
  0.08746051584670088  0.09648700881731477  0.10551350178792865  0.11453999475854254
  0.12356700481363936  0.13259413799020470  0.14162127116677004  0.15238967919942373
  0.18096857318179826  0.19697914144323339  0.20250302318452856  0.20826763581584656
  0.21568741920449164  0.22322413001230768  0.22951739337815222  0.23603737453729776
  0.24224366908052830  0.26038540750451444  0.27519945601518220  0.28532914823660549
  0.29160043287019294  0.29326939518724160  0.29493349354893855  0.29655457608543156
  0.29793339635134136  0.29947857719236809  0.30134812757838508  0.30384598401594115
  0.31348433238684564  0.32535816300865850  0.34025094920599808  0.35619029063312052
  0.36235044120146342  0.36888647054520468  0.37466208025174041  0.38037304906656938
  0.39302732990111144  0.41911751339570075  0.45398516195474614  0.46993811479288877
  0.47830604430954032  0.48285457120904768  0.48722927475909888  0.49185382467505484
  0.50140510832878060  0.51156455311688664  0.52742307562855117  0.53915205960184331
  0.54918133537034997  0.56269373214102214  0.57642097296399231  0.58900210828706723
  0.60613927818777569  0.63368967799234155  0.65526814805637412  0.66421207550196026
  0.67293149744868019  0.68143186968524050  0.69114436274971980  0.70722246985319193
  0.72369939935299765  0.73305545676071204  0.74267086267859939  0.75295653530205164
  0.76546362634206444  0.78923465902915069  0.80271919494552690  0.81141381222231046
  0.81556289571643747  0.81976358739537780  0.82679697782595574  0.83303212960228312
  0.84197931725153619  0.85146118697497752  0.86568073578256588  0.88338271660281653
  0.89438589435364180  0.90144435491940911  0.90988778366563761  0.92351764534225844
  0.93339869231931094  0.94110662251199118  0.94942471512813098  0.95899333203187631
  0.96856194893562164  0.97898108461414635  0.98949054230707312  1.00000000000000000
 -0.00294944492188386  0.01016379128223406  0.02462424020703979  0.04035294060038610
  0.05824641600387465  0.07407347473012448  0.08714172546060860  0.09748224789453672
  0.10920759017544872  0.12398277542121422  0.13820667903939346  0.15317652316137867
  0.17724143931067571  0.19288123724378739  0.20708095109856367  0.21629777620873081
  0.22384525889182302  0.23071782773311006  0.23870482305190785  0.24391273835901825
  0.24593581761195332  0.24704119783464107  0.24814864178401966  0.24925728834173627
  0.25042948768056961  0.25246461581969654  0.25514078370508275  0.25801021983579225
  0.26238387076881142  0.26572861335832165  0.26877266404772382  0.27181671473712593
  0.27793634513753507  0.28635182123007286  0.29476729732261070  0.30289783441011087
  0.31084922453666719  0.31880061466322357  0.34140566370270903  0.36038724083069140
  0.37737556766960989  0.39222140560548413  0.40270214718098296  0.41677188504951945
  0.43032452837550356  0.44057531558694274  0.45279671415818762  0.47106464062559028
  0.49406750816711598  0.52380555216571634  0.53760974629087543  0.55198343689557272
  0.57020628704625642  0.58580326177534259  0.58995768612781740  0.59572264067466041
  0.60562609021192959  0.61105128078554605  0.61308063862819306  0.61494769467835730
  0.61629494400190010  0.61672598168582404  0.61715701936974787  0.61758805705367181
  0.61801987744549491  0.61845197901443827  0.61888408058338162  0.61931617886254275
  0.61974825052129345  0.62018032218004415  0.62061239383879485  0.62495505309362365
  0.63867089617708528  0.64623143918629611  0.65351882563404784  0.65788914369740892
  0.66171273313476120  0.66849171901154603  0.68193727392132786  0.68898890853843253
  0.69559056465977509  0.70305470996242558  0.72510737819625470  0.76786750005102200
  0.81165513229911768  0.84031952343031979  0.85789025802947871  0.87557629782406599
  0.89645718884117420  0.91904177409174281  0.93473604254424425  0.94850564905209200
  0.96079411670710813  0.97138949753669979  0.98541621943118396  1.00000000000000000
 -0.01016521362773026  0.03880973777330092  0.06226796366398303  0.06975459150892396
  0.07745646606188170  0.08921154356404074  0.09909536249203268  0.10666513647542633
  0.11176687797576659  0.11327608252379440  0.11463294142708416  0.11598861914744536
  0.11826448226777035  0.12066449131862364  0.12619548620309803  0.16600559303880769
  0.17853945725216858  0.18882646800235905  0.19589463735299484  0.20313140937055560
  0.21044698919782262  0.23152226416599608  0.25069391737318875  0.27250287875691598
  0.28251142213403146  0.29145823131462018  0.30166088493171384  0.30660937749003975
  0.31078941052953662  0.31470715764832474  0.31989674618332387  0.32737747160070085
  0.34167094251943281  0.36273946655147393  0.39131792429261303  0.40652939279741229
  0.41191426596148895  0.41562374717227940  0.41933322838306980  0.42304270959386020
  0.42593892653593229  0.42789591021245410  0.42985289388897591  0.43180987756549771
  0.43376772055090418  0.43573723993593061  0.43770675932095704  0.43967627870598341
  0.44164579809100984  0.45222436622124429  0.46338763560163626  0.47304610759166033
  0.48432275454528723  0.49802859388399995  0.51426924826411158  0.54282436751207963
  0.55825461901702333  0.56570914961565044  0.57120108890319277  0.57668597985918113
  0.58326431163862169  0.59196097242041756  0.59939431508975627  0.60362128034717155
  0.60774309629570689  0.61155137699393092  0.61535965769215484  0.61900328728446086
  0.62263528713247995  0.62946225946151391  0.63816779517030697  0.64686099472272263
  0.65495293786502162  0.66151387257949057  0.66876824828039538  0.68289725925437850
  0.70458818230986864  0.73196079026855654  0.76221892280407788  0.79201157814709178
  0.82456478807529754  0.84490969129546534  0.86082848608549789  0.86886182288969904
  0.87537314994639692  0.88260287576559604  0.88789239537778386  0.89392966675090968
  0.90035898691225869  0.90520596592721381  0.91097308954470813  0.92117689840060901
  0.93484811114074318  0.95323388322979430  0.97673827354212306  1.00000000000000000
 -0.00248856353181473  0.01061794531278527  0.02102538268114656  0.03270352971594803
  0.04681368503265908  0.06278488723090873  0.08320066596911138  0.10207779036118209
  0.11467568877866789  0.12248881478494855  0.13099307907788932  0.14195524505205151
  0.15485849749424621  0.16219361239732244  0.17205435838950187  0.19730709508076064
  0.22056590914622379  0.23980727644499999  0.26068098474199547  0.27806721725154415
  0.29167267653295842  0.30418283029953974  0.31811605412321819  0.33483725783890084
  0.35442041938664148  0.37171738325565118  0.38627987356831522  0.40253646344270999
  0.41936843867965340  0.43756584296768869  0.45981283557314406  0.48753625666517997
  0.51998245795260201  0.53615070137166110  0.54923543127186547  0.55822307831975237
  0.56150150206221594  0.56477992580467962  0.56781526366589596  0.57074459674987799
  0.57367392983386001  0.58036753222521031  0.58869760658330905  0.59702768094140790
  0.60909513982886554  0.62406623285259888  0.65237006241093309  0.67769674947229597
  0.69122470921718859  0.69931623566398593  0.70600453486524084  0.71075116398993210
  0.72023149362431216  0.73064371166076003  0.73700295295259899  0.73892817809041256
  0.74056292548065417  0.74220135778895113  0.74384520257323772  0.74723277097066321
  0.75008014884046759  0.75257866473791801  0.75518093264352537  0.75751592615138796
  0.76061263987985117  0.77464197727499695  0.80323689668174414  0.81686356612690769
  0.83066869762284823  0.85059398177705836  0.85966810942834004  0.86363854890630665
  0.86760898838427325  0.87157942786223985  0.87561483650874605  0.87965209253206933
  0.88368934855539272  0.88770913276561514  0.89164655632391399  0.89558397988221294
  0.89952140344051179  0.91133026021107721  0.93429877800500361  0.94694474508813420
  0.95445030944139453  0.95919342078973646  0.96285122463684314  0.96564949198552130
  0.97254156736445874  0.97662986485912706  0.98064017946407034  0.98419045398803484
  0.98769243263348860  0.99092916939858078  0.99446879421985701  1.00000000000000000
 -0.00802078429764301  0.05800429731362022  0.09454996062860228  0.12657771121445227
  0.16594286458315582  0.19229010834572297  0.20410211174671911  0.21377239275604004
  0.22428987436263112  0.24012565917533507  0.25237793107783019  0.26087063968008845
  0.26858189549055261  0.27612957954778539  0.28607545506225185  0.29490070621227304
  0.30117253293023777  0.30712517091909136  0.31274473163472238  0.31932814636103635
  0.32426464713060071  0.32744306385911304  0.33078782136753410  0.33444006066330356
  0.33888664861013074  0.34819832769119530  0.35756192855759511  0.36650844335484700
  0.37512437194012649  0.38318700353064961  0.39115547136357598  0.39790101102364406
  0.40251083662682546  0.41195029927400428  0.42006744364094306  0.42965089003984508
  0.43857211854345873  0.44565001647630348  0.45724820042081848  0.46523410845854868
  0.47225754219337479  0.47935210223990204  0.48822749574925495  0.49807650004687198
  0.51868442619560118  0.53670607632621514  0.55593576522766508  0.58174063316887270
  0.61775303569461237  0.64453725181203791  0.66570467388531684  0.68434198845614524
  0.69933494062666657  0.71276510096529810  0.72532525399090686  0.74322604766559630
  0.75667986643643881  0.76892441523485577  0.77703640342310420  0.78294386030983576
  0.78868803773457108  0.79650434599580766  0.80462610016447167  0.81196549242294591
  0.81914022490341132  0.82893329647926584  0.83603940271131405  0.84294861278533184
  0.84951770959269124  0.85410537967428690  0.85888326710649165  0.86784372139955945
  0.87737494269101002  0.88240888367043646  0.88744282464986290  0.89249872781386863
  0.89782582759077589  0.90315292736768327  0.90848002714459064  0.91380712692149790
  0.91953704553393034  0.92548988864059556  0.93144273174726067  0.93739557485392588
  0.94332264855599390  0.94914927854647213  0.95497590853695047  0.96224043782950308
  0.96923484729681475  0.97288036899194719  0.97653643873850049  0.98024259743553110
  0.98394875613256183  0.98733532539429258  0.99066261032341574  1.00000000000000000
 -0.00224600968288705  0.00774052563374240  0.01086931539542865  0.01399810515711489
  0.01712689491880114  0.01988786669160622  0.02229054256389089  0.02469321843617555
  0.02709589430846021  0.02939550466814031  0.03169394617490533  0.03399238768167035
  0.03960280181935414  0.04958526040504241  0.06594371945708019  0.08185403483695526
  0.10524547083653683  0.12938301556886683  0.15370572476888580  0.17852137646923411
  0.19719908767348499  0.20535911640791493  0.21162636704308119  0.21735216396099996
  0.22139238552726062  0.22520625146931614  0.23093244235253077  0.23738564723744621
  0.24632432112113486  0.26067528739374279  0.27246095467112541  0.28124819876062490
  0.29208433566283382  0.30469958893011706  0.31435252208485798  0.31723456902973213
  0.32024565195785154  0.32605972845075132  0.33102747405418054  0.33438466736299849
  0.34051901662485834  0.34755347409093257  0.35546413658133363  0.37091509023389080
  0.40459686694261582  0.43075451062351988  0.44445483260502733  0.45322701627644352
  0.45794640998406017  0.45962358921987390  0.46097630222926611  0.46246607151085117
  0.46393055343172240  0.46544355468786297  0.46713369255820858  0.46982846972820680
  0.48128629217718599  0.48720780863940660  0.49304104065420362  0.49970018857760812
  0.50991188340499882  0.52069252628157747  0.53124370539832844  0.54352290360850231
  0.55730249400945964  0.57439446346548417  0.59349078462229743  0.62077218211792762
  0.64389525043672180  0.65792671431250005  0.67323415773637185  0.68960863904826530
  0.70758802621353678  0.72994499841954619  0.75409980942497612  0.77987027841195933
  0.80591314308077422  0.81893977999840495  0.83029282125546022  0.83948414853109510
  0.84808505519356159  0.85465377222634997  0.86616903108294319  0.88911828760407574
  0.90313184639991151  0.91119833474190393  0.91824872875971253  0.92569439254039276
  0.93337155660668758  0.94283766466202579  0.95571650852630596  0.96367819955256029
  0.97548304372640249  0.98623853676958284  0.99376738251899832  1.00000000000000000
 -0.00134816594343459  0.01383702539573924  0.02759525874635047  0.04276949147868818
  0.07233754516042259  0.10471371545764581  0.14103048025469295  0.17749512545654281
  0.19487112745169274  0.20462615945576892  0.21332010746968594  0.21638788292789549
  0.21814843502532077  0.21991390194637878  0.22179072587861653  0.22366754981085432
  0.22568439879158916  0.22801479674013114  0.23034519468867312  0.23606716514783940
  0.24016743167355742  0.24520924702520164  0.25397767561661638  0.27035897413496773
  0.29974740239996234  0.32406841827724042  0.34458387245324362  0.35888218397846411
  0.36864686502161803  0.37691419364706497  0.38470568962996793  0.38841511439311244
  0.39459550580422659  0.40326437406979054  0.41231177523849438  0.41567375467206985
  0.42507968573905475  0.43589422974677750  0.44701800044342438  0.47688347080613386
  0.50457920644098420  0.52405395727918525  0.54554898300590549  0.57958519145187692
  0.60487522541849936  0.62506745096965732  0.64223266679736168  0.65832782238897314
  0.67305833952912264  0.68210491209165436  0.68905474294704350  0.69645361349018031
  0.70334032692599469  0.71058288466632491  0.71792399805882778  0.72122137929623842
  0.72407433258790388  0.72748550006098922  0.73362642999862548  0.74041932323930448
  0.74713749843296839  0.75317979184556216  0.75831981563726092  0.76426829789638118
  0.77394588880935433  0.78835680716763978  0.79612992787986103  0.80380377261356362
  0.81315926211507716  0.82083724667320557  0.82934065156202097  0.83995336535753262
  0.84558065252168713  0.84975759783757521  0.85309920126716421  0.85643649686585621
  0.85975746447531731  0.86307843208477852  0.86639939969423962  0.86979138400347344
  0.87412460031995776  0.87845781663644196  0.88279103295292627  0.88715891552749193
  0.89165980130650335  0.89616068708551477  0.90066157286452619  0.91641837581396757
  0.93448545745875344  0.94239066530423354  0.94906289073960881  0.95533005184396724
  0.96183349747336655  0.97012875744980964  0.98453422738337204  1.00000000000000000
 -0.00517690220895630  0.02338319672136840  0.02772006614472527  0.03205693556808215
  0.03639380499143903  0.04031870710450211  0.04416304852347459  0.04800738994244706
  0.05163337463490143  0.05485816721921533  0.05808295980352924  0.06130775238784315
  0.06985521943996433  0.08101166559745900  0.09056011135493879  0.09913031873699660
  0.10666930980826410  0.11423400536955444  0.12449079979456155  0.14636217727592218
  0.16958731899036758  0.17935840327748800  0.18405689109126300  0.18875537890503799
  0.19471935031663473  0.20079761225737444  0.20626920511549440  0.20967455982921171
  0.21307991454292902  0.21985900783079990  0.22853930847278453  0.23741932088359641
  0.25101024956218604  0.26091823159826866  0.26767822959128512  0.27489644489550080
  0.28547677374369684  0.30310457157589793  0.33855727620856024  0.36599664154211026
  0.38836221844927160  0.41036210311507998  0.43222975106903622  0.45312185608562872
  0.46949231065495617  0.47971242766222488  0.48684316574753000  0.49502822722445861
  0.50437526666209243  0.51552581152915911  0.55199028838503361  0.58761569366659516
  0.59204546682051329  0.59612399916151138  0.60077797999768012  0.61001767664829853
  0.61512756779712230  0.61877178632857077  0.62256355659616147  0.62578980410810781
  0.63753505752462503  0.64200320081539386  0.64484610389440944  0.64887525213323816
  0.65297436658004582  0.65687319300163638  0.66911061682399964  0.68892937976984814
  0.69715352792120611  0.70442506987708808  0.71216955031215601  0.72048924820833204
  0.72845771857522312  0.73980681449967656  0.74572456641953988  0.74895750312179488
  0.75241935913376212  0.76394768466024765  0.77547601018673318  0.78685095669730121
  0.79800952911800738  0.80916810153871366  0.81801172767207031  0.82592689938288566
  0.83258994377592499  0.83857454688445099  0.84426268616417466  0.85332623656247031
  0.86211943546022940  0.87347182686584435  0.89186985488465065  0.91773356805410278
  0.94437053082659750  0.96581164253060525  0.98372576291226266  1.00000000000000000
 -0.00240756910857739  0.01391514387555669  0.03258234272953846  0.05883419437266824
  0.09508450114175827  0.12158971223706830  0.13258258952317392  0.13915529007784050
  0.14619845400784012  0.15289668530190090  0.15961571567512092  0.16851651216330429
  0.17920570311089232  0.18867960547055002  0.19535598984093766  0.20108121592945119
  0.20728763871138753  0.21402577558769353  0.22076212325700084  0.22960574712983972
  0.24297217928116299  0.25035198080720528  0.26365160276543331  0.27733397298010509
  0.28919283956732528  0.30383200047259584  0.32361934715522084  0.34724717985892573
  0.37317917929929023  0.39494007757585836  0.40613045273459225  0.41611027560186925
  0.42212673266098505  0.42773633495152813  0.43290738975512755  0.43687851013630052
  0.44117251491771270  0.44695875136471325  0.45251582786468714  0.45793566790991985
  0.46474487879386006  0.47353703500742739  0.47914324464624125  0.48246900377848995
  0.49057142747615090  0.49971237060384810  0.50864776055905292  0.52757375360454928
  0.57113129039486565  0.60793415697953690  0.62176444246704499  0.62855188607838008
  0.63536069495398739  0.64237439033029431  0.64938808570660134  0.65677329288077868
  0.66451412742105853  0.67225496196133838  0.68611930173091662  0.70335643749133703
  0.71586043911574582  0.73644568112522180  0.76511916879957298  0.77973126052634401
  0.78529042536617621  0.79067510969254817  0.79631511603450544  0.80336757556226468
  0.81020192959573534  0.81689181968682323  0.82748316124118859  0.84203424163008700
  0.85550106825719319  0.86583731844772693  0.86979835287140417  0.87375938729508140
  0.87782148508834201  0.88213164412828449  0.88644180316822696  0.89072942329459215
  0.89334103756225525  0.89595265182991846  0.89856426609758167  0.90341229814296653
  0.90987731557538476  0.91548450647718349  0.91985314324996925  0.92421838278761981
  0.92886657775587178  0.93672300365376848  0.94503819545160472  0.95465054525495907
  0.96363642195884969  0.97242913431974842  0.98547485623686493  1.00000000000000000
  0.64547224678862536  0.76100241651438416  0.77754941014426904  0.78773154012255930
  0.81932389867690680  0.83725903084092534  0.84396188385694171  0.85740147626026808
  0.86971003748444919  0.87796350278616075  0.88452647413749741  0.89506515934867492
  0.90713820104521525  0.91698664926398754  0.92288786455692218  0.92617833656935655
  0.92924843057447060  0.93247375491452944  0.93564781600426372  0.93915702006991353
  0.94155826416555777  0.94389226233211032  0.94635210532501646  0.94955600789194128
  0.95409859087634674  0.95637163931749780  0.95661261691717381  0.95683614567882680
  0.95705954751936617  0.95728268265762262  0.95750581779587907  0.95770587015782960
  0.95789360177192895  0.95808133338602819  0.95855240102856831  0.95902799970846853
  0.95940661885913636  0.95984350048038358  0.96037796833375622  0.96178741171912274
  0.96347514739619711  0.96486878413914223  0.96548989211378045  0.96609388167996157
  0.96670099284620825  0.96732255066490025  0.96861555434706770  0.96953716505472498
  0.97029074462892706  0.97111118799577989  0.97211064278575410  0.97397951892806878
  0.97575271939300534  0.97674977847879707  0.97744208925257348  0.97813720957481198
  0.97883366369807923  0.97943641607467791  0.97998887113216870  0.98059452206071906
  0.98130629805149794  0.98191320017842165  0.98252817632562528  0.98322012763512923
  0.98347669914164726  0.98373245192035252  0.98398715524725211  0.98423745036344490
  0.98464081277670068  0.98509906046699480  0.98543278815286495  0.98575563264514199
  0.98612757683259233  0.98648956790049380  0.98682216800655775  0.98716094037057678
  0.98750476285788480  0.98770013543456503  0.98784901621959242  0.98799789700461993
  0.98820134047615493  0.98852188557428622  0.98884243067241739  0.98916297577054857
  0.98945837953302795  0.98975038024078821  0.99004238094854846  0.99070859453280913
  0.99171590783234254  0.99247945994186459  0.99313628112027319  0.99379106264960737
  0.99447214162367570  0.99539980400214267  0.99673340208068151  1.00000000000000000
 -0.01763462904963730  0.17863901070248187  0.23836382280290025  0.32499737312279187
  0.37088846280408766  0.39642483186362382  0.40856160644134448  0.41777300851239541
  0.42605333231356568  0.43366057442491324  0.44225350048654077  0.45019190595264991
  0.45591988770064823  0.46446183272692004  0.47407068610161979  0.48315447872861439
  0.49626500684571162  0.51402930464230467  0.53656298346189268  0.55297489514205467
  0.56413265959768322  0.57420525537457379  0.58643492547228271  0.60783915481065298
  0.61991538293762694  0.62489703741276359  0.62875339680737063  0.63215892714333421
  0.63540720722360855  0.64181752952761262  0.64846584718075351  0.65322558017304966
  0.65627159490887244  0.65829879086709020  0.66073052199162030  0.66345512694963027
  0.66614343009476962  0.66817975658811279  0.67272083451448783  0.67475669256833659
  0.67677081701167707  0.67896087665597993  0.68225876029054988  0.68420735578937442
  0.68603872888986595  0.68804424514922968  0.68986572800078783  0.69089361752098699
  0.69192150704118616  0.69294939656138532  0.69428387226329391  0.69612881918823111
  0.69797376611316830  0.69981871303810550  0.70150654498966591  0.70318817409086998
  0.70486980319207404  0.70902627395696849  0.71480902326181117  0.71931772466024890
  0.72336134919101458  0.72748497332081052  0.73499942433147580  0.74508430905378886
  0.75293303930418298  0.75871721628589106  0.76309703315263144  0.76758226706106603
  0.77043967594219720  0.77320338480513751  0.77519091405905216  0.77714625351289368
  0.77930590587499848  0.78072548716550627  0.78154060356492072  0.78235568875989703
  0.78317002212449383  0.78398435548909073  0.78480075922429304  0.78561974760965547
  0.78643873599501790  0.79093617317202469  0.79419551536447064  0.79663908226160651
  0.79916272970830460  0.80176769480955168  0.80662858273956883  0.80966269173930183
  0.81272532675706544  0.81900154968649430  0.82527777261592306  0.83086612379082003
  0.83643563976399915  0.85911792997901359  0.90794031871360503  1.00000000000000000
   1.0896011961545355E-016  -1.0000000000000000     
 F F F F F F F F F F F F F F F F F F F F F F F F F F F F F F F F F F F F F F F F F F F F F F F F F F F F F F F F F F F F F F F F F F F F F F F F F F F F F F F F F F F F F F F F F F F F F F F F F F F F F F F F F F F F F F F F F F F F F F F F F F F F F F F F F F F F F F F F F F F F F F F F F F F F F F F F F F F F F F F F F F F F F F F F F F F F F F F F F F F F F F F F F F F F F F F F F F F F F F F F F F F F F F F F F F F F F F F F F F F F F F F F F F F F F F F F F F F F F F F F F F F F F F F F F F F F F F F F F F F F F F F F F F F F F F F F F F F F F F F F F F F F F F F F F F F F F F F F F F F F F F F F F F F F F F F F F F F F F F F F F F F F F F F F F F F F F F F F F F F F F F F F F F F F F F F F F F F F F F F F F F F F F F F F F F F F F F F F F F F F F F F F F F F F F F F F F F F F F F F F F F F F F F F F F F F F F F F F F F F F F F F F F F F F F F F F F F F F F F F F F F F F F F F F F F F F F F F F F F F F F F F F F F F F F F F F F F F F F F F F F F F F F F F F F F F F F F F F F F F F F F F F F F F F F F F F F F F F F F F F F F F F F F F F F F F F F F F F F F F F F F F F F F F F F F F F F F F F F F F F F F F F F F F F F F F F F F F F F F F F F F F F F F F F F F F F F F F F F F F F F F F F F F F F F F F F F F F F F F F F F F F F F F F F F F F F F F F F F F F F F F F F F F F F F F F F F F F F F F F F F F F F F F F F F F F F F F F F F F F F F F F F F F F F F F F F F F F F F F F F F F F F F F F F F F F F F F F F F F F F F F F F F F F F F F F F F F F F F F F F F F F F F F F F F F F F F F F F F F F F F F F F F F F F F F F F F F F F F F F F F F F F F F F F F F F F F F F F F F F F F F F F F F F F F F F F F F F F F F F F F F F F F F F F F F F F F F F F F F F F F F F F F F F F F F F F F F F F F F F F F F F F F F F F F F F F F F F F F F F F F F F F F F F F F F F F F F F F F F F F F F F F F F F F F F F F F F F F F F F F F F F F F F F F F F F F F F F F F F F F F F F F F F F F F F F F F F F F F F F F F F F F F F F F F F F F F F F F F F F F F F F F F F F F F F F F F F F F F F F F F F F F F F F F F F F F F F F F F F F F F F F F F F F F F F F F F F F F F F F F F F F F F F F F F F F F F F F F F F F F F F F F F F F F F F F F F F F F F F F F F F F F F F F F F F F F F F F F F F F F F F F F F F F F F F F F F F F F F F F F F F F F F F F F F F F F F F F F F F F F F F F F F F F F F F F F F F F F F F F F F F F F F F F F F F F F F F F F F F F F F F F F F F F F F F F F F F F F F F F F F F F F F F F F F F F F F F F F F F F F F F F F F F F F F F F F F F F F F F F F F F F F F F F F F F F F F F F F F F F F F F F F F F F F F F F F F F F F F F F F F F F F F F F F F F F F F F F F F F F F F F F F F F F F F F F F F F F F F F F F F F F F F F F F F F F F F F F F F F F F F F F F F F F F F F F F F F F F F F F F F F F F F F F F F F F F F F F F F F F F F F F F F F F F F F F F F F F F F F F F F F F F F F F F F F F F F F F F F F F F F F F F F F F F F F F F F F F F F F F F F F F F F F F F F F F F F F F F F F F F F F F F F F F F F F F F F F F F F F F F F F F F F F F F F F F F F F F F F F F F F F F F F F F F F F F F F F F F F F F F F F F F F F F F F F F F F F F F F F F F F F F F F F F F F F F F F F F F F F F F F F F F F F F F F F F F F F F F F F F F F F F F F F F F F F F F F F F F F F F F F F F F F F F F F F F F F F F F F F F F F F F F F F F F F F F F F F F F F F F F F F F F F F F F F F F F F F F F F F F F F F F F F F F F F F F F F F F F F F F F F F F F F F F F F F F F F F F F F F F F F F F F F F F F F F F F F F F F F F F F F F F F F F F F F F F F F F F F F F F F F F F F F F F F F F F F F F F F F F F F F F F F F F F F F F F F F F F F F F F F F F F F F F F F F F F F F F F F F F F F F F F F F F F F F F F F F F F F F F F F F F F F F F F F F F F F F F F F F F F F F F F F F F F F F F F F F F F F F F F F F F F F F F F F F F F F F F F F F F F F F F F F F F F F F F F F F F F F F F F F F F F F F F F F F F F F F F F F F F F F F F F F F F F F F F F F F F F F F F F F F F F F F F F F F F F F F F F F F F F F F F F F F F F F F F F F F F F F F F F F F F F F F F F F F F F F F F F F F F F F F F F F F F F F F F F F F F F F F F F F F F F F F F F F F F F F F F F F F F F F F F F F F F F F
  <DiscreteSampler_grid>
  grouped_processes
  1 # 1 for a reference and 2 for a running grid.
  10 # Attribute 'min_bin_probing_points' of the grid.
  1 # Attribute 'grid_mode' of the grid. 1=='default',2=='initialization'
  0.0000000000000000 # Attribute 'small_contrib_threshold' of the grid.
  0.5000000000000000 # Attribute 'damping_power' of the grid.
 # binID   n_entries weight   weight_sqr   abs_weight
    61   10   1.793590926253641E-015   3.182912412361639E-029   1.793590926253641E-015
    62   10   1.793590926253636E-015   3.182912412361620E-029   1.793590926253636E-015
    64   10   3.587181852507281E-015   1.273164964944655E-028   3.587181852507281E-015
    65   10   3.587181852507271E-015   1.273164964944648E-028   3.587181852507271E-015
    67   10   1.827800321260609E-015   3.282605951179707E-029   1.827800321260609E-015
    68   10   1.827800321260605E-015   3.282605951179689E-029   1.827800321260605E-015
    70   10   3.655600642521217E-015   1.313042380471883E-028   3.655600642521217E-015
    71   10   3.655600642521209E-015   1.313042380471875E-028   3.655600642521209E-015
    106   10   4.421296784896236E-018   1.059593509947849E-034   4.421296784896236E-018
    107   10   4.421296784896226E-018   1.059593509947826E-034   4.421296784896226E-018
    109   10   8.842593569792472E-018   4.238374039791398E-034   8.842593569792472E-018
    110   10   8.842593569792452E-018   4.238374039791303E-034   8.842593569792452E-018
    112   10   2.476656632458396E-015   6.090944791705468E-029   2.476656632458396E-015
    113   10   2.476656632458400E-015   6.090944791705487E-029   2.476656632458400E-015
    115   10   4.953313264916792E-015   2.436377916682187E-028   4.953313264916792E-015
    116   10   4.953313264916800E-015   2.436377916682195E-028   4.953313264916800E-015
    151   10   1.793590926253642E-015   3.182912412361642E-029   1.793590926253642E-015
    152   10   1.793590926253635E-015   3.182912412361618E-029   1.793590926253635E-015
    154   10   3.587181852507284E-015   1.273164964944657E-028   3.587181852507284E-015
    155   10   3.587181852507269E-015   1.273164964944647E-028   3.587181852507269E-015
    157   10   1.827800321260610E-015   3.282605951179711E-029   1.827800321260610E-015
    158   10   1.827800321260605E-015   3.282605951179689E-029   1.827800321260605E-015
    160   10   3.655600642521220E-015   1.313042380471885E-028   3.655600642521220E-015
    161   10   3.655600642521210E-015   1.313042380471875E-028   3.655600642521210E-015
    196   10   4.421296784896279E-018   1.059593509947858E-034   4.421296784896279E-018
    197   10   4.421296784896260E-018   1.059593509947834E-034   4.421296784896260E-018
    199   10   8.842593569792558E-018   4.238374039791433E-034   8.842593569792558E-018
    200   10   8.842593569792520E-018   4.238374039791338E-034   8.842593569792520E-018
    202   10   2.476656632458396E-015   6.090944791705470E-029   2.476656632458396E-015
    203   10   2.476656632458400E-015   6.090944791705487E-029   2.476656632458400E-015
    205   10   4.953313264916793E-015   2.436377916682188E-028   4.953313264916793E-015
    206   10   4.953313264916801E-015   2.436377916682195E-028   4.953313264916801E-015
  </DiscreteSampler_grid>
